0.00000000	4.09783
0.50000000	4.09661
1.00000000	4.09532
1.50000000	4.09399
2.00000000	4.09237
2.50000000	4.09145
3.00000000	4.09003
3.50000000	4.08953
4.00000000	4.08817
4.50000000	4.08730
5.00000000	4.08809
5.50000000	4.08660
6.00000000	4.08408
6.50000000	4.08220
7.00000000	4.08078
7.50000000	4.08018
8.00000000	4.08130
8.50000000	4.08309
9.00000000	4.08463
9.50000000	4.08559
10.00000000	4.08689
10.50000000	4.08924
11.00000000	4.09205
11.50000000	4.09566
12.00000000	4.09845
12.50000000	4.10235
13.00000000	4.10518
13.50000000	4.10863
14.00000000	4.11127
14.50000000	4.11188
15.00000000	4.11249
15.50000000	4.11311
16.00000000	4.11545
16.50000000	4.11821
17.00000000	4.12059
17.50000000	4.12153
18.00000000	4.12415
18.50000000	4.12628
19.00000000	4.12957
19.50000000	4.13281
20.00000000	4.13555
20.50000000	4.13946
21.00000000	4.14205
21.50000000	4.14483
22.00000000	4.14736
22.50000000	4.15135
23.00000000	4.15385
23.50000000	4.15595
24.00000000	4.15833
24.50000000	4.15995
25.00000000	4.16300
25.50000000	4.16669
26.00000000	4.17129
26.50000000	4.17480
27.00000000	4.17735
27.50000000	4.17997
28.00000000	4.18236
28.50000000	4.18474
29.00000000	4.18729
29.50000000	4.18915
30.00000000	4.19156
30.50000000	4.19276
31.00000000	4.19330
31.50000000	4.19377
32.00000000	4.19457
32.50000000	4.19470
33.00000000	4.19633
33.50000000	4.19868
34.00000000	4.20138
34.50000000	4.20374
35.00000000	4.20490
35.50000000	4.20558
36.00000000	4.20580
36.50000000	4.20578
37.00000000	4.20572
37.50000000	4.20537
38.00000000	4.20584
38.50000000	4.20642
39.00000000	4.20769
39.50000000	4.20849
40.00000000	4.20887
40.50000000	4.20791
41.00000000	4.20817
41.50000000	4.20799
42.00000000	4.20847
42.50000000	4.21053
43.00000000	4.21123
43.50000000	4.21217
44.00000000	4.21264
44.50000000	4.21231
45.00000000	4.21155
45.50000000	4.20949
46.00000000	4.20801
46.50000000	4.20680
47.00000000	4.20535
47.50000000	4.20380
48.00000000	4.20212
48.50000000	4.20077
49.00000000	4.19782
49.50000000	4.19445
50.00000000	4.19122
50.50000000	4.18755
51.00000000	4.18474
51.50000000	4.18335
52.00000000	4.18193
52.50000000	4.17969
53.00000000	4.17713
53.50000000	4.17450
54.00000000	4.17319
54.50000000	4.17165
55.00000000	4.16899
55.50000000	4.16582
56.00000000	4.16151
56.50000000	4.15751
57.00000000	4.15385
57.50000000	4.15113
58.00000000	4.14853
58.50000000	4.14668
59.00000000	4.14490
59.50000000	4.14261
60.00000000	4.14113
60.50000000	4.13921
61.00000000	4.13924
61.50000000	4.14066
62.00000000	4.14241
62.50000000	4.14461
63.00000000	4.14687
63.50000000	4.14817
64.00000000	4.14944
64.50000000	4.14927
65.00000000	4.14851
65.50000000	4.14944
66.00000000	4.15056
66.50000000	4.15015
67.00000000	4.15040
67.50000000	4.14927
68.00000000	4.14857
68.50000000	4.14830
69.00000000	4.14692
69.50000000	4.14518
70.00000000	4.14409
70.50000000	4.14238
71.00000000	4.14161
71.50000000	4.13965
72.00000000	4.13939
72.50000000	4.14043
73.00000000	4.13904
73.50000000	4.13805
74.00000000	4.13819
74.50000000	4.13902
75.00000000	4.14059
75.50000000	4.14267
76.00000000	4.14402
76.50000000	4.14477
77.00000000	4.14557
77.50000000	4.14688
78.00000000	4.14820
78.50000000	4.14997
79.00000000	4.15089
79.50000000	4.15349
80.00000000	4.15528
80.50000000	4.15472
81.00000000	4.15489
81.50000000	4.15588
82.00000000	4.15655
82.50000000	4.15706
83.00000000	4.15825
83.50000000	4.15856
84.00000000	4.15983
84.50000000	4.15859
85.00000000	4.15586
85.50000000	4.15407
86.00000000	4.15277
86.50000000	4.15108
87.00000000	4.15095
87.50000000	4.14968
88.00000000	4.14843
88.50000000	4.14636
89.00000000	4.14546
89.50000000	4.14263
90.00000000	4.13905
90.50000000	4.13676
91.00000000	4.13372
91.50000000	4.13237
92.00000000	4.13091
92.50000000	4.12827
93.00000000	4.12518
93.50000000	4.12174
94.00000000	4.11896
94.50000000	4.11606
95.00000000	4.11319
95.50000000	4.11029
96.00000000	4.10715
96.50000000	4.10533
97.00000000	4.10286
97.50000000	4.09970
98.00000000	4.09752
98.50000000	4.09598
99.00000000	4.09398
99.50000000	4.09213
100.00000000	4.08974
100.50000000	4.08775
101.00000000	4.08476
101.50000000	4.08139
102.00000000	4.07843
102.50000000	4.07515
103.00000000	4.07311
103.50000000	4.07195
104.00000000	4.07022
104.50000000	4.06751
105.00000000	4.06519
105.50000000	4.06271
106.00000000	4.05973
106.50000000	4.05688
107.00000000	4.05269
107.50000000	4.05024
108.00000000	4.04732
108.50000000	4.04524
109.00000000	4.04232
109.50000000	4.03910
110.00000000	4.03494
110.50000000	4.03163
111.00000000	4.02924
111.50000000	4.02746
112.00000000	4.02525
112.50000000	4.02192
113.00000000	4.01922
113.50000000	4.01650
114.00000000	4.01399
114.50000000	4.01063
115.00000000	4.00780
115.50000000	4.00635
116.00000000	4.00441
116.50000000	4.00368
117.00000000	4.00353
117.50000000	4.00385
118.00000000	4.00467
118.50000000	4.00584
119.00000000	4.00677
119.50000000	4.00621
120.00000000	4.00570
120.50000000	4.00572
121.00000000	4.00592
121.50000000	4.00667
122.00000000	4.00595
122.50000000	4.00547
123.00000000	4.00414
123.50000000	4.00361
124.00000000	4.00414
124.50000000	4.00458
125.00000000	4.00565
125.50000000	4.00776
126.00000000	4.00945
126.50000000	4.01165
127.00000000	4.01409
127.50000000	4.01634
128.00000000	4.01595
128.50000000	4.01580
129.00000000	4.01427
129.50000000	4.01269
130.00000000	4.01220
130.50000000	4.01105
131.00000000	4.00967
131.50000000	4.00907
132.00000000	4.00656
132.50000000	4.00399
133.00000000	4.00133
133.50000000	3.99712
134.00000000	3.99406
134.50000000	3.99211
135.00000000	3.98943
135.50000000	3.98778
136.00000000	3.98557
136.50000000	3.98409
137.00000000	3.98309
137.50000000	3.98348
138.00000000	3.98305
138.50000000	3.98352
139.00000000	3.98304
139.50000000	3.98431
140.00000000	3.98471
140.50000000	3.98633
141.00000000	3.98768
141.50000000	3.98782
142.00000000	3.98707
142.50000000	3.98631
143.00000000	3.98593
143.50000000	3.98579
144.00000000	3.98696
144.50000000	3.98776
145.00000000	3.98714
145.50000000	3.98614
146.00000000	3.98539
146.50000000	3.98585
147.00000000	3.98619
147.50000000	3.98642
148.00000000	3.98648
148.50000000	3.98716
149.00000000	3.98814
149.50000000	3.98921
150.00000000	3.99023
150.50000000	3.99159
151.00000000	3.99322
151.50000000	3.99428
152.00000000	3.99567
152.50000000	3.99626
153.00000000	3.99795
153.50000000	3.99961
154.00000000	4.00055
154.50000000	4.00007
155.00000000	4.00074
155.50000000	4.00108
156.00000000	4.00168
156.50000000	4.00205
157.00000000	4.00274
157.50000000	4.00244
158.00000000	4.00013
158.50000000	3.99834
159.00000000	3.99657
159.50000000	3.99325
160.00000000	3.99160
160.50000000	3.99086
161.00000000	3.99057
161.50000000	3.98947
162.00000000	3.98821
162.50000000	3.98707
163.00000000	3.98592
163.50000000	3.98458
164.00000000	3.98266
164.50000000	3.98142
165.00000000	3.97937
165.50000000	3.97781
166.00000000	3.97507
166.50000000	3.97267
167.00000000	3.97036
167.50000000	3.96700
168.00000000	3.96422
168.50000000	3.96238
169.00000000	3.96102
169.50000000	3.96033
170.00000000	3.95961
170.50000000	3.96001
171.00000000	3.96129
171.50000000	3.96338
172.00000000	3.96467
172.50000000	3.96472
173.00000000	3.96485
173.50000000	3.96327
174.00000000	3.96304
174.50000000	3.96254
175.00000000	3.96305
175.50000000	3.96269
176.00000000	3.96194
176.50000000	3.96004
177.00000000	3.95774
177.50000000	3.95562
178.00000000	3.95152
178.50000000	3.94578
179.00000000	3.94120
179.50000000	3.93689
180.00000000	3.93256
180.50000000	3.92904
181.00000000	3.92549
181.50000000	3.92155
182.00000000	3.91809
182.50000000	3.91645
183.00000000	3.91459
183.50000000	3.91143
184.00000000	3.90904
184.50000000	3.90604
185.00000000	3.90408
185.50000000	3.90185
186.00000000	3.89909
186.50000000	3.89873
187.00000000	3.89867
187.50000000	3.89724
188.00000000	3.89670
188.50000000	3.89585
189.00000000	3.89594
189.50000000	3.89570
190.00000000	3.89558
190.50000000	3.89552
191.00000000	3.89376
191.50000000	3.89175
192.00000000	3.88912
192.50000000	3.88832
193.00000000	3.88659
193.50000000	3.88549
194.00000000	3.88624
194.50000000	3.88695
195.00000000	3.88870
195.50000000	3.88900
196.00000000	3.88839
196.50000000	3.88788
197.00000000	3.88603
197.50000000	3.88364
198.00000000	3.88317
198.50000000	3.88311
199.00000000	3.88315
199.50000000	3.88339
200.00000000	3.88395
200.50000000	3.88445
201.00000000	3.88486
201.50000000	3.88405
202.00000000	3.88258
202.50000000	3.88047
203.00000000	3.87936
203.50000000	3.87816
204.00000000	3.87676
204.50000000	3.87501
205.00000000	3.87301
205.50000000	3.87073
206.00000000	3.86813
206.50000000	3.86715
207.00000000	3.86633
207.50000000	3.86522
208.00000000	3.86450
208.50000000	3.86333
209.00000000	3.86138
209.50000000	3.85902
210.00000000	3.85666
210.50000000	3.85504
211.00000000	3.85420
211.50000000	3.85293
212.00000000	3.85196
212.50000000	3.85069
213.00000000	3.84803
213.50000000	3.84650
214.00000000	3.84427
214.50000000	3.84379
215.00000000	3.84246
215.50000000	3.84109
216.00000000	3.84267
216.50000000	3.84350
217.00000000	3.84338
217.50000000	3.84312
218.00000000	3.84392
218.50000000	3.84528
219.00000000	3.84565
219.50000000	3.84564
220.00000000	3.84631
220.50000000	3.84856
221.00000000	3.85054
221.50000000	3.85252
222.00000000	3.85436
222.50000000	3.85493
223.00000000	3.85602
223.50000000	3.85654
224.00000000	3.85821
224.50000000	3.85955
225.00000000	3.86055
225.50000000	3.86111
226.00000000	3.86218
226.50000000	3.86281
227.00000000	3.86319
227.50000000	3.86319
228.00000000	3.86325
228.50000000	3.86244
229.00000000	3.86092
229.50000000	3.86012
230.00000000	3.85891
230.50000000	3.85831
231.00000000	3.85693
231.50000000	3.85663
232.00000000	3.85642
232.50000000	3.85549
233.00000000	3.85630
233.50000000	3.85680
234.00000000	3.85720
234.50000000	3.85874
235.00000000	3.85990
235.50000000	3.85916
236.00000000	3.85939
236.50000000	3.85966
237.00000000	3.86022
237.50000000	3.86061
238.00000000	3.85995
238.50000000	3.85853
239.00000000	3.85838
239.50000000	3.85808
240.00000000	3.85772
240.50000000	3.85669
241.00000000	3.85556
241.50000000	3.85273
242.00000000	3.85045
242.50000000	3.84828
243.00000000	3.84778
243.50000000	3.84710
244.00000000	3.84585
244.50000000	3.84462
245.00000000	3.84303
245.50000000	3.84219
246.00000000	3.84176
246.50000000	3.84222
247.00000000	3.84324
247.50000000	3.84242
248.00000000	3.84328
