0.00000000	3.42089
0.50000000	3.41904
1.00000000	3.41753
1.50000000	3.41663
2.00000000	3.41556
2.50000000	3.41550
3.00000000	3.41466
3.50000000	3.41402
4.00000000	3.41308
4.50000000	3.41303
5.00000000	3.41187
5.50000000	3.41168
6.00000000	3.41173
6.50000000	3.41109
7.00000000	3.41068
7.50000000	3.41073
8.00000000	3.41079
8.50000000	3.41109
9.00000000	3.41155
9.50000000	3.41076
10.00000000	3.41059
10.50000000	3.41055
11.00000000	3.41272
11.50000000	3.41494
12.00000000	3.41691
12.50000000	3.41788
13.00000000	3.41917
13.50000000	3.41952
14.00000000	3.41976
14.50000000	3.42049
15.00000000	3.42148
15.50000000	3.42201
16.00000000	3.42217
16.50000000	3.42230
17.00000000	3.42237
17.50000000	3.42264
18.00000000	3.42306
18.50000000	3.42427
19.00000000	3.42636
19.50000000	3.42790
20.00000000	3.42796
20.50000000	3.42877
21.00000000	3.43014
21.50000000	3.43197
22.00000000	3.43349
22.50000000	3.43481
23.00000000	3.43783
23.50000000	3.43938
24.00000000	3.44065
24.50000000	3.44169
25.00000000	3.44373
25.50000000	3.44349
26.00000000	3.44435
26.50000000	3.44603
27.00000000	3.44859
27.50000000	3.44952
28.00000000	3.45082
28.50000000	3.45281
29.00000000	3.45486
29.50000000	3.45788
30.00000000	3.46176
30.50000000	3.46533
31.00000000	3.46826
31.50000000	3.47103
32.00000000	3.47353
32.50000000	3.47654
33.00000000	3.47830
33.50000000	3.47959
34.00000000	3.48044
34.50000000	3.48052
35.00000000	3.48068
35.50000000	3.48078
36.00000000	3.47988
36.50000000	3.47895
37.00000000	3.47840
37.50000000	3.47654
38.00000000	3.47432
38.50000000	3.47194
39.00000000	3.47006
39.50000000	3.46724
40.00000000	3.46524
40.50000000	3.46360
41.00000000	3.46172
41.50000000	3.45866
42.00000000	3.45655
42.50000000	3.45464
43.00000000	3.45311
43.50000000	3.45184
44.00000000	3.45010
44.50000000	3.44800
45.00000000	3.44571
45.50000000	3.44439
46.00000000	3.44404
46.50000000	3.44458
47.00000000	3.44548
47.50000000	3.44680
48.00000000	3.44810
48.50000000	3.44888
49.00000000	3.45043
49.50000000	3.45186
50.00000000	3.45307
50.50000000	3.45452
51.00000000	3.45405
51.50000000	3.45584
52.00000000	3.45486
52.50000000	3.45465
53.00000000	3.45633
53.50000000	3.45753
54.00000000	3.45904
54.50000000	3.45987
55.00000000	3.46064
55.50000000	3.46221
56.00000000	3.46495
56.50000000	3.46774
57.00000000	3.47234
57.50000000	3.47667
58.00000000	3.48034
58.50000000	3.48342
59.00000000	3.48624
59.50000000	3.48905
60.00000000	3.48998
60.50000000	3.49096
61.00000000	3.49154
61.50000000	3.49192
62.00000000	3.49238
62.50000000	3.49407
63.00000000	3.49749
63.50000000	3.49985
64.00000000	3.50356
64.50000000	3.50755
65.00000000	3.51111
65.50000000	3.51506
66.00000000	3.51748
66.50000000	3.51859
67.00000000	3.52028
67.50000000	3.52185
68.00000000	3.52387
68.50000000	3.52796
69.00000000	3.53234
69.50000000	3.53500
70.00000000	3.53660
70.50000000	3.53867
71.00000000	3.54018
71.50000000	3.54178
72.00000000	3.54437
72.50000000	3.54793
73.00000000	3.55059
73.50000000	3.55294
74.00000000	3.55506
74.50000000	3.55750
75.00000000	3.56101
75.50000000	3.56454
76.00000000	3.56731
76.50000000	3.56929
77.00000000	3.57161
77.50000000	3.57326
78.00000000	3.57564
78.50000000	3.57724
79.00000000	3.57951
79.50000000	3.58262
80.00000000	3.58500
80.50000000	3.58673
81.00000000	3.58808
81.50000000	3.58867
82.00000000	3.58841
82.50000000	3.58874
83.00000000	3.58889
83.50000000	3.58784
84.00000000	3.58690
84.50000000	3.58581
85.00000000	3.58467
85.50000000	3.58421
86.00000000	3.58396
86.50000000	3.58384
87.00000000	3.58366
87.50000000	3.58436
88.00000000	3.58595
88.50000000	3.58871
89.00000000	3.59086
89.50000000	3.59231
90.00000000	3.59296
90.50000000	3.59281
91.00000000	3.59318
91.50000000	3.59286
92.00000000	3.59325
92.50000000	3.59420
93.00000000	3.59411
93.50000000	3.59442
94.00000000	3.59515
94.50000000	3.59709
95.00000000	3.59830
95.50000000	3.59985
96.00000000	3.60081
96.50000000	3.60021
97.00000000	3.60080
97.50000000	3.60284
98.00000000	3.60570
98.50000000	3.60782
99.00000000	3.60848
99.50000000	3.60894
100.00000000	3.60916
100.50000000	3.60866
101.00000000	3.60867
101.50000000	3.60924
102.00000000	3.60977
102.50000000	3.61023
103.00000000	3.61147
103.50000000	3.61258
104.00000000	3.61574
104.50000000	3.61825
105.00000000	3.61939
105.50000000	3.61994
106.00000000	3.61964
106.50000000	3.61973
107.00000000	3.61866
107.50000000	3.61766
108.00000000	3.61632
108.50000000	3.61552
109.00000000	3.61592
109.50000000	3.61868
110.00000000	3.62060
110.50000000	3.62319
111.00000000	3.62519
111.50000000	3.62515
112.00000000	3.62463
112.50000000	3.62405
113.00000000	3.62546
113.50000000	3.62612
114.00000000	3.62637
114.50000000	3.62578
115.00000000	3.62497
115.50000000	3.62403
116.00000000	3.62234
116.50000000	3.62054
117.00000000	3.61882
117.50000000	3.61753
118.00000000	3.61617
118.50000000	3.61414
119.00000000	3.61447
119.50000000	3.61434
120.00000000	3.61264
120.50000000	3.61065
121.00000000	3.60829
121.50000000	3.60579
122.00000000	3.60288
122.50000000	3.59899
123.00000000	3.59446
123.50000000	3.58969
124.00000000	3.58349
124.50000000	3.57846
125.00000000	3.57433
125.50000000	3.57105
126.00000000	3.56929
126.50000000	3.56575
127.00000000	3.56146
127.50000000	3.55643
128.00000000	3.55239
128.50000000	3.54908
129.00000000	3.54644
129.50000000	3.54483
130.00000000	3.54362
130.50000000	3.54289
131.00000000	3.54046
131.50000000	3.53861
132.00000000	3.53590
132.50000000	3.53256
133.00000000	3.52978
133.50000000	3.52806
134.00000000	3.52603
134.50000000	3.52244
135.00000000	3.51924
135.50000000	3.51683
136.00000000	3.51559
136.50000000	3.51338
137.00000000	3.51018
137.50000000	3.50547
138.00000000	3.50201
138.50000000	3.49975
139.00000000	3.49756
139.50000000	3.49542
140.00000000	3.49383
140.50000000	3.49219
141.00000000	3.48966
141.50000000	3.48764
142.00000000	3.48493
142.50000000	3.48301
143.00000000	3.47996
143.50000000	3.47692
144.00000000	3.47497
144.50000000	3.47308
145.00000000	3.47035
145.50000000	3.46969
146.00000000	3.47125
146.50000000	3.47345
147.00000000	3.47568
147.50000000	3.47729
148.00000000	3.47759
148.50000000	3.47827
149.00000000	3.47900
149.50000000	3.47805
150.00000000	3.47878
150.50000000	3.48053
151.00000000	3.48300
151.50000000	3.48537
152.00000000	3.48855
152.50000000	3.49246
153.00000000	3.49493
153.50000000	3.49981
154.00000000	3.50413
154.50000000	3.50817
155.00000000	3.51245
155.50000000	3.51798
156.00000000	3.52437
156.50000000	3.52920
157.00000000	3.53431
157.50000000	3.53848
158.00000000	3.54144
158.50000000	3.54441
159.00000000	3.54854
159.50000000	3.55305
160.00000000	3.55837
160.50000000	3.56268
161.00000000	3.56802
161.50000000	3.57124
162.00000000	3.57412
162.50000000	3.57707
163.00000000	3.58028
163.50000000	3.58420
164.00000000	3.58798
164.50000000	3.59176
165.00000000	3.59578
165.50000000	3.59756
166.00000000	3.59907
166.50000000	3.59997
167.00000000	3.60049
167.50000000	3.60004
168.00000000	3.60013
168.50000000	3.59962
169.00000000	3.59942
169.50000000	3.59856
170.00000000	3.59841
170.50000000	3.59801
171.00000000	3.59839
171.50000000	3.59788
172.00000000	3.59830
172.50000000	3.59738
173.00000000	3.59780
173.50000000	3.59784
174.00000000	3.59856
174.50000000	3.59837
175.00000000	3.59642
175.50000000	3.59458
176.00000000	3.59288
176.50000000	3.59120
177.00000000	3.58924
177.50000000	3.58645
178.00000000	3.58434
178.50000000	3.58190
179.00000000	3.57941
179.50000000	3.57773
180.00000000	3.57590
180.50000000	3.57517
181.00000000	3.57557
181.50000000	3.57734
182.00000000	3.57900
182.50000000	3.57950
183.00000000	3.58060
183.50000000	3.58071
184.00000000	3.58182
184.50000000	3.58236
185.00000000	3.58252
185.50000000	3.58175
186.00000000	3.58148
186.50000000	3.57933
187.00000000	3.57709
187.50000000	3.57580
188.00000000	3.57501
188.50000000	3.57459
189.00000000	3.57392
189.50000000	3.57275
190.00000000	3.57026
190.50000000	3.56779
191.00000000	3.56516
191.50000000	3.56155
192.00000000	3.55943
192.50000000	3.55647
193.00000000	3.55544
193.50000000	3.55373
194.00000000	3.55192
194.50000000	3.55018
195.00000000	3.54704
195.50000000	3.54490
196.00000000	3.54339
196.50000000	3.54131
197.00000000	3.53878
197.50000000	3.53687
198.00000000	3.53527
198.50000000	3.53318
199.00000000	3.53094
199.50000000	3.52871
200.00000000	3.52729
200.50000000	3.52583
201.00000000	3.52411
201.50000000	3.52145
202.00000000	3.51913
202.50000000	3.51697
203.00000000	3.51463
203.50000000	3.51230
204.00000000	3.51071
204.50000000	3.50919
205.00000000	3.50768
205.50000000	3.50570
206.00000000	3.50263
206.50000000	3.50025
207.00000000	3.49808
207.50000000	3.49652
208.00000000	3.49424
208.50000000	3.49213
209.00000000	3.49167
209.50000000	3.49107
210.00000000	3.48983
210.50000000	3.49073
211.00000000	3.49085
211.50000000	3.48984
212.00000000	3.48784
212.50000000	3.48605
213.00000000	3.48519
213.50000000	3.48408
214.00000000	3.48274
214.50000000	3.48092
215.00000000	3.47959
215.50000000	3.47813
216.00000000	3.47622
216.50000000	3.47498
217.00000000	3.47549
217.50000000	3.47507
218.00000000	3.47478
218.50000000	3.47551
219.00000000	3.47584
219.50000000	3.47503
220.00000000	3.47586
220.50000000	3.47601
221.00000000	3.47697
221.50000000	3.47859
222.00000000	3.47962
222.50000000	3.48047
223.00000000	3.48131
223.50000000	3.48201
224.00000000	3.48313
224.50000000	3.48390
225.00000000	3.48255
225.50000000	3.48084
226.00000000	3.48061
226.50000000	3.48068
227.00000000	3.48177
227.50000000	3.48213
228.00000000	3.48186
228.50000000	3.48144
229.00000000	3.48172
229.50000000	3.48192
230.00000000	3.48176
230.50000000	3.48088
231.00000000	3.48065
231.50000000	3.48132
232.00000000	3.48062
232.50000000	3.48083
233.00000000	3.48042
233.50000000	3.48065
234.00000000	3.48140
234.50000000	3.48228
235.00000000	3.48256
235.50000000	3.48355
236.00000000	3.48339
236.50000000	3.48303
237.00000000	3.48278
237.50000000	3.48214
238.00000000	3.48243
238.50000000	3.48257
239.00000000	3.48311
239.50000000	3.48368
240.00000000	3.48576
240.50000000	3.48757
241.00000000	3.48931
241.50000000	3.49152
242.00000000	3.49259
242.50000000	3.49358
243.00000000	3.49452
243.50000000	3.49627
244.00000000	3.49760
244.50000000	3.49875
245.00000000	3.50031
245.50000000	3.50255
246.00000000	3.50613
246.50000000	3.50969
247.00000000	3.51316
247.50000000	3.51652
248.00000000	3.51965
248.50000000	3.52063
249.00000000	3.52091
249.50000000	3.52206
250.00000000	3.52165
250.50000000	3.52148
251.00000000	3.51945
251.50000000	3.51712
252.00000000	3.51550
252.50000000	3.51456
253.00000000	3.51425
253.50000000	3.51412
254.00000000	3.51510
254.50000000	3.51486
255.00000000	3.51674
255.50000000	3.51832
256.00000000	3.51936
256.50000000	3.52064
257.00000000	3.52330
257.50000000	3.52648
258.00000000	3.52991
258.50000000	3.53349
259.00000000	3.53661
259.50000000	3.53913
260.00000000	3.54104
260.50000000	3.54407
261.00000000	3.54431
261.50000000	3.54213
262.00000000	3.53933
262.50000000	3.53611
263.00000000	3.53329
263.50000000	3.53085
264.00000000	3.52912
264.50000000	3.52771
265.00000000	3.52645
