0.00000000	4.44901
0.50000000	4.45026
1.00000000	4.44987
1.50000000	4.44862
2.00000000	4.44786
2.50000000	4.44893
3.00000000	4.45010
3.50000000	4.45263
4.00000000	4.45554
4.50000000	4.45798
5.00000000	4.46142
5.50000000	4.46352
6.00000000	4.46749
6.50000000	4.47011
7.00000000	4.47219
7.50000000	4.47328
8.00000000	4.47374
8.50000000	4.47488
9.00000000	4.47587
9.50000000	4.47523
10.00000000	4.47550
10.50000000	4.47475
11.00000000	4.47487
11.50000000	4.47514
12.00000000	4.47530
12.50000000	4.47776
13.00000000	4.48039
13.50000000	4.48246
14.00000000	4.48350
14.50000000	4.48283
15.00000000	4.48376
15.50000000	4.48534
16.00000000	4.48736
16.50000000	4.48820
17.00000000	4.48901
17.50000000	4.48915
18.00000000	4.49032
18.50000000	4.49254
19.00000000	4.49547
19.50000000	4.49764
20.00000000	4.49923
20.50000000	4.50103
21.00000000	4.50297
21.50000000	4.50521
22.00000000	4.50782
22.50000000	4.50897
23.00000000	4.51028
23.50000000	4.51212
24.00000000	4.51519
24.50000000	4.51865
25.00000000	4.52091
25.50000000	4.52398
26.00000000	4.52669
26.50000000	4.53011
27.00000000	4.53362
27.50000000	4.53747
28.00000000	4.54014
28.50000000	4.53980
29.00000000	4.54081
29.50000000	4.54180
30.00000000	4.54169
30.50000000	4.54245
31.00000000	4.54368
31.50000000	4.54362
32.00000000	4.54296
32.50000000	4.54065
33.00000000	4.53761
33.50000000	4.53525
34.00000000	4.53395
34.50000000	4.53346
35.00000000	4.53191
35.50000000	4.53136
36.00000000	4.53117
36.50000000	4.53097
37.00000000	4.53122
37.50000000	4.53063
38.00000000	4.52834
38.50000000	4.52610
39.00000000	4.52491
39.50000000	4.52270
40.00000000	4.51930
40.50000000	4.51611
41.00000000	4.51362
41.50000000	4.51113
42.00000000	4.50983
42.50000000	4.50776
43.00000000	4.50613
43.50000000	4.50353
44.00000000	4.50084
44.50000000	4.49933
45.00000000	4.49692
45.50000000	4.49568
46.00000000	4.49556
46.50000000	4.49611
47.00000000	4.49513
47.50000000	4.49462
48.00000000	4.49497
48.50000000	4.49514
49.00000000	4.49450
49.50000000	4.49352
50.00000000	4.49218
50.50000000	4.49171
51.00000000	4.49132
51.50000000	4.48990
52.00000000	4.48879
52.50000000	4.48592
53.00000000	4.48350
53.50000000	4.48163
54.00000000	4.48043
54.50000000	4.47876
55.00000000	4.47797
55.50000000	4.47548
56.00000000	4.47243
56.50000000	4.47000
57.00000000	4.46672
57.50000000	4.46216
58.00000000	4.45788
58.50000000	4.45589
59.00000000	4.45400
59.50000000	4.45112
60.00000000	4.44750
60.50000000	4.44497
61.00000000	4.44296
61.50000000	4.44226
62.00000000	4.44104
62.50000000	4.43795
63.00000000	4.43342
63.50000000	4.42942
64.00000000	4.42648
64.50000000	4.42528
65.00000000	4.42446
65.50000000	4.42346
66.00000000	4.42360
66.50000000	4.42473
67.00000000	4.42503
67.50000000	4.42681
68.00000000	4.43009
68.50000000	4.43287
69.00000000	4.43380
69.50000000	4.43393
70.00000000	4.43539
70.50000000	4.43638
71.00000000	4.43680
71.50000000	4.43694
72.00000000	4.43769
72.50000000	4.43700
73.00000000	4.43645
73.50000000	4.43536
74.00000000	4.43495
74.50000000	4.43475
75.00000000	4.43490
75.50000000	4.43468
76.00000000	4.43579
76.50000000	4.43527
77.00000000	4.43587
77.50000000	4.43867
78.00000000	4.44191
78.50000000	4.44450
79.00000000	4.44632
79.50000000	4.44721
80.00000000	4.44713
80.50000000	4.44723
81.00000000	4.44910
81.50000000	4.45194
82.00000000	4.45312
82.50000000	4.45532
83.00000000	4.45707
83.50000000	4.45837
84.00000000	4.45771
84.50000000	4.45790
85.00000000	4.45813
85.50000000	4.45765
86.00000000	4.45690
86.50000000	4.45538
87.00000000	4.45462
87.50000000	4.45279
88.00000000	4.45106
88.50000000	4.44981
89.00000000	4.45116
89.50000000	4.45420
90.00000000	4.45564
90.50000000	4.45843
91.00000000	4.46176
91.50000000	4.46372
92.00000000	4.46581
92.50000000	4.46856
93.00000000	4.47161
93.50000000	4.47488
94.00000000	4.47737
94.50000000	4.47925
95.00000000	4.48088
95.50000000	4.48183
96.00000000	4.48275
96.50000000	4.48284
97.00000000	4.48231
97.50000000	4.48046
98.00000000	4.47981
98.50000000	4.47938
99.00000000	4.47968
99.50000000	4.47845
100.00000000	4.47928
100.50000000	4.48079
101.00000000	4.48102
101.50000000	4.48398
102.00000000	4.48623
102.50000000	4.48919
103.00000000	4.49118
103.50000000	4.49445
104.00000000	4.49627
104.50000000	4.49728
105.00000000	4.49861
105.50000000	4.49877
106.00000000	4.49984
106.50000000	4.50033
107.00000000	4.50084
107.50000000	4.50145
108.00000000	4.50239
108.50000000	4.50218
109.00000000	4.50212
109.50000000	4.50059
110.00000000	4.49930
110.50000000	4.49861
111.00000000	4.49694
111.50000000	4.49503
112.00000000	4.49379
112.50000000	4.49286
113.00000000	4.49197
113.50000000	4.49124
114.00000000	4.49089
114.50000000	4.49018
115.00000000	4.49066
115.50000000	4.49166
116.00000000	4.49134
116.50000000	4.49164
117.00000000	4.49224
117.50000000	4.49289
118.00000000	4.49347
118.50000000	4.49150
119.00000000	4.48981
119.50000000	4.48945
120.00000000	4.48745
120.50000000	4.48451
121.00000000	4.48095
121.50000000	4.47845
122.00000000	4.47697
122.50000000	4.47550
123.00000000	4.47522
123.50000000	4.47338
124.00000000	4.47124
124.50000000	4.47060
125.00000000	4.47138
125.50000000	4.47144
126.00000000	4.47089
126.50000000	4.47132
127.00000000	4.47122
127.50000000	4.47000
128.00000000	4.46874
128.50000000	4.46603
129.00000000	4.46225
129.50000000	4.45983
130.00000000	4.45771
130.50000000	4.45383
131.00000000	4.45041
131.50000000	4.44876
132.00000000	4.44579
132.50000000	4.44266
133.00000000	4.43894
133.50000000	4.43628
134.00000000	4.43435
134.50000000	4.43311
135.00000000	4.43135
135.50000000	4.43060
136.00000000	4.43028
136.50000000	4.43127
137.00000000	4.43143
137.50000000	4.43199
138.00000000	4.43343
138.50000000	4.43590
139.00000000	4.43596
139.50000000	4.43481
140.00000000	4.43323
140.50000000	4.43223
141.00000000	4.43179
141.50000000	4.43084
142.00000000	4.42907
142.50000000	4.42808
143.00000000	4.42881
143.50000000	4.43141
144.00000000	4.43267
144.50000000	4.43463
145.00000000	4.43687
145.50000000	4.43975
146.00000000	4.44214
146.50000000	4.44386
147.00000000	4.44708
147.50000000	4.44906
148.00000000	4.45088
148.50000000	4.45404
149.00000000	4.45754
149.50000000	4.46014
150.00000000	4.46397
150.50000000	4.46654
151.00000000	4.47087
151.50000000	4.47511
152.00000000	4.47985
152.50000000	4.48402
153.00000000	4.48971
153.50000000	4.49594
154.00000000	4.50115
154.50000000	4.50575
155.00000000	4.51085
155.50000000	4.51454
156.00000000	4.51761
156.50000000	4.52136
157.00000000	4.52445
157.50000000	4.52763
158.00000000	4.52968
158.50000000	4.53312
159.00000000	4.53685
159.50000000	4.54117
160.00000000	4.54448
160.50000000	4.54937
161.00000000	4.55353
161.50000000	4.55744
162.00000000	4.56120
162.50000000	4.56474
163.00000000	4.56737
163.50000000	4.57047
164.00000000	4.57229
164.50000000	4.57515
165.00000000	4.57719
165.50000000	4.57867
166.00000000	4.57912
166.50000000	4.57884
167.00000000	4.57817
167.50000000	4.57682
168.00000000	4.57444
168.50000000	4.57198
169.00000000	4.57037
169.50000000	4.56834
170.00000000	4.56722
170.50000000	4.56589
171.00000000	4.56473
171.50000000	4.56392
172.00000000	4.56401
172.50000000	4.56141
173.00000000	4.55832
173.50000000	4.55520
174.00000000	4.55135
174.50000000	4.54688
175.00000000	4.54464
175.50000000	4.54294
176.00000000	4.54170
176.50000000	4.53972
177.00000000	4.53766
177.50000000	4.53507
178.00000000	4.53289
178.50000000	4.52946
179.00000000	4.52795
179.50000000	4.52598
180.00000000	4.52480
180.50000000	4.52333
181.00000000	4.52343
181.50000000	4.52306
182.00000000	4.52360
182.50000000	4.52230
183.00000000	4.51955
183.50000000	4.51730
184.00000000	4.51645
184.50000000	4.51532
185.00000000	4.51348
185.50000000	4.51141
186.00000000	4.50889
186.50000000	4.50722
187.00000000	4.50541
187.50000000	4.50375
188.00000000	4.50269
188.50000000	4.50149
189.00000000	4.50038
189.50000000	4.49841
190.00000000	4.49754
190.50000000	4.49471
191.00000000	4.49236
191.50000000	4.49007
192.00000000	4.48699
192.50000000	4.48334
193.00000000	4.48045
193.50000000	4.47701
194.00000000	4.47374
194.50000000	4.47096
195.00000000	4.47041
195.50000000	4.47022
196.00000000	4.47054
196.50000000	4.46993
197.00000000	4.47057
197.50000000	4.47144
198.00000000	4.47365
198.50000000	4.47493
199.00000000	4.47551
199.50000000	4.47548
200.00000000	4.47544
200.50000000	4.47527
201.00000000	4.47464
201.50000000	4.47434
202.00000000	4.47338
202.50000000	4.47182
203.00000000	4.47064
203.50000000	4.46774
204.00000000	4.46486
204.50000000	4.46174
205.00000000	4.45988
205.50000000	4.45879
206.00000000	4.45960
206.50000000	4.45994
207.00000000	4.46132
207.50000000	4.46171
208.00000000	4.46212
208.50000000	4.46330
209.00000000	4.46620
209.50000000	4.46928
210.00000000	4.47137
210.50000000	4.47191
211.00000000	4.46981
211.50000000	4.46988
212.00000000	4.47070
212.50000000	4.47252
213.00000000	4.47533
213.50000000	4.47588
214.00000000	4.47427
214.50000000	4.47181
215.00000000	4.46916
215.50000000	4.46873
216.00000000	4.46862
216.50000000	4.46926
217.00000000	4.46994
217.50000000	4.46961
218.00000000	4.46787
218.50000000	4.46694
219.00000000	4.46594
219.50000000	4.46343
220.00000000	4.46241
220.50000000	4.46136
221.00000000	4.46114
221.50000000	4.45763
222.00000000	4.45451
222.50000000	4.45151
223.00000000	4.44817
223.50000000	4.44538
224.00000000	4.44151
224.50000000	4.43779
225.00000000	4.43391
225.50000000	4.43028
226.00000000	4.42716
226.50000000	4.42421
227.00000000	4.42161
227.50000000	4.42000
228.00000000	4.41769
228.50000000	4.41525
229.00000000	4.41214
229.50000000	4.40787
230.00000000	4.40411
230.50000000	4.40083
231.00000000	4.39898
231.50000000	4.39769
232.00000000	4.39576
232.50000000	4.39413
233.00000000	4.39387
233.50000000	4.39397
234.00000000	4.39376
234.50000000	4.39317
235.00000000	4.39245
235.50000000	4.39433
236.00000000	4.39494
236.50000000	4.39519
237.00000000	4.39675
237.50000000	4.39834
238.00000000	4.39981
238.50000000	4.40217
239.00000000	4.40243
239.50000000	4.40293
240.00000000	4.40321
240.50000000	4.40208
241.00000000	4.40229
241.50000000	4.40314
242.00000000	4.40369
242.50000000	4.40576
243.00000000	4.40838
243.50000000	4.40901
244.00000000	4.40878
244.50000000	4.40885
245.00000000	4.40961
245.50000000	4.41120
246.00000000	4.41410
246.50000000	4.41673
247.00000000	4.41896
247.50000000	4.42156
248.00000000	4.42382
248.50000000	4.42668
249.00000000	4.43080
249.50000000	4.43392
250.00000000	4.43556
250.50000000	4.43689
251.00000000	4.43767
251.50000000	4.43966
252.00000000	4.44239
252.50000000	4.44483
253.00000000	4.44643
253.50000000	4.44820
254.00000000	4.44990
254.50000000	4.45085
255.00000000	4.45092
255.50000000	4.45137
256.00000000	4.45289
256.50000000	4.45396
257.00000000	4.45568
257.50000000	4.45655
258.00000000	4.45892
258.50000000	4.46094
259.00000000	4.46371
259.50000000	4.46668
260.00000000	4.46756
260.50000000	4.46727
261.00000000	4.46687
261.50000000	4.46669
262.00000000	4.46683
262.50000000	4.46717
263.00000000	4.46639
263.50000000	4.46713
264.00000000	4.46813
264.50000000	4.46813
265.00000000	4.46785
265.50000000	4.46781
266.00000000	4.46706
266.50000000	4.46742
267.00000000	4.46777
267.50000000	4.46900
268.00000000	4.46788
268.50000000	4.46701
269.00000000	4.46515
269.50000000	4.46160
270.00000000	4.45957
270.50000000	4.45859
271.00000000	4.45821
271.50000000	4.45669
272.00000000	4.45713
272.50000000	4.45634
273.00000000	4.45474
273.50000000	4.45383
274.00000000	4.45307
274.50000000	4.45207
275.00000000	4.45134
275.50000000	4.44947
276.00000000	4.44827
276.50000000	4.44528
277.00000000	4.44322
277.50000000	4.44131
278.00000000	4.43752
278.50000000	4.43235
279.00000000	4.42649
279.50000000	4.42029
280.00000000	4.41298
280.50000000	4.40628
281.00000000	4.39932
281.50000000	4.39357
282.00000000	4.38993
282.50000000	4.38643
283.00000000	4.38250
283.50000000	4.37833
284.00000000	4.37440
284.50000000	4.37189
285.00000000	4.37133
285.50000000	4.36846
286.00000000	4.36612
286.50000000	4.36476
287.00000000	4.36372
287.50000000	4.36253
288.00000000	4.36101
288.50000000	4.35995
289.00000000	4.36088
289.50000000	4.36254
290.00000000	4.36414
290.50000000	4.36510
291.00000000	4.36413
291.50000000	4.36392
292.00000000	4.36296
292.50000000	4.36214
293.00000000	4.36024
293.50000000	4.35937
294.00000000	4.35722
294.50000000	4.35616
295.00000000	4.35485
295.50000000	4.35363
296.00000000	4.35248
296.50000000	4.35167
297.00000000	4.34944
297.50000000	4.34722
298.00000000	4.34564
298.50000000	4.34389
299.00000000	4.34182
299.50000000	4.34078
300.00000000	4.34116
300.50000000	4.34156
301.00000000	4.34171
301.50000000	4.34099
302.00000000	4.34192
302.50000000	4.34399
303.00000000	4.34609
303.50000000	4.34715
304.00000000	4.34876
304.50000000	4.34999
305.00000000	4.35160
305.50000000	4.35376
306.00000000	4.35662
306.50000000	4.35834
307.00000000	4.35980
307.50000000	4.36090
308.00000000	4.36100
308.50000000	4.36041
309.00000000	4.36036
309.50000000	4.36093
310.00000000	4.36115
310.50000000	4.36258
311.00000000	4.36460
311.50000000	4.36624
312.00000000	4.36785
312.50000000	4.36987
313.00000000	4.37252
313.50000000	4.37582
314.00000000	4.38066
314.50000000	4.38481
315.00000000	4.38832
315.50000000	4.39178
316.00000000	4.39547
316.50000000	4.39894
317.00000000	4.40105
317.50000000	4.40284
318.00000000	4.40562
318.50000000	4.40740
319.00000000	4.40665
319.50000000	4.40688
320.00000000	4.40689
320.50000000	4.40623
321.00000000	4.40455
321.50000000	4.40274
322.00000000	4.40144
322.50000000	4.39948
323.00000000	4.39637
323.50000000	4.39198
324.00000000	4.38735
324.50000000	4.38319
325.00000000	4.37805
325.50000000	4.37264
326.00000000	4.36659
326.50000000	4.36117
327.00000000	4.35648
327.50000000	4.35242
328.00000000	4.34824
328.50000000	4.34377
329.00000000	4.33958
329.50000000	4.33441
330.00000000	4.32935
330.50000000	4.32370
331.00000000	4.31786
331.50000000	4.31166
332.00000000	4.30672
332.50000000	4.30232
333.00000000	4.29812
333.50000000	4.29507
334.00000000	4.29244
334.50000000	4.28797
335.00000000	4.28420
335.50000000	4.28103
336.00000000	4.27632
336.50000000	4.27003
337.00000000	4.26501
337.50000000	4.26019
338.00000000	4.25539
338.50000000	4.25138
339.00000000	4.24861
339.50000000	4.24632
340.00000000	4.24404
340.50000000	4.24103
341.00000000	4.23728
341.50000000	4.23460
342.00000000	4.23074
342.50000000	4.22651
343.00000000	4.22188
343.50000000	4.21685
344.00000000	4.21356
344.50000000	4.20994
345.00000000	4.20610
345.50000000	4.20309
346.00000000	4.19986
346.50000000	4.19627
347.00000000	4.19272
347.50000000	4.18964
348.00000000	4.18619
348.50000000	4.18412
349.00000000	4.18128
349.50000000	4.17950
350.00000000	4.17805
350.50000000	4.17650
351.00000000	4.17478
351.50000000	4.17211
352.00000000	4.17152
352.50000000	4.17274
353.00000000	4.17460
353.50000000	4.17633
354.00000000	4.17855
354.50000000	4.17973
355.00000000	4.18183
355.50000000	4.18403
356.00000000	4.18751
356.50000000	4.19172
357.00000000	4.19536
357.50000000	4.19688
358.00000000	4.19661
358.50000000	4.19588
359.00000000	4.19438
359.50000000	4.19430
360.00000000	4.19385
360.50000000	4.19244
361.00000000	4.19110
361.50000000	4.18997
362.00000000	4.19057
362.50000000	4.19071
363.00000000	4.19259
363.50000000	4.19462
364.00000000	4.19572
364.50000000	4.19479
365.00000000	4.19414
365.50000000	4.19432
366.00000000	4.19280
366.50000000	4.19121
367.00000000	4.18939
367.50000000	4.18794
368.00000000	4.18835
368.50000000	4.18756
369.00000000	4.18709
369.50000000	4.18630
370.00000000	4.18403
370.50000000	4.18155
371.00000000	4.18063
371.50000000	4.18112
372.00000000	4.18107
372.50000000	4.18128
373.00000000	4.18198
373.50000000	4.18247
374.00000000	4.18266
374.50000000	4.18316
375.00000000	4.18337
375.50000000	4.18386
376.00000000	4.18354
376.50000000	4.18451
377.00000000	4.18523
377.50000000	4.18669
378.00000000	4.18772
378.50000000	4.18885
379.00000000	4.18995
379.50000000	4.18986
380.00000000	4.18816
380.50000000	4.18657
381.00000000	4.18564
381.50000000	4.18293
382.00000000	4.18055
382.50000000	4.17874
383.00000000	4.17735
383.50000000	4.17715
384.00000000	4.17724
384.50000000	4.17864
385.00000000	4.18014
385.50000000	4.18221
386.00000000	4.18412
386.50000000	4.18677
387.00000000	4.19134
387.50000000	4.19675
388.00000000	4.20237
388.50000000	4.20973
389.00000000	4.21845
389.50000000	4.22458
390.00000000	4.22911
390.50000000	4.23233
391.00000000	4.23447
391.50000000	4.23790
392.00000000	4.24122
392.50000000	4.24509
393.00000000	4.25029
393.50000000	4.25513
394.00000000	4.25893
394.50000000	4.26186
395.00000000	4.26497
395.50000000	4.26900
396.00000000	4.27324
396.50000000	4.27676
397.00000000	4.28025
397.50000000	4.28235
398.00000000	4.28592
398.50000000	4.28944
399.00000000	4.29296
399.50000000	4.29567
400.00000000	4.29857
400.50000000	4.30016
401.00000000	4.30202
401.50000000	4.30409
402.00000000	4.30435
402.50000000	4.30420
403.00000000	4.30402
403.50000000	4.30348
404.00000000	4.30396
404.50000000	4.30189
405.00000000	4.29846
405.50000000	4.29576
406.00000000	4.29183
406.50000000	4.28673
407.00000000	4.28165
407.50000000	4.27766
408.00000000	4.27505
408.50000000	4.27119
409.00000000	4.26665
409.50000000	4.26348
410.00000000	4.25953
410.50000000	4.25631
411.00000000	4.25233
411.50000000	4.24811
412.00000000	4.24309
412.50000000	4.24023
413.00000000	4.23742
413.50000000	4.23370
414.00000000	4.22965
414.50000000	4.22561
415.00000000	4.22179
415.50000000	4.21783
416.00000000	4.21580
416.50000000	4.21344
417.00000000	4.21099
417.50000000	4.20953
418.00000000	4.20827
418.50000000	4.20740
419.00000000	4.20738
419.50000000	4.20852
420.00000000	4.21096
420.50000000	4.21391
421.00000000	4.21740
421.50000000	4.22037
422.00000000	4.22256
422.50000000	4.22465
423.00000000	4.22628
423.50000000	4.22689
424.00000000	4.22782
424.50000000	4.22925
425.00000000	4.23020
425.50000000	4.23009
426.00000000	4.23101
426.50000000	4.23284
427.00000000	4.23571
427.50000000	4.23663
428.00000000	4.23778
428.50000000	4.24059
429.00000000	4.24240
429.50000000	4.24379
430.00000000	4.24563
430.50000000	4.24649
431.00000000	4.24817
431.50000000	4.24969
432.00000000	4.24865
432.50000000	4.24684
433.00000000	4.24347
433.50000000	4.24026
434.00000000	4.23619
434.50000000	4.23234
435.00000000	4.22935
435.50000000	4.22353
436.00000000	4.21790
436.50000000	4.21374
437.00000000	4.20983
437.50000000	4.20578
438.00000000	4.20202
438.50000000	4.19870
439.00000000	4.19487
439.50000000	4.19266
440.00000000	4.19062
440.50000000	4.18857
441.00000000	4.18680
441.50000000	4.18465
442.00000000	4.18378
442.50000000	4.18192
443.00000000	4.17945
443.50000000	4.17755
444.00000000	4.17516
444.50000000	4.17315
445.00000000	4.17289
445.50000000	4.17345
446.00000000	4.17427
446.50000000	4.17528
447.00000000	4.17735
447.50000000	4.17863
448.00000000	4.18054
448.50000000	4.18446
449.00000000	4.18727
449.50000000	4.19012
450.00000000	4.19290
450.50000000	4.19577
451.00000000	4.20065
451.50000000	4.20571
452.00000000	4.21113
452.50000000	4.21533
453.00000000	4.21955
453.50000000	4.22330
454.00000000	4.22625
454.50000000	4.22952
455.00000000	4.23202
455.50000000	4.23260
456.00000000	4.23335
456.50000000	4.23383
457.00000000	4.23489
457.50000000	4.23707
458.00000000	4.23740
458.50000000	4.23754
459.00000000	4.23977
459.50000000	4.24268
460.00000000	4.24487
460.50000000	4.24730
461.00000000	4.25088
461.50000000	4.25261
462.00000000	4.25346
462.50000000	4.25419
463.00000000	4.25428
463.50000000	4.25416
464.00000000	4.25577
464.50000000	4.25587
465.00000000	4.25549
465.50000000	4.25531
466.00000000	4.25455
466.50000000	4.25470
467.00000000	4.25425
467.50000000	4.25319
468.00000000	4.25171
468.50000000	4.25084
469.00000000	4.25067
469.50000000	4.25085
470.00000000	4.25007
470.50000000	4.24924
471.00000000	4.24823
471.50000000	4.24561
472.00000000	4.24288
472.50000000	4.24167
473.00000000	4.24021
473.50000000	4.23835
474.00000000	4.23743
474.50000000	4.23336
475.00000000	4.23036
475.50000000	4.22778
476.00000000	4.22509
476.50000000	4.22344
477.00000000	4.22289
477.50000000	4.22332
478.00000000	4.22471
478.50000000	4.22586
479.00000000	4.22503
479.50000000	4.22434
480.00000000	4.22435
480.50000000	4.22544
481.00000000	4.22585
481.50000000	4.22781
482.00000000	4.22738
482.50000000	4.22594
483.00000000	4.22461
483.50000000	4.22269
484.00000000	4.22096
484.50000000	4.21914
485.00000000	4.21749
485.50000000	4.21461
486.00000000	4.21106
486.50000000	4.20719
487.00000000	4.20401
487.50000000	4.20069
488.00000000	4.19793
488.50000000	4.19487
489.00000000	4.19349
489.50000000	4.19193
490.00000000	4.18958
490.50000000	4.18652
491.00000000	4.18291
491.50000000	4.18017
492.00000000	4.17832
492.50000000	4.17615
493.00000000	4.17501
493.50000000	4.17413
494.00000000	4.17257
494.50000000	4.17130
495.00000000	4.16965
495.50000000	4.16850
496.00000000	4.16697
496.50000000	4.16545
497.00000000	4.16466
497.50000000	4.16467
498.00000000	4.16338
498.50000000	4.16303
499.00000000	4.16353
499.50000000	4.16468
500.00000000	4.16472
500.50000000	4.16612
501.00000000	4.16790
501.50000000	4.16840
502.00000000	4.17041
502.50000000	4.17146
503.00000000	4.17248
503.50000000	4.17280
504.00000000	4.17362
504.50000000	4.17517
505.00000000	4.17586
505.50000000	4.17653
506.00000000	4.17740
506.50000000	4.17828
507.00000000	4.18007
507.50000000	4.18266
508.00000000	4.18358
508.50000000	4.18322
509.00000000	4.18154
509.50000000	4.17898
510.00000000	4.17714
510.50000000	4.17640
511.00000000	4.17581
511.50000000	4.17673
512.00000000	4.17560
512.50000000	4.17540
513.00000000	4.17507
513.50000000	4.17306
514.00000000	4.17136
514.50000000	4.17163
515.00000000	4.17206
515.50000000	4.17227
516.00000000	4.17236
516.50000000	4.17366
517.00000000	4.17328
517.50000000	4.17319
518.00000000	4.17428
518.50000000	4.17484
519.00000000	4.17590
519.50000000	4.17573
520.00000000	4.17447
520.50000000	4.17557
521.00000000	4.17536
521.50000000	4.17588
522.00000000	4.17492
522.50000000	4.17463
523.00000000	4.17317
523.50000000	4.17143
524.00000000	4.17052
524.50000000	4.16943
525.00000000	4.16913
525.50000000	4.16907
526.00000000	4.16990
526.50000000	4.17081
527.00000000	4.17151
527.50000000	4.17112
528.00000000	4.17005
528.50000000	4.16659
529.00000000	4.16252
529.50000000	4.15936
530.00000000	4.15719
530.50000000	4.15371
531.00000000	4.15208
531.50000000	4.15175
532.00000000	4.15143
532.50000000	4.15331
533.00000000	4.15597
533.50000000	4.15794
534.00000000	4.15937
534.50000000	4.16152
535.00000000	4.16352
535.50000000	4.16519
536.00000000	4.16646
536.50000000	4.16828
537.00000000	4.17068
537.50000000	4.17370
538.00000000	4.17431
538.50000000	4.17380
539.00000000	4.17238
539.50000000	4.17116
540.00000000	4.17036
540.50000000	4.17064
541.00000000	4.17015
541.50000000	4.17152
542.00000000	4.17346
542.50000000	4.17592
543.00000000	4.17786
543.50000000	4.17811
544.00000000	4.17773
544.50000000	4.17863
545.00000000	4.17954
545.50000000	4.18069
546.00000000	4.18123
546.50000000	4.18100
547.00000000	4.18021
547.50000000	4.17961
548.00000000	4.17879
548.50000000	4.17881
549.00000000	4.17722
549.50000000	4.17515
550.00000000	4.17298
550.50000000	4.17055
551.00000000	4.16736
551.50000000	4.16452
552.00000000	4.16356
552.50000000	4.16235
553.00000000	4.16218
553.50000000	4.16074
554.00000000	4.15953
554.50000000	4.15812
555.00000000	4.15793
555.50000000	4.15733
556.00000000	4.15674
556.50000000	4.15605
557.00000000	4.15511
557.50000000	4.15503
558.00000000	4.15509
558.50000000	4.15649
559.00000000	4.15842
559.50000000	4.15823
560.00000000	4.15811
560.50000000	4.15852
561.00000000	4.15869
561.50000000	4.15981
562.00000000	4.16124
562.50000000	4.16245
563.00000000	4.16278
563.50000000	4.16466
564.00000000	4.16530
564.50000000	4.16550
565.00000000	4.16583
565.50000000	4.16726
566.00000000	4.16807
566.50000000	4.16878
567.00000000	4.17007
567.50000000	4.17162
568.00000000	4.17310
568.50000000	4.17570
569.00000000	4.17827
569.50000000	4.18211
570.00000000	4.18618
570.50000000	4.18999
571.00000000	4.19380
571.50000000	4.19932
572.00000000	4.20373
572.50000000	4.20770
573.00000000	4.21288
573.50000000	4.21912
574.00000000	4.22573
574.50000000	4.23050
575.00000000	4.23480
575.50000000	4.23962
576.00000000	4.24274
576.50000000	4.24512
577.00000000	4.24801
577.50000000	4.24877
578.00000000	4.25011
578.50000000	4.25141
579.00000000	4.25212
579.50000000	4.25219
580.00000000	4.25163
580.50000000	4.25203
581.00000000	4.25148
581.50000000	4.25161
582.00000000	4.25256
582.50000000	4.25394
583.00000000	4.25452
583.50000000	4.25497
584.00000000	4.25558
584.50000000	4.25749
585.00000000	4.25865
585.50000000	4.26010
586.00000000	4.26153
586.50000000	4.26230
587.00000000	4.26456
587.50000000	4.26672
588.00000000	4.26867
588.50000000	4.27072
589.00000000	4.27173
589.50000000	4.27273
590.00000000	4.27413
590.50000000	4.27934
591.00000000	4.28408
591.50000000	4.28888
592.00000000	4.29346
592.50000000	4.29838
593.00000000	4.30186
593.50000000	4.30778
594.00000000	4.31258
594.50000000	4.31638
595.00000000	4.31961
595.50000000	4.32287
596.00000000	4.32576
596.50000000	4.32946
597.00000000	4.33414
597.50000000	4.33981
598.00000000	4.34443
598.50000000	4.34780
599.00000000	4.35136
599.50000000	4.35394
600.00000000	4.35742
600.50000000	4.36025
601.00000000	4.36320
601.50000000	4.36570
602.00000000	4.36656
602.50000000	4.36729
603.00000000	4.36672
603.50000000	4.36637
604.00000000	4.36767
604.50000000	4.36940
605.00000000	4.36929
605.50000000	4.36901
606.00000000	4.36806
606.50000000	4.36663
607.00000000	4.36457
607.50000000	4.36220
608.00000000	4.35915
608.50000000	4.35623
609.00000000	4.35368
609.50000000	4.35108
610.00000000	4.35016
610.50000000	4.34943
611.00000000	4.34765
611.50000000	4.34661
612.00000000	4.34506
612.50000000	4.34534
613.00000000	4.34538
613.50000000	4.34496
614.00000000	4.34423
614.50000000	4.34386
615.00000000	4.34333
615.50000000	4.34362
616.00000000	4.34332
616.50000000	4.34366
617.00000000	4.34535
617.50000000	4.34701
618.00000000	4.34859
618.50000000	4.35075
619.00000000	4.35123
619.50000000	4.35113
620.00000000	4.35048
620.50000000	4.35062
621.00000000	4.35172
621.50000000	4.35356
622.00000000	4.35513
622.50000000	4.35506
623.00000000	4.35587
623.50000000	4.35760
624.00000000	4.35884
624.50000000	4.36071
625.00000000	4.36287
625.50000000	4.36510
626.00000000	4.36772
626.50000000	4.36947
627.00000000	4.36976
627.50000000	4.37020
628.00000000	4.37034
628.50000000	4.37052
629.00000000	4.37226
629.50000000	4.37363
630.00000000	4.37513
630.50000000	4.37723
631.00000000	4.37915
631.50000000	4.38164
632.00000000	4.38312
632.50000000	4.38655
633.00000000	4.38922
633.50000000	4.39126
634.00000000	4.39292
634.50000000	4.39580
635.00000000	4.39666
635.50000000	4.39718
636.00000000	4.39744
636.50000000	4.39746
637.00000000	4.39756
637.50000000	4.39938
638.00000000	4.40108
638.50000000	4.40279
639.00000000	4.40372
639.50000000	4.40538
640.00000000	4.40496
640.50000000	4.40466
641.00000000	4.40467
641.50000000	4.40575
642.00000000	4.40542
642.50000000	4.40574
643.00000000	4.40520
643.50000000	4.40576
644.00000000	4.40633
644.50000000	4.40553
645.00000000	4.40441
645.50000000	4.40217
646.00000000	4.39939
646.50000000	4.39693
647.00000000	4.39408
647.50000000	4.39089
648.00000000	4.38812
648.50000000	4.38715
649.00000000	4.38522
649.50000000	4.38460
650.00000000	4.38471
650.50000000	4.38397
651.00000000	4.38267
651.50000000	4.38236
652.00000000	4.38248
652.50000000	4.38289
653.00000000	4.38205
653.50000000	4.38165
654.00000000	4.38078
654.50000000	4.37961
655.00000000	4.37744
655.50000000	4.37456
656.00000000	4.37074
656.50000000	4.36722
657.00000000	4.36406
657.50000000	4.36133
658.00000000	4.35956
658.50000000	4.35888
659.00000000	4.35826
659.50000000	4.35734
660.00000000	4.35542
660.50000000	4.35521
661.00000000	4.35598
661.50000000	4.35698
662.00000000	4.35767
662.50000000	4.35838
663.00000000	4.35965
663.50000000	4.36132
664.00000000	4.36243
664.50000000	4.36418
665.00000000	4.36702
665.50000000	4.36936
666.00000000	4.37058
666.50000000	4.37277
667.00000000	4.37561
667.50000000	4.37785
668.00000000	4.38129
668.50000000	4.38400
669.00000000	4.38619
669.50000000	4.38929
670.00000000	4.39185
670.50000000	4.39416
671.00000000	4.39543
671.50000000	4.39751
672.00000000	4.39937
672.50000000	4.40176
673.00000000	4.40535
673.50000000	4.41002
674.00000000	4.41528
674.50000000	4.42123
675.00000000	4.42667
675.50000000	4.43228
676.00000000	4.43754
676.50000000	4.44281
677.00000000	4.44675
677.50000000	4.45083
678.00000000	4.45352
678.50000000	4.45515
679.00000000	4.45831
679.50000000	4.45982
680.00000000	4.45940
680.50000000	4.45971
681.00000000	4.46177
681.50000000	4.46461
682.00000000	4.46947
682.50000000	4.47478
683.00000000	4.47911
683.50000000	4.48373
684.00000000	4.48902
684.50000000	4.49183
685.00000000	4.49692
685.50000000	4.50167
686.00000000	4.50559
686.50000000	4.50910
687.00000000	4.51305
687.50000000	4.51726
688.00000000	4.52021
688.50000000	4.52453
689.00000000	4.52829
689.50000000	4.53348
690.00000000	4.53790
690.50000000	4.54224
691.00000000	4.54791
691.50000000	4.55282
692.00000000	4.55773
692.50000000	4.56126
693.00000000	4.56541
693.50000000	4.57013
694.00000000	4.57397
694.50000000	4.57661
695.00000000	4.57909
695.50000000	4.58022
696.00000000	4.58121
696.50000000	4.58321
697.00000000	4.58409
697.50000000	4.58410
698.00000000	4.58451
698.50000000	4.58542
699.00000000	4.58634
699.50000000	4.58766
700.00000000	4.58893
700.50000000	4.59135
701.00000000	4.59426
701.50000000	4.59724
702.00000000	4.59846
702.50000000	4.59843
703.00000000	4.59890
703.50000000	4.60005
704.00000000	4.60005
704.50000000	4.59918
705.00000000	4.59751
705.50000000	4.59561
706.00000000	4.59513
706.50000000	4.59314
707.00000000	4.59165
707.50000000	4.59163
708.00000000	4.59276
708.50000000	4.59380
709.00000000	4.59467
709.50000000	4.59696
710.00000000	4.59796
710.50000000	4.59776
711.00000000	4.59694
711.50000000	4.59591
712.00000000	4.59601
712.50000000	4.59513
713.00000000	4.59565
713.50000000	4.59710
714.00000000	4.59691
714.50000000	4.59644
715.00000000	4.59436
715.50000000	4.59173
716.00000000	4.58807
716.50000000	4.58449
717.00000000	4.58178
717.50000000	4.58076
718.00000000	4.57852
718.50000000	4.57701
719.00000000	4.57427
719.50000000	4.57251
720.00000000	4.57170
720.50000000	4.57041
721.00000000	4.56782
721.50000000	4.56622
722.00000000	4.56491
722.50000000	4.56246
723.00000000	4.55978
723.50000000	4.55819
724.00000000	4.55663
724.50000000	4.55470
725.00000000	4.55351
725.50000000	4.55282
726.00000000	4.55221
726.50000000	4.55167
727.00000000	4.55083
727.50000000	4.55077
728.00000000	4.55038
728.50000000	4.54995
729.00000000	4.55033
729.50000000	4.55148
730.00000000	4.55333
730.50000000	4.55391
731.00000000	4.55386
731.50000000	4.55464
732.00000000	4.55564
732.50000000	4.55618
733.00000000	4.55771
733.50000000	4.55967
734.00000000	4.56311
734.50000000	4.56601
735.00000000	4.56891
735.50000000	4.57015
736.00000000	4.57146
736.50000000	4.57274
737.00000000	4.57369
737.50000000	4.57453
738.00000000	4.57738
738.50000000	4.57919
739.00000000	4.58187
739.50000000	4.58267
740.00000000	4.58415
740.50000000	4.58594
741.00000000	4.58830
741.50000000	4.58945
742.00000000	4.59121
742.50000000	4.59247
743.00000000	4.59324
743.50000000	4.59390
744.00000000	4.59378
744.50000000	4.59362
745.00000000	4.59443
745.50000000	4.59497
746.00000000	4.59488
746.50000000	4.59344
747.00000000	4.59171
747.50000000	4.59093
748.00000000	4.58937
748.50000000	4.58980
749.00000000	4.58994
749.50000000	4.58981
750.00000000	4.59049
750.50000000	4.59173
751.00000000	4.59447
751.50000000	4.59790
752.00000000	4.59948
752.50000000	4.60054
753.00000000	4.60159
753.50000000	4.60115
754.00000000	4.59984
754.50000000	4.59748
755.00000000	4.59552
755.50000000	4.59555
756.00000000	4.59456
756.50000000	4.59289
757.00000000	4.59150
757.50000000	4.58853
758.00000000	4.58578
758.50000000	4.58485
759.00000000	4.58351
759.50000000	4.58348
760.00000000	4.58382
760.50000000	4.58303
761.00000000	4.58232
761.50000000	4.58204
762.00000000	4.58037
762.50000000	4.57882
763.00000000	4.57643
763.50000000	4.57614
764.00000000	4.57597
764.50000000	4.57542
765.00000000	4.57529
765.50000000	4.57635
766.00000000	4.57753
766.50000000	4.57901
767.00000000	4.57998
767.50000000	4.57969
768.00000000	4.57960
768.50000000	4.58001
769.00000000	4.58148
769.50000000	4.58257
770.00000000	4.58508
770.50000000	4.58669
771.00000000	4.58769
771.50000000	4.58775
772.00000000	4.58686
772.50000000	4.58538
773.00000000	4.58345
773.50000000	4.58218
774.00000000	4.58057
774.50000000	4.58066
775.00000000	4.58212
775.50000000	4.58436
776.00000000	4.58560
776.50000000	4.58641
777.00000000	4.58833
777.50000000	4.59073
778.00000000	4.59128
778.50000000	4.59220
779.00000000	4.59373
779.50000000	4.59574
780.00000000	4.59857
780.50000000	4.59975
781.00000000	4.60002
781.50000000	4.60115
782.00000000	4.60207
782.50000000	4.60361
783.00000000	4.60534
783.50000000	4.60580
784.00000000	4.60512
784.50000000	4.60635
785.00000000	4.60887
785.50000000	4.61062
786.00000000	4.61154
786.50000000	4.61139
787.00000000	4.61115
787.50000000	4.61071
788.00000000	4.60948
788.50000000	4.60818
789.00000000	4.60614
789.50000000	4.60332
790.00000000	4.60158
790.50000000	4.59827
791.00000000	4.59642
791.50000000	4.59545
792.00000000	4.59428
792.50000000	4.59414
793.00000000	4.59346
793.50000000	4.59172
794.00000000	4.59136
794.50000000	4.59150
795.00000000	4.59118
795.50000000	4.59072
796.00000000	4.59003
796.50000000	4.59061
797.00000000	4.59211
797.50000000	4.59266
798.00000000	4.59247
798.50000000	4.59332
799.00000000	4.59399
799.50000000	4.59591
800.00000000	4.59875
800.50000000	4.60159
801.00000000	4.60518
801.50000000	4.60705
802.00000000	4.60979
802.50000000	4.61371
803.00000000	4.61802
803.50000000	4.62077
804.00000000	4.62363
804.50000000	4.62710
805.00000000	4.63046
805.50000000	4.63219
806.00000000	4.63152
806.50000000	4.63154
807.00000000	4.63325
807.50000000	4.63415
808.00000000	4.63450
808.50000000	4.63423
809.00000000	4.63365
809.50000000	4.63317
810.00000000	4.63410
810.50000000	4.63486
811.00000000	4.63545
811.50000000	4.63606
812.00000000	4.63630
812.50000000	4.63695
813.00000000	4.63702
813.50000000	4.63668
814.00000000	4.63665
814.50000000	4.63702
815.00000000	4.63731
815.50000000	4.63709
816.00000000	4.63588
816.50000000	4.63298
817.00000000	4.62973
817.50000000	4.62716
818.00000000	4.62531
818.50000000	4.62437
819.00000000	4.62269
819.50000000	4.62236
820.00000000	4.62394
820.50000000	4.62464
821.00000000	4.62540
821.50000000	4.62625
822.00000000	4.62522
822.50000000	4.62457
823.00000000	4.62459
823.50000000	4.62451
824.00000000	4.62441
824.50000000	4.62454
825.00000000	4.62466
825.50000000	4.62486
826.00000000	4.62456
826.50000000	4.62496
827.00000000	4.62558
827.50000000	4.62659
828.00000000	4.62741
828.50000000	4.62839
829.00000000	4.62799
829.50000000	4.62804
830.00000000	4.62758
830.50000000	4.62546
831.00000000	4.62353
831.50000000	4.62176
832.00000000	4.62091
832.50000000	4.62152
833.00000000	4.62198
833.50000000	4.62254
834.00000000	4.62564
834.50000000	4.62783
835.00000000	4.62917
835.50000000	4.62774
836.00000000	4.62746
836.50000000	4.62681
837.00000000	4.62719
837.50000000	4.62629
838.00000000	4.62565
838.50000000	4.62362
839.00000000	4.62226
839.50000000	4.62042
840.00000000	4.61794
840.50000000	4.61553
841.00000000	4.61315
841.50000000	4.61040
842.00000000	4.60589
842.50000000	4.60170
843.00000000	4.59837
843.50000000	4.59566
844.00000000	4.59325
844.50000000	4.59054
845.00000000	4.58768
845.50000000	4.58510
846.00000000	4.58232
846.50000000	4.57978
847.00000000	4.57786
847.50000000	4.57588
848.00000000	4.57599
848.50000000	4.57507
849.00000000	4.57242
849.50000000	4.56948
850.00000000	4.56751
850.50000000	4.56428
851.00000000	4.55990
851.50000000	4.55612
852.00000000	4.55252
852.50000000	4.54862
853.00000000	4.54403
853.50000000	4.54030
854.00000000	4.53665
854.50000000	4.53251
855.00000000	4.52835
855.50000000	4.52403
856.00000000	4.52215
856.50000000	4.52189
857.00000000	4.52056
857.50000000	4.51949
858.00000000	4.52077
858.50000000	4.52243
859.00000000	4.52432
859.50000000	4.52711
860.00000000	4.52988
860.50000000	4.53257
861.00000000	4.53462
861.50000000	4.53527
862.00000000	4.53567
862.50000000	4.53613
863.00000000	4.53756
863.50000000	4.54061
864.00000000	4.54224
864.50000000	4.54315
865.00000000	4.54503
865.50000000	4.54651
866.00000000	4.54745
866.50000000	4.54932
867.00000000	4.55144
867.50000000	4.55354
868.00000000	4.55717
868.50000000	4.56047
869.00000000	4.56329
869.50000000	4.56589
870.00000000	4.56736
870.50000000	4.56691
871.00000000	4.56649
871.50000000	4.56502
872.00000000	4.56263
872.50000000	4.55996
873.00000000	4.55764
873.50000000	4.55521
874.00000000	4.55210
874.50000000	4.54749
875.00000000	4.54237
875.50000000	4.53891
876.00000000	4.53604
876.50000000	4.53471
877.00000000	4.53317
877.50000000	4.53124
878.00000000	4.52972
878.50000000	4.52732
879.00000000	4.52521
879.50000000	4.52467
880.00000000	4.52209
880.50000000	4.51944
881.00000000	4.51618
881.50000000	4.51546
882.00000000	4.51581
882.50000000	4.51510
883.00000000	4.51406
883.50000000	4.51403
884.00000000	4.51464
884.50000000	4.51548
885.00000000	4.51579
885.50000000	4.51578
886.00000000	4.51456
886.50000000	4.51424
887.00000000	4.51308
887.50000000	4.51152
888.00000000	4.51067
888.50000000	4.51069
889.00000000	4.51091
889.50000000	4.51160
890.00000000	4.51176
890.50000000	4.51328
891.00000000	4.51586
891.50000000	4.51968
892.00000000	4.52290
892.50000000	4.52453
893.00000000	4.52571
893.50000000	4.52403
894.00000000	4.52240
894.50000000	4.52000
895.00000000	4.51772
895.50000000	4.51555
896.00000000	4.51336
896.50000000	4.51229
897.00000000	4.51104
897.50000000	4.51152
898.00000000	4.51327
898.50000000	4.51450
899.00000000	4.51519
899.50000000	4.51429
900.00000000	4.51410
900.50000000	4.51321
901.00000000	4.51169
901.50000000	4.51111
902.00000000	4.51063
902.50000000	4.50942
903.00000000	4.50948
903.50000000	4.50884
904.00000000	4.50872
904.50000000	4.51033
905.00000000	4.51135
905.50000000	4.51236
906.00000000	4.51324
906.50000000	4.51382
907.00000000	4.51567
907.50000000	4.51575
908.00000000	4.51506
908.50000000	4.51489
909.00000000	4.51428
909.50000000	4.51193
910.00000000	4.50922
910.50000000	4.50694
911.00000000	4.50327
911.50000000	4.50138
912.00000000	4.49966
912.50000000	4.49712
913.00000000	4.49438
913.50000000	4.49390
914.00000000	4.49235
914.50000000	4.48954
915.00000000	4.48491
915.50000000	4.48021
916.00000000	4.47548
916.50000000	4.47044
917.00000000	4.46572
917.50000000	4.46188
918.00000000	4.45716
918.50000000	4.45410
919.00000000	4.45191
919.50000000	4.44927
920.00000000	4.44779
920.50000000	4.44487
921.00000000	4.44181
921.50000000	4.43846
922.00000000	4.43529
922.50000000	4.43163
923.00000000	4.42750
923.50000000	4.42586
924.00000000	4.42529
924.50000000	4.42520
925.00000000	4.42518
925.50000000	4.42532
926.00000000	4.42523
926.50000000	4.42671
927.00000000	4.42857
927.50000000	4.42879
928.00000000	4.42978
928.50000000	4.43095
929.00000000	4.43173
929.50000000	4.43331
930.00000000	4.43337
930.50000000	4.43421
931.00000000	4.43445
931.50000000	4.43504
932.00000000	4.43578
932.50000000	4.43777
933.00000000	4.44036
933.50000000	4.44253
934.00000000	4.44286
934.50000000	4.44366
935.00000000	4.44399
935.50000000	4.44389
936.00000000	4.44345
936.50000000	4.44363
937.00000000	4.44358
937.50000000	4.44411
938.00000000	4.44437
938.50000000	4.44398
939.00000000	4.44546
939.50000000	4.44659
940.00000000	4.44713
940.50000000	4.44962
941.00000000	4.45089
941.50000000	4.45190
942.00000000	4.45305
942.50000000	4.45472
943.00000000	4.45624
943.50000000	4.45739
944.00000000	4.45807
944.50000000	4.45827
945.00000000	4.45809
945.50000000	4.45871
946.00000000	4.45843
946.50000000	4.45753
947.00000000	4.45537
947.50000000	4.45503
948.00000000	4.45535
948.50000000	4.45521
949.00000000	4.45526
949.50000000	4.45430
950.00000000	4.45301
950.50000000	4.45321
951.00000000	4.45210
951.50000000	4.45129
952.00000000	4.45022
952.50000000	4.44900
953.00000000	4.44774
953.50000000	4.44710
954.00000000	4.44733
954.50000000	4.44756
955.00000000	4.44685
955.50000000	4.44672
956.00000000	4.44833
956.50000000	4.45152
957.00000000	4.45606
957.50000000	4.45988
958.00000000	4.46370
958.50000000	4.46741
959.00000000	4.47099
959.50000000	4.47434
960.00000000	4.47713
960.50000000	4.48035
961.00000000	4.48199
961.50000000	4.48395
962.00000000	4.48483
962.50000000	4.48610
963.00000000	4.48800
963.50000000	4.48887
964.00000000	4.49047
964.50000000	4.49024
965.00000000	4.48998
965.50000000	4.49094
966.00000000	4.49202
966.50000000	4.49116
967.00000000	4.48904
967.50000000	4.48718
968.00000000	4.48411
968.50000000	4.48243
969.00000000	4.48125
969.50000000	4.48022
970.00000000	4.47998
970.50000000	4.47797
971.00000000	4.47614
971.50000000	4.47457
972.00000000	4.47362
972.50000000	4.47200
973.00000000	4.47073
973.50000000	4.46884
974.00000000	4.46684
974.50000000	4.46484
975.00000000	4.46300
975.50000000	4.46079
976.00000000	4.45997
976.50000000	4.45972
977.00000000	4.45863
977.50000000	4.45852
978.00000000	4.45682
978.50000000	4.45529
979.00000000	4.45294
979.50000000	4.45093
980.00000000	4.45061
980.50000000	4.44959
981.00000000	4.44825
981.50000000	4.44663
982.00000000	4.44471
982.50000000	4.44263
983.00000000	4.44186
983.50000000	4.44150
984.00000000	4.44164
984.50000000	4.44236
985.00000000	4.44356
985.50000000	4.44457
986.00000000	4.44494
986.50000000	4.44616
987.00000000	4.44764
987.50000000	4.44840
988.00000000	4.44947
988.50000000	4.45006
989.00000000	4.45070
989.50000000	4.45134
990.00000000	4.45280
990.50000000	4.45324
991.00000000	4.45340
991.50000000	4.45460
992.00000000	4.45531
992.50000000	4.45592
993.00000000	4.45612
993.50000000	4.45572
994.00000000	4.45463
994.50000000	4.45617
995.00000000	4.45683
995.50000000	4.45760
996.00000000	4.45753
996.50000000	4.45872
997.00000000	4.46239
997.50000000	4.46512
998.00000000	4.46849
998.50000000	4.47194
999.00000000	4.47520
999.50000000	4.47792
1000.00000000	4.47974
1000.50000000	4.48108
1001.00000000	4.48272
1001.50000000	4.48528
1002.00000000	4.48731
1002.50000000	4.48852
1003.00000000	4.48998
1003.50000000	4.49226
1004.00000000	4.49546
1004.50000000	4.49971
1005.00000000	4.50371
1005.50000000	4.50847
1006.00000000	4.51385
1006.50000000	4.51786
1007.00000000	4.52137
1007.50000000	4.52481
1008.00000000	4.52820
1008.50000000	4.53054
1009.00000000	4.53187
1009.50000000	4.53542
1010.00000000	4.53928
1010.50000000	4.54295
1011.00000000	4.54715
1011.50000000	4.55142
1012.00000000	4.55495
1012.50000000	4.55826
1013.00000000	4.56209
1013.50000000	4.56535
1014.00000000	4.56830
1014.50000000	4.57090
1015.00000000	4.57347
1015.50000000	4.57484
1016.00000000	4.57517
1016.50000000	4.57575
1017.00000000	4.57756
1017.50000000	4.57988
1018.00000000	4.58168
1018.50000000	4.58363
1019.00000000	4.58668
1019.50000000	4.58954
1020.00000000	4.59162
1020.50000000	4.59271
1021.00000000	4.59486
1021.50000000	4.59736
1022.00000000	4.60158
1022.50000000	4.60488
1023.00000000	4.60849
1023.50000000	4.61163
1024.00000000	4.61404
1024.50000000	4.61634
1025.00000000	4.62001
1025.50000000	4.62161
1026.00000000	4.62202
1026.50000000	4.62039
1027.00000000	4.62074
1027.50000000	4.62072
1028.00000000	4.62045
1028.50000000	4.62027
1029.00000000	4.62118
1029.50000000	4.62121
1030.00000000	4.62024
1030.50000000	4.62024
1031.00000000	4.61904
1031.50000000	4.61923
1032.00000000	4.61897
1032.50000000	4.61805
1033.00000000	4.61679
1033.50000000	4.61410
1034.00000000	4.61104
1034.50000000	4.60797
1035.00000000	4.60518
1035.50000000	4.60062
1036.00000000	4.59797
1036.50000000	4.59495
1037.00000000	4.59333
1037.50000000	4.59255
1038.00000000	4.59210
1038.50000000	4.59203
1039.00000000	4.59213
1039.50000000	4.59179
1040.00000000	4.59104
1040.50000000	4.58986
1041.00000000	4.58895
1041.50000000	4.58805
1042.00000000	4.58717
1042.50000000	4.58601
1043.00000000	4.58552
1043.50000000	4.58597
1044.00000000	4.58591
1044.50000000	4.58520
1045.00000000	4.58401
1045.50000000	4.58429
1046.00000000	4.58406
1046.50000000	4.58485
1047.00000000	4.58584
1047.50000000	4.58698
1048.00000000	4.58899
1048.50000000	4.59188
1049.00000000	4.59315
1049.50000000	4.59374
1050.00000000	4.59613
1050.50000000	4.59699
1051.00000000	4.59854
1051.50000000	4.60041
1052.00000000	4.60201
1052.50000000	4.60170
1053.00000000	4.60102
1053.50000000	4.59969
1054.00000000	4.59932
1054.50000000	4.59766
1055.00000000	4.59614
1055.50000000	4.59423
1056.00000000	4.59337
1056.50000000	4.59384
1057.00000000	4.59513
1057.50000000	4.59477
1058.00000000	4.59623
1058.50000000	4.59706
1059.00000000	4.59776
1059.50000000	4.59755
1060.00000000	4.59595
1060.50000000	4.59502
1061.00000000	4.59385
1061.50000000	4.59315
1062.00000000	4.59297
1062.50000000	4.59384
1063.00000000	4.59367
1063.50000000	4.59487
1064.00000000	4.59654
1064.50000000	4.59822
1065.00000000	4.60025
1065.50000000	4.60287
1066.00000000	4.60490
1066.50000000	4.60616
1067.00000000	4.60828
1067.50000000	4.60943
1068.00000000	4.61091
1068.50000000	4.61285
1069.00000000	4.61565
1069.50000000	4.61931
1070.00000000	4.62215
1070.50000000	4.62618
1071.00000000	4.62955
1071.50000000	4.63363
1072.00000000	4.63816
1072.50000000	4.64194
1073.00000000	4.64552
1073.50000000	4.64975
1074.00000000	4.65426
1074.50000000	4.65701
1075.00000000	4.65765
1075.50000000	4.65726
1076.00000000	4.65824
1076.50000000	4.66050
1077.00000000	4.66192
1077.50000000	4.66362
1078.00000000	4.66473
1078.50000000	4.66534
1079.00000000	4.66687
1079.50000000	4.66809
1080.00000000	4.66900
1080.50000000	4.66951
1081.00000000	4.67010
1081.50000000	4.67022
1082.00000000	4.67002
1082.50000000	4.66974
1083.00000000	4.67108
1083.50000000	4.67261
1084.00000000	4.67509
1084.50000000	4.67767
1085.00000000	4.67783
1085.50000000	4.67886
1086.00000000	4.67904
1086.50000000	4.68035
1087.00000000	4.67952
1087.50000000	4.67832
1088.00000000	4.67738
1088.50000000	4.67833
1089.00000000	4.67819
1089.50000000	4.67708
1090.00000000	4.67493
1090.50000000	4.67449
1091.00000000	4.67353
1091.50000000	4.67183
1092.00000000	4.67013
1092.50000000	4.66976
1093.00000000	4.66908
1093.50000000	4.67014
1094.00000000	4.66976
1094.50000000	4.66989
1095.00000000	4.67035
1095.50000000	4.66919
1096.00000000	4.66920
1096.50000000	4.66824
1097.00000000	4.66782
1097.50000000	4.66664
1098.00000000	4.66540
1098.50000000	4.66630
1099.00000000	4.66833
1099.50000000	4.66978
1100.00000000	4.67090
1100.50000000	4.67203
1101.00000000	4.67254
1101.50000000	4.67353
1102.00000000	4.67517
1102.50000000	4.67656
1103.00000000	4.67617
1103.50000000	4.67536
1104.00000000	4.67624
1104.50000000	4.67479
1105.00000000	4.67307
1105.50000000	4.67090
1106.00000000	4.66791
1106.50000000	4.66455
1107.00000000	4.66138
1107.50000000	4.65713
1108.00000000	4.65295
1108.50000000	4.64984
1109.00000000	4.64784
1109.50000000	4.64512
1110.00000000	4.64304
1110.50000000	4.63999
1111.00000000	4.63681
1111.50000000	4.63293
1112.00000000	4.63042
1112.50000000	4.62930
1113.00000000	4.62799
1113.50000000	4.62648
1114.00000000	4.62302
1114.50000000	4.61955
1115.00000000	4.61759
1115.50000000	4.61522
1116.00000000	4.61461
1116.50000000	4.61468
1117.00000000	4.61367
1117.50000000	4.61268
1118.00000000	4.61064
1118.50000000	4.60898
1119.00000000	4.60932
1119.50000000	4.61005
1120.00000000	4.61101
1120.50000000	4.61189
1121.00000000	4.61416
1121.50000000	4.61629
1122.00000000	4.61861
1122.50000000	4.62067
1123.00000000	4.62240
1123.50000000	4.62320
1124.00000000	4.62526
1124.50000000	4.62641
1125.00000000	4.62648
1125.50000000	4.62555
1126.00000000	4.62469
1126.50000000	4.62331
1127.00000000	4.62076
1127.50000000	4.61886
1128.00000000	4.61759
1128.50000000	4.61600
1129.00000000	4.61408
1129.50000000	4.61317
1130.00000000	4.61253
1130.50000000	4.61395
1131.00000000	4.61468
1131.50000000	4.61462
1132.00000000	4.61551
1132.50000000	4.61747
1133.00000000	4.61797
1133.50000000	4.61816
1134.00000000	4.61707
1134.50000000	4.61444
1135.00000000	4.61256
1135.50000000	4.60996
1136.00000000	4.60659
1136.50000000	4.60379
1137.00000000	4.60009
1137.50000000	4.59719
1138.00000000	4.59475
1138.50000000	4.59237
1139.00000000	4.59024
1139.50000000	4.58930
1140.00000000	4.58916
1140.50000000	4.59019
1141.00000000	4.59088
1141.50000000	4.59111
1142.00000000	4.59142
1142.50000000	4.59102
1143.00000000	4.58961
1143.50000000	4.58957
1144.00000000	4.58992
1144.50000000	4.58891
1145.00000000	4.58918
1145.50000000	4.58885
1146.00000000	4.58889
1146.50000000	4.58959
1147.00000000	4.58899
1147.50000000	4.58830
1148.00000000	4.58853
1148.50000000	4.58816
1149.00000000	4.58802
1149.50000000	4.58727
1150.00000000	4.58638
1150.50000000	4.58549
1151.00000000	4.58416
1151.50000000	4.58190
1152.00000000	4.57994
1152.50000000	4.57856
1153.00000000	4.57796
1153.50000000	4.57862
1154.00000000	4.57798
1154.50000000	4.57904
1155.00000000	4.58082
1155.50000000	4.58127
1156.00000000	4.58256
1156.50000000	4.58322
1157.00000000	4.58412
1157.50000000	4.58590
1158.00000000	4.58718
1158.50000000	4.58790
1159.00000000	4.58836
1159.50000000	4.58824
1160.00000000	4.58931
1160.50000000	4.59207
1161.00000000	4.59530
1161.50000000	4.59814
1162.00000000	4.59991
1162.50000000	4.60140
1163.00000000	4.60361
1163.50000000	4.60645
1164.00000000	4.60753
1164.50000000	4.60860
1165.00000000	4.60785
1165.50000000	4.60794
1166.00000000	4.60836
1166.50000000	4.60694
1167.00000000	4.60569
1167.50000000	4.60499
1168.00000000	4.60363
1168.50000000	4.60225
1169.00000000	4.60276
1169.50000000	4.60265
1170.00000000	4.60248
1170.50000000	4.60263
1171.00000000	4.60108
1171.50000000	4.59835
1172.00000000	4.59651
1172.50000000	4.59393
1173.00000000	4.59122
1173.50000000	4.58842
1174.00000000	4.58690
1174.50000000	4.58524
1175.00000000	4.58306
1175.50000000	4.58087
1176.00000000	4.57900
1176.50000000	4.57573
1177.00000000	4.57416
1177.50000000	4.57197
1178.00000000	4.56916
1178.50000000	4.56747
1179.00000000	4.56492
1179.50000000	4.56352
1180.00000000	4.56220
1180.50000000	4.56073
1181.00000000	4.55846
1181.50000000	4.55620
1182.00000000	4.55450
1182.50000000	4.55397
1183.00000000	4.55435
1183.50000000	4.55608
1184.00000000	4.55885
1184.50000000	4.56121
1185.00000000	4.56374
1185.50000000	4.56531
1186.00000000	4.56681
1186.50000000	4.56960
1187.00000000	4.57199
1187.50000000	4.57455
1188.00000000	4.57772
1188.50000000	4.58241
1189.00000000	4.58658
1189.50000000	4.59089
1190.00000000	4.59476
1190.50000000	4.59775
1191.00000000	4.60136
1191.50000000	4.60397
1192.00000000	4.60708
1192.50000000	4.60849
1193.00000000	4.60875
1193.50000000	4.60834
1194.00000000	4.60649
1194.50000000	4.60555
1195.00000000	4.60447
1195.50000000	4.60227
1196.00000000	4.59884
1196.50000000	4.59702
1197.00000000	4.59457
1197.50000000	4.59133
1198.00000000	4.58712
1198.50000000	4.58213
1199.00000000	4.57969
1199.50000000	4.57780
1200.00000000	4.57733
1200.50000000	4.57638
1201.00000000	4.57436
1201.50000000	4.57333
1202.00000000	4.57250
1202.50000000	4.57286
1203.00000000	4.57513
1203.50000000	4.57825
1204.00000000	4.58063
1204.50000000	4.58263
1205.00000000	4.58477
1205.50000000	4.58577
1206.00000000	4.58805
1206.50000000	4.58920
1207.00000000	4.58937
1207.50000000	4.58932
1208.00000000	4.59005
1208.50000000	4.59257
1209.00000000	4.59726
1209.50000000	4.60105
1210.00000000	4.60511
1210.50000000	4.60904
1211.00000000	4.61379
1211.50000000	4.61850
1212.00000000	4.62418
1212.50000000	4.62860
1213.00000000	4.63285
1213.50000000	4.63760
1214.00000000	4.64238
1214.50000000	4.64681
1215.00000000	4.64965
1215.50000000	4.65117
1216.00000000	4.65241
1216.50000000	4.65456
1217.00000000	4.65825
1217.50000000	4.66253
1218.00000000	4.66711
1218.50000000	4.67164
1219.00000000	4.67677
1219.50000000	4.67970
1220.00000000	4.68248
1220.50000000	4.68354
1221.00000000	4.68361
1221.50000000	4.68334
1222.00000000	4.68294
1222.50000000	4.68281
1223.00000000	4.68178
1223.50000000	4.68188
1224.00000000	4.68266
1224.50000000	4.68352
1225.00000000	4.68474
1225.50000000	4.68555
1226.00000000	4.68629
1226.50000000	4.68835
1227.00000000	4.68936
1227.50000000	4.69039
1228.00000000	4.69210
1228.50000000	4.69284
1229.00000000	4.69458
1229.50000000	4.69770
1230.00000000	4.70063
1230.50000000	4.70333
1231.00000000	4.70491
1231.50000000	4.70671
1232.00000000	4.70932
1232.50000000	4.71330
1233.00000000	4.71597
1233.50000000	4.71821
1234.00000000	4.72036
1234.50000000	4.72084
1235.00000000	4.72338
1235.50000000	4.72559
1236.00000000	4.72713
1236.50000000	4.72840
1237.00000000	4.72861
1237.50000000	4.72762
1238.00000000	4.72779
1238.50000000	4.72833
1239.00000000	4.72995
1239.50000000	4.73228
1240.00000000	4.73548
1240.50000000	4.73880
1241.00000000	4.74232
1241.50000000	4.74531
1242.00000000	4.74642
1242.50000000	4.74743
1243.00000000	4.74688
1243.50000000	4.74601
1244.00000000	4.74711
1244.50000000	4.74982
1245.00000000	4.75185
1245.50000000	4.75511
1246.00000000	4.75739
1246.50000000	4.76041
1247.00000000	4.76354
1247.50000000	4.76648
1248.00000000	4.77105
1248.50000000	4.77649
1249.00000000	4.78205
1249.50000000	4.78841
1250.00000000	4.79222
1250.50000000	4.79598
1251.00000000	4.80046
1251.50000000	4.80595
1252.00000000	4.81025
1252.50000000	4.81447
1253.00000000	4.81817
1253.50000000	4.82102
1254.00000000	4.82433
1254.50000000	4.82897
1255.00000000	4.83247
1255.50000000	4.83507
1256.00000000	4.83914
1256.50000000	4.84471
1257.00000000	4.84959
1257.50000000	4.85463
1258.00000000	4.85913
1258.50000000	4.86355
1259.00000000	4.86695
1259.50000000	4.87097
1260.00000000	4.87567
1260.50000000	4.88064
1261.00000000	4.88536
1261.50000000	4.89043
1262.00000000	4.89369
1262.50000000	4.89553
1263.00000000	4.89680
1263.50000000	4.89837
1264.00000000	4.90071
1264.50000000	4.90348
1265.00000000	4.90642
1265.50000000	4.90930
1266.00000000	4.91227
1266.50000000	4.91520
1267.00000000	4.91763
1267.50000000	4.92134
1268.00000000	4.92641
1268.50000000	4.93040
1269.00000000	4.93378
1269.50000000	4.93739
1270.00000000	4.93985
1270.50000000	4.94357
1271.00000000	4.94615
1271.50000000	4.94982
1272.00000000	4.95371
1272.50000000	4.95718
1273.00000000	4.95953
1273.50000000	4.96300
1274.00000000	4.96622
1274.50000000	4.96880
1275.00000000	4.97218
1275.50000000	4.97634
1276.00000000	4.98026
1276.50000000	4.98341
1277.00000000	4.98473
1277.50000000	4.98668
1278.00000000	4.98905
1278.50000000	4.99188
1279.00000000	4.99403
1279.50000000	4.99647
1280.00000000	4.99918
1280.50000000	5.00288
1281.00000000	5.00722
1281.50000000	5.01144
1282.00000000	5.01495
1282.50000000	5.01839
1283.00000000	5.02201
1283.50000000	5.02569
1284.00000000	5.03176
1284.50000000	5.03750
1285.00000000	5.04173
1285.50000000	5.04461
1286.00000000	5.04749
1286.50000000	5.04907
1287.00000000	5.05135
1287.50000000	5.05446
1288.00000000	5.05756
1288.50000000	5.06118
1289.00000000	5.06601
1289.50000000	5.07151
1290.00000000	5.07632
1290.50000000	5.07938
1291.00000000	5.08198
1291.50000000	5.08390
1292.00000000	5.08548
1292.50000000	5.08783
1293.00000000	5.09032
1293.50000000	5.09264
1294.00000000	5.09439
1294.50000000	5.09602
1295.00000000	5.09782
1295.50000000	5.09875
1296.00000000	5.09854
1296.50000000	5.09977
1297.00000000	5.10051
1297.50000000	5.10113
1298.00000000	5.10243
1298.50000000	5.10417
1299.00000000	5.10586
1299.50000000	5.10611
1300.00000000	5.10680
1300.50000000	5.10721
1301.00000000	5.10683
1301.50000000	5.10562
1302.00000000	5.10503
1302.50000000	5.10593
1303.00000000	5.10729
1303.50000000	5.10942
1304.00000000	5.10984
1304.50000000	5.11132
1305.00000000	5.11137
1305.50000000	5.11125
1306.00000000	5.11313
1306.50000000	5.11482
1307.00000000	5.11722
1307.50000000	5.11977
1308.00000000	5.12152
1308.50000000	5.12296
1309.00000000	5.12367
1309.50000000	5.12448
1310.00000000	5.12485
1310.50000000	5.12566
1311.00000000	5.12420
1311.50000000	5.12453
1312.00000000	5.12552
1312.50000000	5.12720
1313.00000000	5.12928
1313.50000000	5.13213
1314.00000000	5.13432
1314.50000000	5.13556
1315.00000000	5.13638
1315.50000000	5.13856
1316.00000000	5.14065
1316.50000000	5.14394
1317.00000000	5.14598
1317.50000000	5.14676
1318.00000000	5.14687
1318.50000000	5.14838
1319.00000000	5.14990
1319.50000000	5.15109
1320.00000000	5.15179
1320.50000000	5.15139
1321.00000000	5.15098
1321.50000000	5.15062
1322.00000000	5.14910
1322.50000000	5.14687
1323.00000000	5.14299
1323.50000000	5.13905
1324.00000000	5.13544
1324.50000000	5.13119
1325.00000000	5.12652
1325.50000000	5.12155
1326.00000000	5.11753
1326.50000000	5.11372
1327.00000000	5.11001
1327.50000000	5.10768
1328.00000000	5.10443
1328.50000000	5.10111
1329.00000000	5.09813
1329.50000000	5.09559
1330.00000000	5.09297
1330.50000000	5.08973
1331.00000000	5.08678
1331.50000000	5.08458
1332.00000000	5.08236
1332.50000000	5.08062
1333.00000000	5.07955
1333.50000000	5.07764
1334.00000000	5.07663
1334.50000000	5.07599
1335.00000000	5.07652
1335.50000000	5.07718
1336.00000000	5.07789
1336.50000000	5.07938
1337.00000000	5.08150
1337.50000000	5.08466
1338.00000000	5.08875
1338.50000000	5.09314
1339.00000000	5.09598
1339.50000000	5.09755
1340.00000000	5.09968
1340.50000000	5.10060
1341.00000000	5.10052
1341.50000000	5.10105
1342.00000000	5.10065
1342.50000000	5.10122
1343.00000000	5.10322
1343.50000000	5.10490
1344.00000000	5.10515
1344.50000000	5.10534
1345.00000000	5.10600
1345.50000000	5.10763
1346.00000000	5.11054
1346.50000000	5.11183
1347.00000000	5.11198
1347.50000000	5.11211
1348.00000000	5.11128
1348.50000000	5.10960
1349.00000000	5.10725
1349.50000000	5.10727
1350.00000000	5.10679
1350.50000000	5.10612
1351.00000000	5.10535
1351.50000000	5.10404
1352.00000000	5.10226
1352.50000000	5.10109
1353.00000000	5.10032
1353.50000000	5.09883
1354.00000000	5.09806
1354.50000000	5.09867
1355.00000000	5.09889
1355.50000000	5.09846
1356.00000000	5.09675
1356.50000000	5.09498
1357.00000000	5.09209
1357.50000000	5.08997
1358.00000000	5.08797
1358.50000000	5.08487
1359.00000000	5.08136
1359.50000000	5.07814
1360.00000000	5.07579
1360.50000000	5.07509
1361.00000000	5.07417
1361.50000000	5.07386
1362.00000000	5.07211
1362.50000000	5.07238
1363.00000000	5.07386
1363.50000000	5.07595
1364.00000000	5.07756
1364.50000000	5.08080
1365.00000000	5.08416
1365.50000000	5.08734
1366.00000000	5.08949
1366.50000000	5.09167
1367.00000000	5.09321
1367.50000000	5.09472
1368.00000000	5.09643
1368.50000000	5.09942
1369.00000000	5.10155
1369.50000000	5.10428
1370.00000000	5.10864
1370.50000000	5.11271
1371.00000000	5.11720
1371.50000000	5.12223
1372.00000000	5.12552
1372.50000000	5.12765
1373.00000000	5.12874
1373.50000000	5.13010
1374.00000000	5.13157
1374.50000000	5.13283
1375.00000000	5.13264
1375.50000000	5.13310
1376.00000000	5.13270
1376.50000000	5.13166
1377.00000000	5.13004
1377.50000000	5.12771
1378.00000000	5.12856
1378.50000000	5.12792
1379.00000000	5.12683
1379.50000000	5.12514
1380.00000000	5.12307
1380.50000000	5.12064
1381.00000000	5.11817
1381.50000000	5.11434
1382.00000000	5.11122
1382.50000000	5.10824
1383.00000000	5.10518
1383.50000000	5.10107
1384.00000000	5.09648
1384.50000000	5.09269
1385.00000000	5.08857
1385.50000000	5.08417
1386.00000000	5.07967
1386.50000000	5.07620
1387.00000000	5.07352
1387.50000000	5.07151
1388.00000000	5.07116
1388.50000000	5.07103
1389.00000000	5.07065
1389.50000000	5.06798
1390.00000000	5.06500
1390.50000000	5.06229
1391.00000000	5.06017
1391.50000000	5.06090
1392.00000000	5.06244
1392.50000000	5.06327
1393.00000000	5.06395
1393.50000000	5.06463
1394.00000000	5.06567
1394.50000000	5.06643
1395.00000000	5.06569
1395.50000000	5.06682
1396.00000000	5.06845
1396.50000000	5.06881
1397.00000000	5.06875
1397.50000000	5.06847
1398.00000000	5.06783
1398.50000000	5.06691
1399.00000000	5.06671
1399.50000000	5.06723
1400.00000000	5.06750
1400.50000000	5.06770
1401.00000000	5.06711
1401.50000000	5.06724
1402.00000000	5.06784
1402.50000000	5.06954
1403.00000000	5.07089
1403.50000000	5.07403
1404.00000000	5.07606
1404.50000000	5.07651
1405.00000000	5.07799
1405.50000000	5.07777
1406.00000000	5.07751
1406.50000000	5.07726
1407.00000000	5.07609
1407.50000000	5.07448
1408.00000000	5.07445
1408.50000000	5.07441
1409.00000000	5.07403
1409.50000000	5.07327
1410.00000000	5.07145
1410.50000000	5.06900
1411.00000000	5.06492
1411.50000000	5.06012
1412.00000000	5.05503
1412.50000000	5.04974
1413.00000000	5.04482
1413.50000000	5.04159
1414.00000000	5.03855
1414.50000000	5.03662
1415.00000000	5.03455
1415.50000000	5.03245
1416.00000000	5.03000
1416.50000000	5.02886
1417.00000000	5.02619
1417.50000000	5.02462
1418.00000000	5.02323
1418.50000000	5.02126
1419.00000000	5.01891
1419.50000000	5.01703
1420.00000000	5.01436
1420.50000000	5.01253
1421.00000000	5.01114
1421.50000000	5.01200
1422.00000000	5.01193
1422.50000000	5.01226
1423.00000000	5.01197
1423.50000000	5.01223
1424.00000000	5.01235
1424.50000000	5.01385
1425.00000000	5.01407
1425.50000000	5.01421
1426.00000000	5.01370
1426.50000000	5.01274
1427.00000000	5.01134
1427.50000000	5.00946
1428.00000000	5.00774
1428.50000000	5.00559
1429.00000000	5.00145
1429.50000000	4.99483
1430.00000000	4.98929
1430.50000000	4.98370
1431.00000000	4.97880
1431.50000000	4.97401
1432.00000000	4.96876
1432.50000000	4.96442
1433.00000000	4.96031
1433.50000000	4.95576
1434.00000000	4.95230
1434.50000000	4.94775
1435.00000000	4.94456
1435.50000000	4.94097
1436.00000000	4.93607
1436.50000000	4.93105
1437.00000000	4.92696
1437.50000000	4.92340
1438.00000000	4.91930
1438.50000000	4.91630
1439.00000000	4.91400
1439.50000000	4.91307
1440.00000000	4.91140
1440.50000000	4.90977
1441.00000000	4.90763
1441.50000000	4.90546
1442.00000000	4.90444
1442.50000000	4.90256
1443.00000000	4.90011
1443.50000000	4.89792
1444.00000000	4.89661
1444.50000000	4.89545
1445.00000000	4.89534
1445.50000000	4.89405
1446.00000000	4.89337
1446.50000000	4.89332
1447.00000000	4.89293
1447.50000000	4.89395
1448.00000000	4.89501
1448.50000000	4.89674
1449.00000000	4.89694
1449.50000000	4.89728
1450.00000000	4.89771
1450.50000000	4.89823
1451.00000000	4.89757
1451.50000000	4.89694
1452.00000000	4.89552
1452.50000000	4.89271
1453.00000000	4.89038
1453.50000000	4.89047
1454.00000000	4.89130
1454.50000000	4.89154
1455.00000000	4.89228
1455.50000000	4.89248
1456.00000000	4.89220
1456.50000000	4.89298
1457.00000000	4.89484
1457.50000000	4.89594
1458.00000000	4.89752
1458.50000000	4.89924
1459.00000000	4.90070
1459.50000000	4.90158
1460.00000000	4.90220
1460.50000000	4.90228
1461.00000000	4.90137
1461.50000000	4.90001
1462.00000000	4.89900
1462.50000000	4.89806
1463.00000000	4.89587
1463.50000000	4.89522
1464.00000000	4.89406
1464.50000000	4.89309
1465.00000000	4.89359
1465.50000000	4.89425
1466.00000000	4.89429
1466.50000000	4.89406
1467.00000000	4.89527
1467.50000000	4.89601
1468.00000000	4.89631
1468.50000000	4.89673
1469.00000000	4.89690
1469.50000000	4.89653
1470.00000000	4.89569
1470.50000000	4.89415
1471.00000000	4.89179
1471.50000000	4.88993
1472.00000000	4.88827
1472.50000000	4.88620
1473.00000000	4.88366
1473.50000000	4.88153
1474.00000000	4.87706
1474.50000000	4.87304
1475.00000000	4.86886
1475.50000000	4.86401
1476.00000000	4.85804
1476.50000000	4.85350
1477.00000000	4.84921
1477.50000000	4.84548
1478.00000000	4.84235
1478.50000000	4.83703
1479.00000000	4.83238
1479.50000000	4.82974
1480.00000000	4.82589
1480.50000000	4.82261
1481.00000000	4.81889
1481.50000000	4.81692
1482.00000000	4.81492
1482.50000000	4.81203
1483.00000000	4.81003
1483.50000000	4.80873
1484.00000000	4.80774
1484.50000000	4.80651
1485.00000000	4.80539
1485.50000000	4.80484
1486.00000000	4.80281
1486.50000000	4.79819
1487.00000000	4.79357
1487.50000000	4.79016
1488.00000000	4.78726
1488.50000000	4.78489
1489.00000000	4.78247
1489.50000000	4.78011
1490.00000000	4.77674
1490.50000000	4.77329
1491.00000000	4.76975
1491.50000000	4.76576
1492.00000000	4.76275
1492.50000000	4.76108
1493.00000000	4.75954
1493.50000000	4.75758
1494.00000000	4.75499
1494.50000000	4.75361
1495.00000000	4.75232
1495.50000000	4.75135
1496.00000000	4.74865
1496.50000000	4.74405
1497.00000000	4.74119
1497.50000000	4.73818
1498.00000000	4.73707
1498.50000000	4.73565
1499.00000000	4.73226
1499.50000000	4.72978
1500.00000000	4.72663
1500.50000000	4.72475
1501.00000000	4.72289
1501.50000000	4.72070
1502.00000000	4.71786
1502.50000000	4.71442
1503.00000000	4.71176
1503.50000000	4.70948
1504.00000000	4.70774
1504.50000000	4.70571
1505.00000000	4.70479
1505.50000000	4.70371
1506.00000000	4.70281
1506.50000000	4.70088
1507.00000000	4.69963
1507.50000000	4.69892
1508.00000000	4.69863
1508.50000000	4.69847
1509.00000000	4.69925
1509.50000000	4.69900
1510.00000000	4.69799
1510.50000000	4.69833
1511.00000000	4.69833
1511.50000000	4.69945
1512.00000000	4.70028
1512.50000000	4.70028
1513.00000000	4.69877
1513.50000000	4.69771
1514.00000000	4.69613
1514.50000000	4.69428
1515.00000000	4.69125
1515.50000000	4.68730
1516.00000000	4.68454
1516.50000000	4.68007
1517.00000000	4.67643
1517.50000000	4.67231
1518.00000000	4.66852
1518.50000000	4.66486
1519.00000000	4.66142
1519.50000000	4.66021
1520.00000000	4.65930
1520.50000000	4.65831
1521.00000000	4.65768
1521.50000000	4.65685
1522.00000000	4.65593
1522.50000000	4.65645
1523.00000000	4.65549
1523.50000000	4.65591
1524.00000000	4.65547
1524.50000000	4.65501
1525.00000000	4.65649
1525.50000000	4.65737
1526.00000000	4.65765
1526.50000000	4.65844
1527.00000000	4.66213
1527.50000000	4.66493
1528.00000000	4.66671
1528.50000000	4.66753
1529.00000000	4.66857
1529.50000000	4.67077
1530.00000000	4.67252
1530.50000000	4.67241
1531.00000000	4.67353
1531.50000000	4.67398
1532.00000000	4.67219
1532.50000000	4.67067
1533.00000000	4.66909
1533.50000000	4.66750
1534.00000000	4.66450
1534.50000000	4.66047
1535.00000000	4.65677
1535.50000000	4.65327
1536.00000000	4.65077
1536.50000000	4.65002
1537.00000000	4.64872
1537.50000000	4.64844
1538.00000000	4.64725
1538.50000000	4.64470
1539.00000000	4.64179
1539.50000000	4.63868
1540.00000000	4.63629
1540.50000000	4.63381
1541.00000000	4.63062
1541.50000000	4.62783
1542.00000000	4.62385
1542.50000000	4.62085
1543.00000000	4.61809
1543.50000000	4.61518
1544.00000000	4.61183
1544.50000000	4.60869
1545.00000000	4.60638
1545.50000000	4.60302
1546.00000000	4.59868
1546.50000000	4.59606
1547.00000000	4.59230
1547.50000000	4.59026
1548.00000000	4.58715
1548.50000000	4.58397
1549.00000000	4.58087
1549.50000000	4.57846
1550.00000000	4.57665
1550.50000000	4.57488
1551.00000000	4.57324
1551.50000000	4.57046
1552.00000000	4.56776
1552.50000000	4.56584
1553.00000000	4.56366
1553.50000000	4.56205
1554.00000000	4.56093
1554.50000000	4.55963
1555.00000000	4.55840
1555.50000000	4.55747
1556.00000000	4.55733
1556.50000000	4.55797
1557.00000000	4.55964
1557.50000000	4.56091
1558.00000000	4.56206
1558.50000000	4.56408
1559.00000000	4.56537
1559.50000000	4.56662
1560.00000000	4.56706
1560.50000000	4.56855
1561.00000000	4.57024
1561.50000000	4.57015
1562.00000000	4.57024
1562.50000000	4.57119
1563.00000000	4.57238
1563.50000000	4.57355
1564.00000000	4.57539
1564.50000000	4.57630
1565.00000000	4.57783
1565.50000000	4.58006
1566.00000000	4.58365
1566.50000000	4.58569
1567.00000000	4.58764
1567.50000000	4.59029
1568.00000000	4.59319
1568.50000000	4.59553
1569.00000000	4.59702
1569.50000000	4.59936
1570.00000000	4.60140
1570.50000000	4.60323
1571.00000000	4.60561
1571.50000000	4.60778
1572.00000000	4.60921
1572.50000000	4.61008
1573.00000000	4.61215
1573.50000000	4.61485
1574.00000000	4.61799
1574.50000000	4.61992
1575.00000000	4.62122
1575.50000000	4.62450
1576.00000000	4.62821
1576.50000000	4.62984
1577.00000000	4.63064
1577.50000000	4.63011
1578.00000000	4.62955
1578.50000000	4.63017
1579.00000000	4.63238
1579.50000000	4.63405
1580.00000000	4.63629
1580.50000000	4.63874
1581.00000000	4.64121
1581.50000000	4.64357
1582.00000000	4.64489
1582.50000000	4.64630
1583.00000000	4.64752
1583.50000000	4.64913
1584.00000000	4.64932
1584.50000000	4.64753
1585.00000000	4.64618
1585.50000000	4.64422
1586.00000000	4.64375
1586.50000000	4.64315
1587.00000000	4.64206
1587.50000000	4.64173
1588.00000000	4.64069
1588.50000000	4.64006
1589.00000000	4.63925
1589.50000000	4.63898
1590.00000000	4.64108
1590.50000000	4.64150
1591.00000000	4.64236
1591.50000000	4.64293
1592.00000000	4.64348
1592.50000000	4.64277
1593.00000000	4.64207
1593.50000000	4.64230
1594.00000000	4.64307
1594.50000000	4.64357
1595.00000000	4.64270
1595.50000000	4.64117
1596.00000000	4.63942
1596.50000000	4.63845
1597.00000000	4.63661
1597.50000000	4.63517
1598.00000000	4.63442
1598.50000000	4.63441
1599.00000000	4.63494
1599.50000000	4.63528
1600.00000000	4.63650
1600.50000000	4.63757
1601.00000000	4.63842
1601.50000000	4.63759
1602.00000000	4.63652
1602.50000000	4.63497
1603.00000000	4.63422
1603.50000000	4.63410
1604.00000000	4.63342
1604.50000000	4.63264
1605.00000000	4.63131
1605.50000000	4.63148
1606.00000000	4.63216
1606.50000000	4.63352
1607.00000000	4.63518
1607.50000000	4.63684
1608.00000000	4.63900
1608.50000000	4.64070
1609.00000000	4.64356
1609.50000000	4.64695
1610.00000000	4.65090
1610.50000000	4.65344
1611.00000000	4.65655
1611.50000000	4.65988
1612.00000000	4.66343
1612.50000000	4.66560
1613.00000000	4.66674
1613.50000000	4.66751
1614.00000000	4.66848
1614.50000000	4.67016
1615.00000000	4.67411
1615.50000000	4.67897
1616.00000000	4.68198
1616.50000000	4.68570
1617.00000000	4.68857
1617.50000000	4.69128
1618.00000000	4.69412
1618.50000000	4.69751
1619.00000000	4.69977
1619.50000000	4.70154
1620.00000000	4.70333
1620.50000000	4.70489
1621.00000000	4.70739
1621.50000000	4.71037
1622.00000000	4.71355
1622.50000000	4.71704
1623.00000000	4.71806
1623.50000000	4.71739
1624.00000000	4.71698
1624.50000000	4.71577
1625.00000000	4.71558
1625.50000000	4.71436
1626.00000000	4.71253
1626.50000000	4.71019
1627.00000000	4.70810
1627.50000000	4.70799
1628.00000000	4.70796
1628.50000000	4.70744
1629.00000000	4.70833
1629.50000000	4.70968
1630.00000000	4.71151
1630.50000000	4.71366
1631.00000000	4.71588
1631.50000000	4.71697
1632.00000000	4.71842
1632.50000000	4.71935
1633.00000000	4.72081
1633.50000000	4.72307
1634.00000000	4.72332
1634.50000000	4.72403
1635.00000000	4.72375
1635.50000000	4.72305
1636.00000000	4.72322
1636.50000000	4.72422
1637.00000000	4.72538
1637.50000000	4.72734
1638.00000000	4.72896
1638.50000000	4.73175
1639.00000000	4.73570
1639.50000000	4.73772
1640.00000000	4.73968
1640.50000000	4.74302
1641.00000000	4.74637
1641.50000000	4.74971
1642.00000000	4.75217
1642.50000000	4.75325
1643.00000000	4.75277
1643.50000000	4.75210
1644.00000000	4.75029
1644.50000000	4.74843
1645.00000000	4.74772
1645.50000000	4.74834
1646.00000000	4.74732
1646.50000000	4.74740
1647.00000000	4.74865
1647.50000000	4.74925
1648.00000000	4.75039
1648.50000000	4.75005
1649.00000000	4.74939
1649.50000000	4.75000
1650.00000000	4.75007
1650.50000000	4.74895
1651.00000000	4.74617
1651.50000000	4.74348
1652.00000000	4.73949
1652.50000000	4.73441
1653.00000000	4.73051
1653.50000000	4.72806
1654.00000000	4.72613
1654.50000000	4.72465
1655.00000000	4.72275
1655.50000000	4.72081
1656.00000000	4.71937
1656.50000000	4.71626
1657.00000000	4.71319
1657.50000000	4.71131
1658.00000000	4.71007
1658.50000000	4.70966
1659.00000000	4.71161
1659.50000000	4.71443
1660.00000000	4.71732
1660.50000000	4.71931
1661.00000000	4.72029
1661.50000000	4.72033
1662.00000000	4.72058
1662.50000000	4.72028
1663.00000000	4.72152
1663.50000000	4.72307
1664.00000000	4.72522
1664.50000000	4.72764
1665.00000000	4.72923
1665.50000000	4.73067
1666.00000000	4.73287
1666.50000000	4.73437
1667.00000000	4.73599
1667.50000000	4.73773
1668.00000000	4.73970
1668.50000000	4.74258
1669.00000000	4.74565
1669.50000000	4.74928
1670.00000000	4.75207
1670.50000000	4.75517
1671.00000000	4.75782
1671.50000000	4.76130
1672.00000000	4.76341
1672.50000000	4.76731
1673.00000000	4.77015
1673.50000000	4.77226
1674.00000000	4.77427
1674.50000000	4.77505
1675.00000000	4.77514
1675.50000000	4.77548
1676.00000000	4.77597
1676.50000000	4.77850
1677.00000000	4.78119
1677.50000000	4.78564
1678.00000000	4.78930
1678.50000000	4.79363
1679.00000000	4.79737
1679.50000000	4.80033
1680.00000000	4.80234
1680.50000000	4.80483
1681.00000000	4.80810
1681.50000000	4.81176
1682.00000000	4.81657
1682.50000000	4.82141
1683.00000000	4.82600
1683.50000000	4.82832
1684.00000000	4.83010
1684.50000000	4.83258
1685.00000000	4.83483
1685.50000000	4.83695
1686.00000000	4.83895
1686.50000000	4.84050
1687.00000000	4.84208
1687.50000000	4.84460
1688.00000000	4.84725
1688.50000000	4.84965
1689.00000000	4.85139
1689.50000000	4.85242
1690.00000000	4.85187
1690.50000000	4.85015
1691.00000000	4.84878
1691.50000000	4.84863
1692.00000000	4.84876
1692.50000000	4.84922
1693.00000000	4.84832
1693.50000000	4.84735
1694.00000000	4.84717
1694.50000000	4.84634
1695.00000000	4.84578
1695.50000000	4.84544
1696.00000000	4.84585
1696.50000000	4.84692
1697.00000000	4.84798
1697.50000000	4.84849
1698.00000000	4.84839
1698.50000000	4.84848
1699.00000000	4.84948
1699.50000000	4.85104
1700.00000000	4.85208
1700.50000000	4.85138
1701.00000000	4.85144
1701.50000000	4.84981
1702.00000000	4.84792
1702.50000000	4.84681
1703.00000000	4.84607
1703.50000000	4.84641
1704.00000000	4.84516
1704.50000000	4.84450
1705.00000000	4.84380
1705.50000000	4.84238
1706.00000000	4.84042
1706.50000000	4.83930
1707.00000000	4.83724
1707.50000000	4.83418
1708.00000000	4.83148
1708.50000000	4.82924
1709.00000000	4.82618
1709.50000000	4.82055
1710.00000000	4.81542
1710.50000000	4.81216
1711.00000000	4.80896
1711.50000000	4.80645
1712.00000000	4.80252
1712.50000000	4.79930
1713.00000000	4.79689
1713.50000000	4.79514
1714.00000000	4.79179
1714.50000000	4.78947
1715.00000000	4.78763
1715.50000000	4.78488
1716.00000000	4.78261
1716.50000000	4.78193
1717.00000000	4.78112
1717.50000000	4.78143
1718.00000000	4.78181
1718.50000000	4.78132
1719.00000000	4.78192
1719.50000000	4.78095
1720.00000000	4.78189
1720.50000000	4.78211
1721.00000000	4.78274
1721.50000000	4.78356
1722.00000000	4.78446
1722.50000000	4.78590
1723.00000000	4.78585
1723.50000000	4.78744
1724.00000000	4.78911
1724.50000000	4.78872
1725.00000000	4.78753
1725.50000000	4.78745
1726.00000000	4.78870
1726.50000000	4.79130
1727.00000000	4.79265
1727.50000000	4.79240
1728.00000000	4.79380
1728.50000000	4.79438
1729.00000000	4.79580
1729.50000000	4.79744
1730.00000000	4.79970
1730.50000000	4.80219
1731.00000000	4.80404
1731.50000000	4.80583
1732.00000000	4.80667
1732.50000000	4.80703
1733.00000000	4.80680
1733.50000000	4.80636
1734.00000000	4.80645
1734.50000000	4.80570
1735.00000000	4.80532
1735.50000000	4.80424
1736.00000000	4.80219
1736.50000000	4.80051
1737.00000000	4.79968
1737.50000000	4.79837
1738.00000000	4.79766
1738.50000000	4.79711
1739.00000000	4.79607
1739.50000000	4.79547
1740.00000000	4.79385
1740.50000000	4.79395
1741.00000000	4.79410
1741.50000000	4.79475
1742.00000000	4.79506
1742.50000000	4.79539
1743.00000000	4.79415
1743.50000000	4.79420
1744.00000000	4.79410
1744.50000000	4.79358
1745.00000000	4.79350
1745.50000000	4.79389
1746.00000000	4.79321
1746.50000000	4.79273
1747.00000000	4.79302
1747.50000000	4.79199
1748.00000000	4.79114
1748.50000000	4.78964
1749.00000000	4.78795
1749.50000000	4.78559
1750.00000000	4.78381
1750.50000000	4.78234
1751.00000000	4.78247
1751.50000000	4.78342
1752.00000000	4.78172
1752.50000000	4.78017
1753.00000000	4.77851
1753.50000000	4.77888
1754.00000000	4.78005
1754.50000000	4.78073
1755.00000000	4.78163
1755.50000000	4.78130
1756.00000000	4.78043
1756.50000000	4.77975
1757.00000000	4.77746
1757.50000000	4.77583
1758.00000000	4.77256
1758.50000000	4.76843
1759.00000000	4.76482
1759.50000000	4.76141
1760.00000000	4.75900
1760.50000000	4.75538
1761.00000000	4.75069
1761.50000000	4.74545
1762.00000000	4.74086
1762.50000000	4.73585
1763.00000000	4.72937
1763.50000000	4.72413
1764.00000000	4.71868
1764.50000000	4.71306
1765.00000000	4.70758
1765.50000000	4.70522
1766.00000000	4.70277
1766.50000000	4.70010
1767.00000000	4.69731
1767.50000000	4.69562
1768.00000000	4.69258
1768.50000000	4.68850
1769.00000000	4.68502
1769.50000000	4.68141
1770.00000000	4.67775
1770.50000000	4.67433
1771.00000000	4.67235
1771.50000000	4.66979
1772.00000000	4.66797
1772.50000000	4.66656
1773.00000000	4.66614
1773.50000000	4.66582
1774.00000000	4.66574
1774.50000000	4.66783
1775.00000000	4.66951
1775.50000000	4.66983
1776.00000000	4.66799
1776.50000000	4.66672
1777.00000000	4.66593
1777.50000000	4.66509
1778.00000000	4.66368
1778.50000000	4.66200
1779.00000000	4.66138
1779.50000000	4.66136
1780.00000000	4.66155
1780.50000000	4.66278
1781.00000000	4.66428
1781.50000000	4.66585
1782.00000000	4.66790
1782.50000000	4.66973
1783.00000000	4.67038
1783.50000000	4.67143
1784.00000000	4.67001
1784.50000000	4.66906
1785.00000000	4.66778
1785.50000000	4.66602
1786.00000000	4.66588
1786.50000000	4.66605
1787.00000000	4.66639
1787.50000000	4.66668
1788.00000000	4.66922
1788.50000000	4.67134
1789.00000000	4.67199
1789.50000000	4.67224
1790.00000000	4.67313
1790.50000000	4.67356
1791.00000000	4.67456
1791.50000000	4.67604
1792.00000000	4.67526
1792.50000000	4.67387
1793.00000000	4.67192
1793.50000000	4.66948
1794.00000000	4.66699
1794.50000000	4.66445
1795.00000000	4.66235
1795.50000000	4.66204
1796.00000000	4.66190
1796.50000000	4.66037
1797.00000000	4.66054
1797.50000000	4.66063
1798.00000000	4.65986
1798.50000000	4.65929
1799.00000000	4.65797
1799.50000000	4.65579
1800.00000000	4.65434
1800.50000000	4.65369
1801.00000000	4.65373
1801.50000000	4.65128
1802.00000000	4.65026
1802.50000000	4.64978
1803.00000000	4.65010
1803.50000000	4.64896
1804.00000000	4.64918
1804.50000000	4.64901
1805.00000000	4.64735
1805.50000000	4.64566
1806.00000000	4.64317
1806.50000000	4.64149
1807.00000000	4.63908
1807.50000000	4.63649
1808.00000000	4.63220
1808.50000000	4.62820
1809.00000000	4.62262
1809.50000000	4.61771
1810.00000000	4.61309
1810.50000000	4.60817
1811.00000000	4.60339
1811.50000000	4.59872
1812.00000000	4.59635
1812.50000000	4.59501
1813.00000000	4.59410
1813.50000000	4.59121
1814.00000000	4.58858
1814.50000000	4.58621
1815.00000000	4.58339
1815.50000000	4.58113
1816.00000000	4.57867
1816.50000000	4.57730
1817.00000000	4.57624
1817.50000000	4.57452
1818.00000000	4.57252
1818.50000000	4.56981
1819.00000000	4.56808
1819.50000000	4.56745
1820.00000000	4.56681
1820.50000000	4.56696
1821.00000000	4.56705
1821.50000000	4.56779
1822.00000000	4.56734
1822.50000000	4.56603
1823.00000000	4.56505
1823.50000000	4.56450
1824.00000000	4.56462
1824.50000000	4.56461
1825.00000000	4.56669
1825.50000000	4.56948
1826.00000000	4.57249
1826.50000000	4.57473
1827.00000000	4.57724
1827.50000000	4.57767
1828.00000000	4.57688
1828.50000000	4.57642
1829.00000000	4.57485
1829.50000000	4.57498
1830.00000000	4.57506
1830.50000000	4.57505
1831.00000000	4.57440
1831.50000000	4.57421
1832.00000000	4.57455
1832.50000000	4.57291
1833.00000000	4.57049
1833.50000000	4.56786
1834.00000000	4.56451
1834.50000000	4.56331
1835.00000000	4.56273
1835.50000000	4.56425
1836.00000000	4.56598
1836.50000000	4.56756
1837.00000000	4.56976
1837.50000000	4.57163
1838.00000000	4.57299
1838.50000000	4.57468
1839.00000000	4.57756
1839.50000000	4.57971
1840.00000000	4.58160
1840.50000000	4.58337
1841.00000000	4.58433
1841.50000000	4.58527
1842.00000000	4.58822
1842.50000000	4.59105
1843.00000000	4.59467
1843.50000000	4.59794
1844.00000000	4.60029
1844.50000000	4.60155
1845.00000000	4.60124
1845.50000000	4.60212
1846.00000000	4.60414
1846.50000000	4.60697
1847.00000000	4.60797
1847.50000000	4.60764
1848.00000000	4.60784
1848.50000000	4.60979
1849.00000000	4.61247
1849.50000000	4.61350
1850.00000000	4.61255
1850.50000000	4.61142
1851.00000000	4.61045
1851.50000000	4.60896
1852.00000000	4.60788
1852.50000000	4.60865
1853.00000000	4.60811
1853.50000000	4.60822
1854.00000000	4.60607
1854.50000000	4.60512
1855.00000000	4.60410
1855.50000000	4.60211
1856.00000000	4.59994
1856.50000000	4.59897
1857.00000000	4.59576
1857.50000000	4.59373
1858.00000000	4.59228
1858.50000000	4.58893
1859.00000000	4.58556
1859.50000000	4.58155
1860.00000000	4.57818
1860.50000000	4.57444
1861.00000000	4.57056
1861.50000000	4.56529
1862.00000000	4.56062
1862.50000000	4.55585
1863.00000000	4.55289
1863.50000000	4.55067
1864.00000000	4.54938
1864.50000000	4.54641
1865.00000000	4.54284
1865.50000000	4.54000
1866.00000000	4.53843
1866.50000000	4.53670
1867.00000000	4.53404
1867.50000000	4.53183
1868.00000000	4.53022
1868.50000000	4.52738
1869.00000000	4.52569
1869.50000000	4.52345
1870.00000000	4.52100
1870.50000000	4.51954
1871.00000000	4.51740
1871.50000000	4.51486
1872.00000000	4.51123
1872.50000000	4.50778
1873.00000000	4.50542
1873.50000000	4.50396
1874.00000000	4.50123
1874.50000000	4.49918
1875.00000000	4.49748
1875.50000000	4.49580
1876.00000000	4.49431
1876.50000000	4.49358
1877.00000000	4.49272
1877.50000000	4.49282
1878.00000000	4.49401
1878.50000000	4.49612
1879.00000000	4.49795
1879.50000000	4.50116
1880.00000000	4.50287
1880.50000000	4.50465
1881.00000000	4.50487
1881.50000000	4.50427
1882.00000000	4.50420
1882.50000000	4.50238
1883.00000000	4.50007
1883.50000000	4.49838
1884.00000000	4.49790
1884.50000000	4.49915
1885.00000000	4.49934
1885.50000000	4.49888
1886.00000000	4.49837
1886.50000000	4.49754
1887.00000000	4.49656
1887.50000000	4.49608
1888.00000000	4.49488
1888.50000000	4.49328
1889.00000000	4.49201
1889.50000000	4.49039
1890.00000000	4.48968
1890.50000000	4.48908
1891.00000000	4.48773
1891.50000000	4.48789
1892.00000000	4.48678
1892.50000000	4.48669
1893.00000000	4.48628
1893.50000000	4.48559
1894.00000000	4.48485
1894.50000000	4.48418
1895.00000000	4.48302
1895.50000000	4.48227
1896.00000000	4.48081
1896.50000000	4.48057
1897.00000000	4.48118
1897.50000000	4.48148
1898.00000000	4.47952
1898.50000000	4.47526
1899.00000000	4.46937
1899.50000000	4.46326
1900.00000000	4.45701
1900.50000000	4.45159
1901.00000000	4.44693
1901.50000000	4.44167
1902.00000000	4.43811
1902.50000000	4.43383
1903.00000000	4.43095
1903.50000000	4.42729
1904.00000000	4.42453
1904.50000000	4.42295
1905.00000000	4.42088
1905.50000000	4.41960
1906.00000000	4.41887
1906.50000000	4.41662
1907.00000000	4.41539
1907.50000000	4.41416
1908.00000000	4.41228
1908.50000000	4.41048
1909.00000000	4.40869
1909.50000000	4.40783
1910.00000000	4.40594
1910.50000000	4.40374
1911.00000000	4.40122
1911.50000000	4.39945
1912.00000000	4.39790
1912.50000000	4.39722
1913.00000000	4.39693
1913.50000000	4.39709
1914.00000000	4.39857
1914.50000000	4.39954
1915.00000000	4.40019
1915.50000000	4.40208
1916.00000000	4.40541
1916.50000000	4.40907
1917.00000000	4.41382
1917.50000000	4.41853
1918.00000000	4.42282
1918.50000000	4.42683
1919.00000000	4.43116
1919.50000000	4.43502
1920.00000000	4.43801
1920.50000000	4.44039
1921.00000000	4.44237
1921.50000000	4.44388
1922.00000000	4.44538
1922.50000000	4.44490
1923.00000000	4.44500
1923.50000000	4.44466
1924.00000000	4.44515
1924.50000000	4.44552
1925.00000000	4.44616
1925.50000000	4.44573
1926.00000000	4.44506
1926.50000000	4.44189
1927.00000000	4.43917
1927.50000000	4.43643
1928.00000000	4.43528
1928.50000000	4.43572
1929.00000000	4.43485
1929.50000000	4.43430
1930.00000000	4.43369
1930.50000000	4.43320
1931.00000000	4.43185
1931.50000000	4.42957
1932.00000000	4.42790
1932.50000000	4.42742
1933.00000000	4.42707
1933.50000000	4.42590
1934.00000000	4.42454
1934.50000000	4.42294
1935.00000000	4.42224
1935.50000000	4.42269
1936.00000000	4.42352
1936.50000000	4.42522
1937.00000000	4.42677
1937.50000000	4.42743
1938.00000000	4.42729
1938.50000000	4.42827
1939.00000000	4.42826
1939.50000000	4.42881
1940.00000000	4.42895
1940.50000000	4.42630
1941.00000000	4.42268
1941.50000000	4.41967
1942.00000000	4.41816
1942.50000000	4.41662
1943.00000000	4.41516
1943.50000000	4.41463
1944.00000000	4.41319
1944.50000000	4.41034
1945.00000000	4.40657
1945.50000000	4.40146
1946.00000000	4.39723
1946.50000000	4.39300
1947.00000000	4.38829
1947.50000000	4.38219
1948.00000000	4.37792
1948.50000000	4.37398
1949.00000000	4.36954
1949.50000000	4.36633
1950.00000000	4.36341
1950.50000000	4.36155
1951.00000000	4.35949
1951.50000000	4.35825
1952.00000000	4.35752
1952.50000000	4.35678
1953.00000000	4.35513
1953.50000000	4.35403
1954.00000000	4.35175
1954.50000000	4.34970
1955.00000000	4.34804
1955.50000000	4.34651
1956.00000000	4.34484
1956.50000000	4.34209
1957.00000000	4.34017
1957.50000000	4.34112
1958.00000000	4.34133
1958.50000000	4.34102
1959.00000000	4.34102
1959.50000000	4.33961
1960.00000000	4.33738
1960.50000000	4.33685
1961.00000000	4.33679
1961.50000000	4.33607
1962.00000000	4.33524
1962.50000000	4.33318
1963.00000000	4.33220
1963.50000000	4.33246
1964.00000000	4.33139
1964.50000000	4.33169
1965.00000000	4.33217
1965.50000000	4.33246
1966.00000000	4.33256
1966.50000000	4.33375
1967.00000000	4.33403
1967.50000000	4.33192
1968.00000000	4.33043
1968.50000000	4.32796
1969.00000000	4.32644
1969.50000000	4.32457
1970.00000000	4.32343
1970.50000000	4.32202
1971.00000000	4.32146
1971.50000000	4.32121
1972.00000000	4.32149
1972.50000000	4.32157
1973.00000000	4.32140
1973.50000000	4.32005
1974.00000000	4.31952
1974.50000000	4.31949
1975.00000000	4.31973
1975.50000000	4.31876
1976.00000000	4.31766
1976.50000000	4.31727
1977.00000000	4.31722
1977.50000000	4.31598
1978.00000000	4.31527
1978.50000000	4.31414
1979.00000000	4.31488
1979.50000000	4.31354
1980.00000000	4.31119
1980.50000000	4.30967
1981.00000000	4.30744
1981.50000000	4.30584
1982.00000000	4.30307
1982.50000000	4.30016
1983.00000000	4.29792
1983.50000000	4.29562
1984.00000000	4.29205
1984.50000000	4.28829
1985.00000000	4.28495
1985.50000000	4.28359
1986.00000000	4.28259
1986.50000000	4.28251
1987.00000000	4.28324
1987.50000000	4.28304
1988.00000000	4.28469
1988.50000000	4.28496
1989.00000000	4.28532
1989.50000000	4.28540
1990.00000000	4.28507
1990.50000000	4.28316
1991.00000000	4.28219
1991.50000000	4.28085
1992.00000000	4.27927
1992.50000000	4.27684
1993.00000000	4.27466
1993.50000000	4.27157
1994.00000000	4.27013
1994.50000000	4.26875
1995.00000000	4.26736
1995.50000000	4.26617
1996.00000000	4.26292
1996.50000000	4.25871
1997.00000000	4.25643
1997.50000000	4.25477
1998.00000000	4.25276
1998.50000000	4.25296
1999.00000000	4.25185
1999.50000000	4.24992
2000.00000000	4.24728
2000.50000000	4.24516
2001.00000000	4.24343
2001.50000000	4.24034
2002.00000000	4.23822
2002.50000000	4.23589
2003.00000000	4.23361
2003.50000000	4.23244
2004.00000000	4.22900
2004.50000000	4.22759
2005.00000000	4.22624
2005.50000000	4.22490
2006.00000000	4.22481
2006.50000000	4.22414
2007.00000000	4.22299
2007.50000000	4.22080
2008.00000000	4.21832
2008.50000000	4.21627
2009.00000000	4.21509
2009.50000000	4.21456
2010.00000000	4.21393
2010.50000000	4.21178
2011.00000000	4.20989
2011.50000000	4.20698
2012.00000000	4.20269
2012.50000000	4.19946
2013.00000000	4.19640
2013.50000000	4.19332
2014.00000000	4.19158
2014.50000000	4.18784
2015.00000000	4.18460
2015.50000000	4.18083
2016.00000000	4.17867
2016.50000000	4.17584
2017.00000000	4.17298
2017.50000000	4.16978
2018.00000000	4.16577
2018.50000000	4.16279
2019.00000000	4.16052
2019.50000000	4.15775
2020.00000000	4.15260
2020.50000000	4.14801
2021.00000000	4.14271
2021.50000000	4.13732
2022.00000000	4.13242
2022.50000000	4.12870
2023.00000000	4.12607
2023.50000000	4.12493
2024.00000000	4.12459
2024.50000000	4.12456
2025.00000000	4.12546
2025.50000000	4.12783
2026.00000000	4.12901
2026.50000000	4.13069
2027.00000000	4.13251
2027.50000000	4.13439
2028.00000000	4.13740
2028.50000000	4.14010
2029.00000000	4.14151
2029.50000000	4.14371
2030.00000000	4.14539
2030.50000000	4.14712
2031.00000000	4.14825
2031.50000000	4.14913
2032.00000000	4.15136
2032.50000000	4.15525
2033.00000000	4.15842
2033.50000000	4.16069
2034.00000000	4.16227
2034.50000000	4.16456
2035.00000000	4.16714
2035.50000000	4.16888
2036.00000000	4.17005
2036.50000000	4.17133
2037.00000000	4.17178
2037.50000000	4.17286
2038.00000000	4.17443
2038.50000000	4.17646
2039.00000000	4.17759
2039.50000000	4.17973
2040.00000000	4.18133
2040.50000000	4.18467
2041.00000000	4.18681
2041.50000000	4.18741
2042.00000000	4.18727
2042.50000000	4.18723
2043.00000000	4.18652
2043.50000000	4.18410
2044.00000000	4.18205
2044.50000000	4.18174
2045.00000000	4.18070
2045.50000000	4.17970
2046.00000000	4.17852
2046.50000000	4.17741
2047.00000000	4.17532
2047.50000000	4.17205
2048.00000000	4.16756
2048.50000000	4.16270
2049.00000000	4.15865
2049.50000000	4.15471
2050.00000000	4.14909
2050.50000000	4.14458
2051.00000000	4.14074
2051.50000000	4.13771
2052.00000000	4.13443
2052.50000000	4.13042
2053.00000000	4.12815
2053.50000000	4.12547
2054.00000000	4.12226
2054.50000000	4.11936
2055.00000000	4.11695
2055.50000000	4.11456
2056.00000000	4.11365
2056.50000000	4.11180
2057.00000000	4.11050
2057.50000000	4.10960
2058.00000000	4.10853
2058.50000000	4.10942
2059.00000000	4.11091
2059.50000000	4.11203
2060.00000000	4.11383
2060.50000000	4.11497
2061.00000000	4.11692
2061.50000000	4.11756
2062.00000000	4.11931
2062.50000000	4.12190
2063.00000000	4.12461
2063.50000000	4.12524
2064.00000000	4.12625
2064.50000000	4.12807
2065.00000000	4.12882
2065.50000000	4.13183
2066.00000000	4.13390
2066.50000000	4.13557
2067.00000000	4.13802
2067.50000000	4.14185
2068.00000000	4.14357
2068.50000000	4.14689
2069.00000000	4.15049
2069.50000000	4.15420
2070.00000000	4.15680
2070.50000000	4.15789
2071.00000000	4.15998
2071.50000000	4.16117
2072.00000000	4.16399
2072.50000000	4.16760
2073.00000000	4.16988
2073.50000000	4.17048
2074.00000000	4.17186
2074.50000000	4.17265
2075.00000000	4.17315
2075.50000000	4.17339
2076.00000000	4.17408
2076.50000000	4.17561
2077.00000000	4.17762
2077.50000000	4.17877
2078.00000000	4.17948
2078.50000000	4.17931
2079.00000000	4.17756
2079.50000000	4.17498
2080.00000000	4.17159
2080.50000000	4.16990
2081.00000000	4.16593
2081.50000000	4.16319
2082.00000000	4.16167
2082.50000000	4.16152
2083.00000000	4.16124
2083.50000000	4.15885
2084.00000000	4.15527
2084.50000000	4.15182
2085.00000000	4.14848
2085.50000000	4.14494
2086.00000000	4.14264
2086.50000000	4.13960
2087.00000000	4.13839
2087.50000000	4.13626
2088.00000000	4.13431
2088.50000000	4.13301
2089.00000000	4.13172
2089.50000000	4.12951
2090.00000000	4.12876
2090.50000000	4.12613
2091.00000000	4.12404
2091.50000000	4.12229
2092.00000000	4.12025
2092.50000000	4.11828
2093.00000000	4.11683
2093.50000000	4.11617
2094.00000000	4.11572
2094.50000000	4.11518
2095.00000000	4.11395
2095.50000000	4.11228
2096.00000000	4.10983
2096.50000000	4.10988
2097.00000000	4.10962
2097.50000000	4.10977
2098.00000000	4.11018
2098.50000000	4.11011
2099.00000000	4.10990
2099.50000000	4.10889
2100.00000000	4.10594
2100.50000000	4.10243
2101.00000000	4.09978
2101.50000000	4.09605
2102.00000000	4.09392
2102.50000000	4.09067
2103.00000000	4.08695
2103.50000000	4.08391
2104.00000000	4.08120
2104.50000000	4.07786
2105.00000000	4.07599
2105.50000000	4.07265
2106.00000000	4.07080
2106.50000000	4.06949
2107.00000000	4.06909
2107.50000000	4.06792
2108.00000000	4.06739
2108.50000000	4.06632
2109.00000000	4.06496
2109.50000000	4.06277
2110.00000000	4.05933
2110.50000000	4.05669
2111.00000000	4.05432
2111.50000000	4.05205
2112.00000000	4.04969
2112.50000000	4.04545
2113.00000000	4.04074
2113.50000000	4.03682
2114.00000000	4.03419
2114.50000000	4.03132
2115.00000000	4.02882
2115.50000000	4.02616
2116.00000000	4.02376
2116.50000000	4.02249
2117.00000000	4.02188
2117.50000000	4.01918
2118.00000000	4.01526
2118.50000000	4.01283
2119.00000000	4.01280
2119.50000000	4.01201
2120.00000000	4.01084
2120.50000000	4.01034
2121.00000000	4.01090
2121.50000000	4.00948
2122.00000000	4.00799
2122.50000000	4.00835
2123.00000000	4.00692
2123.50000000	4.00581
2124.00000000	4.00492
2124.50000000	4.00537
2125.00000000	4.00505
2125.50000000	4.00529
2126.00000000	4.00504
2126.50000000	4.00629
2127.00000000	4.00904
2127.50000000	4.01235
2128.00000000	4.01648
2128.50000000	4.01886
2129.00000000	4.01975
2129.50000000	4.02122
2130.00000000	4.02180
2130.50000000	4.02140
2131.00000000	4.02216
2131.50000000	4.02098
2132.00000000	4.01978
2132.50000000	4.01840
2133.00000000	4.01699
2133.50000000	4.01492
2134.00000000	4.01345
2134.50000000	4.01176
2135.00000000	4.01011
2135.50000000	4.00955
2136.00000000	4.00957
2136.50000000	4.00915
2137.00000000	4.00843
2137.50000000	4.00725
2138.00000000	4.00712
2138.50000000	4.00729
2139.00000000	4.00757
2139.50000000	4.00969
2140.00000000	4.01159
2140.50000000	4.01286
2141.00000000	4.01313
2141.50000000	4.01263
2142.00000000	4.01039
2142.50000000	4.00821
2143.00000000	4.00632
2143.50000000	4.00367
2144.00000000	4.00351
2144.50000000	4.00350
2145.00000000	4.00389
2145.50000000	4.00391
2146.00000000	4.00360
2146.50000000	4.00392
2147.00000000	4.00354
2147.50000000	4.00312
2148.00000000	4.00320
2148.50000000	4.00192
2149.00000000	4.00090
2149.50000000	4.00055
2150.00000000	4.00011
2150.50000000	4.00067
2151.00000000	4.00194
2151.50000000	4.00418
2152.00000000	4.00657
2152.50000000	4.00782
2153.00000000	4.00742
2153.50000000	4.00794
2154.00000000	4.00855
2154.50000000	4.01028
2155.00000000	4.01292
2155.50000000	4.01589
2156.00000000	4.01974
2156.50000000	4.02333
2157.00000000	4.02723
2157.50000000	4.02987
2158.00000000	4.03117
2158.50000000	4.03330
2159.00000000	4.03511
2159.50000000	4.03711
2160.00000000	4.03850
2160.50000000	4.03974
2161.00000000	4.03995
2161.50000000	4.04107
2162.00000000	4.04184
2162.50000000	4.04188
2163.00000000	4.04072
2163.50000000	4.03995
2164.00000000	4.03860
2164.50000000	4.03646
2165.00000000	4.03381
2165.50000000	4.03112
2166.00000000	4.02759
2166.50000000	4.02491
2167.00000000	4.02324
2167.50000000	4.02276
2168.00000000	4.02381
2168.50000000	4.02565
2169.00000000	4.02858
2169.50000000	4.03249
2170.00000000	4.03561
2170.50000000	4.04089
2171.00000000	4.04439
2171.50000000	4.04770
2172.00000000	4.05068
2172.50000000	4.05373
2173.00000000	4.05574
2173.50000000	4.05897
2174.00000000	4.06303
2174.50000000	4.06719
2175.00000000	4.07108
2175.50000000	4.07550
2176.00000000	4.08020
2176.50000000	4.08583
2177.00000000	4.09068
2177.50000000	4.09548
2178.00000000	4.09992
2178.50000000	4.10404
2179.00000000	4.10754
2179.50000000	4.11185
2180.00000000	4.11636
2180.50000000	4.12076
2181.00000000	4.12451
2181.50000000	4.12887
2182.00000000	4.13230
2182.50000000	4.13543
2183.00000000	4.13977
2183.50000000	4.14293
2184.00000000	4.14617
2184.50000000	4.14880
2185.00000000	4.15056
2185.50000000	4.15265
2186.00000000	4.15385
2186.50000000	4.15507
2187.00000000	4.15608
2187.50000000	4.15695
2188.00000000	4.15865
2188.50000000	4.16079
2189.00000000	4.16331
2189.50000000	4.16528
2190.00000000	4.16642
2190.50000000	4.16698
2191.00000000	4.16732
2191.50000000	4.16608
2192.00000000	4.16585
2192.50000000	4.16530
2193.00000000	4.16443
2193.50000000	4.16325
2194.00000000	4.16114
2194.50000000	4.15970
2195.00000000	4.15897
2195.50000000	4.15868
2196.00000000	4.15753
2196.50000000	4.15651
2197.00000000	4.15550
2197.50000000	4.15489
2198.00000000	4.15577
2198.50000000	4.15759
2199.00000000	4.15826
2199.50000000	4.15706
2200.00000000	4.15665
2200.50000000	4.15693
2201.00000000	4.15663
2201.50000000	4.15627
2202.00000000	4.15613
2202.50000000	4.15611
2203.00000000	4.15623
2203.50000000	4.15660
2204.00000000	4.15758
2204.50000000	4.15831
2205.00000000	4.15770
2205.50000000	4.15521
2206.00000000	4.15461
2206.50000000	4.15426
2207.00000000	4.15455
2207.50000000	4.15479
2208.00000000	4.15596
2208.50000000	4.15754
2209.00000000	4.15959
2209.50000000	4.16129
2210.00000000	4.16307
2210.50000000	4.16481
2211.00000000	4.16705
2211.50000000	4.16771
2212.00000000	4.16822
2212.50000000	4.16712
2213.00000000	4.16588
2213.50000000	4.16495
2214.00000000	4.16524
2214.50000000	4.16565
2215.00000000	4.16523
2215.50000000	4.16596
2216.00000000	4.16667
2216.50000000	4.16776
2217.00000000	4.16914
2217.50000000	4.17011
2218.00000000	4.17217
2218.50000000	4.17523
2219.00000000	4.17921
2219.50000000	4.18222
2220.00000000	4.18467
2220.50000000	4.18703
2221.00000000	4.18736
2221.50000000	4.18641
2222.00000000	4.18869
2222.50000000	4.18979
2223.00000000	4.19091
2223.50000000	4.19136
2224.00000000	4.19201
2224.50000000	4.19436
2225.00000000	4.19592
2225.50000000	4.19644
2226.00000000	4.19792
2226.50000000	4.20130
2227.00000000	4.20526
2227.50000000	4.20914
2228.00000000	4.21340
2228.50000000	4.21839
2229.00000000	4.22178
2229.50000000	4.22363
2230.00000000	4.22756
2230.50000000	4.23154
2231.00000000	4.23550
2231.50000000	4.23911
2232.00000000	4.24060
2232.50000000	4.24241
2233.00000000	4.24404
2233.50000000	4.24393
2234.00000000	4.24370
2234.50000000	4.24377
2235.00000000	4.24306
2235.50000000	4.24429
2236.00000000	4.24696
2236.50000000	4.24812
2237.00000000	4.24814
2237.50000000	4.24920
2238.00000000	4.25031
2238.50000000	4.25019
2239.00000000	4.25075
2239.50000000	4.25106
2240.00000000	4.25077
2240.50000000	4.25085
2241.00000000	4.24892
2241.50000000	4.24736
2242.00000000	4.24703
2242.50000000	4.24685
2243.00000000	4.24724
2243.50000000	4.24722
2244.00000000	4.24578
2244.50000000	4.24474
2245.00000000	4.24332
2245.50000000	4.24244
2246.00000000	4.24245
2246.50000000	4.24273
2247.00000000	4.24217
2247.50000000	4.24154
2248.00000000	4.24070
2248.50000000	4.23876
2249.00000000	4.23788
2249.50000000	4.23732
2250.00000000	4.23554
2250.50000000	4.23265
2251.00000000	4.22915
2251.50000000	4.22623
2252.00000000	4.22584
2252.50000000	4.22526
2253.00000000	4.22336
2253.50000000	4.22263
2254.00000000	4.22080
2254.50000000	4.21841
2255.00000000	4.21697
2255.50000000	4.21409
2256.00000000	4.21086
2256.50000000	4.20783
2257.00000000	4.20559
2257.50000000	4.20354
2258.00000000	4.20073
2258.50000000	4.19821
2259.00000000	4.19775
2259.50000000	4.19833
2260.00000000	4.19879
2260.50000000	4.19918
2261.00000000	4.19854
2261.50000000	4.19798
2262.00000000	4.19834
2262.50000000	4.19980
2263.00000000	4.20065
2263.50000000	4.20040
2264.00000000	4.19938
2264.50000000	4.19808
2265.00000000	4.19710
2265.50000000	4.19692
2266.00000000	4.19811
2266.50000000	4.19878
2267.00000000	4.19911
2267.50000000	4.20005
2268.00000000	4.20073
2268.50000000	4.20278
2269.00000000	4.20503
2269.50000000	4.20563
2270.00000000	4.20734
2270.50000000	4.20872
2271.00000000	4.20910
2271.50000000	4.20938
2272.00000000	4.20878
2272.50000000	4.20830
2273.00000000	4.20585
2273.50000000	4.20284
2274.00000000	4.19979
2274.50000000	4.19714
2275.00000000	4.19555
2275.50000000	4.19437
2276.00000000	4.19317
2276.50000000	4.19147
2277.00000000	4.18832
2277.50000000	4.18520
2278.00000000	4.18324
2278.50000000	4.18148
2279.00000000	4.17984
2279.50000000	4.17889
2280.00000000	4.17858
2280.50000000	4.17851
2281.00000000	4.17789
2281.50000000	4.17639
2282.00000000	4.17502
2282.50000000	4.17408
2283.00000000	4.17286
2283.50000000	4.17196
2284.00000000	4.17015
2284.50000000	4.16963
2285.00000000	4.17099
2285.50000000	4.17158
2286.00000000	4.17189
2286.50000000	4.17310
2287.00000000	4.17519
2287.50000000	4.17651
2288.00000000	4.17700
2288.50000000	4.17852
2289.00000000	4.18087
2289.50000000	4.18402
2290.00000000	4.18578
2290.50000000	4.18730
2291.00000000	4.18761
2291.50000000	4.18774
2292.00000000	4.18791
2292.50000000	4.18875
2293.00000000	4.18985
2293.50000000	4.19131
2294.00000000	4.19285
2294.50000000	4.19378
2295.00000000	4.19459
2295.50000000	4.19482
2296.00000000	4.19370
2296.50000000	4.19368
2297.00000000	4.19378
2297.50000000	4.19491
2298.00000000	4.19616
2298.50000000	4.19678
2299.00000000	4.19625
2299.50000000	4.19643
2300.00000000	4.19696
2300.50000000	4.19658
2301.00000000	4.19570
2301.50000000	4.19537
2302.00000000	4.19648
2302.50000000	4.19895
2303.00000000	4.20072
2303.50000000	4.20357
2304.00000000	4.20362
2304.50000000	4.20325
2305.00000000	4.20280
2305.50000000	4.20295
2306.00000000	4.20210
2306.50000000	4.20228
