0.00000000	5.09464
0.50000000	5.09773
1.00000000	5.10011
1.50000000	5.10257
2.00000000	5.10415
2.50000000	5.10487
3.00000000	5.10563
3.50000000	5.10441
4.00000000	5.10289
4.50000000	5.10075
5.00000000	5.09958
5.50000000	5.09887
6.00000000	5.09972
6.50000000	5.09972
7.00000000	5.10038
7.50000000	5.09966
8.00000000	5.09867
8.50000000	5.09816
9.00000000	5.09897
9.50000000	5.09975
10.00000000	5.09936
10.50000000	5.09729
11.00000000	5.09244
11.50000000	5.08966
12.00000000	5.08763
12.50000000	5.08663
13.00000000	5.08674
13.50000000	5.08469
14.00000000	5.08064
14.50000000	5.07601
15.00000000	5.07143
15.50000000	5.06931
16.00000000	5.06776
16.50000000	5.06723
17.00000000	5.06700
17.50000000	5.06595
18.00000000	5.06370
18.50000000	5.06250
19.00000000	5.06145
19.50000000	5.05905
20.00000000	5.05830
20.50000000	5.05767
21.00000000	5.05806
21.50000000	5.05532
22.00000000	5.05308
22.50000000	5.05113
23.00000000	5.04899
23.50000000	5.04750
24.00000000	5.04498
24.50000000	5.04268
25.00000000	5.04029
25.50000000	5.03825
26.00000000	5.03679
26.50000000	5.03553
27.00000000	5.03472
27.50000000	5.03497
28.00000000	5.03455
28.50000000	5.03405
29.00000000	5.03289
29.50000000	5.03060
30.00000000	5.02880
30.50000000	5.02745
31.00000000	5.02751
31.50000000	5.02808
32.00000000	5.02790
32.50000000	5.02799
33.00000000	5.02940
33.50000000	5.03111
34.00000000	5.03244
34.50000000	5.03333
35.00000000	5.03401
35.50000000	5.03723
36.00000000	5.03913
36.50000000	5.04057
37.00000000	5.04325
37.50000000	5.04588
38.00000000	5.04830
38.50000000	5.05151
39.00000000	5.05252
39.50000000	5.05366
40.00000000	5.05442
40.50000000	5.05367
41.00000000	5.05413
41.50000000	5.05512
42.00000000	5.05567
42.50000000	5.05761
43.00000000	5.05999
43.50000000	5.06027
44.00000000	5.05958
44.50000000	5.05911
45.00000000	5.05926
45.50000000	5.06021
46.00000000	5.06244
46.50000000	5.06439
47.00000000	5.06597
47.50000000	5.06798
48.00000000	5.06970
48.50000000	5.07207
49.00000000	5.07575
49.50000000	5.07846
50.00000000	5.07971
50.50000000	5.08064
51.00000000	5.08103
51.50000000	5.08260
52.00000000	5.08488
52.50000000	5.08683
53.00000000	5.08789
53.50000000	5.08910
54.00000000	5.09017
54.50000000	5.09048
55.00000000	5.08986
55.50000000	5.08961
56.00000000	5.09043
56.50000000	5.09080
57.00000000	5.09187
57.50000000	5.09213
58.00000000	5.09397
58.50000000	5.09549
59.00000000	5.09785
59.50000000	5.10046
60.00000000	5.10105
60.50000000	5.10048
61.00000000	5.09982
61.50000000	5.09937
62.00000000	5.09921
62.50000000	5.09926
63.00000000	5.09814
63.50000000	5.09847
64.00000000	5.09898
64.50000000	5.09837
65.00000000	5.09744
65.50000000	5.09665
66.00000000	5.09508
66.50000000	5.09454
67.00000000	5.09393
67.50000000	5.09413
68.00000000	5.09193
68.50000000	5.08993
69.00000000	5.08691
69.50000000	5.08221
70.00000000	5.07898
70.50000000	5.07673
71.00000000	5.07503
71.50000000	5.07220
72.00000000	5.07130
72.50000000	5.06907
73.00000000	5.06600
73.50000000	5.06353
74.00000000	5.06113
74.50000000	5.05843
75.00000000	5.05593
75.50000000	5.05226
76.00000000	5.04926
76.50000000	5.04444
77.00000000	5.04051
77.50000000	5.03676
78.00000000	5.03109
78.50000000	5.02408
79.00000000	5.01644
79.50000000	5.00860
80.00000000	4.99965
80.50000000	4.99136
81.00000000	4.98283
81.50000000	4.97560
82.00000000	4.97047
82.50000000	4.96550
83.00000000	4.96019
83.50000000	4.95475
84.00000000	4.94958
84.50000000	4.94593
85.00000000	4.94438
85.50000000	4.94046
86.00000000	4.93709
86.50000000	4.93472
87.00000000	4.93264
87.50000000	4.93047
88.00000000	4.92790
88.50000000	4.92585
89.00000000	4.92577
89.50000000	4.92639
90.00000000	4.92698
90.50000000	4.92686
91.00000000	4.92488
91.50000000	4.92376
92.00000000	4.92194
92.50000000	4.92032
93.00000000	4.91761
93.50000000	4.91606
94.00000000	4.91323
94.50000000	4.91150
95.00000000	4.90941
95.50000000	4.90740
96.00000000	4.90554
96.50000000	4.90393
97.00000000	4.90089
97.50000000	4.89787
98.00000000	4.89543
98.50000000	4.89272
99.00000000	4.88954
99.50000000	4.88727
100.00000000	4.88632
100.50000000	4.88531
101.00000000	4.88401
101.50000000	4.88180
102.00000000	4.88123
102.50000000	4.88164
103.00000000	4.88206
103.50000000	4.88138
104.00000000	4.88124
104.50000000	4.88070
105.00000000	4.88068
105.50000000	4.88114
106.00000000	4.88216
106.50000000	4.88212
107.00000000	4.88187
107.50000000	4.88123
108.00000000	4.87955
108.50000000	4.87712
109.00000000	4.87536
109.50000000	4.87414
110.00000000	4.87248
110.50000000	4.87207
111.00000000	4.87211
111.50000000	4.87174
112.00000000	4.87142
112.50000000	4.87148
113.00000000	4.87207
113.50000000	4.87338
114.00000000	4.87625
114.50000000	4.87847
115.00000000	4.88014
115.50000000	4.88175
116.00000000	4.88366
116.50000000	4.88536
117.00000000	4.88572
117.50000000	4.88580
118.00000000	4.88691
118.50000000	4.88707
119.00000000	4.88490
119.50000000	4.88381
120.00000000	4.88261
120.50000000	4.88073
121.00000000	4.87791
121.50000000	4.87506
122.00000000	4.87277
122.50000000	4.86981
123.00000000	4.86569
123.50000000	4.86037
124.00000000	4.85475
124.50000000	4.84986
125.00000000	4.84401
125.50000000	4.83805
126.00000000	4.83152
126.50000000	4.82569
127.00000000	4.82065
127.50000000	4.81632
128.00000000	4.81194
128.50000000	4.80715
129.00000000	4.80267
129.50000000	4.79717
130.00000000	4.79174
130.50000000	4.78576
131.00000000	4.77958
131.50000000	4.77303
132.00000000	4.76782
132.50000000	4.76316
133.00000000	4.75856
133.50000000	4.75505
134.00000000	4.75201
134.50000000	4.74726
135.00000000	4.74304
135.50000000	4.73949
136.00000000	4.73448
136.50000000	4.72802
137.00000000	4.72301
137.50000000	4.71816
138.00000000	4.71337
138.50000000	4.70929
139.00000000	4.70639
139.50000000	4.70407
140.00000000	4.70177
140.50000000	4.69871
141.00000000	4.69476
141.50000000	4.69194
142.00000000	4.68785
142.50000000	4.68348
143.00000000	4.67870
143.50000000	4.67362
144.00000000	4.67027
144.50000000	4.66675
145.00000000	4.66310
145.50000000	4.66021
146.00000000	4.65711
146.50000000	4.65359
147.00000000	4.65004
147.50000000	4.64711
148.00000000	4.64388
148.50000000	4.64224
149.00000000	4.64001
149.50000000	4.63882
150.00000000	4.63793
150.50000000	4.63713
151.00000000	4.63622
151.50000000	4.63448
152.00000000	4.63485
152.50000000	4.63684
153.00000000	4.63947
153.50000000	4.64188
154.00000000	4.64472
154.50000000	4.64644
155.00000000	4.64903
155.50000000	4.65172
156.00000000	4.65568
156.50000000	4.66032
157.00000000	4.66418
157.50000000	4.66575
158.00000000	4.66558
158.50000000	4.66488
159.00000000	4.66328
159.50000000	4.66317
160.00000000	4.66247
160.50000000	4.66074
161.00000000	4.65925
161.50000000	4.65805
162.00000000	4.65859
162.50000000	4.65846
163.00000000	4.65987
163.50000000	4.66158
164.00000000	4.66237
164.50000000	4.66131
165.00000000	4.66056
165.50000000	4.66063
166.00000000	4.65900
166.50000000	4.65724
167.00000000	4.65530
167.50000000	4.65362
168.00000000	4.65365
168.50000000	4.65258
169.00000000	4.65168
169.50000000	4.65047
170.00000000	4.64769
170.50000000	4.64471
171.00000000	4.64324
171.50000000	4.64309
172.00000000	4.64249
172.50000000	4.64210
173.00000000	4.64225
173.50000000	4.64217
174.00000000	4.64182
174.50000000	4.64182
175.00000000	4.64150
175.50000000	4.64130
176.00000000	4.64015
176.50000000	4.64056
177.00000000	4.64089
177.50000000	4.64190
178.00000000	4.64270
178.50000000	4.64367
179.00000000	4.64447
179.50000000	4.64398
180.00000000	4.64207
180.50000000	4.64026
181.00000000	4.63926
181.50000000	4.63637
182.00000000	4.63369
182.50000000	4.63151
183.00000000	4.62973
183.50000000	4.62909
184.00000000	4.62840
184.50000000	4.62922
185.00000000	4.63020
185.50000000	4.63185
186.00000000	4.63330
186.50000000	4.63570
187.00000000	4.64010
187.50000000	4.64542
188.00000000	4.65123
188.50000000	4.65865
189.00000000	4.66755
189.50000000	4.67365
190.00000000	4.67816
190.50000000	4.68146
191.00000000	4.68365
191.50000000	4.68714
192.00000000	4.69055
192.50000000	4.69470
193.00000000	4.69994
193.50000000	4.70464
194.00000000	4.70828
194.50000000	4.71110
195.00000000	4.71392
195.50000000	4.71752
196.00000000	4.72134
196.50000000	4.72439
197.00000000	4.72743
197.50000000	4.72918
198.00000000	4.73220
198.50000000	4.73535
199.00000000	4.73865
199.50000000	4.74118
200.00000000	4.74397
200.50000000	4.74527
201.00000000	4.74677
201.50000000	4.74855
202.00000000	4.74878
202.50000000	4.74867
203.00000000	4.74855
203.50000000	4.74804
204.00000000	4.74857
204.50000000	4.74648
205.00000000	4.74300
205.50000000	4.74026
206.00000000	4.73645
206.50000000	4.73163
207.00000000	4.72683
207.50000000	4.72315
208.00000000	4.72044
208.50000000	4.71645
209.00000000	4.71176
209.50000000	4.70856
210.00000000	4.70464
210.50000000	4.70152
211.00000000	4.69761
211.50000000	4.69348
212.00000000	4.68839
212.50000000	4.68524
213.00000000	4.68227
213.50000000	4.67830
214.00000000	4.67422
214.50000000	4.67026
215.00000000	4.66635
215.50000000	4.66238
216.00000000	4.66051
216.50000000	4.65824
217.00000000	4.65575
217.50000000	4.65421
218.00000000	4.65278
218.50000000	4.65180
219.00000000	4.65175
219.50000000	4.65319
220.00000000	4.65613
220.50000000	4.65973
221.00000000	4.66401
221.50000000	4.66782
222.00000000	4.67108
222.50000000	4.67446
223.00000000	4.67720
223.50000000	4.67899
224.00000000	4.68109
224.50000000	4.68385
225.00000000	4.68628
225.50000000	4.68775
226.00000000	4.69022
226.50000000	4.69368
227.00000000	4.69839
227.50000000	4.70100
228.00000000	4.70369
228.50000000	4.70817
229.00000000	4.71168
229.50000000	4.71491
230.00000000	4.71868
230.50000000	4.72133
231.00000000	4.72455
231.50000000	4.72756
232.00000000	4.72818
232.50000000	4.72781
233.00000000	4.72591
233.50000000	4.72395
234.00000000	4.72151
234.50000000	4.71909
235.00000000	4.71763
235.50000000	4.71321
236.00000000	4.70896
236.50000000	4.70609
237.00000000	4.70362
237.50000000	4.70108
238.00000000	4.69876
238.50000000	4.69681
239.00000000	4.69449
239.50000000	4.69377
240.00000000	4.69309
240.50000000	4.69252
241.00000000	4.69210
241.50000000	4.69138
242.00000000	4.69198
242.50000000	4.69150
243.00000000	4.69040
243.50000000	4.68963
244.00000000	4.68846
244.50000000	4.68741
245.00000000	4.68786
245.50000000	4.68912
246.00000000	4.69062
246.50000000	4.69260
247.00000000	4.69555
247.50000000	4.69768
248.00000000	4.70034
248.50000000	4.70475
249.00000000	4.70828
249.50000000	4.71170
250.00000000	4.71504
250.50000000	4.71837
251.00000000	4.72362
251.50000000	4.72939
252.00000000	4.73544
252.50000000	4.74000
253.00000000	4.74463
253.50000000	4.74898
254.00000000	4.75280
254.50000000	4.75702
255.00000000	4.76026
255.50000000	4.76165
256.00000000	4.76329
256.50000000	4.76493
257.00000000	4.76654
257.50000000	4.76904
258.00000000	4.76938
258.50000000	4.76971
259.00000000	4.77181
259.50000000	4.77455
260.00000000	4.77705
260.50000000	4.77964
261.00000000	4.78329
261.50000000	4.78540
262.00000000	4.78669
262.50000000	4.78794
263.00000000	4.78871
263.50000000	4.78939
264.00000000	4.79182
264.50000000	4.79266
265.00000000	4.79334
265.50000000	4.79403
266.00000000	4.79388
266.50000000	4.79452
267.00000000	4.79465
267.50000000	4.79411
268.00000000	4.79300
268.50000000	4.79229
269.00000000	4.79205
269.50000000	4.79224
270.00000000	4.79155
270.50000000	4.79100
271.00000000	4.79012
271.50000000	4.78777
272.00000000	4.78510
272.50000000	4.78370
273.00000000	4.78184
273.50000000	4.77957
274.00000000	4.77830
274.50000000	4.77419
275.00000000	4.77085
275.50000000	4.76764
276.00000000	4.76452
276.50000000	4.76237
277.00000000	4.76137
277.50000000	4.76164
278.00000000	4.76309
278.50000000	4.76343
279.00000000	4.76187
279.50000000	4.76021
280.00000000	4.75894
280.50000000	4.75868
281.00000000	4.75762
281.50000000	4.75795
282.00000000	4.75576
282.50000000	4.75286
283.00000000	4.74996
283.50000000	4.74650
284.00000000	4.74308
284.50000000	4.73967
285.00000000	4.73624
285.50000000	4.73143
286.00000000	4.72601
286.50000000	4.72021
287.00000000	4.71525
287.50000000	4.71012
288.00000000	4.70548
288.50000000	4.70039
289.00000000	4.69713
289.50000000	4.69381
290.00000000	4.68958
290.50000000	4.68510
291.00000000	4.67959
291.50000000	4.67476
292.00000000	4.67074
292.50000000	4.66635
293.00000000	4.66313
293.50000000	4.66012
294.00000000	4.65616
294.50000000	4.65233
295.00000000	4.64794
295.50000000	4.64406
296.00000000	4.63972
296.50000000	4.63547
297.00000000	4.63237
297.50000000	4.62995
298.00000000	4.62622
298.50000000	4.62356
299.00000000	4.62193
299.50000000	4.62126
300.00000000	4.61983
300.50000000	4.61965
301.00000000	4.61960
301.50000000	4.61829
302.00000000	4.61870
302.50000000	4.61840
303.00000000	4.61803
303.50000000	4.61682
304.00000000	4.61566
304.50000000	4.61511
305.00000000	4.61361
305.50000000	4.61204
306.00000000	4.61125
306.50000000	4.61075
307.00000000	4.61146
307.50000000	4.61241
308.00000000	4.61177
308.50000000	4.61032
309.00000000	4.60719
309.50000000	4.60310
310.00000000	4.59958
310.50000000	4.59763
311.00000000	4.59583
311.50000000	4.59584
312.00000000	4.59375
312.50000000	4.59241
313.00000000	4.59068
313.50000000	4.58724
314.00000000	4.58386
314.50000000	4.58243
315.00000000	4.58118
315.50000000	4.57944
316.00000000	4.57738
316.50000000	4.57656
317.00000000	4.57402
317.50000000	4.57187
318.00000000	4.57115
318.50000000	4.56960
319.00000000	4.56876
319.50000000	4.56669
320.00000000	4.56339
320.50000000	4.56246
321.00000000	4.56032
321.50000000	4.55875
322.00000000	4.55601
322.50000000	4.55426
323.00000000	4.55169
323.50000000	4.54881
324.00000000	4.54725
324.50000000	4.54549
325.00000000	4.54451
325.50000000	4.54365
326.00000000	4.54337
326.50000000	4.54307
327.00000000	4.54298
327.50000000	4.54189
328.00000000	4.54052
328.50000000	4.53608
329.00000000	4.53108
329.50000000	4.52644
330.00000000	4.52273
330.50000000	4.51754
331.00000000	4.51429
331.50000000	4.51174
332.00000000	4.50969
332.50000000	4.50927
333.00000000	4.50958
333.50000000	4.50923
334.00000000	4.50843
334.50000000	4.50834
335.00000000	4.50884
335.50000000	4.50944
336.00000000	4.50993
336.50000000	4.51072
337.00000000	4.51182
337.50000000	4.51383
338.00000000	4.51323
338.50000000	4.51151
339.00000000	4.50894
339.50000000	4.50689
340.00000000	4.50553
340.50000000	4.50542
341.00000000	4.50477
341.50000000	4.50641
342.00000000	4.50798
342.50000000	4.50954
343.00000000	4.51060
343.50000000	4.50979
344.00000000	4.50871
344.50000000	4.50883
345.00000000	4.50864
345.50000000	4.50901
346.00000000	4.50863
346.50000000	4.50751
347.00000000	4.50607
347.50000000	4.50511
348.00000000	4.50404
348.50000000	4.50370
349.00000000	4.50180
349.50000000	4.49984
350.00000000	4.49815
350.50000000	4.49612
351.00000000	4.49361
351.50000000	4.49117
352.00000000	4.49023
352.50000000	4.48901
353.00000000	4.48911
353.50000000	4.48803
354.00000000	4.48685
354.50000000	4.48530
355.00000000	4.48537
355.50000000	4.48522
356.00000000	4.48501
356.50000000	4.48454
357.00000000	4.48383
357.50000000	4.48439
358.00000000	4.48467
358.50000000	4.48621
359.00000000	4.48826
359.50000000	4.48811
360.00000000	4.48826
360.50000000	4.48949
361.00000000	4.49062
361.50000000	4.49252
362.00000000	4.49463
362.50000000	4.49605
363.00000000	4.49685
363.50000000	4.49913
364.00000000	4.50016
364.50000000	4.50142
365.00000000	4.50263
365.50000000	4.50453
366.00000000	4.50597
366.50000000	4.50743
367.00000000	4.50916
367.50000000	4.51072
368.00000000	4.51194
368.50000000	4.51435
369.00000000	4.51650
369.50000000	4.51955
370.00000000	4.52337
370.50000000	4.52720
371.00000000	4.53071
371.50000000	4.53566
372.00000000	4.53958
372.50000000	4.54302
373.00000000	4.54790
373.50000000	4.55393
374.00000000	4.56036
374.50000000	4.56511
375.00000000	4.56865
375.50000000	4.57307
376.00000000	4.57589
376.50000000	4.57769
377.00000000	4.57949
377.50000000	4.57977
378.00000000	4.58074
378.50000000	4.58184
379.00000000	4.58225
379.50000000	4.58193
380.00000000	4.58128
380.50000000	4.58131
381.00000000	4.57997
381.50000000	4.57915
382.00000000	4.57920
382.50000000	4.57998
383.00000000	4.58011
383.50000000	4.58025
384.00000000	4.58007
384.50000000	4.58127
385.00000000	4.58183
385.50000000	4.58254
386.00000000	4.58268
386.50000000	4.58260
387.00000000	4.58389
387.50000000	4.58535
388.00000000	4.58658
388.50000000	4.58760
389.00000000	4.58805
389.50000000	4.58896
390.00000000	4.59000
390.50000000	4.59470
391.00000000	4.59913
391.50000000	4.60370
392.00000000	4.60798
392.50000000	4.61287
393.00000000	4.61682
393.50000000	4.62286
394.00000000	4.62736
394.50000000	4.63100
395.00000000	4.63412
395.50000000	4.63685
396.00000000	4.63941
396.50000000	4.64253
397.00000000	4.64645
397.50000000	4.65115
398.00000000	4.65495
398.50000000	4.65768
399.00000000	4.66064
399.50000000	4.66190
400.00000000	4.66372
400.50000000	4.66499
401.00000000	4.66691
401.50000000	4.66856
402.00000000	4.66870
402.50000000	4.66874
403.00000000	4.66767
403.50000000	4.66676
404.00000000	4.66735
404.50000000	4.66797
405.00000000	4.66640
405.50000000	4.66432
406.00000000	4.66200
406.50000000	4.65940
407.00000000	4.65576
407.50000000	4.65201
408.00000000	4.64774
408.50000000	4.64372
409.00000000	4.64036
409.50000000	4.63710
410.00000000	4.63538
410.50000000	4.63410
411.00000000	4.63184
411.50000000	4.63069
412.00000000	4.62890
412.50000000	4.62882
413.00000000	4.62866
413.50000000	4.62770
414.00000000	4.62641
414.50000000	4.62562
415.00000000	4.62404
415.50000000	4.62294
416.00000000	4.62111
416.50000000	4.61945
417.00000000	4.61877
417.50000000	4.61829
418.00000000	4.61821
418.50000000	4.61837
419.00000000	4.61702
419.50000000	4.61567
420.00000000	4.61410
420.50000000	4.61299
421.00000000	4.61270
421.50000000	4.61315
422.00000000	4.61361
422.50000000	4.61236
423.00000000	4.61128
423.50000000	4.61104
424.00000000	4.61057
424.50000000	4.61032
425.00000000	4.61057
425.50000000	4.61118
426.00000000	4.61220
426.50000000	4.61280
427.00000000	4.61184
427.50000000	4.61065
428.00000000	4.60879
428.50000000	4.60716
429.00000000	4.60707
429.50000000	4.60693
430.00000000	4.60703
430.50000000	4.60800
431.00000000	4.60873
431.50000000	4.60928
432.00000000	4.60848
432.50000000	4.60958
433.00000000	4.61038
433.50000000	4.61097
434.00000000	4.61176
434.50000000	4.61354
435.00000000	4.61312
435.50000000	4.61265
436.00000000	4.61176
436.50000000	4.61071
437.00000000	4.60912
437.50000000	4.60925
438.00000000	4.60917
438.50000000	4.60927
439.00000000	4.60904
439.50000000	4.60984
440.00000000	4.60864
440.50000000	4.60818
441.00000000	4.60842
441.50000000	4.60931
442.00000000	4.60912
442.50000000	4.60966
443.00000000	4.60903
443.50000000	4.60917
444.00000000	4.60943
444.50000000	4.60822
445.00000000	4.60684
445.50000000	4.60410
446.00000000	4.60106
446.50000000	4.59819
447.00000000	4.59592
447.50000000	4.59300
448.00000000	4.59050
448.50000000	4.59002
449.00000000	4.58857
449.50000000	4.58785
450.00000000	4.58749
450.50000000	4.58593
451.00000000	4.58352
451.50000000	4.58230
452.00000000	4.58161
452.50000000	4.58168
453.00000000	4.57981
453.50000000	4.57827
454.00000000	4.57616
454.50000000	4.57362
455.00000000	4.57026
455.50000000	4.56596
456.00000000	4.56102
456.50000000	4.55661
457.00000000	4.55267
457.50000000	4.54913
458.00000000	4.54594
458.50000000	4.54320
459.00000000	4.54053
459.50000000	4.53799
460.00000000	4.53481
460.50000000	4.53373
461.00000000	4.53313
461.50000000	4.53210
462.00000000	4.53081
462.50000000	4.52916
463.00000000	4.52837
463.50000000	4.52816
464.00000000	4.52770
464.50000000	4.52751
465.00000000	4.52769
465.50000000	4.52742
466.00000000	4.52587
466.50000000	4.52585
467.00000000	4.52672
467.50000000	4.52686
468.00000000	4.52816
468.50000000	4.52853
469.00000000	4.52832
469.50000000	4.52900
470.00000000	4.52915
470.50000000	4.52865
471.00000000	4.52744
471.50000000	4.52688
472.00000000	4.52672
472.50000000	4.52682
473.00000000	4.52777
473.50000000	4.52939
474.00000000	4.53173
474.50000000	4.53486
475.00000000	4.53722
475.50000000	4.54032
476.00000000	4.54340
476.50000000	4.54620
477.00000000	4.54777
477.50000000	4.54945
478.00000000	4.54991
478.50000000	4.54952
479.00000000	4.55072
479.50000000	4.55031
480.00000000	4.54768
480.50000000	4.54581
481.00000000	4.54604
481.50000000	4.54696
482.00000000	4.54964
482.50000000	4.55283
483.00000000	4.55483
483.50000000	4.55672
484.00000000	4.55901
484.50000000	4.55892
485.00000000	4.56092
485.50000000	4.56263
486.00000000	4.56326
486.50000000	4.56337
487.00000000	4.56388
487.50000000	4.56455
488.00000000	4.56409
488.50000000	4.56494
489.00000000	4.56547
489.50000000	4.56727
490.00000000	4.56833
490.50000000	4.56920
491.00000000	4.57122
491.50000000	4.57289
492.00000000	4.57459
492.50000000	4.57522
493.00000000	4.57648
493.50000000	4.57777
494.00000000	4.57784
494.50000000	4.57710
495.00000000	4.57625
495.50000000	4.57410
496.00000000	4.57191
496.50000000	4.57117
497.00000000	4.56935
497.50000000	4.56723
498.00000000	4.56552
498.50000000	4.56477
499.00000000	4.56397
499.50000000	4.56359
500.00000000	4.56315
500.50000000	4.56413
501.00000000	4.56564
501.50000000	4.56732
502.00000000	4.56742
502.50000000	4.56649
503.00000000	4.56610
503.50000000	4.56628
504.00000000	4.56582
504.50000000	4.56430
505.00000000	4.56146
505.50000000	4.55835
506.00000000	4.55699
506.50000000	4.55422
507.00000000	4.55186
507.50000000	4.55090
508.00000000	4.55113
508.50000000	4.55106
509.00000000	4.55126
509.50000000	4.55333
510.00000000	4.55461
510.50000000	4.55446
511.00000000	4.55372
511.50000000	4.55247
512.00000000	4.55259
512.50000000	4.55141
513.00000000	4.55225
513.50000000	4.55378
514.00000000	4.55377
514.50000000	4.55341
515.00000000	4.55155
515.50000000	4.54864
516.00000000	4.54417
516.50000000	4.53974
517.00000000	4.53603
517.50000000	4.53422
518.00000000	4.53133
518.50000000	4.52816
519.00000000	4.52361
519.50000000	4.52054
520.00000000	4.51862
520.50000000	4.51631
521.00000000	4.51223
521.50000000	4.50897
522.00000000	4.50607
522.50000000	4.50221
523.00000000	4.49794
523.50000000	4.49482
524.00000000	4.49164
524.50000000	4.48789
525.00000000	4.48531
525.50000000	4.48340
526.00000000	4.48165
526.50000000	4.48043
527.00000000	4.47884
527.50000000	4.47772
528.00000000	4.47649
528.50000000	4.47557
529.00000000	4.47542
529.50000000	4.47570
530.00000000	4.47655
530.50000000	4.47647
531.00000000	4.47594
531.50000000	4.47616
532.00000000	4.47623
532.50000000	4.47621
533.00000000	4.47688
533.50000000	4.47825
534.00000000	4.48111
534.50000000	4.48357
535.00000000	4.48615
535.50000000	4.48729
536.00000000	4.48809
536.50000000	4.48878
537.00000000	4.48954
537.50000000	4.49019
538.00000000	4.49287
538.50000000	4.49450
539.00000000	4.49671
539.50000000	4.49642
540.00000000	4.49660
540.50000000	4.49725
541.00000000	4.49887
541.50000000	4.49961
542.00000000	4.50125
542.50000000	4.50285
543.00000000	4.50413
543.50000000	4.50531
544.00000000	4.50580
544.50000000	4.50653
545.00000000	4.50798
545.50000000	4.50896
546.00000000	4.50933
546.50000000	4.50805
547.00000000	4.50667
547.50000000	4.50603
548.00000000	4.50464
548.50000000	4.50465
549.00000000	4.50405
549.50000000	4.50298
550.00000000	4.50281
550.50000000	4.50360
551.00000000	4.50605
551.50000000	4.50981
552.00000000	4.51192
552.50000000	4.51360
553.00000000	4.51535
553.50000000	4.51578
554.00000000	4.51520
554.50000000	4.51325
555.00000000	4.51208
555.50000000	4.51286
556.00000000	4.51263
556.50000000	4.51178
557.00000000	4.51113
557.50000000	4.50889
558.00000000	4.50671
558.50000000	4.50627
559.00000000	4.50568
559.50000000	4.50563
560.00000000	4.50626
560.50000000	4.50583
561.00000000	4.50526
561.50000000	4.50559
562.00000000	4.50461
562.50000000	4.50388
563.00000000	4.50250
563.50000000	4.50347
564.00000000	4.50419
564.50000000	4.50450
565.00000000	4.50449
565.50000000	4.50528
566.00000000	4.50556
566.50000000	4.50621
567.00000000	4.50632
567.50000000	4.50471
568.00000000	4.50350
568.50000000	4.50320
569.00000000	4.50408
569.50000000	4.50460
570.00000000	4.50614
570.50000000	4.50678
571.00000000	4.50697
571.50000000	4.50644
572.00000000	4.50508
572.50000000	4.50305
573.00000000	4.50056
573.50000000	4.49838
574.00000000	4.49570
574.50000000	4.49470
575.00000000	4.49544
575.50000000	4.49684
576.00000000	4.49691
576.50000000	4.49659
577.00000000	4.49741
577.50000000	4.49860
578.00000000	4.49802
578.50000000	4.49766
579.00000000	4.49770
579.50000000	4.49824
580.00000000	4.49924
580.50000000	4.49842
581.00000000	4.49700
581.50000000	4.49613
582.00000000	4.49496
582.50000000	4.49457
583.00000000	4.49464
583.50000000	4.49341
584.00000000	4.49088
584.50000000	4.49063
585.00000000	4.49186
585.50000000	4.49222
586.00000000	4.49206
586.50000000	4.49042
587.00000000	4.48834
587.50000000	4.48650
588.00000000	4.48407
588.50000000	4.48118
589.00000000	4.47772
589.50000000	4.47359
590.00000000	4.47078
590.50000000	4.46635
591.00000000	4.46297
591.50000000	4.46094
592.00000000	4.45863
592.50000000	4.45730
593.00000000	4.45558
593.50000000	4.45304
594.00000000	4.45135
594.50000000	4.45033
595.00000000	4.44874
595.50000000	4.44635
596.00000000	4.44338
596.50000000	4.44220
597.00000000	4.44168
597.50000000	4.44002
598.00000000	4.43772
598.50000000	4.43629
599.00000000	4.43497
599.50000000	4.43493
600.00000000	4.43649
600.50000000	4.43790
601.00000000	4.44021
601.50000000	4.44133
602.00000000	4.44303
602.50000000	4.44630
603.00000000	4.45023
603.50000000	4.45261
604.00000000	4.45525
604.50000000	4.45795
605.00000000	4.46079
605.50000000	4.46224
606.00000000	4.46158
606.50000000	4.46170
607.00000000	4.46319
607.50000000	4.46443
608.00000000	4.46493
608.50000000	4.46467
609.00000000	4.46413
609.50000000	4.46336
610.00000000	4.46402
610.50000000	4.46442
611.00000000	4.46450
611.50000000	4.46499
612.00000000	4.46547
612.50000000	4.46620
613.00000000	4.46607
613.50000000	4.46529
614.00000000	4.46488
614.50000000	4.46481
615.00000000	4.46459
615.50000000	4.46393
616.00000000	4.46203
616.50000000	4.45839
617.00000000	4.45475
617.50000000	4.45180
618.00000000	4.44934
618.50000000	4.44793
619.00000000	4.44556
619.50000000	4.44484
620.00000000	4.44625
620.50000000	4.44702
621.00000000	4.44789
621.50000000	4.44926
622.00000000	4.44848
622.50000000	4.44849
623.00000000	4.44846
623.50000000	4.44856
624.00000000	4.44877
624.50000000	4.44854
625.00000000	4.44855
625.50000000	4.44919
626.00000000	4.44888
626.50000000	4.44922
627.00000000	4.44956
627.50000000	4.44970
628.00000000	4.44980
628.50000000	4.45018
629.00000000	4.44923
629.50000000	4.44860
630.00000000	4.44764
630.50000000	4.44534
631.00000000	4.44349
631.50000000	4.44164
632.00000000	4.44066
632.50000000	4.44116
633.00000000	4.44082
633.50000000	4.44050
634.00000000	4.44267
634.50000000	4.44384
635.00000000	4.44418
635.50000000	4.44163
636.00000000	4.44033
636.50000000	4.43856
637.00000000	4.43769
637.50000000	4.43589
638.00000000	4.43456
638.50000000	4.43221
639.00000000	4.43070
639.50000000	4.42816
640.00000000	4.42468
640.50000000	4.42147
641.00000000	4.41827
641.50000000	4.41478
642.00000000	4.41003
642.50000000	4.40554
643.00000000	4.40128
643.50000000	4.39724
644.00000000	4.39368
644.50000000	4.38940
645.00000000	4.38489
645.50000000	4.38055
646.00000000	4.37639
646.50000000	4.37256
647.00000000	4.36951
647.50000000	4.36657
648.00000000	4.36581
648.50000000	4.36452
649.00000000	4.36152
649.50000000	4.35868
650.00000000	4.35716
650.50000000	4.35415
651.00000000	4.34994
651.50000000	4.34622
652.00000000	4.34219
652.50000000	4.33777
653.00000000	4.33264
653.50000000	4.32868
654.00000000	4.32478
654.50000000	4.32009
655.00000000	4.31495
655.50000000	4.30990
656.00000000	4.30698
656.50000000	4.30563
657.00000000	4.30315
657.50000000	4.30081
658.00000000	4.30116
658.50000000	4.30230
659.00000000	4.30390
659.50000000	4.30638
660.00000000	4.30891
660.50000000	4.31191
661.00000000	4.31439
661.50000000	4.31534
662.00000000	4.31623
662.50000000	4.31793
663.00000000	4.32071
663.50000000	4.32453
664.00000000	4.32645
664.50000000	4.32788
665.00000000	4.32973
665.50000000	4.33132
666.00000000	4.33219
666.50000000	4.33411
667.00000000	4.33606
667.50000000	4.33793
668.00000000	4.34122
668.50000000	4.34400
669.00000000	4.34654
669.50000000	4.34869
670.00000000	4.35014
670.50000000	4.34987
671.00000000	4.34991
671.50000000	4.34924
672.00000000	4.34760
672.50000000	4.34574
673.00000000	4.34436
673.50000000	4.34281
674.00000000	4.34078
674.50000000	4.33703
675.00000000	4.33259
675.50000000	4.32953
676.00000000	4.32696
676.50000000	4.32619
677.00000000	4.32517
677.50000000	4.32379
678.00000000	4.32278
678.50000000	4.32086
679.00000000	4.31914
679.50000000	4.31934
680.00000000	4.31768
680.50000000	4.31687
681.00000000	4.31524
681.50000000	4.31602
682.00000000	4.31781
682.50000000	4.31806
683.00000000	4.31824
683.50000000	4.31989
684.00000000	4.32248
684.50000000	4.32558
685.00000000	4.32757
685.50000000	4.32921
686.00000000	4.32976
686.50000000	4.33155
687.00000000	4.33273
687.50000000	4.33399
688.00000000	4.33575
688.50000000	4.33797
689.00000000	4.34015
689.50000000	4.34273
690.00000000	4.34508
690.50000000	4.34820
691.00000000	4.35220
691.50000000	4.35738
692.00000000	4.36245
692.50000000	4.36639
693.00000000	4.36996
693.50000000	4.37097
694.00000000	4.37173
694.50000000	4.37226
695.00000000	4.37290
695.50000000	4.37357
696.00000000	4.37410
696.50000000	4.37596
697.00000000	4.37725
697.50000000	4.38024
698.00000000	4.38476
698.50000000	4.38872
699.00000000	4.39241
699.50000000	4.39471
700.00000000	4.39775
700.50000000	4.39975
701.00000000	4.40154
701.50000000	4.40456
702.00000000	4.40741
702.50000000	4.40929
703.00000000	4.41265
703.50000000	4.41506
704.00000000	4.41729
704.50000000	4.42118
705.00000000	4.42459
705.50000000	4.42727
706.00000000	4.42988
706.50000000	4.43192
707.00000000	4.43570
707.50000000	4.43796
708.00000000	4.43995
708.50000000	4.44220
709.00000000	4.44404
709.50000000	4.44420
710.00000000	4.44399
710.50000000	4.44371
711.00000000	4.44187
711.50000000	4.44136
712.00000000	4.44128
712.50000000	4.44012
713.00000000	4.43847
713.50000000	4.43893
714.00000000	4.43833
714.50000000	4.43647
715.00000000	4.43310
715.50000000	4.42984
716.00000000	4.42648
716.50000000	4.42327
717.00000000	4.42004
717.50000000	4.41790
718.00000000	4.41493
718.50000000	4.41320
719.00000000	4.41221
719.50000000	4.41067
720.00000000	4.41036
720.50000000	4.40902
721.00000000	4.40737
721.50000000	4.40504
722.00000000	4.40270
722.50000000	4.39985
723.00000000	4.39666
723.50000000	4.39546
724.00000000	4.39497
724.50000000	4.39501
725.00000000	4.39586
725.50000000	4.39650
726.00000000	4.39674
726.50000000	4.39805
727.00000000	4.39997
727.50000000	4.40022
728.00000000	4.40076
728.50000000	4.40148
729.00000000	4.40123
729.50000000	4.40267
730.00000000	4.40266
730.50000000	4.40294
731.00000000	4.40246
731.50000000	4.40247
732.00000000	4.40238
732.50000000	4.40333
733.00000000	4.40444
733.50000000	4.40538
734.00000000	4.40456
734.50000000	4.40409
735.00000000	4.40300
735.50000000	4.40150
736.00000000	4.39968
736.50000000	4.39798
737.00000000	4.39590
737.50000000	4.39447
738.00000000	4.39225
738.50000000	4.38951
739.00000000	4.38845
739.50000000	4.38705
740.00000000	4.38555
740.50000000	4.38586
741.00000000	4.38523
741.50000000	4.38432
742.00000000	4.38370
742.50000000	4.38394
743.00000000	4.38405
743.50000000	4.38357
744.00000000	4.38242
744.50000000	4.38098
745.00000000	4.37927
745.50000000	4.37780
746.00000000	4.37568
746.50000000	4.37336
747.00000000	4.36946
747.50000000	4.36749
748.00000000	4.36556
748.50000000	4.36302
749.00000000	4.36008
749.50000000	4.35620
750.00000000	4.35204
750.50000000	4.34962
751.00000000	4.34591
751.50000000	4.34281
752.00000000	4.33964
752.50000000	4.33648
753.00000000	4.33347
753.50000000	4.33073
754.00000000	4.32936
754.50000000	4.32792
755.00000000	4.32602
755.50000000	4.32456
756.00000000	4.32427
756.50000000	4.32589
757.00000000	4.32909
757.50000000	4.33142
758.00000000	4.33321
758.50000000	4.33521
759.00000000	4.33700
759.50000000	4.33826
760.00000000	4.33957
760.50000000	4.34073
761.00000000	4.33999
761.50000000	4.34058
762.00000000	4.34047
762.50000000	4.34045
763.00000000	4.34121
763.50000000	4.34099
764.00000000	4.34158
764.50000000	4.34036
765.00000000	4.33899
765.50000000	4.33910
766.00000000	4.33963
766.50000000	4.33848
767.00000000	4.33629
767.50000000	4.33411
768.00000000	4.33100
768.50000000	4.32908
769.00000000	4.32754
769.50000000	4.32668
770.00000000	4.32665
770.50000000	4.32467
771.00000000	4.32323
771.50000000	4.32219
772.00000000	4.32122
772.50000000	4.31965
773.00000000	4.31816
773.50000000	4.31593
774.00000000	4.31318
774.50000000	4.31087
775.00000000	4.30829
775.50000000	4.30479
776.00000000	4.30334
776.50000000	4.30217
777.00000000	4.29964
777.50000000	4.29830
778.00000000	4.29543
778.50000000	4.29312
779.00000000	4.29047
779.50000000	4.28833
780.00000000	4.28816
780.50000000	4.28697
781.00000000	4.28504
781.50000000	4.28245
782.00000000	4.28003
782.50000000	4.27745
783.00000000	4.27569
783.50000000	4.27373
784.00000000	4.27226
784.50000000	4.27206
785.00000000	4.27201
785.50000000	4.27205
786.00000000	4.27222
786.50000000	4.27325
787.00000000	4.27425
787.50000000	4.27442
788.00000000	4.27496
788.50000000	4.27556
789.00000000	4.27618
789.50000000	4.27652
790.00000000	4.27660
790.50000000	4.27530
791.00000000	4.27371
791.50000000	4.27295
792.00000000	4.27211
792.50000000	4.27113
793.00000000	4.26998
793.50000000	4.26864
794.00000000	4.26662
794.50000000	4.26710
795.00000000	4.26689
795.50000000	4.26670
796.00000000	4.26579
796.50000000	4.26638
797.00000000	4.26946
797.50000000	4.27154
798.00000000	4.27516
798.50000000	4.27897
799.00000000	4.28210
799.50000000	4.28455
800.00000000	4.28547
800.50000000	4.28589
801.00000000	4.28696
801.50000000	4.28846
802.00000000	4.29001
802.50000000	4.29050
803.00000000	4.29122
803.50000000	4.29213
804.00000000	4.29368
804.50000000	4.29671
805.00000000	4.29983
805.50000000	4.30288
806.00000000	4.30702
806.50000000	4.30949
807.00000000	4.31179
807.50000000	4.31441
808.00000000	4.31748
808.50000000	4.31994
809.00000000	4.32113
809.50000000	4.32423
810.00000000	4.32736
810.50000000	4.33000
811.00000000	4.33344
811.50000000	4.33645
812.00000000	4.33919
812.50000000	4.34230
813.00000000	4.34566
813.50000000	4.34797
814.00000000	4.34973
814.50000000	4.35074
815.00000000	4.35158
815.50000000	4.35091
816.00000000	4.34908
816.50000000	4.34751
817.00000000	4.34721
817.50000000	4.34778
818.00000000	4.34801
818.50000000	4.34797
819.00000000	4.34934
819.50000000	4.35099
820.00000000	4.35239
820.50000000	4.35290
821.00000000	4.35430
821.50000000	4.35589
822.00000000	4.35889
822.50000000	4.36109
823.00000000	4.36325
823.50000000	4.36516
824.00000000	4.36570
824.50000000	4.36614
825.00000000	4.36804
825.50000000	4.36799
826.00000000	4.36680
826.50000000	4.36415
827.00000000	4.36329
827.50000000	4.36244
828.00000000	4.36148
828.50000000	4.36018
829.00000000	4.35958
829.50000000	4.35821
830.00000000	4.35668
830.50000000	4.35594
831.00000000	4.35398
831.50000000	4.35341
832.00000000	4.35242
832.50000000	4.35037
833.00000000	4.34773
833.50000000	4.34391
834.00000000	4.33953
834.50000000	4.33471
835.00000000	4.33061
835.50000000	4.32464
836.00000000	4.32123
836.50000000	4.31741
837.00000000	4.31528
837.50000000	4.31350
838.00000000	4.31184
838.50000000	4.31037
839.00000000	4.30875
839.50000000	4.30644
840.00000000	4.30397
840.50000000	4.30094
841.00000000	4.29777
841.50000000	4.29523
842.00000000	4.29275
842.50000000	4.28998
843.00000000	4.28725
843.50000000	4.28596
844.00000000	4.28412
844.50000000	4.28242
845.00000000	4.28007
845.50000000	4.27911
846.00000000	4.27792
846.50000000	4.27774
847.00000000	4.27780
847.50000000	4.27777
848.00000000	4.27864
848.50000000	4.28004
849.00000000	4.28028
849.50000000	4.27989
850.00000000	4.28120
850.50000000	4.28118
851.00000000	4.28174
851.50000000	4.28236
852.00000000	4.28329
852.50000000	4.28316
853.00000000	4.28230
853.50000000	4.28034
854.00000000	4.27926
854.50000000	4.27741
855.00000000	4.27554
855.50000000	4.27364
856.00000000	4.27329
856.50000000	4.27446
857.00000000	4.27628
857.50000000	4.27595
858.00000000	4.27707
858.50000000	4.27791
859.00000000	4.27858
859.50000000	4.27847
860.00000000	4.27811
860.50000000	4.27793
861.00000000	4.27725
861.50000000	4.27698
862.00000000	4.27698
862.50000000	4.27805
863.00000000	4.27811
863.50000000	4.27931
864.00000000	4.28113
864.50000000	4.28324
865.00000000	4.28547
865.50000000	4.28832
866.00000000	4.29051
866.50000000	4.29163
867.00000000	4.29439
867.50000000	4.29658
868.00000000	4.29926
868.50000000	4.30263
869.00000000	4.30634
869.50000000	4.31098
870.00000000	4.31482
870.50000000	4.31983
871.00000000	4.32337
871.50000000	4.32758
872.00000000	4.33214
872.50000000	4.33645
873.00000000	4.34052
873.50000000	4.34599
874.00000000	4.35170
874.50000000	4.35556
875.00000000	4.35741
875.50000000	4.35807
876.00000000	4.36014
876.50000000	4.36332
877.00000000	4.36553
877.50000000	4.36810
878.00000000	4.37031
878.50000000	4.37190
879.00000000	4.37395
879.50000000	4.37560
880.00000000	4.37733
880.50000000	4.37900
881.00000000	4.38118
881.50000000	4.38265
882.00000000	4.38367
882.50000000	4.38464
883.00000000	4.38736
883.50000000	4.39009
884.00000000	4.39374
884.50000000	4.39760
885.00000000	4.40022
885.50000000	4.40339
886.00000000	4.40562
886.50000000	4.40867
887.00000000	4.40997
887.50000000	4.41109
888.00000000	4.41202
888.50000000	4.41534
889.00000000	4.41742
889.50000000	4.41825
890.00000000	4.41829
890.50000000	4.41993
891.00000000	4.42146
891.50000000	4.42251
892.00000000	4.42390
892.50000000	4.42666
893.00000000	4.42910
893.50000000	4.43308
894.00000000	4.43595
894.50000000	4.43948
895.00000000	4.44291
895.50000000	4.44438
896.00000000	4.44667
896.50000000	4.44808
897.00000000	4.44963
897.50000000	4.45088
898.00000000	4.45263
898.50000000	4.45631
899.00000000	4.46119
899.50000000	4.46548
900.00000000	4.47008
900.50000000	4.47485
901.00000000	4.47889
901.50000000	4.48333
902.00000000	4.48755
902.50000000	4.49143
903.00000000	4.49320
903.50000000	4.49492
904.00000000	4.49805
904.50000000	4.49846
905.00000000	4.49881
905.50000000	4.49862
906.00000000	4.49791
906.50000000	4.49634
907.00000000	4.49538
907.50000000	4.49363
908.00000000	4.49111
908.50000000	4.48937
909.00000000	4.48841
909.50000000	4.48751
910.00000000	4.48742
910.50000000	4.48598
911.00000000	4.48406
911.50000000	4.48176
912.00000000	4.48037
912.50000000	4.47997
913.00000000	4.47981
913.50000000	4.48039
914.00000000	4.47893
914.50000000	4.47784
915.00000000	4.47781
915.50000000	4.47738
916.00000000	4.47883
916.50000000	4.48090
917.00000000	4.48163
917.50000000	4.48207
918.00000000	4.48091
918.50000000	4.48056
919.00000000	4.48223
919.50000000	4.48421
920.00000000	4.48632
920.50000000	4.48933
921.00000000	4.49358
921.50000000	4.49751
922.00000000	4.50160
922.50000000	4.50582
923.00000000	4.50915
923.50000000	4.51124
924.00000000	4.51467
924.50000000	4.51762
925.00000000	4.51913
925.50000000	4.51954
926.00000000	4.51985
926.50000000	4.51946
927.00000000	4.51834
927.50000000	4.51774
928.00000000	4.51722
928.50000000	4.51580
929.00000000	4.51441
929.50000000	4.51439
930.00000000	4.51464
930.50000000	4.51738
931.00000000	4.51950
931.50000000	4.52086
932.00000000	4.52258
932.50000000	4.52494
933.00000000	4.52582
933.50000000	4.52695
934.00000000	4.52671
934.50000000	4.52424
935.00000000	4.52239
935.50000000	4.51948
936.00000000	4.51637
936.50000000	4.51392
937.00000000	4.51103
937.50000000	4.50879
938.00000000	4.50769
938.50000000	4.50615
939.00000000	4.50439
939.50000000	4.50352
940.00000000	4.50275
940.50000000	4.50344
941.00000000	4.50419
941.50000000	4.50457
942.00000000	4.50528
942.50000000	4.50579
943.00000000	4.50501
943.50000000	4.50517
944.00000000	4.50574
944.50000000	4.50448
945.00000000	4.50407
945.50000000	4.50374
946.00000000	4.50316
946.50000000	4.50288
947.00000000	4.50154
947.50000000	4.50017
948.00000000	4.49961
948.50000000	4.49870
949.00000000	4.49741
949.50000000	4.49541
950.00000000	4.49340
950.50000000	4.49059
951.00000000	4.48747
951.50000000	4.48401
952.00000000	4.48125
952.50000000	4.47927
953.00000000	4.47741
953.50000000	4.47698
954.00000000	4.47528
954.50000000	4.47527
955.00000000	4.47571
955.50000000	4.47526
956.00000000	4.47600
956.50000000	4.47625
957.00000000	4.47653
957.50000000	4.47749
958.00000000	4.47781
958.50000000	4.47762
959.00000000	4.47745
959.50000000	4.47712
960.00000000	4.47751
960.50000000	4.47887
961.00000000	4.48115
961.50000000	4.48316
962.00000000	4.48479
962.50000000	4.48567
963.00000000	4.48679
963.50000000	4.48810
964.00000000	4.48735
964.50000000	4.48773
965.00000000	4.48675
965.50000000	4.48610
966.00000000	4.48526
966.50000000	4.48217
967.00000000	4.47941
967.50000000	4.47689
968.00000000	4.47419
968.50000000	4.47131
969.00000000	4.47083
969.50000000	4.46995
970.00000000	4.46917
970.50000000	4.46802
971.00000000	4.46471
971.50000000	4.46064
972.00000000	4.45758
972.50000000	4.45433
973.00000000	4.45101
973.50000000	4.44782
974.00000000	4.44559
974.50000000	4.44264
975.00000000	4.43872
975.50000000	4.43415
976.00000000	4.43023
976.50000000	4.42523
977.00000000	4.42218
977.50000000	4.41928
978.00000000	4.41526
978.50000000	4.41215
979.00000000	4.40818
979.50000000	4.40453
980.00000000	4.40091
980.50000000	4.39727
981.00000000	4.39274
981.50000000	4.38880
982.00000000	4.38529
982.50000000	4.38330
983.00000000	4.38252
983.50000000	4.38256
984.00000000	4.38422
984.50000000	4.38552
985.00000000	4.38752
985.50000000	4.38721
986.00000000	4.38683
986.50000000	4.38699
987.00000000	4.38679
987.50000000	4.38665
988.00000000	4.38764
988.50000000	4.39064
989.00000000	4.39299
989.50000000	4.39556
990.00000000	4.39788
990.50000000	4.39889
991.00000000	4.40042
991.50000000	4.40050
992.00000000	4.40136
992.50000000	4.40056
993.00000000	4.39833
993.50000000	4.39633
994.00000000	4.39378
994.50000000	4.39118
995.00000000	4.38776
995.50000000	4.38398
996.00000000	4.37980
996.50000000	4.37726
997.00000000	4.37464
997.50000000	4.37198
998.00000000	4.36857
998.50000000	4.36419
999.00000000	4.36185
999.50000000	4.35989
1000.00000000	4.35902
1000.50000000	4.35768
1001.00000000	4.35411
1001.50000000	4.35197
1002.00000000	4.34944
1002.50000000	4.34847
1003.00000000	4.34946
1003.50000000	4.35045
1004.00000000	4.35098
1004.50000000	4.35114
1005.00000000	4.35157
1005.50000000	4.35150
1006.00000000	4.35262
1006.50000000	4.35229
1007.00000000	4.35205
1007.50000000	4.35082
1008.00000000	4.35019
1008.50000000	4.35178
1009.00000000	4.35431
1009.50000000	4.35603
1010.00000000	4.35820
1010.50000000	4.36013
1011.00000000	4.36248
1011.50000000	4.36458
1012.00000000	4.36765
1012.50000000	4.37065
1013.00000000	4.37347
1013.50000000	4.37557
1014.00000000	4.37729
1014.50000000	4.37917
1015.00000000	4.37952
1015.50000000	4.37893
1016.00000000	4.37871
1016.50000000	4.37811
1017.00000000	4.37959
1017.50000000	4.38091
1018.00000000	4.38259
1018.50000000	4.38503
1019.00000000	4.38757
1019.50000000	4.38818
1020.00000000	4.38842
1020.50000000	4.38743
1021.00000000	4.38524
1021.50000000	4.38279
1022.00000000	4.38027
1022.50000000	4.37787
1023.00000000	4.37419
1023.50000000	4.37193
1024.00000000	4.37038
1024.50000000	4.36841
1025.00000000	4.36696
1025.50000000	4.36536
1026.00000000	4.36313
1026.50000000	4.36155
1027.00000000	4.35944
1027.50000000	4.35780
1028.00000000	4.35657
1028.50000000	4.35469
1029.00000000	4.35401
1029.50000000	4.35471
1030.00000000	4.35565
1030.50000000	4.35647
1031.00000000	4.35705
1031.50000000	4.35763
1032.00000000	4.35827
1032.50000000	4.35958
1033.00000000	4.36029
1033.50000000	4.36120
1034.00000000	4.36228
1034.50000000	4.36141
1035.00000000	4.36251
1035.50000000	4.36291
1036.00000000	4.36304
1036.50000000	4.36221
1037.00000000	4.36067
1037.50000000	4.35742
1038.00000000	4.35519
1038.50000000	4.35313
1039.00000000	4.35169
1039.50000000	4.35157
1040.00000000	4.35196
1040.50000000	4.35245
1041.00000000	4.35322
1041.50000000	4.35396
1042.00000000	4.35347
1042.50000000	4.35276
1043.00000000	4.35094
1043.50000000	4.34879
1044.00000000	4.34832
1044.50000000	4.34887
1045.00000000	4.34873
1045.50000000	4.34936
1046.00000000	4.34916
1046.50000000	4.35015
1047.00000000	4.35200
1047.50000000	4.35318
1048.00000000	4.35533
1048.50000000	4.35785
1049.00000000	4.36113
1049.50000000	4.36526
1050.00000000	4.36685
1050.50000000	4.36855
1051.00000000	4.37077
1051.50000000	4.37401
1052.00000000	4.37557
1052.50000000	4.37671
1053.00000000	4.37724
1053.50000000	4.37684
1054.00000000	4.37754
1054.50000000	4.37915
1055.00000000	4.37970
1055.50000000	4.37925
1056.00000000	4.38073
1056.50000000	4.38368
1057.00000000	4.38604
1057.50000000	4.38791
1058.00000000	4.39018
1058.50000000	4.39143
1059.00000000	4.39188
1059.50000000	4.39207
1060.00000000	4.39321
1060.50000000	4.39508
1061.00000000	4.39658
1061.50000000	4.39871
1062.00000000	4.39902
1062.50000000	4.39872
1063.00000000	4.39843
1063.50000000	4.39813
1064.00000000	4.39771
1064.50000000	4.39728
1065.00000000	4.39733
1065.50000000	4.39687
1066.00000000	4.39685
1066.50000000	4.39630
1067.00000000	4.39459
1067.50000000	4.39445
1068.00000000	4.39610
1068.50000000	4.39707
1069.00000000	4.39678
1069.50000000	4.39615
1070.00000000	4.39519
1070.50000000	4.39515
1071.00000000	4.39390
1071.50000000	4.39373
1072.00000000	4.39415
1072.50000000	4.39454
1073.00000000	4.39372
1073.50000000	4.39395
1074.00000000	4.39364
1074.50000000	4.39248
1075.00000000	4.39162
1075.50000000	4.39218
1076.00000000	4.39188
1076.50000000	4.39098
1077.00000000	4.38860
1077.50000000	4.38715
1078.00000000	4.38640
1078.50000000	4.38575
1079.00000000	4.38467
1079.50000000	4.38421
1080.00000000	4.38365
1080.50000000	4.38398
1081.00000000	4.38402
1081.50000000	4.38420
1082.00000000	4.38429
1082.50000000	4.38471
1083.00000000	4.38523
1083.50000000	4.38558
1084.00000000	4.38780
1084.50000000	4.39083
1085.00000000	4.39245
1085.50000000	4.39330
1086.00000000	4.39370
1086.50000000	4.39384
1087.00000000	4.39451
1087.50000000	4.39608
1088.00000000	4.39725
1088.50000000	4.39943
1089.00000000	4.40224
1089.50000000	4.40466
1090.00000000	4.40675
1090.50000000	4.40783
1091.00000000	4.40855
1091.50000000	4.40890
1092.00000000	4.40972
1092.50000000	4.41092
1093.00000000	4.41169
1093.50000000	4.41326
1094.00000000	4.41430
1094.50000000	4.41501
1095.00000000	4.41572
1095.50000000	4.41561
1096.00000000	4.41421
1096.50000000	4.41285
1097.00000000	4.41065
1097.50000000	4.40868
1098.00000000	4.40746
1098.50000000	4.40687
1099.00000000	4.40599
1099.50000000	4.40334
1100.00000000	4.40194
1100.50000000	4.40014
1101.00000000	4.39815
1101.50000000	4.39522
1102.00000000	4.39319
1102.50000000	4.39173
1103.00000000	4.39056
1103.50000000	4.39088
1104.00000000	4.38914
1104.50000000	4.38822
1105.00000000	4.38693
1105.50000000	4.38565
1106.00000000	4.38631
1106.50000000	4.38704
1107.00000000	4.38873
1107.50000000	4.38995
1108.00000000	4.39017
1108.50000000	4.38987
1109.00000000	4.38944
1109.50000000	4.38903
1110.00000000	4.38796
1110.50000000	4.38723
1111.00000000	4.38492
1111.50000000	4.38410
1112.00000000	4.38514
1112.50000000	4.38701
1113.00000000	4.38906
1113.50000000	4.39216
1114.00000000	4.39551
1114.50000000	4.39753
1115.00000000	4.40023
1115.50000000	4.40373
1116.00000000	4.40703
1116.50000000	4.41115
1117.00000000	4.41375
1117.50000000	4.41570
1118.00000000	4.41701
1118.50000000	4.41810
1119.00000000	4.41917
1119.50000000	4.41977
1120.00000000	4.42037
1120.50000000	4.42014
1121.00000000	4.41982
1121.50000000	4.41991
1122.00000000	4.41904
1122.50000000	4.41790
1123.00000000	4.41515
1123.50000000	4.41199
1124.00000000	4.40892
1124.50000000	4.40459
1125.00000000	4.40008
1125.50000000	4.39614
1126.00000000	4.39292
1126.50000000	4.38982
1127.00000000	4.38647
1127.50000000	4.38418
1128.00000000	4.38046
1128.50000000	4.37706
1129.00000000	4.37381
1129.50000000	4.37078
1130.00000000	4.36778
1130.50000000	4.36465
1131.00000000	4.36184
1131.50000000	4.35931
1132.00000000	4.35760
1132.50000000	4.35620
1133.00000000	4.35498
1133.50000000	4.35322
1134.00000000	4.35291
1134.50000000	4.35290
1135.00000000	4.35388
1135.50000000	4.35500
1136.00000000	4.35640
1136.50000000	4.35787
1137.00000000	4.35975
1137.50000000	4.36220
1138.00000000	4.36502
1138.50000000	4.36818
1139.00000000	4.37031
1139.50000000	4.37041
1140.00000000	4.37154
1140.50000000	4.37279
1141.00000000	4.37241
1141.50000000	4.37356
1142.00000000	4.37292
1142.50000000	4.37306
1143.00000000	4.37470
1143.50000000	4.37598
1144.00000000	4.37634
1144.50000000	4.37730
1145.00000000	4.37806
1145.50000000	4.37984
1146.00000000	4.38253
1146.50000000	4.38429
1147.00000000	4.38533
1147.50000000	4.38552
1148.00000000	4.38613
1148.50000000	4.38587
1149.00000000	4.38425
1149.50000000	4.38446
1150.00000000	4.38470
1150.50000000	4.38501
1151.00000000	4.38449
1151.50000000	4.38389
1152.00000000	4.38353
1152.50000000	4.38426
1153.00000000	4.38503
1153.50000000	4.38460
1154.00000000	4.38502
1154.50000000	4.38670
1155.00000000	4.38773
1155.50000000	4.38845
1156.00000000	4.38910
1156.50000000	4.38849
1157.00000000	4.38754
1157.50000000	4.38692
1158.00000000	4.38689
1158.50000000	4.38553
1159.00000000	4.38450
1159.50000000	4.38407
1160.00000000	4.38416
1160.50000000	4.38476
1161.00000000	4.38433
1161.50000000	4.38403
1162.00000000	4.38326
1162.50000000	4.38496
1163.00000000	4.38869
1163.50000000	4.39263
1164.00000000	4.39661
1164.50000000	4.40117
1165.00000000	4.40540
1165.50000000	4.40831
1166.00000000	4.41019
1166.50000000	4.41282
1167.00000000	4.41461
1167.50000000	4.41571
1168.00000000	4.41705
1168.50000000	4.42023
1169.00000000	4.42317
1169.50000000	4.42705
1170.00000000	4.43333
1170.50000000	4.43877
1171.00000000	4.44458
1171.50000000	4.45009
1172.00000000	4.45470
1172.50000000	4.45782
1173.00000000	4.46005
1173.50000000	4.46247
1174.00000000	4.46480
1174.50000000	4.46693
1175.00000000	4.46857
1175.50000000	4.47066
1176.00000000	4.47243
1176.50000000	4.47309
1177.00000000	4.47283
1177.50000000	4.47188
1178.00000000	4.47360
1178.50000000	4.47415
1179.00000000	4.47429
1179.50000000	4.47358
1180.00000000	4.47201
1180.50000000	4.46951
1181.00000000	4.46686
1181.50000000	4.46359
1182.00000000	4.46167
1182.50000000	4.46023
1183.00000000	4.45837
1183.50000000	4.45587
1184.00000000	4.45325
1184.50000000	4.45128
1185.00000000	4.44861
1185.50000000	4.44481
1186.00000000	4.44231
1186.50000000	4.44057
1187.00000000	4.43891
1187.50000000	4.43756
1188.00000000	4.43804
1188.50000000	4.43831
1189.00000000	4.43966
1189.50000000	4.43877
1190.00000000	4.43813
1190.50000000	4.43717
1191.00000000	4.43755
1191.50000000	4.44007
1192.00000000	4.44328
1192.50000000	4.44599
1193.00000000	4.44919
1193.50000000	4.45248
1194.00000000	4.45552
1194.50000000	4.45858
1195.00000000	4.45996
1195.50000000	4.46248
1196.00000000	4.46598
1196.50000000	4.46897
1197.00000000	4.47240
1197.50000000	4.47509
1198.00000000	4.47724
1198.50000000	4.47899
1199.00000000	4.48224
1199.50000000	4.48624
1200.00000000	4.48996
1200.50000000	4.49301
1201.00000000	4.49585
1201.50000000	4.49882
1202.00000000	4.50205
1202.50000000	4.50663
1203.00000000	4.51081
1203.50000000	4.51637
1204.00000000	4.52027
1204.50000000	4.52289
1205.00000000	4.52608
1205.50000000	4.52808
1206.00000000	4.53092
1206.50000000	4.53282
1207.00000000	4.53339
1207.50000000	4.53287
1208.00000000	4.53432
1208.50000000	4.53663
1209.00000000	4.53875
1209.50000000	4.54070
1210.00000000	4.54150
1210.50000000	4.54115
1211.00000000	4.54047
1211.50000000	4.54015
1212.00000000	4.53842
1212.50000000	4.53644
1213.00000000	4.53349
1213.50000000	4.53190
1214.00000000	4.53072
1214.50000000	4.53058
1215.00000000	4.52993
1215.50000000	4.52922
1216.00000000	4.52835
1216.50000000	4.52901
1217.00000000	4.52883
1217.50000000	4.52889
1218.00000000	4.53000
1218.50000000	4.53058
1219.00000000	4.53083
1219.50000000	4.53116
1220.00000000	4.52979
1220.50000000	4.52967
1221.00000000	4.52953
1221.50000000	4.53089
1222.00000000	4.53116
1222.50000000	4.53269
1223.00000000	4.53287
1223.50000000	4.53337
1224.00000000	4.53384
1224.50000000	4.53549
1225.00000000	4.53615
1225.50000000	4.53627
1226.00000000	4.53533
1226.50000000	4.53437
1227.00000000	4.53262
1227.50000000	4.53068
1228.00000000	4.53008
1228.50000000	4.52815
1229.00000000	4.52529
1229.50000000	4.51966
1230.00000000	4.51481
1230.50000000	4.51056
1231.00000000	4.50728
1231.50000000	4.50334
1232.00000000	4.49947
1232.50000000	4.49657
1233.00000000	4.49306
1233.50000000	4.48995
1234.00000000	4.48712
1234.50000000	4.48331
1235.00000000	4.48058
1235.50000000	4.47675
1236.00000000	4.47201
1236.50000000	4.46708
1237.00000000	4.46303
1237.50000000	4.45901
1238.00000000	4.45462
1238.50000000	4.45147
1239.00000000	4.44955
1239.50000000	4.44809
1240.00000000	4.44637
1240.50000000	4.44465
1241.00000000	4.44247
1241.50000000	4.44045
1242.00000000	4.43968
1242.50000000	4.43814
1243.00000000	4.43622
1243.50000000	4.43477
1244.00000000	4.43451
1244.50000000	4.43433
1245.00000000	4.43422
1245.50000000	4.43318
1246.00000000	4.43200
1246.50000000	4.43215
1247.00000000	4.43170
1247.50000000	4.43183
1248.00000000	4.43193
1248.50000000	4.43296
1249.00000000	4.43308
1249.50000000	4.43280
1250.00000000	4.43265
1250.50000000	4.43300
1251.00000000	4.43232
1251.50000000	4.43133
1252.00000000	4.42997
1252.50000000	4.42886
1253.00000000	4.42850
1253.50000000	4.43054
1254.00000000	4.43346
1254.50000000	4.43566
1255.00000000	4.43861
1255.50000000	4.44097
1256.00000000	4.44277
1256.50000000	4.44514
1257.00000000	4.44815
1257.50000000	4.44972
1258.00000000	4.45175
1258.50000000	4.45316
1259.00000000	4.45433
1259.50000000	4.45563
1260.00000000	4.45654
1260.50000000	4.45670
1261.00000000	4.45580
1261.50000000	4.45411
1262.00000000	4.45391
1262.50000000	4.45493
1263.00000000	4.45493
1263.50000000	4.45580
1264.00000000	4.45586
1264.50000000	4.45642
1265.00000000	4.45859
1265.50000000	4.46107
1266.00000000	4.46232
1266.50000000	4.46347
1267.00000000	4.46493
1267.50000000	4.46617
1268.00000000	4.46697
1268.50000000	4.46709
1269.00000000	4.46757
1269.50000000	4.46775
1270.00000000	4.46741
1270.50000000	4.46706
1271.00000000	4.46533
1271.50000000	4.46378
1272.00000000	4.46384
1272.50000000	4.46320
1273.00000000	4.46271
1273.50000000	4.46179
1274.00000000	4.45812
1274.50000000	4.45479
1275.00000000	4.45306
1275.50000000	4.45058
1276.00000000	4.44700
1276.50000000	4.44449
1277.00000000	4.44209
1277.50000000	4.44027
1278.00000000	4.43881
1278.50000000	4.43648
1279.00000000	4.43500
1279.50000000	4.43503
1280.00000000	4.43336
1280.50000000	4.43265
1281.00000000	4.43134
1281.50000000	4.43146
1282.00000000	4.43086
1282.50000000	4.43042
1283.00000000	4.43016
1283.50000000	4.43065
1284.00000000	4.43201
1284.50000000	4.43303
1285.00000000	4.43418
1285.50000000	4.43556
1286.00000000	4.43565
1286.50000000	4.43338
1287.00000000	4.43123
1287.50000000	4.43110
1288.00000000	4.43188
1288.50000000	4.43305
1289.00000000	4.43401
1289.50000000	4.43409
1290.00000000	4.43320
1290.50000000	4.43182
1291.00000000	4.43131
1291.50000000	4.43011
1292.00000000	4.43003
1292.50000000	4.43097
1293.00000000	4.43169
1293.50000000	4.43135
1294.00000000	4.43139
1294.50000000	4.43266
1295.00000000	4.43304
1295.50000000	4.43361
1296.00000000	4.43247
1296.50000000	4.43012
1297.00000000	4.42930
1297.50000000	4.42822
1298.00000000	4.42910
1298.50000000	4.43008
1299.00000000	4.42839
1299.50000000	4.42739
1300.00000000	4.42605
1300.50000000	4.42653
1301.00000000	4.42703
1301.50000000	4.42679
1302.00000000	4.42680
1302.50000000	4.42621
1303.00000000	4.42618
1303.50000000	4.42655
1304.00000000	4.42725
1304.50000000	4.42761
1305.00000000	4.42840
1305.50000000	4.42877
1306.00000000	4.43004
1306.50000000	4.43029
1307.00000000	4.43161
1307.50000000	4.43370
1308.00000000	4.43665
1308.50000000	4.43866
1309.00000000	4.44140
1309.50000000	4.44340
1310.00000000	4.44458
1310.50000000	4.44747
1311.00000000	4.44921
1311.50000000	4.45144
1312.00000000	4.45367
1312.50000000	4.45536
1313.00000000	4.45580
1313.50000000	4.45675
1314.00000000	4.45744
1314.50000000	4.45769
1315.00000000	4.45645
1315.50000000	4.45415
1316.00000000	4.45308
1316.50000000	4.45087
1317.00000000	4.44998
1317.50000000	4.44843
1318.00000000	4.44766
1318.50000000	4.44736
1319.00000000	4.44707
1319.50000000	4.44873
1320.00000000	4.45067
1320.50000000	4.45173
1321.00000000	4.45347
1321.50000000	4.45548
1322.00000000	4.45637
1322.50000000	4.45843
1323.00000000	4.45854
1323.50000000	4.45999
1324.00000000	4.46041
1324.50000000	4.46152
1325.00000000	4.46434
1325.50000000	4.46695
1326.00000000	4.46843
1326.50000000	4.47058
1327.00000000	4.47540
1327.50000000	4.47916
1328.00000000	4.48263
1328.50000000	4.48541
1329.00000000	4.48817
1329.50000000	4.49151
1330.00000000	4.49428
1330.50000000	4.49584
1331.00000000	4.49768
1331.50000000	4.49876
1332.00000000	4.49781
1332.50000000	4.49737
1333.00000000	4.49678
1333.50000000	4.49658
1334.00000000	4.49536
1334.50000000	4.49292
1335.00000000	4.49092
1335.50000000	4.48871
1336.00000000	4.48866
1336.50000000	4.49044
1337.00000000	4.49091
1337.50000000	4.49200
1338.00000000	4.49211
1338.50000000	4.49048
1339.00000000	4.48863
1339.50000000	4.48736
1340.00000000	4.48658
1340.50000000	4.48564
1341.00000000	4.48401
1341.50000000	4.48309
1342.00000000	4.48113
1342.50000000	4.48010
1343.00000000	4.47862
1343.50000000	4.47747
1344.00000000	4.47586
1344.50000000	4.47391
1345.00000000	4.47308
1345.50000000	4.47103
1346.00000000	4.46860
1346.50000000	4.46757
1347.00000000	4.46517
1347.50000000	4.46423
1348.00000000	4.46227
1348.50000000	4.45977
1349.00000000	4.45757
1349.50000000	4.45523
1350.00000000	4.45356
1350.50000000	4.45254
1351.00000000	4.45154
1351.50000000	4.45017
1352.00000000	4.44829
1352.50000000	4.44685
1353.00000000	4.44504
1353.50000000	4.44365
1354.00000000	4.44285
1354.50000000	4.44174
1355.00000000	4.44043
1355.50000000	4.43965
1356.00000000	4.43932
1356.50000000	4.44048
1357.00000000	4.44289
1357.50000000	4.44491
1358.00000000	4.44586
1358.50000000	4.44776
1359.00000000	4.44851
1359.50000000	4.44948
1360.00000000	4.45110
1360.50000000	4.45397
1361.00000000	4.45715
1361.50000000	4.45890
1362.00000000	4.46104
1362.50000000	4.46480
1363.00000000	4.46842
1363.50000000	4.47087
1364.00000000	4.47356
1364.50000000	4.47573
1365.00000000	4.47841
1365.50000000	4.48086
1366.00000000	4.48364
1366.50000000	4.48530
1367.00000000	4.48745
1367.50000000	4.49071
1368.00000000	4.49481
1368.50000000	4.49824
1369.00000000	4.50066
1369.50000000	4.50359
1370.00000000	4.50643
1370.50000000	4.50925
1371.00000000	4.51246
1371.50000000	4.51614
1372.00000000	4.51942
1372.50000000	4.52271
1373.00000000	4.52677
1373.50000000	4.53088
1374.00000000	4.53522
1374.50000000	4.53856
1375.00000000	4.54168
1375.50000000	4.54625
1376.00000000	4.55089
1376.50000000	4.55422
1377.00000000	4.55631
1377.50000000	4.55740
1378.00000000	4.55752
1378.50000000	4.55869
1379.00000000	4.56172
1379.50000000	4.56400
1380.00000000	4.56735
1380.50000000	4.57115
1381.00000000	4.57492
1381.50000000	4.57830
1382.00000000	4.58034
1382.50000000	4.58214
1383.00000000	4.58343
1383.50000000	4.58557
1384.00000000	4.58624
1384.50000000	4.58483
1385.00000000	4.58476
1385.50000000	4.58369
1386.00000000	4.58371
1386.50000000	4.58344
1387.00000000	4.58286
1387.50000000	4.58423
1388.00000000	4.58532
1388.50000000	4.58584
1389.00000000	4.58569
1389.50000000	4.58549
1390.00000000	4.58736
1390.50000000	4.58787
1391.00000000	4.58832
1391.50000000	4.58865
1392.00000000	4.58890
1392.50000000	4.58830
1393.00000000	4.58837
1393.50000000	4.58885
1394.00000000	4.59029
1394.50000000	4.59054
1395.00000000	4.58976
1395.50000000	4.58876
1396.00000000	4.58777
1396.50000000	4.58677
1397.00000000	4.58486
1397.50000000	4.58282
1398.00000000	4.58125
1398.50000000	4.58025
1399.00000000	4.57983
1399.50000000	4.57938
1400.00000000	4.58011
1400.50000000	4.58034
1401.00000000	4.58140
1401.50000000	4.58165
1402.00000000	4.58164
1402.50000000	4.58089
1403.00000000	4.58067
1403.50000000	4.58107
1404.00000000	4.58045
1404.50000000	4.57922
1405.00000000	4.57824
1405.50000000	4.57891
1406.00000000	4.58004
1406.50000000	4.58184
1407.00000000	4.58365
1407.50000000	4.58560
1408.00000000	4.58755
1408.50000000	4.58919
1409.00000000	4.59273
1409.50000000	4.59670
1410.00000000	4.60151
1410.50000000	4.60581
1411.00000000	4.61011
1411.50000000	4.61434
1412.00000000	4.61893
1412.50000000	4.62265
1413.00000000	4.62563
1413.50000000	4.62800
1414.00000000	4.63062
1414.50000000	4.63412
1415.00000000	4.63951
1415.50000000	4.64593
1416.00000000	4.65064
1416.50000000	4.65610
1417.00000000	4.65980
1417.50000000	4.66321
1418.00000000	4.66740
1418.50000000	4.67167
1419.00000000	4.67465
1419.50000000	4.67756
1420.00000000	4.68027
1420.50000000	4.68320
1421.00000000	4.68620
1421.50000000	4.69038
1422.00000000	4.69429
1422.50000000	4.69854
1423.00000000	4.70010
1423.50000000	4.70004
1424.00000000	4.69967
1424.50000000	4.69877
1425.00000000	4.69953
1425.50000000	4.69980
1426.00000000	4.69973
1426.50000000	4.69790
1427.00000000	4.69642
1427.50000000	4.69657
1428.00000000	4.69710
1428.50000000	4.69810
1429.00000000	4.70027
1429.50000000	4.70293
1430.00000000	4.70598
1430.50000000	4.70981
1431.00000000	4.71323
1431.50000000	4.71543
1432.00000000	4.71810
1432.50000000	4.72087
1433.00000000	4.72418
1433.50000000	4.72772
1434.00000000	4.72912
1434.50000000	4.73029
1435.00000000	4.73003
1435.50000000	4.72969
1436.00000000	4.73017
1436.50000000	4.73142
1437.00000000	4.73288
1437.50000000	4.73521
1438.00000000	4.73730
1438.50000000	4.74076
1439.00000000	4.74508
1439.50000000	4.74889
1440.00000000	4.75218
1440.50000000	4.75606
1441.00000000	4.75942
1441.50000000	4.76241
1442.00000000	4.76507
1442.50000000	4.76651
1443.00000000	4.76676
1443.50000000	4.76663
1444.00000000	4.76492
1444.50000000	4.76267
1445.00000000	4.76230
1445.50000000	4.76380
1446.00000000	4.76336
1446.50000000	4.76368
1447.00000000	4.76552
1447.50000000	4.76688
1448.00000000	4.76903
1448.50000000	4.76944
1449.00000000	4.76942
1449.50000000	4.77038
1450.00000000	4.77120
1450.50000000	4.77106
1451.00000000	4.76953
1451.50000000	4.76764
1452.00000000	4.76523
1452.50000000	4.76185
1453.00000000	4.75919
1453.50000000	4.75807
1454.00000000	4.75743
1454.50000000	4.75753
1455.00000000	4.75743
1455.50000000	4.75596
1456.00000000	4.75599
1456.50000000	4.75368
1457.00000000	4.75117
1457.50000000	4.74943
1458.00000000	4.74836
1458.50000000	4.74759
1459.00000000	4.74893
1459.50000000	4.75216
1460.00000000	4.75514
1460.50000000	4.75698
1461.00000000	4.75807
1461.50000000	4.75835
1462.00000000	4.75852
1462.50000000	4.75824
1463.00000000	4.75873
1463.50000000	4.75965
1464.00000000	4.76147
1464.50000000	4.76430
1465.00000000	4.76631
1465.50000000	4.76838
1466.00000000	4.77167
1466.50000000	4.77478
1467.00000000	4.77815
1467.50000000	4.78102
1468.00000000	4.78457
1468.50000000	4.78912
1469.00000000	4.79305
1469.50000000	4.79736
1470.00000000	4.80113
1470.50000000	4.80496
1471.00000000	4.80778
1471.50000000	4.81155
1472.00000000	4.81404
1472.50000000	4.81858
1473.00000000	4.82180
1473.50000000	4.82411
1474.00000000	4.82608
1474.50000000	4.82641
1475.00000000	4.82645
1475.50000000	4.82655
1476.00000000	4.82726
1476.50000000	4.82991
1477.00000000	4.83285
1477.50000000	4.83702
1478.00000000	4.84009
1478.50000000	4.84436
1479.00000000	4.84793
1479.50000000	4.85054
1480.00000000	4.85233
1480.50000000	4.85428
1481.00000000	4.85698
1481.50000000	4.86023
1482.00000000	4.86489
1482.50000000	4.86978
1483.00000000	4.87429
1483.50000000	4.87690
1484.00000000	4.87964
1484.50000000	4.88263
1485.00000000	4.88621
1485.50000000	4.89019
1486.00000000	4.89347
1486.50000000	4.89685
1487.00000000	4.89999
1487.50000000	4.90429
1488.00000000	4.90924
1488.50000000	4.91401
1489.00000000	4.91769
1489.50000000	4.91981
1490.00000000	4.92032
1490.50000000	4.91940
1491.00000000	4.91874
1491.50000000	4.91961
1492.00000000	4.92101
1492.50000000	4.92249
1493.00000000	4.92336
1493.50000000	4.92384
1494.00000000	4.92570
1494.50000000	4.92709
1495.00000000	4.92911
1495.50000000	4.93121
1496.00000000	4.93394
1496.50000000	4.93716
1497.00000000	4.94056
1497.50000000	4.94365
1498.00000000	4.94590
1498.50000000	4.94893
1499.00000000	4.95224
1499.50000000	4.95555
1500.00000000	4.95801
1500.50000000	4.95868
1501.00000000	4.95980
1501.50000000	4.96043
1502.00000000	4.96085
1502.50000000	4.96195
1503.00000000	4.96367
1503.50000000	4.96661
1504.00000000	4.96782
1504.50000000	4.96967
1505.00000000	4.97137
1505.50000000	4.97197
1506.00000000	4.97211
1506.50000000	4.97299
1507.00000000	4.97276
1507.50000000	4.97157
1508.00000000	4.97022
1508.50000000	4.96921
1509.00000000	4.96722
1509.50000000	4.96316
1510.00000000	4.95972
1510.50000000	4.95807
1511.00000000	4.95619
1511.50000000	4.95499
1512.00000000	4.95264
1512.50000000	4.95068
1513.00000000	4.94940
1513.50000000	4.94912
1514.00000000	4.94767
1514.50000000	4.94637
1515.00000000	4.94541
1515.50000000	4.94372
1516.00000000	4.94254
1516.50000000	4.94258
1517.00000000	4.94252
1517.50000000	4.94336
1518.00000000	4.94439
1518.50000000	4.94428
1519.00000000	4.94520
1519.50000000	4.94470
1520.00000000	4.94639
1520.50000000	4.94732
1521.00000000	4.94885
1521.50000000	4.95037
1522.00000000	4.95162
1522.50000000	4.95317
1523.00000000	4.95282
1523.50000000	4.95430
1524.00000000	4.95618
1524.50000000	4.95638
1525.00000000	4.95671
1525.50000000	4.95865
1526.00000000	4.96181
1526.50000000	4.96577
1527.00000000	4.96818
1527.50000000	4.96950
1528.00000000	4.97228
1528.50000000	4.97414
1529.00000000	4.97607
1529.50000000	4.97840
1530.00000000	4.98078
1530.50000000	4.98355
1531.00000000	4.98602
1531.50000000	4.98811
1532.00000000	4.98914
1532.50000000	4.98901
1533.00000000	4.98867
1533.50000000	4.98833
1534.00000000	4.98900
1534.50000000	4.98897
1535.00000000	4.99041
1535.50000000	4.99144
1536.00000000	4.99153
1536.50000000	4.99186
1537.00000000	4.99221
1537.50000000	4.99205
1538.00000000	4.99166
1538.50000000	4.99141
1539.00000000	4.99104
1539.50000000	4.99060
1540.00000000	4.98951
1540.50000000	4.98910
1541.00000000	4.98835
1541.50000000	4.98843
1542.00000000	4.98891
1542.50000000	4.98994
1543.00000000	4.98920
1543.50000000	4.98901
1544.00000000	4.98886
1544.50000000	4.98837
1545.00000000	4.98856
1545.50000000	4.98919
1546.00000000	4.98876
1546.50000000	4.98872
1547.00000000	4.98910
1547.50000000	4.98834
1548.00000000	4.98806
1548.50000000	4.98724
1549.00000000	4.98649
1549.50000000	4.98510
1550.00000000	4.98453
1550.50000000	4.98376
1551.00000000	4.98438
1551.50000000	4.98532
1552.00000000	4.98414
1552.50000000	4.98320
1553.00000000	4.98260
1553.50000000	4.98403
1554.00000000	4.98623
1554.50000000	4.98837
1555.00000000	4.99091
1555.50000000	4.99158
1556.00000000	4.99201
1556.50000000	4.99341
1557.00000000	4.99289
1557.50000000	4.99302
1558.00000000	4.99127
1558.50000000	4.98896
1559.00000000	4.98661
1559.50000000	4.98486
1560.00000000	4.98375
1560.50000000	4.98113
1561.00000000	4.97783
1561.50000000	4.97352
1562.00000000	4.97009
1562.50000000	4.96700
1563.00000000	4.96325
1563.50000000	4.96010
1564.00000000	4.95717
1564.50000000	4.95405
1565.00000000	4.95111
1565.50000000	4.95087
1566.00000000	4.95006
1566.50000000	4.94850
1567.00000000	4.94660
1567.50000000	4.94598
1568.00000000	4.94406
1568.50000000	4.94127
1569.00000000	4.93842
1569.50000000	4.93537
1570.00000000	4.93169
1570.50000000	4.92813
1571.00000000	4.92606
1571.50000000	4.92325
1572.00000000	4.92094
1572.50000000	4.91888
1573.00000000	4.91807
1573.50000000	4.91709
1574.00000000	4.91644
1574.50000000	4.91847
1575.00000000	4.91958
1575.50000000	4.91981
1576.00000000	4.91760
1576.50000000	4.91565
1577.00000000	4.91440
1577.50000000	4.91270
1578.00000000	4.91019
1578.50000000	4.90695
1579.00000000	4.90487
1579.50000000	4.90332
1580.00000000	4.90253
1580.50000000	4.90258
1581.00000000	4.90281
1581.50000000	4.90320
1582.00000000	4.90374
1582.50000000	4.90408
1583.00000000	4.90353
1583.50000000	4.90357
1584.00000000	4.90132
1584.50000000	4.89985
1585.00000000	4.89792
1585.50000000	4.89553
1586.00000000	4.89542
1586.50000000	4.89572
1587.00000000	4.89631
1587.50000000	4.89678
1588.00000000	4.89938
1588.50000000	4.90143
1589.00000000	4.90236
1589.50000000	4.90387
1590.00000000	4.90567
1590.50000000	4.90724
1591.00000000	4.90953
1591.50000000	4.91187
1592.00000000	4.91226
1592.50000000	4.91205
1593.00000000	4.91076
1593.50000000	4.90966
1594.00000000	4.90820
1594.50000000	4.90751
1595.00000000	4.90782
1595.50000000	4.90989
1596.00000000	4.91180
1596.50000000	4.91272
1597.00000000	4.91553
1597.50000000	4.91813
1598.00000000	4.91965
1598.50000000	4.92122
1599.00000000	4.92127
1599.50000000	4.92054
1600.00000000	4.92032
1600.50000000	4.92061
1601.00000000	4.92204
1601.50000000	4.92151
1602.00000000	4.92197
1602.50000000	4.92271
1603.00000000	4.92453
1603.50000000	4.92488
1604.00000000	4.92640
1604.50000000	4.92738
1605.00000000	4.92682
1605.50000000	4.92608
1606.00000000	4.92485
1606.50000000	4.92395
1607.00000000	4.92257
1607.50000000	4.92107
1608.00000000	4.91756
1608.50000000	4.91426
1609.00000000	4.91037
1609.50000000	4.90634
1610.00000000	4.90251
1610.50000000	4.89890
1611.00000000	4.89559
1611.50000000	4.89187
1612.00000000	4.88974
1612.50000000	4.88889
1613.00000000	4.88818
1613.50000000	4.88553
1614.00000000	4.88296
1614.50000000	4.88052
1615.00000000	4.87774
1615.50000000	4.87520
1616.00000000	4.87224
1616.50000000	4.87056
1617.00000000	4.86898
1617.50000000	4.86705
1618.00000000	4.86466
1618.50000000	4.86183
1619.00000000	4.85982
1619.50000000	4.85861
1620.00000000	4.85683
1620.50000000	4.85604
1621.00000000	4.85551
1621.50000000	4.85540
1622.00000000	4.85434
1622.50000000	4.85298
1623.00000000	4.85238
1623.50000000	4.85272
1624.00000000	4.85338
1624.50000000	4.85389
1625.00000000	4.85572
1625.50000000	4.85862
1626.00000000	4.86171
1626.50000000	4.86391
1627.00000000	4.86652
1627.50000000	4.86661
1628.00000000	4.86598
1628.50000000	4.86555
1629.00000000	4.86377
1629.50000000	4.86315
1630.00000000	4.86231
1630.50000000	4.86099
1631.00000000	4.85915
1631.50000000	4.85792
1632.00000000	4.85699
1632.50000000	4.85449
1633.00000000	4.85155
1633.50000000	4.84879
1634.00000000	4.84581
1634.50000000	4.84494
1635.00000000	4.84490
1635.50000000	4.84703
1636.00000000	4.84929
1636.50000000	4.85122
1637.00000000	4.85361
1637.50000000	4.85550
1638.00000000	4.85781
1638.50000000	4.86083
1639.00000000	4.86466
1639.50000000	4.86757
1640.00000000	4.87011
1640.50000000	4.87246
1641.00000000	4.87426
1641.50000000	4.87603
1642.00000000	4.87915
1642.50000000	4.88199
1643.00000000	4.88548
1643.50000000	4.88890
1644.00000000	4.89170
1644.50000000	4.89439
1645.00000000	4.89547
1645.50000000	4.89792
1646.00000000	4.90126
1646.50000000	4.90541
1647.00000000	4.90772
1647.50000000	4.90887
1648.00000000	4.91064
1648.50000000	4.91449
1649.00000000	4.91920
1649.50000000	4.92182
1650.00000000	4.92208
1650.50000000	4.92154
1651.00000000	4.92082
1651.50000000	4.91959
1652.00000000	4.91915
1652.50000000	4.92074
1653.00000000	4.92155
1653.50000000	4.92322
1654.00000000	4.92270
1654.50000000	4.92321
1655.00000000	4.92430
1655.50000000	4.92453
1656.00000000	4.92420
1656.50000000	4.92503
1657.00000000	4.92395
1657.50000000	4.92321
1658.00000000	4.92279
1658.50000000	4.92029
1659.00000000	4.91818
1659.50000000	4.91545
1660.00000000	4.91339
1660.50000000	4.91120
1661.00000000	4.90905
1661.50000000	4.90567
1662.00000000	4.90338
1662.50000000	4.90081
1663.00000000	4.90000
1663.50000000	4.89933
1664.00000000	4.90032
1664.50000000	4.89988
1665.00000000	4.89895
1665.50000000	4.89905
1666.00000000	4.89970
1666.50000000	4.90043
1667.00000000	4.89996
1667.50000000	4.90014
1668.00000000	4.90032
1668.50000000	4.89883
1669.00000000	4.89779
1669.50000000	4.89644
1670.00000000	4.89453
1670.50000000	4.89396
1671.00000000	4.89268
1671.50000000	4.89166
1672.00000000	4.88978
1672.50000000	4.88819
1673.00000000	4.88698
1673.50000000	4.88595
1674.00000000	4.88408
1674.50000000	4.88290
1675.00000000	4.88166
1675.50000000	4.88062
1676.00000000	4.87972
1676.50000000	4.87981
1677.00000000	4.87984
1677.50000000	4.88091
1678.00000000	4.88309
1678.50000000	4.88597
1679.00000000	4.88936
1679.50000000	4.89386
1680.00000000	4.89706
1680.50000000	4.89934
1681.00000000	4.90003
1681.50000000	4.89933
1682.00000000	4.89885
1682.50000000	4.89697
1683.00000000	4.89460
1683.50000000	4.89325
1684.00000000	4.89334
1684.50000000	4.89544
1685.00000000	4.89670
1685.50000000	4.89715
1686.00000000	4.89773
1686.50000000	4.89780
1687.00000000	4.89785
1687.50000000	4.89812
1688.00000000	4.89704
1688.50000000	4.89515
1689.00000000	4.89395
1689.50000000	4.89232
1690.00000000	4.89156
1690.50000000	4.89099
1691.00000000	4.88969
1691.50000000	4.89043
1692.00000000	4.88966
1692.50000000	4.88991
1693.00000000	4.88981
1693.50000000	4.89009
1694.00000000	4.89061
1694.50000000	4.89062
1695.00000000	4.89054
1695.50000000	4.89065
1696.00000000	4.88990
1696.50000000	4.89053
1697.00000000	4.89150
1697.50000000	4.89155
1698.00000000	4.88860
1698.50000000	4.88299
1699.00000000	4.87613
1699.50000000	4.86942
1700.00000000	4.86292
1700.50000000	4.85755
1701.00000000	4.85312
1701.50000000	4.84816
1702.00000000	4.84436
1702.50000000	4.84019
1703.00000000	4.83829
1703.50000000	4.83561
1704.00000000	4.83353
1704.50000000	4.83225
1705.00000000	4.83084
1705.50000000	4.82969
1706.00000000	4.82923
1706.50000000	4.82692
1707.00000000	4.82509
1707.50000000	4.82333
1708.00000000	4.82001
1708.50000000	4.81703
1709.00000000	4.81424
1709.50000000	4.81256
1710.00000000	4.80940
1710.50000000	4.80658
1711.00000000	4.80390
1711.50000000	4.80190
1712.00000000	4.80004
1712.50000000	4.79968
1713.00000000	4.79883
1713.50000000	4.79808
1714.00000000	4.79886
1714.50000000	4.79900
1715.00000000	4.79912
1715.50000000	4.80039
1716.00000000	4.80349
1716.50000000	4.80756
1717.00000000	4.81320
1717.50000000	4.81851
1718.00000000	4.82326
1718.50000000	4.82713
1719.00000000	4.83111
1719.50000000	4.83484
1720.00000000	4.83773
1720.50000000	4.84055
1721.00000000	4.84323
1721.50000000	4.84506
1722.00000000	4.84677
1722.50000000	4.84608
1723.00000000	4.84614
1723.50000000	4.84600
1724.00000000	4.84665
1724.50000000	4.84745
1725.00000000	4.84825
1725.50000000	4.84761
1726.00000000	4.84652
1726.50000000	4.84299
1727.00000000	4.83974
1727.50000000	4.83687
1728.00000000	4.83575
1728.50000000	4.83612
1729.00000000	4.83521
1729.50000000	4.83483
1730.00000000	4.83476
1730.50000000	4.83388
1731.00000000	4.83192
1731.50000000	4.82943
1732.00000000	4.82728
1732.50000000	4.82630
1733.00000000	4.82506
1733.50000000	4.82326
1734.00000000	4.82104
1734.50000000	4.81809
1735.00000000	4.81556
1735.50000000	4.81398
1736.00000000	4.81271
1736.50000000	4.81328
1737.00000000	4.81410
1737.50000000	4.81373
1738.00000000	4.81292
1738.50000000	4.81268
1739.00000000	4.81155
1739.50000000	4.81113
1740.00000000	4.81065
1740.50000000	4.80703
1741.00000000	4.80261
1741.50000000	4.79900
1742.00000000	4.79703
1742.50000000	4.79516
1743.00000000	4.79345
1743.50000000	4.79262
1744.00000000	4.79018
1744.50000000	4.78633
1745.00000000	4.78129
1745.50000000	4.77464
1746.00000000	4.76971
1746.50000000	4.76464
1747.00000000	4.75881
1747.50000000	4.75205
1748.00000000	4.74662
1748.50000000	4.74191
1749.00000000	4.73623
1749.50000000	4.73161
1750.00000000	4.72750
1750.50000000	4.72478
1751.00000000	4.72190
1751.50000000	4.72010
1752.00000000	4.71861
1752.50000000	4.71719
1753.00000000	4.71569
1753.50000000	4.71480
1754.00000000	4.71279
1754.50000000	4.71112
1755.00000000	4.71019
1755.50000000	4.70933
1756.00000000	4.70873
1756.50000000	4.70714
1757.00000000	4.70619
1757.50000000	4.70838
1758.00000000	4.70965
1758.50000000	4.71069
1759.00000000	4.71182
1759.50000000	4.71193
1760.00000000	4.71114
1760.50000000	4.71197
1761.00000000	4.71335
1761.50000000	4.71419
1762.00000000	4.71440
1762.50000000	4.71383
1763.00000000	4.71478
1763.50000000	4.71684
1764.00000000	4.71770
1764.50000000	4.71933
1765.00000000	4.72113
1765.50000000	4.72244
1766.00000000	4.72378
1766.50000000	4.72637
1767.00000000	4.72830
1767.50000000	4.72802
1768.00000000	4.72812
1768.50000000	4.72727
1769.00000000	4.72802
1769.50000000	4.72833
1770.00000000	4.72955
1770.50000000	4.73046
1771.00000000	4.73215
1771.50000000	4.73444
1772.00000000	4.73692
1772.50000000	4.73879
1773.00000000	4.74036
1773.50000000	4.74125
1774.00000000	4.74331
1774.50000000	4.74586
1775.00000000	4.74905
1775.50000000	4.75108
1776.00000000	4.75257
1776.50000000	4.75468
1777.00000000	4.75694
1777.50000000	4.75825
1778.00000000	4.76042
1778.50000000	4.76151
1779.00000000	4.76535
1779.50000000	4.76722
1780.00000000	4.76839
1780.50000000	4.76995
1781.00000000	4.77064
1781.50000000	4.77173
1782.00000000	4.77182
1782.50000000	4.77164
1783.00000000	4.77168
1783.50000000	4.77183
1784.00000000	4.77035
1784.50000000	4.76896
1785.00000000	4.76858
1785.50000000	4.77049
1786.00000000	4.77242
1786.50000000	4.77566
1787.00000000	4.77906
1787.50000000	4.78201
1788.00000000	4.78669
1788.50000000	4.78982
1789.00000000	4.79237
1789.50000000	4.79469
1790.00000000	4.79625
1790.50000000	4.79627
1791.00000000	4.79737
1791.50000000	4.79808
1792.00000000	4.79831
1792.50000000	4.79811
1793.00000000	4.79860
1793.50000000	4.79821
1794.00000000	4.79956
1794.50000000	4.80134
1795.00000000	4.80282
1795.50000000	4.80470
1796.00000000	4.80414
1796.50000000	4.80258
1797.00000000	4.80283
1797.50000000	4.80359
1798.00000000	4.80399
1798.50000000	4.80617
1799.00000000	4.80711
1799.50000000	4.80710
1800.00000000	4.80619
1800.50000000	4.80551
1801.00000000	4.80429
1801.50000000	4.80154
1802.00000000	4.80016
1802.50000000	4.79839
1803.00000000	4.79643
1803.50000000	4.79559
1804.00000000	4.79235
1804.50000000	4.79176
1805.00000000	4.79141
1805.50000000	4.79085
1806.00000000	4.79201
1806.50000000	4.79216
1807.00000000	4.79217
1807.50000000	4.79085
1808.00000000	4.78909
1808.50000000	4.78732
1809.00000000	4.78587
1809.50000000	4.78484
1810.00000000	4.78434
1810.50000000	4.78239
1811.00000000	4.78060
1811.50000000	4.77778
1812.00000000	4.77328
1812.50000000	4.76973
1813.00000000	4.76591
1813.50000000	4.76250
1814.00000000	4.76061
1814.50000000	4.75672
1815.00000000	4.75310
1815.50000000	4.74871
1816.00000000	4.74576
1816.50000000	4.74258
1817.00000000	4.73989
1817.50000000	4.73696
1818.00000000	4.73326
1818.50000000	4.73073
1819.00000000	4.72833
1819.50000000	4.72542
1820.00000000	4.72030
1820.50000000	4.71573
1821.00000000	4.71000
1821.50000000	4.70411
1822.00000000	4.69883
1822.50000000	4.69436
1823.00000000	4.69092
1823.50000000	4.68871
1824.00000000	4.68775
1824.50000000	4.68724
1825.00000000	4.68789
1825.50000000	4.68934
1826.00000000	4.68970
1826.50000000	4.69078
1827.00000000	4.69229
1827.50000000	4.69347
1828.00000000	4.69578
1828.50000000	4.69778
1829.00000000	4.69826
1829.50000000	4.69967
1830.00000000	4.70031
1830.50000000	4.70167
1831.00000000	4.70234
1831.50000000	4.70257
1832.00000000	4.70374
1832.50000000	4.70711
1833.00000000	4.70968
1833.50000000	4.71134
1834.00000000	4.71197
1834.50000000	4.71364
1835.00000000	4.71549
1835.50000000	4.71657
1836.00000000	4.71767
1836.50000000	4.71861
1837.00000000	4.71861
1837.50000000	4.71897
1838.00000000	4.72022
1838.50000000	4.72247
1839.00000000	4.72421
1839.50000000	4.72675
1840.00000000	4.72846
1840.50000000	4.73182
1841.00000000	4.73428
1841.50000000	4.73548
1842.00000000	4.73585
1842.50000000	4.73631
1843.00000000	4.73640
1843.50000000	4.73496
1844.00000000	4.73372
1844.50000000	4.73409
1845.00000000	4.73396
1845.50000000	4.73381
1846.00000000	4.73337
1846.50000000	4.73292
1847.00000000	4.73159
1847.50000000	4.72889
1848.00000000	4.72477
1848.50000000	4.72033
1849.00000000	4.71659
1849.50000000	4.71261
1850.00000000	4.70673
1850.50000000	4.70202
1851.00000000	4.69867
1851.50000000	4.69577
1852.00000000	4.69250
1852.50000000	4.68857
1853.00000000	4.68620
1853.50000000	4.68356
1854.00000000	4.68068
1854.50000000	4.67831
1855.00000000	4.67638
1855.50000000	4.67499
1856.00000000	4.67501
1856.50000000	4.67389
1857.00000000	4.67330
1857.50000000	4.67284
1858.00000000	4.67232
1858.50000000	4.67378
1859.00000000	4.67562
1859.50000000	4.67688
1860.00000000	4.67869
1860.50000000	4.67963
1861.00000000	4.68142
1861.50000000	4.68245
1862.00000000	4.68499
1862.50000000	4.68879
1863.00000000	4.69273
1863.50000000	4.69465
1864.00000000	4.69715
1864.50000000	4.70012
1865.00000000	4.70208
1865.50000000	4.70691
1866.00000000	4.71075
1866.50000000	4.71430
1867.00000000	4.71889
1867.50000000	4.72452
1868.00000000	4.72815
1868.50000000	4.73380
1869.00000000	4.73947
1869.50000000	4.74510
1870.00000000	4.74972
1870.50000000	4.75277
1871.00000000	4.75649
1871.50000000	4.75978
1872.00000000	4.76443
1872.50000000	4.76990
1873.00000000	4.77368
1873.50000000	4.77622
1874.00000000	4.77933
1874.50000000	4.78218
1875.00000000	4.78437
1875.50000000	4.78600
1876.00000000	4.78825
1876.50000000	4.79122
1877.00000000	4.79476
1877.50000000	4.79751
1878.00000000	4.80005
1878.50000000	4.80194
1879.00000000	4.80236
1879.50000000	4.80194
1880.00000000	4.80033
1880.50000000	4.80001
1881.00000000	4.79800
1881.50000000	4.79668
1882.00000000	4.79693
1882.50000000	4.79841
1883.00000000	4.80006
1883.50000000	4.79913
1884.00000000	4.79699
1884.50000000	4.79498
1885.00000000	4.79257
1885.50000000	4.79004
1886.00000000	4.78866
1886.50000000	4.78639
1887.00000000	4.78610
1887.50000000	4.78536
1888.00000000	4.78461
1888.50000000	4.78452
1889.00000000	4.78466
1889.50000000	4.78365
1890.00000000	4.78384
1890.50000000	4.78183
1891.00000000	4.78044
1891.50000000	4.77899
1892.00000000	4.77729
1892.50000000	4.77557
1893.00000000	4.77443
1893.50000000	4.77372
1894.00000000	4.77317
1894.50000000	4.77278
1895.00000000	4.77178
1895.50000000	4.77036
1896.00000000	4.76830
1896.50000000	4.76885
1897.00000000	4.76903
1897.50000000	4.76963
1898.00000000	4.77055
1898.50000000	4.77120
1899.00000000	4.77183
1899.50000000	4.77156
1900.00000000	4.76934
1900.50000000	4.76684
1901.00000000	4.76522
1901.50000000	4.76253
1902.00000000	4.76119
1902.50000000	4.75856
1903.00000000	4.75589
1903.50000000	4.75364
1904.00000000	4.75171
1904.50000000	4.74936
1905.00000000	4.74847
1905.50000000	4.74612
1906.00000000	4.74499
1906.50000000	4.74429
1907.00000000	4.74461
1907.50000000	4.74426
1908.00000000	4.74445
1908.50000000	4.74408
1909.00000000	4.74342
1909.50000000	4.74181
1910.00000000	4.73907
1910.50000000	4.73690
1911.00000000	4.73496
1911.50000000	4.73335
1912.00000000	4.73169
1912.50000000	4.72846
1913.00000000	4.72556
1913.50000000	4.72357
1914.00000000	4.72233
1914.50000000	4.72052
1915.00000000	4.71951
1915.50000000	4.71797
1916.00000000	4.71699
1916.50000000	4.71711
1917.00000000	4.71780
1917.50000000	4.71634
1918.00000000	4.71342
1918.50000000	4.71171
1919.00000000	4.71205
1919.50000000	4.71209
1920.00000000	4.71140
1920.50000000	4.71207
1921.00000000	4.71378
1921.50000000	4.71385
1922.00000000	4.71393
1922.50000000	4.71576
1923.00000000	4.71575
1923.50000000	4.71566
1924.00000000	4.71551
1924.50000000	4.71723
1925.00000000	4.71840
1925.50000000	4.71962
1926.00000000	4.72058
1926.50000000	4.72288
1927.00000000	4.72702
1927.50000000	4.73164
1928.00000000	4.73697
1928.50000000	4.74037
1929.00000000	4.74251
1929.50000000	4.74530
1930.00000000	4.74757
1930.50000000	4.74878
1931.00000000	4.75068
1931.50000000	4.75061
1932.00000000	4.75061
1932.50000000	4.75039
1933.00000000	4.75001
1933.50000000	4.74889
1934.00000000	4.74831
1934.50000000	4.74777
1935.00000000	4.74732
1935.50000000	4.74770
1936.00000000	4.74871
1936.50000000	4.74935
1937.00000000	4.74931
1937.50000000	4.74910
1938.00000000	4.74993
1938.50000000	4.75110
1939.00000000	4.75245
1939.50000000	4.75540
1940.00000000	4.75808
1940.50000000	4.75953
1941.00000000	4.76017
1941.50000000	4.75979
1942.00000000	4.75768
1942.50000000	4.75566
1943.00000000	4.75404
1943.50000000	4.75187
1944.00000000	4.75240
1944.50000000	4.75281
1945.00000000	4.75391
1945.50000000	4.75470
1946.00000000	4.75507
1946.50000000	4.75595
1947.00000000	4.75600
1947.50000000	4.75615
1948.00000000	4.75687
1948.50000000	4.75628
1949.00000000	4.75598
1949.50000000	4.75668
1950.00000000	4.75667
1950.50000000	4.75748
1951.00000000	4.75942
1951.50000000	4.76199
1952.00000000	4.76429
1952.50000000	4.76534
1953.00000000	4.76507
1953.50000000	4.76599
1954.00000000	4.76669
1954.50000000	4.76879
1955.00000000	4.77138
1955.50000000	4.77426
1956.00000000	4.77775
1956.50000000	4.78114
1957.00000000	4.78473
1957.50000000	4.78700
1958.00000000	4.78800
1958.50000000	4.78959
1959.00000000	4.79088
1959.50000000	4.79254
1960.00000000	4.79341
1960.50000000	4.79458
1961.00000000	4.79480
1961.50000000	4.79611
1962.00000000	4.79665
1962.50000000	4.79704
1963.00000000	4.79604
1963.50000000	4.79539
1964.00000000	4.79441
1964.50000000	4.79265
1965.00000000	4.79066
1965.50000000	4.78829
1966.00000000	4.78498
1966.50000000	4.78255
1967.00000000	4.78085
1967.50000000	4.77993
1968.00000000	4.78019
1968.50000000	4.78145
1969.00000000	4.78389
1969.50000000	4.78736
1970.00000000	4.78943
1970.50000000	4.79360
1971.00000000	4.79611
1971.50000000	4.79868
1972.00000000	4.80077
1972.50000000	4.80288
1973.00000000	4.80408
1973.50000000	4.80626
1974.00000000	4.80934
1974.50000000	4.81235
1975.00000000	4.81533
1975.50000000	4.81886
1976.00000000	4.82276
1976.50000000	4.82778
1977.00000000	4.83225
1977.50000000	4.83672
1978.00000000	4.84062
1978.50000000	4.84385
1979.00000000	4.84584
1979.50000000	4.84858
1980.00000000	4.85172
1980.50000000	4.85471
1981.00000000	4.85698
1981.50000000	4.85971
1982.00000000	4.86112
1982.50000000	4.86203
1983.00000000	4.86407
1983.50000000	4.86483
1984.00000000	4.86544
1984.50000000	4.86573
1985.00000000	4.86508
1985.50000000	4.86481
1986.00000000	4.86406
1986.50000000	4.86328
1987.00000000	4.86236
1987.50000000	4.86120
1988.00000000	4.86067
1988.50000000	4.86059
1989.00000000	4.86115
1989.50000000	4.86138
1990.00000000	4.86089
1990.50000000	4.85944
1991.00000000	4.85794
1991.50000000	4.85464
1992.00000000	4.85265
1992.50000000	4.85040
1993.00000000	4.84823
1993.50000000	4.84548
1994.00000000	4.84182
1994.50000000	4.83859
1995.00000000	4.83602
1995.50000000	4.83412
1996.00000000	4.83130
1996.50000000	4.82855
1997.00000000	4.82543
1997.50000000	4.82340
1998.00000000	4.82281
1998.50000000	4.82323
1999.00000000	4.82235
1999.50000000	4.81933
2000.00000000	4.81746
2000.50000000	4.81603
2001.00000000	4.81374
2001.50000000	4.81169
2002.00000000	4.80973
2002.50000000	4.80774
2003.00000000	4.80589
2003.50000000	4.80466
2004.00000000	4.80459
2004.50000000	4.80426
2005.00000000	4.80257
2005.50000000	4.79932
2006.00000000	4.79806
2006.50000000	4.79737
2007.00000000	4.79733
2007.50000000	4.79715
2008.00000000	4.79781
2008.50000000	4.79882
2009.00000000	4.80011
2009.50000000	4.80112
2010.00000000	4.80212
2010.50000000	4.80305
2011.00000000	4.80469
2011.50000000	4.80499
2012.00000000	4.80479
2012.50000000	4.80323
2013.00000000	4.80159
2013.50000000	4.79993
2014.00000000	4.79975
2014.50000000	4.79992
2015.00000000	4.79930
2015.50000000	4.79989
2016.00000000	4.80046
2016.50000000	4.80160
2017.00000000	4.80298
2017.50000000	4.80412
2018.00000000	4.80635
2018.50000000	4.80917
2019.00000000	4.81272
2019.50000000	4.81549
2020.00000000	4.81791
2020.50000000	4.82034
2021.00000000	4.82081
2021.50000000	4.82007
2022.00000000	4.82268
2022.50000000	4.82421
2023.00000000	4.82580
2023.50000000	4.82687
2024.00000000	4.82799
2024.50000000	4.83111
2025.00000000	4.83321
2025.50000000	4.83444
2026.00000000	4.83657
2026.50000000	4.84019
2027.00000000	4.84453
2027.50000000	4.84873
2028.00000000	4.85354
2028.50000000	4.85943
2029.00000000	4.86348
2029.50000000	4.86617
2030.00000000	4.87083
2030.50000000	4.87561
2031.00000000	4.88049
2031.50000000	4.88487
2032.00000000	4.88680
2032.50000000	4.88892
2033.00000000	4.89075
2033.50000000	4.89091
2034.00000000	4.89064
2034.50000000	4.89053
2035.00000000	4.88949
2035.50000000	4.89059
2036.00000000	4.89359
2036.50000000	4.89505
2037.00000000	4.89568
2037.50000000	4.89692
2038.00000000	4.89826
2038.50000000	4.89835
2039.00000000	4.89826
2039.50000000	4.89796
2040.00000000	4.89719
2040.50000000	4.89692
2041.00000000	4.89478
2041.50000000	4.89337
2042.00000000	4.89336
2042.50000000	4.89303
2043.00000000	4.89310
2043.50000000	4.89296
2044.00000000	4.89162
2044.50000000	4.89065
2045.00000000	4.88914
2045.50000000	4.88832
2046.00000000	4.88811
2046.50000000	4.88819
2047.00000000	4.88724
2047.50000000	4.88633
2048.00000000	4.88498
2048.50000000	4.88256
2049.00000000	4.88133
2049.50000000	4.88051
2050.00000000	4.87862
2050.50000000	4.87573
2051.00000000	4.87255
2051.50000000	4.86973
2052.00000000	4.86992
2052.50000000	4.86939
2053.00000000	4.86731
2053.50000000	4.86636
2054.00000000	4.86444
2054.50000000	4.86169
2055.00000000	4.86047
2055.50000000	4.85683
2056.00000000	4.85272
2056.50000000	4.84930
2057.00000000	4.84705
2057.50000000	4.84526
2058.00000000	4.84269
2058.50000000	4.84060
2059.00000000	4.83970
2059.50000000	4.84063
2060.00000000	4.84128
2060.50000000	4.84224
2061.00000000	4.84220
2061.50000000	4.84211
2062.00000000	4.84274
2062.50000000	4.84462
2063.00000000	4.84568
2063.50000000	4.84602
2064.00000000	4.84599
2064.50000000	4.84513
2065.00000000	4.84437
2065.50000000	4.84467
2066.00000000	4.84663
2066.50000000	4.84816
2067.00000000	4.84937
2067.50000000	4.85099
2068.00000000	4.85211
2068.50000000	4.85488
2069.00000000	4.85769
2069.50000000	4.85878
2070.00000000	4.86113
2070.50000000	4.86266
2071.00000000	4.86377
2071.50000000	4.86496
2072.00000000	4.86536
2072.50000000	4.86560
2073.00000000	4.86378
2073.50000000	4.86156
2074.00000000	4.85963
2074.50000000	4.85764
2075.00000000	4.85626
2075.50000000	4.85518
2076.00000000	4.85401
2076.50000000	4.85309
2077.00000000	4.85106
2077.50000000	4.84909
2078.00000000	4.84828
2078.50000000	4.84776
2079.00000000	4.84731
2079.50000000	4.84757
2080.00000000	4.84828
2080.50000000	4.84954
2081.00000000	4.84978
2081.50000000	4.84869
2082.00000000	4.84776
2082.50000000	4.84727
2083.00000000	4.84671
2083.50000000	4.84600
2084.00000000	4.84442
2084.50000000	4.84437
2085.00000000	4.84623
2085.50000000	4.84729
2086.00000000	4.84807
2086.50000000	4.85009
2087.00000000	4.85324
2087.50000000	4.85557
2088.00000000	4.85735
2088.50000000	4.86025
2089.00000000	4.86423
2089.50000000	4.86957
2090.00000000	4.87355
2090.50000000	4.87710
2091.00000000	4.87960
2091.50000000	4.88183
2092.00000000	4.88447
2092.50000000	4.88744
2093.00000000	4.89045
2093.50000000	4.89328
2094.00000000	4.89627
2094.50000000	4.89819
2095.00000000	4.89985
2095.50000000	4.90039
2096.00000000	4.89950
2096.50000000	4.89923
2097.00000000	4.89823
2097.50000000	4.89826
2098.00000000	4.89882
2098.50000000	4.89901
2099.00000000	4.89873
2099.50000000	4.89927
2100.00000000	4.90032
2100.50000000	4.90034
2101.00000000	4.89925
2101.50000000	4.89796
2102.00000000	4.89831
2102.50000000	4.89976
2103.00000000	4.90033
2103.50000000	4.90243
2104.00000000	4.90178
2104.50000000	4.90045
2105.00000000	4.89828
2105.50000000	4.89695
2106.00000000	4.89436
2106.50000000	4.89278
2107.00000000	4.89172
2107.50000000	4.89049
2108.00000000	4.88935
2108.50000000	4.88783
2109.00000000	4.88687
2109.50000000	4.88609
2110.00000000	4.88573
2110.50000000	4.88545
2111.00000000	4.88629
2111.50000000	4.88663
2112.00000000	4.88615
2112.50000000	4.88434
2113.00000000	4.88337
2113.50000000	4.88322
2114.00000000	4.88213
2114.50000000	4.88099
2115.00000000	4.87918
2115.50000000	4.87837
2116.00000000	4.87818
2116.50000000	4.87654
2117.00000000	4.87419
2117.50000000	4.87148
2118.00000000	4.86970
2118.50000000	4.86763
2119.00000000	4.86494
2119.50000000	4.86175
2120.00000000	4.86070
2120.50000000	4.86011
2121.00000000	4.85943
2121.50000000	4.85836
2122.00000000	4.85821
2122.50000000	4.85732
2123.00000000	4.85771
2123.50000000	4.85986
2124.00000000	4.86144
2124.50000000	4.86372
2125.00000000	4.86602
2125.50000000	4.86718
2126.00000000	4.86935
2126.50000000	4.87125
2127.00000000	4.87178
2127.50000000	4.87257
2128.00000000	4.87484
2128.50000000	4.87847
2129.00000000	4.88125
2129.50000000	4.88390
2130.00000000	4.88518
2130.50000000	4.88622
2131.00000000	4.88826
2131.50000000	4.88989
2132.00000000	4.89039
2132.50000000	4.88975
2133.00000000	4.88861
2133.50000000	4.88905
2134.00000000	4.89127
2134.50000000	4.89375
2135.00000000	4.89499
2135.50000000	4.89562
2136.00000000	4.89633
2136.50000000	4.89708
2137.00000000	4.89858
2137.50000000	4.90094
2138.00000000	4.90350
2138.50000000	4.90467
2139.00000000	4.90569
2139.50000000	4.90657
2140.00000000	4.90819
2140.50000000	4.91077
2141.00000000	4.91328
2141.50000000	4.91660
2142.00000000	4.91989
2142.50000000	4.92254
