1680.00000000	5.10717
1680.50000000	5.11050
1681.00000000	5.11334
1681.50000000	5.11664
1682.00000000	5.11886
1682.50000000	5.12070
1683.00000000	5.12357
1683.50000000	5.12529
1684.00000000	5.12710
1684.50000000	5.12849
1685.00000000	5.12909
1685.50000000	5.13003
1686.00000000	5.13032
1686.50000000	5.13068
1687.00000000	5.13093
1687.50000000	5.13090
1688.00000000	5.13160
1688.50000000	5.13271
1689.00000000	5.13439
1689.50000000	5.13542
1690.00000000	5.13599
1690.50000000	5.13589
1691.00000000	5.13567
1691.50000000	5.13385
1692.00000000	5.13311
1692.50000000	5.13221
1693.00000000	5.13113
1693.50000000	5.12934
1694.00000000	5.12653
1694.50000000	5.12416
1695.00000000	5.12245
1695.50000000	5.12128
1696.00000000	5.11928
1696.50000000	5.11724
1697.00000000	5.11477
1697.50000000	5.11308
1698.00000000	5.11268
1698.50000000	5.11305
1699.00000000	5.11216
1699.50000000	5.10927
1700.00000000	5.10751
1700.50000000	5.10620
1701.00000000	5.10434
1701.50000000	5.10268
1702.00000000	5.10116
1702.50000000	5.09959
1703.00000000	5.09808
1703.50000000	5.09715
1704.00000000	5.09717
1704.50000000	5.09699
1705.00000000	5.09549
1705.50000000	5.09232
1706.00000000	5.09104
1706.50000000	5.09015
1707.00000000	5.09003
1707.50000000	5.09004
1708.00000000	5.09068
1708.50000000	5.09163
1709.00000000	5.09289
1709.50000000	5.09389
1710.00000000	5.09484
1710.50000000	5.09599
1711.00000000	5.09784
1711.50000000	5.09827
1712.00000000	5.09832
1712.50000000	5.09695
1713.00000000	5.09568
1713.50000000	5.09448
1714.00000000	5.09467
1714.50000000	5.09498
1715.00000000	5.09441
1715.50000000	5.09514
1716.00000000	5.09578
1716.50000000	5.09679
1717.00000000	5.09810
1717.50000000	5.09899
1718.00000000	5.10112
1718.50000000	5.10441
1719.00000000	5.10847
1719.50000000	5.11162
1720.00000000	5.11440
1720.50000000	5.11715
1721.00000000	5.11783
1721.50000000	5.11731
1722.00000000	5.11996
1722.50000000	5.12164
1723.00000000	5.12338
1723.50000000	5.12461
1724.00000000	5.12586
1724.50000000	5.12896
1725.00000000	5.13098
1725.50000000	5.13194
1726.00000000	5.13387
1726.50000000	5.13738
1727.00000000	5.14168
1727.50000000	5.14579
1728.00000000	5.15032
1728.50000000	5.15581
1729.00000000	5.15968
1729.50000000	5.16199
1730.00000000	5.16632
1730.50000000	5.17064
1731.00000000	5.17514
1731.50000000	5.17906
1732.00000000	5.18038
1732.50000000	5.18223
1733.00000000	5.18405
1733.50000000	5.18416
1734.00000000	5.18411
1734.50000000	5.18423
1735.00000000	5.18327
1735.50000000	5.18432
1736.00000000	5.18697
1736.50000000	5.18826
1737.00000000	5.18874
1737.50000000	5.19012
1738.00000000	5.19155
1738.50000000	5.19158
1739.00000000	5.19215
1739.50000000	5.19240
1740.00000000	5.19196
1740.50000000	5.19189
1741.00000000	5.18995
1741.50000000	5.18847
1742.00000000	5.18823
1742.50000000	5.18809
1743.00000000	5.18837
1743.50000000	5.18834
1744.00000000	5.18680
1744.50000000	5.18554
1745.00000000	5.18374
1745.50000000	5.18240
1746.00000000	5.18188
1746.50000000	5.18175
1747.00000000	5.18063
1747.50000000	5.17966
1748.00000000	5.17846
1748.50000000	5.17648
1749.00000000	5.17549
1749.50000000	5.17470
1750.00000000	5.17284
1750.50000000	5.17022
1751.00000000	5.16691
1751.50000000	5.16406
1752.00000000	5.16384
1752.50000000	5.16303
1753.00000000	5.16086
1753.50000000	5.15991
1754.00000000	5.15779
1754.50000000	5.15485
1755.00000000	5.15341
1755.50000000	5.15019
1756.00000000	5.14652
1756.50000000	5.14326
1757.00000000	5.14096
1757.50000000	5.13864
1758.00000000	5.13571
1758.50000000	5.13323
1759.00000000	5.13252
1759.50000000	5.13332
1760.00000000	5.13404
1760.50000000	5.13470
1761.00000000	5.13445
1761.50000000	5.13430
1762.00000000	5.13521
1762.50000000	5.13698
1763.00000000	5.13798
1763.50000000	5.13796
1764.00000000	5.13755
1764.50000000	5.13668
1765.00000000	5.13609
1765.50000000	5.13611
1766.00000000	5.13733
1766.50000000	5.13796
1767.00000000	5.13837
1767.50000000	5.13927
1768.00000000	5.13991
1768.50000000	5.14173
1769.00000000	5.14370
1769.50000000	5.14392
1770.00000000	5.14527
1770.50000000	5.14586
1771.00000000	5.14565
1771.50000000	5.14558
1772.00000000	5.14451
1772.50000000	5.14344
1773.00000000	5.14057
1773.50000000	5.13721
1774.00000000	5.13417
1774.50000000	5.13127
1775.00000000	5.12928
1775.50000000	5.12734
1776.00000000	5.12540
1776.50000000	5.12285
1777.00000000	5.11868
1777.50000000	5.11470
1778.00000000	5.11242
1778.50000000	5.11046
1779.00000000	5.10879
1779.50000000	5.10763
1780.00000000	5.10709
1780.50000000	5.10728
1781.00000000	5.10661
1781.50000000	5.10495
1782.00000000	5.10384
1782.50000000	5.10341
1783.00000000	5.10272
1783.50000000	5.10197
1784.00000000	5.10029
1784.50000000	5.09996
1785.00000000	5.10154
1785.50000000	5.10228
1786.00000000	5.10270
1786.50000000	5.10400
1787.00000000	5.10606
1787.50000000	5.10761
1788.00000000	5.10825
1788.50000000	5.10997
1789.00000000	5.11275
1789.50000000	5.11659
1790.00000000	5.11900
1790.50000000	5.12103
1791.00000000	5.12198
1791.50000000	5.12280
1792.00000000	5.12362
1792.50000000	5.12461
1793.00000000	5.12580
1793.50000000	5.12708
1794.00000000	5.12837
1794.50000000	5.12879
1795.00000000	5.12879
1795.50000000	5.12819
1796.00000000	5.12587
1796.50000000	5.12404
1797.00000000	5.12190
1797.50000000	5.12125
1798.00000000	5.12066
1798.50000000	5.11936
1799.00000000	5.11707
1799.50000000	5.11529
1800.00000000	5.11391
1800.50000000	5.11179
1801.00000000	5.10902
1801.50000000	5.10702
1802.00000000	5.10637
1802.50000000	5.10700
1803.00000000	5.10683
1803.50000000	5.10808
1804.00000000	5.10686
1804.50000000	5.10509
1805.00000000	5.10282
1805.50000000	5.10106
1806.00000000	5.09819
1806.50000000	5.09649
1807.00000000	5.09554
1807.50000000	5.09438
1808.00000000	5.09287
1808.50000000	5.09080
1809.00000000	5.08944
1809.50000000	5.08768
1810.00000000	5.08620
1810.50000000	5.08486
1811.00000000	5.08448
1811.50000000	5.08397
1812.00000000	5.08298
1812.50000000	5.08042
1813.00000000	5.07854
1813.50000000	5.07782
1814.00000000	5.07614
1814.50000000	5.07424
1815.00000000	5.07158
1815.50000000	5.06979
1816.00000000	5.06880
1816.50000000	5.06670
1817.00000000	5.06391
1817.50000000	5.06086
1818.00000000	5.05832
1818.50000000	5.05557
1819.00000000	5.05244
1819.50000000	5.04914
1820.00000000	5.04816
1820.50000000	5.04733
1821.00000000	5.04641
1821.50000000	5.04504
1822.00000000	5.04472
1822.50000000	5.04328
1823.00000000	5.04372
1823.50000000	5.04546
1824.00000000	5.04631
1824.50000000	5.04831
1825.00000000	5.05007
1825.50000000	5.05053
1826.00000000	5.05203
1826.50000000	5.05285
1827.00000000	5.05262
1827.50000000	5.05241
1828.00000000	5.05360
1828.50000000	5.05625
1829.00000000	5.05824
1829.50000000	5.05995
1830.00000000	5.05999
1830.50000000	5.05982
1831.00000000	5.06053
1831.50000000	5.06098
1832.00000000	5.06043
1832.50000000	5.05859
1833.00000000	5.05679
1833.50000000	5.05639
1834.00000000	5.05785
1834.50000000	5.05943
1835.00000000	5.06012
1835.50000000	5.06042
1836.00000000	5.06070
1836.50000000	5.06135
1837.00000000	5.06289
1837.50000000	5.06488
1838.00000000	5.06681
1838.50000000	5.06698
1839.00000000	5.06649
1839.50000000	5.06651
1840.00000000	5.06685
1840.50000000	5.06827
1841.00000000	5.07000
1841.50000000	5.07223
1842.00000000	5.07454
1842.50000000	5.07608
1843.00000000	5.07842
1843.50000000	5.08008
1844.00000000	5.08083
1844.50000000	5.08068
1845.00000000	5.07954
1845.50000000	5.07951
1846.00000000	5.07806
1846.50000000	5.07788
1847.00000000	5.07705
1847.50000000	5.07773
1848.00000000	5.07729
1848.50000000	5.07738
1849.00000000	5.07879
1849.50000000	5.08156
1850.00000000	5.08350
1850.50000000	5.08456
1851.00000000	5.08544
1851.50000000	5.08676
1852.00000000	5.08812
1852.50000000	5.09151
1853.00000000	5.09356
1853.50000000	5.09427
1854.00000000	5.09547
1854.50000000	5.09660
1855.00000000	5.09859
1855.50000000	5.09951
1856.00000000	5.09891
1856.50000000	5.09892
1857.00000000	5.09779
1857.50000000	5.09643
1858.00000000	5.09481
1858.50000000	5.09436
1859.00000000	5.09445
1859.50000000	5.09540
1860.00000000	5.09622
1860.50000000	5.09633
1861.00000000	5.09730
1861.50000000	5.09749
1862.00000000	5.09727
1862.50000000	5.09685
1863.00000000	5.09506
1863.50000000	5.08950
1864.00000000	5.08415
1864.50000000	5.08007
1865.00000000	5.07688
1865.50000000	5.07472
1866.00000000	5.07132
1866.50000000	5.06846
1867.00000000	5.06595
1867.50000000	5.06494
1868.00000000	5.06383
1868.50000000	5.06246
1869.00000000	5.06090
1869.50000000	5.05904
1870.00000000	5.05757
1870.50000000	5.05652
1871.00000000	5.05535
1871.50000000	5.05464
1872.00000000	5.05423
1872.50000000	5.05441
1873.00000000	5.05421
1873.50000000	5.05444
1874.00000000	5.05406
1874.50000000	5.05592
1875.00000000	5.05709
1875.50000000	5.05787
1876.00000000	5.05720
1876.50000000	5.05489
1877.00000000	5.05215
1877.50000000	5.04997
1878.00000000	5.04893
1878.50000000	5.04908
1879.00000000	5.04958
1879.50000000	5.04983
1880.00000000	5.04938
1880.50000000	5.04936
1881.00000000	5.04949
1881.50000000	5.04706
1882.00000000	5.04595
1882.50000000	5.04557
1883.00000000	5.04566
1883.50000000	5.04667
1884.00000000	5.04795
1884.50000000	5.05007
1885.00000000	5.05198
1885.50000000	5.05238
1886.00000000	5.05324
1886.50000000	5.05447
1887.00000000	5.05553
1887.50000000	5.05869
1888.00000000	5.06103
1888.50000000	5.06438
1889.00000000	5.06867
1889.50000000	5.07254
1890.00000000	5.07570
1890.50000000	5.07872
1891.00000000	5.08358
1891.50000000	5.08702
1892.00000000	5.09143
1892.50000000	5.09558
1893.00000000	5.10010
1893.50000000	5.10347
1894.00000000	5.10667
1894.50000000	5.11045
1895.00000000	5.11360
1895.50000000	5.11755
1896.00000000	5.12250
1896.50000000	5.12772
1897.00000000	5.13256
1897.50000000	5.13687
1898.00000000	5.14107
1898.50000000	5.14608
1899.00000000	5.14988
1899.50000000	5.15408
1900.00000000	5.15779
1900.50000000	5.16212
1901.00000000	5.16570
1901.50000000	5.16812
1902.00000000	5.17110
1902.50000000	5.17512
1903.00000000	5.17889
1903.50000000	5.18343
1904.00000000	5.18864
1904.50000000	5.19336
1905.00000000	5.19853
1905.50000000	5.20436
1906.00000000	5.20884
1906.50000000	5.21223
1907.00000000	5.21628
1907.50000000	5.22085
1908.00000000	5.22662
1908.50000000	5.23290
1909.00000000	5.23769
1909.50000000	5.24252
1910.00000000	5.24649
1910.50000000	5.25057
1911.00000000	5.25325
1911.50000000	5.25709
1912.00000000	5.26049
1912.50000000	5.26453
1913.00000000	5.26693
1913.50000000	5.26793
1914.00000000	5.26815
1914.50000000	5.26774
1915.00000000	5.26619
1915.50000000	5.26562
1916.00000000	5.26437
1916.50000000	5.26419
1917.00000000	5.26563
1917.50000000	5.26591
1918.00000000	5.26391
1918.50000000	5.26397
1919.00000000	5.26499
1919.50000000	5.26536
1920.00000000	5.26571
1920.50000000	5.26521
1921.00000000	5.26585
1921.50000000	5.26673
1922.00000000	5.26810
1922.50000000	5.26825
1923.00000000	5.26651
1923.50000000	5.26446
1924.00000000	5.26348
1924.50000000	5.26126
1925.00000000	5.25891
1925.50000000	5.25863
1926.00000000	5.26027
1926.50000000	5.25977
1927.00000000	5.26109
1927.50000000	5.26335
1928.00000000	5.26596
1928.50000000	5.26760
1929.00000000	5.26911
1929.50000000	5.27053
1930.00000000	5.27293
1930.50000000	5.27500
1931.00000000	5.27778
1931.50000000	5.28173
1932.00000000	5.28537
1932.50000000	5.28769
1933.00000000	5.28936
1933.50000000	5.29064
1934.00000000	5.29311
1934.50000000	5.29640
1935.00000000	5.29913
1935.50000000	5.30005
1936.00000000	5.30079
1936.50000000	5.30223
1937.00000000	5.30390
1937.50000000	5.30724
1938.00000000	5.31014
1938.50000000	5.31216
1939.00000000	5.31324
1939.50000000	5.31509
1940.00000000	5.31655
1940.50000000	5.31706
1941.00000000	5.31776
1941.50000000	5.31844
1942.00000000	5.31931
1942.50000000	5.32054
1943.00000000	5.32160
1943.50000000	5.32191
1944.00000000	5.32266
1944.50000000	5.32229
1945.00000000	5.32404
1945.50000000	5.32517
1946.00000000	5.32501
1946.50000000	5.32417
1947.00000000	5.32426
1947.50000000	5.32317
1948.00000000	5.32329
1948.50000000	5.32231
1949.00000000	5.32023
1949.50000000	5.31713
1950.00000000	5.31347
1950.50000000	5.30989
1951.00000000	5.30961
1951.50000000	5.30794
1952.00000000	5.30651
1952.50000000	5.30470
1953.00000000	5.30323
1953.50000000	5.30017
1954.00000000	5.29666
1954.50000000	5.29319
1955.00000000	5.29057
1955.50000000	5.28872
1956.00000000	5.28659
1956.50000000	5.28439
1957.00000000	5.28267
1957.50000000	5.28144
1958.00000000	5.28234
1958.50000000	5.28244
1959.00000000	5.28303
1959.50000000	5.28388
1960.00000000	5.28415
1960.50000000	5.28661
1961.00000000	5.28775
1961.50000000	5.28971
1962.00000000	5.29176
1962.50000000	5.29274
1963.00000000	5.29454
1963.50000000	5.29696
1964.00000000	5.29825
1964.50000000	5.29945
1965.00000000	5.30051
1965.50000000	5.30094
1966.00000000	5.29995
1966.50000000	5.29844
1967.00000000	5.29678
1967.50000000	5.29478
1968.00000000	5.29272
1968.50000000	5.29197
1969.00000000	5.29163
1969.50000000	5.28974
1970.00000000	5.28774
1970.50000000	5.28720
1971.00000000	5.28589
1971.50000000	5.28468
1972.00000000	5.28336
1972.50000000	5.28136
1973.00000000	5.27963
1973.50000000	5.27756
1974.00000000	5.27451
1974.50000000	5.27094
1975.00000000	5.26602
1975.50000000	5.26198
1976.00000000	5.25618
1976.50000000	5.25173
1977.00000000	5.24740
1977.50000000	5.24346
1978.00000000	5.23960
1978.50000000	5.23700
1979.00000000	5.23399
1979.50000000	5.23326
1980.00000000	5.23231
1980.50000000	5.23311
1981.00000000	5.23341
1981.50000000	5.23170
1982.00000000	5.22979
1982.50000000	5.23040
1983.00000000	5.23031
1983.50000000	5.23069
1984.00000000	5.23154
1984.50000000	5.23250
1985.00000000	5.23189
1985.50000000	5.23338
1986.00000000	5.23492
1986.50000000	5.23636
1987.00000000	5.23634
1987.50000000	5.23652
1988.00000000	5.23669
1988.50000000	5.23685
1989.00000000	5.23761
1989.50000000	5.23930
1990.00000000	5.24040
1990.50000000	5.24199
1991.00000000	5.24278
1991.50000000	5.24340
1992.00000000	5.24528
1992.50000000	5.24666
1993.00000000	5.24794
1993.50000000	5.24984
1994.00000000	5.25190
1994.50000000	5.25422
1995.00000000	5.25591
1995.50000000	5.25644
1996.00000000	5.25744
1996.50000000	5.25837
1997.00000000	5.26002
1997.50000000	5.26064
1998.00000000	5.26267
1998.50000000	5.26471
1999.00000000	5.26679
1999.50000000	5.26964
2000.00000000	5.27165
2000.50000000	5.27364
2001.00000000	5.27483
2001.50000000	5.27643
2002.00000000	5.27676
2002.50000000	5.27655
2003.00000000	5.27555
2003.50000000	5.27410
2004.00000000	5.27421
2004.50000000	5.27372
2005.00000000	5.27437
2005.50000000	5.27487
2006.00000000	5.27691
2006.50000000	5.27658
2007.00000000	5.27534
2007.50000000	5.27655
2008.00000000	5.27858
2008.50000000	5.28069
2009.00000000	5.28248
2009.50000000	5.28358
2010.00000000	5.28539
2010.50000000	5.28823
2011.00000000	5.28924
2011.50000000	5.28962
2012.00000000	5.29122
2012.50000000	5.29410
2013.00000000	5.29797
2013.50000000	5.30259
2014.00000000	5.30727
2014.50000000	5.31050
2015.00000000	5.31286
2015.50000000	5.31392
2016.00000000	5.31426
2016.50000000	5.31568
2017.00000000	5.31609
2017.50000000	5.31567
2018.00000000	5.31582
2018.50000000	5.31485
2019.00000000	5.31198
2019.50000000	5.30820
2020.00000000	5.30584
2020.50000000	5.30343
2021.00000000	5.30072
2021.50000000	5.29834
2022.00000000	5.29733
2022.50000000	5.29676
2023.00000000	5.29607
2023.50000000	5.29467
2024.00000000	5.29249
2024.50000000	5.28966
2025.00000000	5.28770
2025.50000000	5.28756
2026.00000000	5.28735
2026.50000000	5.28849
2027.00000000	5.28645
2027.50000000	5.28464
2028.00000000	5.28200
2028.50000000	5.28026
2029.00000000	5.27951
2029.50000000	5.27701
2030.00000000	5.27478
2030.50000000	5.27171
2031.00000000	5.26898
2031.50000000	5.26501
2032.00000000	5.26083
2032.50000000	5.25825
2033.00000000	5.25612
2033.50000000	5.25477
2034.00000000	5.25262
2034.50000000	5.25070
2035.00000000	5.24965
2035.50000000	5.24908
2036.00000000	5.24952
2036.50000000	5.25206
2037.00000000	5.25294
2037.50000000	5.25327
2038.00000000	5.25313
2038.50000000	5.25450
2039.00000000	5.25573
2039.50000000	5.25615
2040.00000000	5.25564
2040.50000000	5.25642
2041.00000000	5.25813
2041.50000000	5.26006
2042.00000000	5.26173
2042.50000000	5.26280
2043.00000000	5.26234
2043.50000000	5.26146
2044.00000000	5.26061
2044.50000000	5.26061
2045.00000000	5.26061
2045.50000000	5.26083
2046.00000000	5.26090
2046.50000000	5.25968
2047.00000000	5.25786
2047.50000000	5.25714
2048.00000000	5.25671
2048.50000000	5.25602
2049.00000000	5.25411
2049.50000000	5.25157
2050.00000000	5.24982
2050.50000000	5.24785
2051.00000000	5.24549
2051.50000000	5.24242
2052.00000000	5.23829
2052.50000000	5.23459
2053.00000000	5.23204
2053.50000000	5.22915
2054.00000000	5.22701
2054.50000000	5.22467
2055.00000000	5.22253
2055.50000000	5.22091
2056.00000000	5.21924
2056.50000000	5.21730
2057.00000000	5.21607
2057.50000000	5.21506
2058.00000000	5.21382
2058.50000000	5.21291
2059.00000000	5.20996
2059.50000000	5.20662
2060.00000000	5.20353
2060.50000000	5.20098
2061.00000000	5.19936
2061.50000000	5.19777
2062.00000000	5.19557
2062.50000000	5.19352
2063.00000000	5.19166
2063.50000000	5.19023
2064.00000000	5.18896
2064.50000000	5.18858
2065.00000000	5.18746
2065.50000000	5.18543
2066.00000000	5.18473
2066.50000000	5.18264
2067.00000000	5.17940
2067.50000000	5.17470
2068.00000000	5.16995
2068.50000000	5.16484
2069.00000000	5.16012
2069.50000000	5.15635
2070.00000000	5.15207
2070.50000000	5.14752
2071.00000000	5.14421
2071.50000000	5.14046
2072.00000000	5.13635
2072.50000000	5.13281
2073.00000000	5.12900
2073.50000000	5.12656
2074.00000000	5.12415
2074.50000000	5.12082
2075.00000000	5.11804
2075.50000000	5.11622
2076.00000000	5.11239
2076.50000000	5.10769
2077.00000000	5.10287
2077.50000000	5.09804
2078.00000000	5.09395
2078.50000000	5.09021
2079.00000000	5.08437
2079.50000000	5.07903
2080.00000000	5.07351
2080.50000000	5.06835
2081.00000000	5.06412
2081.50000000	5.06050
2082.00000000	5.05675
2082.50000000	5.05224
2083.00000000	5.04907
2083.50000000	5.04540
2084.00000000	5.04359
2084.50000000	5.04171
2085.00000000	5.03841
2085.50000000	5.03666
2086.00000000	5.03516
2086.50000000	5.03408
2087.00000000	5.03362
2087.50000000	5.03374
2088.00000000	5.03465
2088.50000000	5.03592
2089.00000000	5.03791
2089.50000000	5.03951
2090.00000000	5.04100
2090.50000000	5.04120
2091.00000000	5.04017
2091.50000000	5.03816
2092.00000000	5.03633
2092.50000000	5.03628
2093.00000000	5.03728
2093.50000000	5.03779
2094.00000000	5.03990
2094.50000000	5.04043
2095.00000000	5.04100
2095.50000000	5.04128
2096.00000000	5.04126
2096.50000000	5.04207
2097.00000000	5.04243
2097.50000000	5.04157
2098.00000000	5.04214
2098.50000000	5.04247
2099.00000000	5.04178
2099.50000000	5.04113
2100.00000000	5.03951
2100.50000000	5.03855
2101.00000000	5.03868
2101.50000000	5.03853
2102.00000000	5.03735
2102.50000000	5.03606
2103.00000000	5.03531
2103.50000000	5.03318
2104.00000000	5.03072
2104.50000000	5.02896
2105.00000000	5.02823
2105.50000000	5.02784
2106.00000000	5.02801
2106.50000000	5.02872
2107.00000000	5.02872
2107.50000000	5.02935
2108.00000000	5.03025
2108.50000000	5.03200
2109.00000000	5.03356
2109.50000000	5.03440
2110.00000000	5.03591
2110.50000000	5.03660
2111.00000000	5.03724
2111.50000000	5.03803
2112.00000000	5.03834
2112.50000000	5.03942
2113.00000000	5.03820
2113.50000000	5.03872
2114.00000000	5.03878
2114.50000000	5.03909
2115.00000000	5.03828
2115.50000000	5.03617
2116.00000000	5.03479
2116.50000000	5.03473
2117.00000000	5.03425
2117.50000000	5.03373
2118.00000000	5.03371
2118.50000000	5.03251
2119.00000000	5.03264
2119.50000000	5.03233
2120.00000000	5.03213
2120.50000000	5.03107
2121.00000000	5.03161
2121.50000000	5.03126
2122.00000000	5.03049
2122.50000000	5.02975
2123.00000000	5.03018
2123.50000000	5.02853
2124.00000000	5.02853
2124.50000000	5.02746
2125.00000000	5.02783
2125.50000000	5.02901
2126.00000000	5.03000
2126.50000000	5.03065
2127.00000000	5.03103
2127.50000000	5.03164
2128.00000000	5.03228
2128.50000000	5.03206
2129.00000000	5.03007
2129.50000000	5.02704
2130.00000000	5.02406
2130.50000000	5.02139
2131.00000000	5.01874
2131.50000000	5.01689
2132.00000000	5.01485
2132.50000000	5.01408
2133.00000000	5.01359
2133.50000000	5.01306
2134.00000000	5.01086
2134.50000000	5.00945
2135.00000000	5.00778
2135.50000000	5.00521
2136.00000000	5.00283
2136.50000000	5.00135
2137.00000000	4.99958
2137.50000000	4.99739
2138.00000000	4.99557
2138.50000000	4.99334
2139.00000000	4.99152
2139.50000000	4.99073
2140.00000000	4.98863
2140.50000000	4.98550
2141.00000000	4.98152
2141.50000000	4.97911
2142.00000000	4.97790
2142.50000000	4.97525
2143.00000000	4.97160
2143.50000000	4.96934
2144.00000000	4.96512
2144.50000000	4.96150
2145.00000000	4.95967
2145.50000000	4.95782
2146.00000000	4.95654
2146.50000000	4.95629
2147.00000000	4.95602
2147.50000000	4.95644
2148.00000000	4.95712
2148.50000000	4.95851
2149.00000000	4.95990
2149.50000000	4.96316
2150.00000000	4.96572
2150.50000000	4.96765
2151.00000000	4.97109
2151.50000000	4.97475
2152.00000000	4.97718
2152.50000000	4.98071
2153.00000000	4.98475
2153.50000000	4.98664
2154.00000000	4.98841
2154.50000000	4.98808
2155.00000000	4.98756
2155.50000000	4.98817
2156.00000000	4.98903
2156.50000000	4.98975
2157.00000000	4.99007
2157.50000000	4.99032
2158.00000000	4.99023
2158.50000000	4.98937
2159.00000000	4.98794
2159.50000000	4.98736
2160.00000000	4.98758
2160.50000000	4.98930
2161.00000000	4.98978
2161.50000000	4.98843
2162.00000000	4.98781
2162.50000000	4.98641
2163.00000000	4.98564
2163.50000000	4.98521
2164.00000000	4.98533
2164.50000000	4.98293
2165.00000000	4.98060
2165.50000000	4.97639
2166.00000000	4.97216
2166.50000000	4.96917
2167.00000000	4.96620
2167.50000000	4.96426
2168.00000000	4.96227
2168.50000000	4.96040
2169.00000000	4.95816
2169.50000000	4.95652
2170.00000000	4.95440
2170.50000000	4.95202
2171.00000000	4.95108
2171.50000000	4.95052
2172.00000000	4.95018
2172.50000000	4.94918
2173.00000000	4.94905
2173.50000000	4.94930
2174.00000000	4.95000
2174.50000000	4.95300
2175.00000000	4.95523
2175.50000000	4.95699
2176.00000000	4.95701
2176.50000000	4.95788
2177.00000000	4.95783
2177.50000000	4.95749
2178.00000000	4.95880
2178.50000000	4.96046
2179.00000000	4.96114
2179.50000000	4.96151
2180.00000000	4.96143
2180.50000000	4.96271
2181.00000000	4.96400
2181.50000000	4.96404
2182.00000000	4.96497
2182.50000000	4.96614
2183.00000000	4.96686
2183.50000000	4.96782
2184.00000000	4.96790
2184.50000000	4.96560
2185.00000000	4.96528
2185.50000000	4.96533
2186.00000000	4.96595
2186.50000000	4.96717
2187.00000000	4.96875
2187.50000000	4.96913
2188.00000000	4.96988
2188.50000000	4.96973
2189.00000000	4.96862
2189.50000000	4.96779
2190.00000000	4.96751
2190.50000000	4.96703
2191.00000000	4.96642
2191.50000000	4.96804
2192.00000000	4.96756
2192.50000000	4.96745
2193.00000000	4.96721
2193.50000000	4.96595
2194.00000000	4.96467
2194.50000000	4.96412
2195.00000000	4.96402
2195.50000000	4.96427
2196.00000000	4.96404
2196.50000000	4.96338
2197.00000000	4.96208
2197.50000000	4.96263
2198.00000000	4.96308
2198.50000000	4.96210
2199.00000000	4.96000
2199.50000000	4.95828
2200.00000000	4.95836
2200.50000000	4.95867
2201.00000000	4.95853
2201.50000000	4.95841
2202.00000000	4.95879
2202.50000000	4.95832
2203.00000000	4.95634
2203.50000000	4.95384
2204.00000000	4.95120
2204.50000000	4.94910
2205.00000000	4.94585
2205.50000000	4.94197
2206.00000000	4.93827
2206.50000000	4.93465
2207.00000000	4.93112
2207.50000000	4.92858
2208.00000000	4.92716
2208.50000000	4.92465
2209.00000000	4.92327
2209.50000000	4.92345
2210.00000000	4.92335
2210.50000000	4.92410
2211.00000000	4.92456
2211.50000000	4.92413
2212.00000000	4.92329
2212.50000000	4.92344
2213.00000000	4.92197
2213.50000000	4.91961
2214.00000000	4.91904
2214.50000000	4.91844
2215.00000000	4.91876
2215.50000000	4.91865
2216.00000000	4.91981
2216.50000000	4.91971
2217.00000000	4.91942
2217.50000000	4.91958
2218.00000000	4.91967
2218.50000000	4.91970
2219.00000000	4.91991
2219.50000000	4.91977
2220.00000000	4.91976
2220.50000000	4.91913
2221.00000000	4.91843
2221.50000000	4.91783
2222.00000000	4.91678
2222.50000000	4.91590
2223.00000000	4.91681
2223.50000000	4.91756
2224.00000000	4.91754
2224.50000000	4.91665
2225.00000000	4.91632
2225.50000000	4.91630
2226.00000000	4.91576
2226.50000000	4.91672
2227.00000000	4.91765
2227.50000000	4.91794
2228.00000000	4.91701
2228.50000000	4.91648
2229.00000000	4.91563
2229.50000000	4.91417
2230.00000000	4.91287
2230.50000000	4.91209
2231.00000000	4.91193
2231.50000000	4.91147
2232.00000000	4.91001
2232.50000000	4.90978
2233.00000000	4.91008
2233.50000000	4.91061
2234.00000000	4.91075
2234.50000000	4.91086
2235.00000000	4.91103
2235.50000000	4.90844
2236.00000000	4.90635
2236.50000000	4.90506
2237.00000000	4.90518
2237.50000000	4.90443
2238.00000000	4.90243
2238.50000000	4.89875
2239.00000000	4.89588
2239.50000000	4.89382
2240.00000000	4.89115
2240.50000000	4.89055
2241.00000000	4.89065
2241.50000000	4.89034
2242.00000000	4.89074
2242.50000000	4.89125
2243.00000000	4.89102
2243.50000000	4.89030
2244.00000000	4.89055
2244.50000000	4.88938
2245.00000000	4.88794
2245.50000000	4.88787
2246.00000000	4.88779
2246.50000000	4.88764
2247.00000000	4.88829
2247.50000000	4.88827
2248.00000000	4.88744
2248.50000000	4.88592
2249.00000000	4.88529
2249.50000000	4.88497
2250.00000000	4.88407
2250.50000000	4.88220
2251.00000000	4.88043
2251.50000000	4.87819
2252.00000000	4.87640
2252.50000000	4.87473
2253.00000000	4.87262
2253.50000000	4.87044
2254.00000000	4.86983
2254.50000000	4.86985
2255.00000000	4.86905
2255.50000000	4.86907
2256.00000000	4.86915
2256.50000000	4.86809
2257.00000000	4.86765
2257.50000000	4.86640
2258.00000000	4.86612
2258.50000000	4.86625
2259.00000000	4.86697
2259.50000000	4.86711
2260.00000000	4.86762
2260.50000000	4.87014
2261.00000000	4.87192
2261.50000000	4.87168
2262.00000000	4.87085
2262.50000000	4.87109
2263.00000000	4.87296
2263.50000000	4.87438
2264.00000000	4.87557
2264.50000000	4.87506
2265.00000000	4.87436
2265.50000000	4.87349
2266.00000000	4.87166
2266.50000000	4.86958
2267.00000000	4.86786
2267.50000000	4.86588
2268.00000000	4.86331
2268.50000000	4.86054
2269.00000000	4.85802
2269.50000000	4.85628
2270.00000000	4.85374
2270.50000000	4.85130
2271.00000000	4.84862
2271.50000000	4.84565
2272.00000000	4.84100
2272.50000000	4.83714
2273.00000000	4.83266
2273.50000000	4.82881
2274.00000000	4.82365
2274.50000000	4.82078
2275.00000000	4.81666
2275.50000000	4.81311
2276.00000000	4.80975
2276.50000000	4.80709
2277.00000000	4.80426
2277.50000000	4.80232
2278.00000000	4.79965
2278.50000000	4.79584
2279.00000000	4.79215
2279.50000000	4.78967
2280.00000000	4.78825
2280.50000000	4.78707
2281.00000000	4.78413
2281.50000000	4.78049
2282.00000000	4.77691
2282.50000000	4.77427
2283.00000000	4.77356
2283.50000000	4.77336
2284.00000000	4.77479
2284.50000000	4.77606
2285.00000000	4.77839
2285.50000000	4.78086
2286.00000000	4.78385
2286.50000000	4.78531
2287.00000000	4.78665
2287.50000000	4.78834
2288.00000000	4.78816
2288.50000000	4.78897
2289.00000000	4.78976
2289.50000000	4.79141
2290.00000000	4.79235
2290.50000000	4.79444
2291.00000000	4.79601
2291.50000000	4.79821
2292.00000000	4.79991
2292.50000000	4.80233
2293.00000000	4.80525
2293.50000000	4.80656
2294.00000000	4.80804
2294.50000000	4.81034
2295.00000000	4.81362
2295.50000000	4.81712
2296.00000000	4.82108
2296.50000000	4.82479
2297.00000000	4.82976
2297.50000000	4.83503
2298.00000000	4.84053
2298.50000000	4.84638
2299.00000000	4.85052
