0.00000000	5.65382
0.50000000	5.65760
1.00000000	5.66130
1.50000000	5.66346
2.00000000	5.66707
2.50000000	5.66974
3.00000000	5.67225
3.50000000	5.67393
4.00000000	5.67578
4.50000000	5.67828
5.00000000	5.67980
5.50000000	5.68121
6.00000000	5.68308
6.50000000	5.68501
7.00000000	5.68792
7.50000000	5.69120
8.00000000	5.69275
8.50000000	5.69317
9.00000000	5.69194
9.50000000	5.68964
10.00000000	5.68786
10.50000000	5.68738
11.00000000	5.68697
11.50000000	5.68822
12.00000000	5.68739
12.50000000	5.68744
13.00000000	5.68729
13.50000000	5.68552
14.00000000	5.68401
14.50000000	5.68455
15.00000000	5.68533
15.50000000	5.68580
16.00000000	5.68608
16.50000000	5.68764
17.00000000	5.68751
17.50000000	5.68777
18.00000000	5.68939
18.50000000	5.69034
19.00000000	5.69195
19.50000000	5.69238
20.00000000	5.69173
20.50000000	5.69356
21.00000000	5.69427
21.50000000	5.69577
22.00000000	5.69608
22.50000000	5.69738
23.00000000	5.69777
23.50000000	5.69793
24.00000000	5.69924
24.50000000	5.70037
25.00000000	5.70228
25.50000000	5.70434
26.00000000	5.70710
26.50000000	5.70986
27.00000000	5.71261
27.50000000	5.71428
28.00000000	5.71549
28.50000000	5.71395
29.00000000	5.71188
29.50000000	5.71048
30.00000000	5.71013
30.50000000	5.70844
31.00000000	5.70874
31.50000000	5.71005
32.00000000	5.71171
32.50000000	5.71532
33.00000000	5.71970
33.50000000	5.72339
34.00000000	5.72655
34.50000000	5.73037
35.00000000	5.73439
35.50000000	5.73823
36.00000000	5.74179
36.50000000	5.74572
37.00000000	5.75010
37.50000000	5.75522
38.00000000	5.75781
38.50000000	5.75930
39.00000000	5.75991
39.50000000	5.76093
40.00000000	5.76256
40.50000000	5.76545
41.00000000	5.76772
41.50000000	5.77211
42.00000000	5.77665
42.50000000	5.78136
43.00000000	5.78541
43.50000000	5.78750
44.00000000	5.78902
44.50000000	5.79157
45.00000000	5.79379
45.50000000	5.79624
46.00000000	5.79782
46.50000000	5.79854
47.00000000	5.79870
47.50000000	5.79910
48.00000000	5.79926
48.50000000	5.80015
49.00000000	5.79936
49.50000000	5.79821
50.00000000	5.79705
50.50000000	5.79542
51.00000000	5.79303
51.50000000	5.79068
52.00000000	5.78986
52.50000000	5.78857
53.00000000	5.78833
53.50000000	5.78673
54.00000000	5.78503
54.50000000	5.78295
55.00000000	5.78222
55.50000000	5.78105
56.00000000	5.77976
56.50000000	5.77825
57.00000000	5.77635
57.50000000	5.77542
58.00000000	5.77438
58.50000000	5.77467
59.00000000	5.77550
59.50000000	5.77406
60.00000000	5.77273
60.50000000	5.77223
61.00000000	5.77145
61.50000000	5.77152
62.00000000	5.77186
62.50000000	5.77171
63.00000000	5.77077
63.50000000	5.77137
64.00000000	5.77070
64.50000000	5.76980
65.00000000	5.76893
65.50000000	5.76894
66.00000000	5.76841
66.50000000	5.76780
67.00000000	5.76766
67.50000000	5.76760
68.00000000	5.76738
68.50000000	5.76837
69.00000000	5.76918
69.50000000	5.77110
70.00000000	5.77342
70.50000000	5.77561
71.00000000	5.77763
71.50000000	5.78128
72.00000000	5.78390
72.50000000	5.78601
73.00000000	5.78945
73.50000000	5.79397
74.00000000	5.79890
74.50000000	5.80195
75.00000000	5.80419
75.50000000	5.80712
76.00000000	5.80839
76.50000000	5.80876
77.00000000	5.80941
77.50000000	5.80822
78.00000000	5.80762
78.50000000	5.80702
79.00000000	5.80575
79.50000000	5.80378
80.00000000	5.80127
80.50000000	5.79963
81.00000000	5.79686
81.50000000	5.79475
82.00000000	5.79345
82.50000000	5.79270
83.00000000	5.79113
83.50000000	5.78951
84.00000000	5.78787
84.50000000	5.78748
85.00000000	5.78646
85.50000000	5.78575
86.00000000	5.78484
86.50000000	5.78350
87.00000000	5.78368
87.50000000	5.78393
88.00000000	5.78401
88.50000000	5.78427
89.00000000	5.78374
89.50000000	5.78348
90.00000000	5.78371
90.50000000	5.78779
91.00000000	5.79154
91.50000000	5.79547
92.00000000	5.79920
92.50000000	5.80345
93.00000000	5.80643
93.50000000	5.81190
94.00000000	5.81609
94.50000000	5.81941
95.00000000	5.82231
95.50000000	5.82507
96.00000000	5.82753
96.50000000	5.83073
97.00000000	5.83484
97.50000000	5.83990
98.00000000	5.84395
98.50000000	5.84677
99.00000000	5.84979
99.50000000	5.85150
100.00000000	5.85392
100.50000000	5.85576
101.00000000	5.85792
101.50000000	5.85971
102.00000000	5.85985
102.50000000	5.85968
103.00000000	5.85826
103.50000000	5.85698
104.00000000	5.85730
104.50000000	5.85794
105.00000000	5.85658
105.50000000	5.85493
106.00000000	5.85274
106.50000000	5.85007
107.00000000	5.84661
107.50000000	5.84292
108.00000000	5.83865
108.50000000	5.83453
109.00000000	5.83090
109.50000000	5.82744
110.00000000	5.82566
110.50000000	5.82430
111.00000000	5.82186
111.50000000	5.82031
112.00000000	5.81820
112.50000000	5.81792
113.00000000	5.81742
113.50000000	5.81614
114.00000000	5.81435
114.50000000	5.81283
115.00000000	5.81084
115.50000000	5.80952
116.00000000	5.80751
116.50000000	5.80593
117.00000000	5.80550
117.50000000	5.80515
118.00000000	5.80484
118.50000000	5.80507
119.00000000	5.80353
119.50000000	5.80164
120.00000000	5.79939
120.50000000	5.79783
121.00000000	5.79729
121.50000000	5.79760
122.00000000	5.79772
122.50000000	5.79616
123.00000000	5.79526
123.50000000	5.79526
124.00000000	5.79476
124.50000000	5.79468
125.00000000	5.79489
125.50000000	5.79512
126.00000000	5.79581
126.50000000	5.79580
127.00000000	5.79428
127.50000000	5.79285
128.00000000	5.79099
128.50000000	5.78932
129.00000000	5.78930
129.50000000	5.78905
130.00000000	5.78895
130.50000000	5.78956
131.00000000	5.79011
131.50000000	5.79094
132.00000000	5.79056
132.50000000	5.79214
133.00000000	5.79321
133.50000000	5.79375
134.00000000	5.79414
134.50000000	5.79567
135.00000000	5.79510
135.50000000	5.79420
136.00000000	5.79312
136.50000000	5.79183
137.00000000	5.79043
137.50000000	5.79074
138.00000000	5.79087
138.50000000	5.79097
139.00000000	5.79047
139.50000000	5.79087
140.00000000	5.78922
140.50000000	5.78794
141.00000000	5.78730
141.50000000	5.78755
142.00000000	5.78658
142.50000000	5.78638
143.00000000	5.78524
143.50000000	5.78508
144.00000000	5.78484
144.50000000	5.78325
145.00000000	5.78136
145.50000000	5.77837
146.00000000	5.77496
146.50000000	5.77186
147.00000000	5.76867
147.50000000	5.76503
148.00000000	5.76181
148.50000000	5.76056
149.00000000	5.75839
149.50000000	5.75758
150.00000000	5.75745
150.50000000	5.75625
151.00000000	5.75440
151.50000000	5.75369
152.00000000	5.75345
152.50000000	5.75373
153.00000000	5.75252
153.50000000	5.75172
154.00000000	5.75021
154.50000000	5.74835
155.00000000	5.74560
155.50000000	5.74208
156.00000000	5.73781
156.50000000	5.73382
157.00000000	5.73028
157.50000000	5.72705
158.00000000	5.72462
158.50000000	5.72304
159.00000000	5.72148
159.50000000	5.71979
160.00000000	5.71713
160.50000000	5.71622
161.00000000	5.71617
161.50000000	5.71611
162.00000000	5.71573
162.50000000	5.71534
163.00000000	5.71567
163.50000000	5.71652
164.00000000	5.71695
164.50000000	5.71796
165.00000000	5.71987
165.50000000	5.72128
166.00000000	5.72154
166.50000000	5.72299
167.00000000	5.72532
167.50000000	5.72707
168.00000000	5.73013
168.50000000	5.73240
169.00000000	5.73411
169.50000000	5.73669
170.00000000	5.73878
170.50000000	5.74041
171.00000000	5.74108
171.50000000	5.74251
172.00000000	5.74395
172.50000000	5.74587
173.00000000	5.74877
173.50000000	5.75266
174.00000000	5.75725
174.50000000	5.76250
175.00000000	5.76713
175.50000000	5.77221
176.00000000	5.77696
176.50000000	5.78171
177.00000000	5.78512
177.50000000	5.78861
178.00000000	5.79066
178.50000000	5.79174
179.00000000	5.79439
179.50000000	5.79539
180.00000000	5.79438
180.50000000	5.79410
181.00000000	5.79580
181.50000000	5.79836
182.00000000	5.80307
182.50000000	5.80832
183.00000000	5.81269
183.50000000	5.81745
184.00000000	5.82298
184.50000000	5.82599
185.00000000	5.83120
185.50000000	5.83598
186.00000000	5.83975
186.50000000	5.84299
187.00000000	5.84647
187.50000000	5.85011
188.00000000	5.85241
188.50000000	5.85594
189.00000000	5.85888
189.50000000	5.86308
190.00000000	5.86628
190.50000000	5.86933
191.00000000	5.87366
191.50000000	5.87726
192.00000000	5.88095
192.50000000	5.88344
193.00000000	5.88671
193.50000000	5.89051
194.00000000	5.89329
194.50000000	5.89502
195.00000000	5.89663
195.50000000	5.89688
196.00000000	5.89698
196.50000000	5.89836
197.00000000	5.89857
197.50000000	5.89802
198.00000000	5.89787
198.50000000	5.89823
199.00000000	5.89855
199.50000000	5.89922
200.00000000	5.89983
200.50000000	5.90160
201.00000000	5.90409
201.50000000	5.90678
202.00000000	5.90778
202.50000000	5.90777
203.00000000	5.90846
203.50000000	5.90992
204.00000000	5.91047
204.50000000	5.91013
205.00000000	5.90882
205.50000000	5.90734
206.00000000	5.90730
206.50000000	5.90570
207.00000000	5.90448
207.50000000	5.90472
208.00000000	5.90600
208.50000000	5.90707
209.00000000	5.90813
209.50000000	5.91073
210.00000000	5.91218
210.50000000	5.91248
211.00000000	5.91240
211.50000000	5.91221
212.00000000	5.91331
212.50000000	5.91339
213.00000000	5.91504
213.50000000	5.91753
214.00000000	5.91832
214.50000000	5.91886
215.00000000	5.91767
215.50000000	5.91574
216.00000000	5.91259
216.50000000	5.90944
217.00000000	5.90707
217.50000000	5.90635
218.00000000	5.90444
218.50000000	5.90307
219.00000000	5.90042
219.50000000	5.89886
220.00000000	5.89825
220.50000000	5.89730
221.00000000	5.89498
221.50000000	5.89372
222.00000000	5.89270
222.50000000	5.89065
223.00000000	5.88846
223.50000000	5.88755
224.00000000	5.88649
224.50000000	5.88491
225.00000000	5.88418
225.50000000	5.88389
226.00000000	5.88370
226.50000000	5.88370
227.00000000	5.88320
227.50000000	5.88342
228.00000000	5.88329
228.50000000	5.88306
229.00000000	5.88362
229.50000000	5.88492
230.00000000	5.88684
230.50000000	5.88752
231.00000000	5.88767
231.50000000	5.88875
232.00000000	5.89004
232.50000000	5.89107
233.00000000	5.89305
233.50000000	5.89572
234.00000000	5.89992
234.50000000	5.90375
235.00000000	5.90766
235.50000000	5.90989
236.00000000	5.91192
236.50000000	5.91385
237.00000000	5.91550
237.50000000	5.91690
238.00000000	5.92015
238.50000000	5.92227
239.00000000	5.92505
239.50000000	5.92565
240.00000000	5.92677
240.50000000	5.92822
241.00000000	5.93030
241.50000000	5.93116
242.00000000	5.93277
242.50000000	5.93411
243.00000000	5.93513
243.50000000	5.93623
244.00000000	5.93666
244.50000000	5.93727
245.00000000	5.93884
245.50000000	5.94019
246.00000000	5.94091
246.50000000	5.94017
247.00000000	5.93923
247.50000000	5.93918
248.00000000	5.93831
248.50000000	5.93930
249.00000000	5.93987
249.50000000	5.94017
250.00000000	5.94141
250.50000000	5.94326
251.00000000	5.94656
251.50000000	5.95074
252.00000000	5.95309
252.50000000	5.95489
253.00000000	5.95669
253.50000000	5.95701
254.00000000	5.95638
254.50000000	5.95463
255.00000000	5.95340
255.50000000	5.95407
256.00000000	5.95372
256.50000000	5.95270
257.00000000	5.95195
257.50000000	5.94953
258.00000000	5.94725
258.50000000	5.94662
259.00000000	5.94557
259.50000000	5.94573
260.00000000	5.94621
260.50000000	5.94561
261.00000000	5.94513
261.50000000	5.94519
262.00000000	5.94396
262.50000000	5.94288
263.00000000	5.94108
263.50000000	5.94129
264.00000000	5.94155
264.50000000	5.94141
265.00000000	5.94150
265.50000000	5.94273
266.00000000	5.94386
266.50000000	5.94525
267.00000000	5.94604
267.50000000	5.94545
268.00000000	5.94501
268.50000000	5.94498
269.00000000	5.94597
269.50000000	5.94657
270.00000000	5.94855
270.50000000	5.94967
271.00000000	5.95019
271.50000000	5.94980
272.00000000	5.94853
272.50000000	5.94680
273.00000000	5.94467
273.50000000	5.94312
274.00000000	5.94121
274.50000000	5.94099
275.00000000	5.94214
275.50000000	5.94410
276.00000000	5.94501
276.50000000	5.94547
277.00000000	5.94695
277.50000000	5.94896
278.00000000	5.94909
278.50000000	5.94955
279.00000000	5.95063
279.50000000	5.95214
280.00000000	5.95450
280.50000000	5.95515
281.00000000	5.95492
281.50000000	5.95547
282.00000000	5.95577
282.50000000	5.95665
283.00000000	5.95770
283.50000000	5.95743
284.00000000	5.95603
284.50000000	5.95655
285.00000000	5.95829
285.50000000	5.95916
286.00000000	5.95915
286.50000000	5.95799
287.00000000	5.95671
287.50000000	5.95522
288.00000000	5.95292
288.50000000	5.95047
289.00000000	5.94719
289.50000000	5.94314
290.00000000	5.94009
290.50000000	5.93549
291.00000000	5.93224
291.50000000	5.92992
292.00000000	5.92744
292.50000000	5.92600
293.00000000	5.92405
293.50000000	5.92108
294.00000000	5.91951
294.50000000	5.91845
295.00000000	5.91691
295.50000000	5.91525
296.00000000	5.91336
296.50000000	5.91273
297.00000000	5.91305
297.50000000	5.91245
298.00000000	5.91118
298.50000000	5.91095
299.00000000	5.91055
299.50000000	5.91142
300.00000000	5.91323
300.50000000	5.91510
301.00000000	5.91779
301.50000000	5.91879
302.00000000	5.92073
302.50000000	5.92388
303.00000000	5.92745
303.50000000	5.92952
304.00000000	5.93175
304.50000000	5.93465
305.00000000	5.93749
305.50000000	5.93874
306.00000000	5.93759
306.50000000	5.93718
307.00000000	5.93850
307.50000000	5.93902
308.00000000	5.93904
308.50000000	5.93846
309.00000000	5.93759
309.50000000	5.93686
310.00000000	5.93755
310.50000000	5.93811
311.00000000	5.93852
311.50000000	5.93893
312.00000000	5.93899
312.50000000	5.93944
313.00000000	5.93936
313.50000000	5.93882
314.00000000	5.93858
314.50000000	5.93869
315.00000000	5.93869
315.50000000	5.93820
316.00000000	5.93668
316.50000000	5.93346
317.00000000	5.92984
317.50000000	5.92688
318.00000000	5.92464
318.50000000	5.92332
319.00000000	5.92124
319.50000000	5.92045
320.00000000	5.92152
320.50000000	5.92168
321.00000000	5.92185
321.50000000	5.92209
322.00000000	5.92046
322.50000000	5.91915
323.00000000	5.91851
323.50000000	5.91772
324.00000000	5.91690
324.50000000	5.91633
325.00000000	5.91572
325.50000000	5.91515
326.00000000	5.91404
326.50000000	5.91364
327.00000000	5.91346
327.50000000	5.91370
328.00000000	5.91372
328.50000000	5.91390
329.00000000	5.91269
329.50000000	5.91194
330.00000000	5.91068
330.50000000	5.90775
331.00000000	5.90501
331.50000000	5.90249
332.00000000	5.90092
332.50000000	5.90083
333.00000000	5.90068
333.50000000	5.90065
334.00000000	5.90318
334.50000000	5.90483
335.00000000	5.90564
335.50000000	5.90374
336.00000000	5.90300
336.50000000	5.90190
337.00000000	5.90187
337.50000000	5.90058
338.00000000	5.89957
338.50000000	5.89719
339.00000000	5.89551
339.50000000	5.89342
340.00000000	5.89075
340.50000000	5.88818
341.00000000	5.88568
341.50000000	5.88282
342.00000000	5.87820
342.50000000	5.87392
343.00000000	5.87056
343.50000000	5.86788
344.00000000	5.86551
344.50000000	5.86288
345.00000000	5.86013
345.50000000	5.85768
346.00000000	5.85502
346.50000000	5.85259
347.00000000	5.85076
347.50000000	5.84883
348.00000000	5.84898
348.50000000	5.84804
349.00000000	5.84534
349.50000000	5.84230
350.00000000	5.84020
350.50000000	5.83685
351.00000000	5.83235
351.50000000	5.82844
352.00000000	5.82474
352.50000000	5.82075
353.00000000	5.81609
353.50000000	5.81230
354.00000000	5.80864
354.50000000	5.80453
355.00000000	5.80045
355.50000000	5.79625
356.00000000	5.79450
356.50000000	5.79440
357.00000000	5.79323
357.50000000	5.79232
358.00000000	5.79372
358.50000000	5.79546
359.00000000	5.79741
359.50000000	5.80025
360.00000000	5.80303
360.50000000	5.80573
361.00000000	5.80779
361.50000000	5.80845
362.00000000	5.80885
362.50000000	5.80928
363.00000000	5.81068
363.50000000	5.81373
364.00000000	5.81541
364.50000000	5.81642
365.00000000	5.81851
365.50000000	5.82028
366.00000000	5.82162
366.50000000	5.82397
367.00000000	5.82666
367.50000000	5.82939
368.00000000	5.83368
368.50000000	5.83768
369.00000000	5.84118
369.50000000	5.84445
370.00000000	5.84654
370.50000000	5.84668
371.00000000	5.84676
371.50000000	5.84575
372.00000000	5.84378
372.50000000	5.84149
373.00000000	5.83953
373.50000000	5.83747
374.00000000	5.83476
374.50000000	5.83061
375.00000000	5.82600
375.50000000	5.82313
376.00000000	5.82088
376.50000000	5.82017
377.00000000	5.81925
377.50000000	5.81789
378.00000000	5.81690
378.50000000	5.81496
379.00000000	5.81324
379.50000000	5.81296
380.00000000	5.81058
380.50000000	5.80799
381.00000000	5.80470
381.50000000	5.80387
382.00000000	5.80400
382.50000000	5.80303
383.00000000	5.80167
383.50000000	5.80126
384.00000000	5.80146
384.50000000	5.80189
385.00000000	5.80186
385.50000000	5.80156
386.00000000	5.80006
386.50000000	5.79948
387.00000000	5.79806
387.50000000	5.79623
388.00000000	5.79512
388.50000000	5.79489
389.00000000	5.79485
389.50000000	5.79526
390.00000000	5.79507
390.50000000	5.79624
391.00000000	5.79844
391.50000000	5.80184
392.00000000	5.80457
392.50000000	5.80570
393.00000000	5.80637
393.50000000	5.80422
394.00000000	5.80215
394.50000000	5.79931
395.00000000	5.79662
395.50000000	5.79410
396.00000000	5.79160
396.50000000	5.79025
397.00000000	5.78881
397.50000000	5.78913
398.00000000	5.79075
398.50000000	5.79190
399.00000000	5.79250
399.50000000	5.79155
400.00000000	5.79129
400.50000000	5.79037
401.00000000	5.78876
401.50000000	5.78804
402.00000000	5.78739
402.50000000	5.78601
403.00000000	5.78581
403.50000000	5.78492
404.00000000	5.78453
404.50000000	5.78586
405.00000000	5.78653
405.50000000	5.78726
406.00000000	5.78783
406.50000000	5.78810
407.00000000	5.78956
407.50000000	5.78921
408.00000000	5.78800
408.50000000	5.78730
409.00000000	5.78614
409.50000000	5.78320
410.00000000	5.77987
410.50000000	5.77697
411.00000000	5.77266
411.50000000	5.77011
412.00000000	5.76767
412.50000000	5.76440
413.00000000	5.76093
413.50000000	5.75965
414.00000000	5.75727
414.50000000	5.75363
415.00000000	5.74812
415.50000000	5.74250
416.00000000	5.73685
416.50000000	5.73084
417.00000000	5.72517
417.50000000	5.72035
418.00000000	5.71463
418.50000000	5.71059
419.00000000	5.70740
419.50000000	5.70376
420.00000000	5.70122
420.50000000	5.69719
421.00000000	5.69300
421.50000000	5.68855
422.00000000	5.68426
422.50000000	5.67947
423.00000000	5.67420
423.50000000	5.67144
424.00000000	5.66976
424.50000000	5.66854
425.00000000	5.66734
425.50000000	5.66631
426.00000000	5.66509
426.50000000	5.66550
427.00000000	5.66623
427.50000000	5.66534
428.00000000	5.66524
428.50000000	5.66529
429.00000000	5.66496
429.50000000	5.66529
430.00000000	5.66404
430.50000000	5.66356
431.00000000	5.66246
431.50000000	5.66163
432.00000000	5.66093
432.50000000	5.66145
433.00000000	5.66256
433.50000000	5.66315
434.00000000	5.66185
434.50000000	5.66097
435.00000000	5.65961
435.50000000	5.65782
436.00000000	5.65568
436.50000000	5.65419
437.00000000	5.65246
437.50000000	5.65129
438.00000000	5.64989
438.50000000	5.64781
439.00000000	5.64758
439.50000000	5.64700
440.00000000	5.64574
440.50000000	5.64638
441.00000000	5.64575
441.50000000	5.64478
442.00000000	5.64392
442.50000000	5.64356
443.00000000	5.64307
443.50000000	5.64225
444.00000000	5.64101
444.50000000	5.63932
445.00000000	5.63730
445.50000000	5.63621
446.00000000	5.63427
446.50000000	5.63175
447.00000000	5.62809
447.50000000	5.62624
448.00000000	5.62514
448.50000000	5.62356
449.00000000	5.62221
449.50000000	5.61982
450.00000000	5.61710
450.50000000	5.61580
451.00000000	5.61317
451.50000000	5.61076
452.00000000	5.60804
452.50000000	5.60511
453.00000000	5.60213
453.50000000	5.59978
454.00000000	5.59824
454.50000000	5.59676
455.00000000	5.59432
455.50000000	5.59242
456.00000000	5.59224
456.50000000	5.59364
457.00000000	5.59638
457.50000000	5.59847
458.00000000	5.60056
458.50000000	5.60247
459.00000000	5.60425
459.50000000	5.60577
460.00000000	5.60666
460.50000000	5.60803
461.00000000	5.60781
461.50000000	5.60782
462.00000000	5.60669
462.50000000	5.60600
463.00000000	5.60598
463.50000000	5.60495
464.00000000	5.60465
464.50000000	5.60257
465.00000000	5.60048
465.50000000	5.59962
466.00000000	5.59894
466.50000000	5.59630
467.00000000	5.59234
467.50000000	5.58864
468.00000000	5.58371
468.50000000	5.58016
469.00000000	5.57709
469.50000000	5.57421
470.00000000	5.57210
470.50000000	5.56823
471.00000000	5.56457
471.50000000	5.56112
472.00000000	5.55828
472.50000000	5.55478
473.00000000	5.55165
473.50000000	5.54797
474.00000000	5.54419
474.50000000	5.54042
475.00000000	5.53692
475.50000000	5.53309
476.00000000	5.53059
476.50000000	5.52870
477.00000000	5.52597
477.50000000	5.52420
478.00000000	5.52080
478.50000000	5.51749
479.00000000	5.51330
479.50000000	5.50945
480.00000000	5.50721
480.50000000	5.50434
481.00000000	5.50117
481.50000000	5.49783
482.00000000	5.49419
482.50000000	5.49038
483.00000000	5.48787
483.50000000	5.48580
484.00000000	5.48421
484.50000000	5.48310
485.00000000	5.48241
485.50000000	5.48151
486.00000000	5.48000
486.50000000	5.47924
487.00000000	5.47893
487.50000000	5.47791
488.00000000	5.47729
488.50000000	5.47612
489.00000000	5.47514
489.50000000	5.47421
490.00000000	5.47421
490.50000000	5.47322
491.00000000	5.47192
491.50000000	5.47158
492.00000000	5.47064
492.50000000	5.46962
493.00000000	5.46806
493.50000000	5.46577
494.00000000	5.46286
494.50000000	5.46258
495.00000000	5.46134
495.50000000	5.46020
496.00000000	5.45823
496.50000000	5.45764
497.00000000	5.45961
497.50000000	5.46070
498.00000000	5.46249
498.50000000	5.46438
499.00000000	5.46610
499.50000000	5.46721
500.00000000	5.46744
500.50000000	5.46710
501.00000000	5.46696
501.50000000	5.46765
502.00000000	5.46776
502.50000000	5.46702
503.00000000	5.46645
503.50000000	5.46675
504.00000000	5.46802
504.50000000	5.47023
505.00000000	5.47212
505.50000000	5.47473
506.00000000	5.47811
506.50000000	5.48017
507.00000000	5.48181
507.50000000	5.48340
508.00000000	5.48504
508.50000000	5.48572
509.00000000	5.48544
509.50000000	5.48730
510.00000000	5.48939
510.50000000	5.49126
511.00000000	5.49366
511.50000000	5.49618
512.00000000	5.49789
512.50000000	5.49931
513.00000000	5.50132
513.50000000	5.50284
514.00000000	5.50402
514.50000000	5.50494
515.00000000	5.50587
515.50000000	5.50566
516.00000000	5.50436
516.50000000	5.50338
517.00000000	5.50357
517.50000000	5.50428
518.00000000	5.50451
518.50000000	5.50486
519.00000000	5.50626
519.50000000	5.50741
520.00000000	5.50779
520.50000000	5.50722
521.00000000	5.50763
521.50000000	5.50830
522.00000000	5.51064
522.50000000	5.51203
523.00000000	5.51368
523.50000000	5.51480
524.00000000	5.51529
524.50000000	5.51561
525.00000000	5.51724
525.50000000	5.51690
526.00000000	5.51539
526.50000000	5.51198
527.00000000	5.51059
527.50000000	5.50898
528.00000000	5.50715
528.50000000	5.50548
529.00000000	5.50489
529.50000000	5.50333
530.00000000	5.50087
530.50000000	5.49927
531.00000000	5.49649
531.50000000	5.49506
532.00000000	5.49315
532.50000000	5.49052
533.00000000	5.48758
533.50000000	5.48325
534.00000000	5.47861
534.50000000	5.47390
535.00000000	5.46952
535.50000000	5.46339
536.00000000	5.45923
536.50000000	5.45479
537.00000000	5.45188
537.50000000	5.44982
538.00000000	5.44808
538.50000000	5.44678
539.00000000	5.44558
539.50000000	5.44387
540.00000000	5.44179
540.50000000	5.43919
541.00000000	5.43679
541.50000000	5.43440
542.00000000	5.43204
542.50000000	5.42936
543.00000000	5.42734
543.50000000	5.42632
544.00000000	5.42467
544.50000000	5.42237
545.00000000	5.41958
545.50000000	5.41823
546.00000000	5.41645
546.50000000	5.41569
547.00000000	5.41525
547.50000000	5.41495
548.00000000	5.41566
548.50000000	5.41734
549.00000000	5.41739
549.50000000	5.41683
550.00000000	5.41812
550.50000000	5.41795
551.00000000	5.41836
551.50000000	5.41892
552.00000000	5.41926
552.50000000	5.41785
553.00000000	5.41609
553.50000000	5.41368
554.00000000	5.41227
554.50000000	5.40965
555.00000000	5.40711
555.50000000	5.40421
556.00000000	5.40244
556.50000000	5.40203
557.00000000	5.40250
557.50000000	5.40137
558.00000000	5.40202
558.50000000	5.40204
559.00000000	5.40186
559.50000000	5.40082
560.00000000	5.39852
560.50000000	5.39683
561.00000000	5.39479
561.50000000	5.39321
562.00000000	5.39206
562.50000000	5.39192
563.00000000	5.39073
563.50000000	5.39096
564.00000000	5.39169
564.50000000	5.39242
565.00000000	5.39337
565.50000000	5.39495
566.00000000	5.39581
566.50000000	5.39595
567.00000000	5.39704
567.50000000	5.39715
568.00000000	5.39755
568.50000000	5.39848
569.00000000	5.40025
569.50000000	5.40281
570.00000000	5.40445
570.50000000	5.40729
571.00000000	5.40941
571.50000000	5.41228
572.00000000	5.41556
572.50000000	5.41816
573.00000000	5.42057
573.50000000	5.42377
574.00000000	5.42725
574.50000000	5.42896
575.00000000	5.42851
575.50000000	5.42700
576.00000000	5.42683
576.50000000	5.42793
577.00000000	5.42814
577.50000000	5.42869
578.00000000	5.42873
578.50000000	5.42820
579.00000000	5.42864
579.50000000	5.42869
580.00000000	5.42857
580.50000000	5.42815
581.00000000	5.42803
581.50000000	5.42746
582.00000000	5.42666
582.50000000	5.42585
583.00000000	5.42688
583.50000000	5.42810
584.00000000	5.43029
584.50000000	5.43263
585.00000000	5.43278
585.50000000	5.43376
586.00000000	5.43397
586.50000000	5.43534
587.00000000	5.43447
587.50000000	5.43337
588.00000000	5.43247
588.50000000	5.43363
589.00000000	5.43368
589.50000000	5.43286
590.00000000	5.43104
590.50000000	5.43105
591.00000000	5.43060
591.50000000	5.42952
592.00000000	5.42865
592.50000000	5.42921
593.00000000	5.42957
593.50000000	5.43168
594.00000000	5.43235
594.50000000	5.43365
595.00000000	5.43535
595.50000000	5.43542
596.00000000	5.43656
596.50000000	5.43675
597.00000000	5.43753
597.50000000	5.43770
598.00000000	5.43799
598.50000000	5.44034
599.00000000	5.44386
599.50000000	5.44689
600.00000000	5.44969
600.50000000	5.45256
601.00000000	5.45466
601.50000000	5.45715
602.00000000	5.46008
602.50000000	5.46278
603.00000000	5.46360
603.50000000	5.46419
604.00000000	5.46648
604.50000000	5.46630
605.00000000	5.46578
605.50000000	5.46485
606.00000000	5.46320
606.50000000	5.46103
607.00000000	5.45902
607.50000000	5.45589
608.00000000	5.45260
608.50000000	5.45040
609.00000000	5.44899
609.50000000	5.44696
610.00000000	5.44564
610.50000000	5.44332
611.00000000	5.44076
611.50000000	5.43755
612.00000000	5.43557
612.50000000	5.43490
613.00000000	5.43431
613.50000000	5.43365
614.00000000	5.43098
614.50000000	5.42832
615.00000000	5.42727
615.50000000	5.42582
616.00000000	5.42618
616.50000000	5.42727
617.00000000	5.42727
617.50000000	5.42713
618.00000000	5.42591
618.50000000	5.42517
619.00000000	5.42643
619.50000000	5.42812
620.00000000	5.43003
620.50000000	5.43203
621.00000000	5.43538
621.50000000	5.43845
622.00000000	5.44163
622.50000000	5.44473
623.00000000	5.44738
623.50000000	5.44882
624.00000000	5.45153
624.50000000	5.45340
625.00000000	5.45405
625.50000000	5.45362
626.00000000	5.45330
626.50000000	5.45229
627.00000000	5.45015
627.50000000	5.44867
628.00000000	5.44765
628.50000000	5.44616
629.00000000	5.44454
629.50000000	5.44403
630.00000000	5.44375
630.50000000	5.44567
631.00000000	5.44694
631.50000000	5.44747
632.00000000	5.44890
632.50000000	5.45129
633.00000000	5.45200
633.50000000	5.45252
634.00000000	5.45175
634.50000000	5.44929
635.00000000	5.44744
635.50000000	5.44467
636.00000000	5.44127
636.50000000	5.43855
637.00000000	5.43504
637.50000000	5.43238
638.00000000	5.43031
638.50000000	5.42835
639.00000000	5.42652
639.50000000	5.42593
640.00000000	5.42601
640.50000000	5.42748
641.00000000	5.42867
641.50000000	5.42935
642.00000000	5.43017
642.50000000	5.43031
643.00000000	5.42929
643.50000000	5.42962
644.00000000	5.43019
644.50000000	5.42918
645.00000000	5.42949
645.50000000	5.42934
646.00000000	5.42945
646.50000000	5.43026
647.00000000	5.42976
647.50000000	5.42920
648.00000000	5.42949
648.50000000	5.42935
649.00000000	5.42930
649.50000000	5.42866
650.00000000	5.42782
650.50000000	5.42679
651.00000000	5.42537
651.50000000	5.42332
652.00000000	5.42165
652.50000000	5.42059
653.00000000	5.42012
653.50000000	5.42079
654.00000000	5.41999
654.50000000	5.42079
655.00000000	5.42225
655.50000000	5.42251
656.00000000	5.42385
656.50000000	5.42445
657.00000000	5.42516
657.50000000	5.42658
658.00000000	5.42744
658.50000000	5.42777
659.00000000	5.42794
659.50000000	5.42751
660.00000000	5.42832
660.50000000	5.43072
661.00000000	5.43373
661.50000000	5.43648
662.00000000	5.43825
662.50000000	5.43952
663.00000000	5.44112
663.50000000	5.44320
664.00000000	5.44342
664.50000000	5.44411
665.00000000	5.44313
665.50000000	5.44268
666.00000000	5.44231
666.50000000	5.43987
667.00000000	5.43771
667.50000000	5.43589
668.00000000	5.43370
668.50000000	5.43144
669.00000000	5.43143
669.50000000	5.43091
670.00000000	5.43036
670.50000000	5.42988
671.00000000	5.42739
671.50000000	5.42374
672.00000000	5.42070
672.50000000	5.41727
673.00000000	5.41379
673.50000000	5.41026
674.00000000	5.40793
674.50000000	5.40521
675.00000000	5.40176
675.50000000	5.39817
676.00000000	5.39516
676.50000000	5.39078
677.00000000	5.38831
677.50000000	5.38539
678.00000000	5.38171
678.50000000	5.37913
679.00000000	5.37554
679.50000000	5.37282
680.00000000	5.37009
680.50000000	5.36714
681.00000000	5.36357
681.50000000	5.36010
682.00000000	5.35706
682.50000000	5.35540
683.00000000	5.35465
683.50000000	5.35511
684.00000000	5.35683
684.50000000	5.35834
685.00000000	5.36023
685.50000000	5.36039
686.00000000	5.36044
686.50000000	5.36147
687.00000000	5.36212
687.50000000	5.36273
688.00000000	5.36433
688.50000000	5.36776
689.00000000	5.37046
689.50000000	5.37345
690.00000000	5.37616
690.50000000	5.37776
691.00000000	5.37999
691.50000000	5.38101
692.00000000	5.38286
692.50000000	5.38300
693.00000000	5.38163
693.50000000	5.37986
694.00000000	5.37702
694.50000000	5.37481
695.00000000	5.37211
695.50000000	5.36857
696.00000000	5.36408
696.50000000	5.36110
697.00000000	5.35763
697.50000000	5.35365
698.00000000	5.34881
698.50000000	5.34304
699.00000000	5.33958
699.50000000	5.33664
700.00000000	5.33490
700.50000000	5.33283
701.00000000	5.32918
701.50000000	5.32670
702.00000000	5.32403
702.50000000	5.32291
703.00000000	5.32393
703.50000000	5.32566
704.00000000	5.32643
704.50000000	5.32687
705.00000000	5.32757
705.50000000	5.32730
706.00000000	5.32830
706.50000000	5.32773
707.00000000	5.32642
707.50000000	5.32440
708.00000000	5.32307
708.50000000	5.32365
709.00000000	5.32595
709.50000000	5.32752
710.00000000	5.32946
710.50000000	5.33110
711.00000000	5.33350
711.50000000	5.33569
712.00000000	5.33878
712.50000000	5.34121
713.00000000	5.34332
713.50000000	5.34535
714.00000000	5.34732
714.50000000	5.34921
715.00000000	5.34954
715.50000000	5.34833
716.00000000	5.34723
716.50000000	5.34631
717.00000000	5.34716
717.50000000	5.34835
718.00000000	5.34988
718.50000000	5.35182
719.00000000	5.35437
719.50000000	5.35484
720.00000000	5.35503
720.50000000	5.35395
721.00000000	5.35176
721.50000000	5.34942
722.00000000	5.34709
722.50000000	5.34489
723.00000000	5.34163
723.50000000	5.33940
724.00000000	5.33790
724.50000000	5.33619
725.00000000	5.33484
725.50000000	5.33324
726.00000000	5.33152
726.50000000	5.33057
727.00000000	5.32874
727.50000000	5.32715
728.00000000	5.32615
728.50000000	5.32409
729.00000000	5.32337
729.50000000	5.32406
730.00000000	5.32489
730.50000000	5.32563
731.00000000	5.32561
731.50000000	5.32556
732.00000000	5.32601
732.50000000	5.32738
733.00000000	5.32744
733.50000000	5.32714
734.00000000	5.32681
734.50000000	5.32460
735.00000000	5.32432
735.50000000	5.32336
736.00000000	5.32210
736.50000000	5.32032
737.00000000	5.31767
737.50000000	5.31356
738.00000000	5.31040
738.50000000	5.30762
739.00000000	5.30582
739.50000000	5.30503
740.00000000	5.30499
740.50000000	5.30481
741.00000000	5.30518
741.50000000	5.30502
742.00000000	5.30317
742.50000000	5.30122
743.00000000	5.29770
743.50000000	5.29390
744.00000000	5.29185
744.50000000	5.29126
745.00000000	5.29001
745.50000000	5.29007
746.00000000	5.28955
746.50000000	5.29004
747.00000000	5.29127
747.50000000	5.29229
748.00000000	5.29453
748.50000000	5.29766
749.00000000	5.30083
749.50000000	5.30454
750.00000000	5.30595
750.50000000	5.30741
751.00000000	5.30963
751.50000000	5.31260
752.00000000	5.31423
752.50000000	5.31556
753.00000000	5.31633
753.50000000	5.31624
754.00000000	5.31668
754.50000000	5.31826
755.00000000	5.31876
755.50000000	5.31837
756.00000000	5.31962
756.50000000	5.32267
757.00000000	5.32507
757.50000000	5.32736
758.00000000	5.32941
758.50000000	5.33110
759.00000000	5.33183
759.50000000	5.33297
760.00000000	5.33487
760.50000000	5.33725
761.00000000	5.33926
761.50000000	5.34159
762.00000000	5.34207
762.50000000	5.34136
763.00000000	5.34012
763.50000000	5.33903
764.00000000	5.33833
764.50000000	5.33791
765.00000000	5.33763
765.50000000	5.33700
766.00000000	5.33667
766.50000000	5.33631
767.00000000	5.33518
767.50000000	5.33541
768.00000000	5.33728
768.50000000	5.33824
769.00000000	5.33820
769.50000000	5.33810
770.00000000	5.33731
770.50000000	5.33779
771.00000000	5.33716
771.50000000	5.33744
772.00000000	5.33824
772.50000000	5.33878
773.00000000	5.33812
773.50000000	5.33855
774.00000000	5.33867
774.50000000	5.33809
775.00000000	5.33808
775.50000000	5.33908
776.00000000	5.33979
776.50000000	5.34019
777.00000000	5.33891
777.50000000	5.33862
778.00000000	5.33901
778.50000000	5.33971
779.00000000	5.33995
779.50000000	5.34067
780.00000000	5.34168
780.50000000	5.34358
781.00000000	5.34543
781.50000000	5.34731
782.00000000	5.34851
782.50000000	5.34979
783.00000000	5.35109
783.50000000	5.35222
784.00000000	5.35553
784.50000000	5.35900
785.00000000	5.36084
785.50000000	5.36147
786.00000000	5.36219
786.50000000	5.36194
787.00000000	5.36242
787.50000000	5.36356
788.00000000	5.36496
788.50000000	5.36694
789.00000000	5.36983
789.50000000	5.37307
790.00000000	5.37577
790.50000000	5.37697
791.00000000	5.37790
791.50000000	5.37851
792.00000000	5.37900
792.50000000	5.38008
793.00000000	5.38102
793.50000000	5.38239
794.00000000	5.38315
794.50000000	5.38365
795.00000000	5.38395
795.50000000	5.38310
796.00000000	5.38121
796.50000000	5.38025
797.00000000	5.37880
797.50000000	5.37735
798.00000000	5.37639
798.50000000	5.37598
799.00000000	5.37560
799.50000000	5.37404
800.00000000	5.37343
800.50000000	5.37249
801.00000000	5.37105
801.50000000	5.36883
802.00000000	5.36742
802.50000000	5.36727
803.00000000	5.36745
803.50000000	5.36881
804.00000000	5.36833
804.50000000	5.36885
805.00000000	5.36827
805.50000000	5.36753
806.00000000	5.36878
806.50000000	5.36975
807.00000000	5.37194
807.50000000	5.37410
808.00000000	5.37541
808.50000000	5.37639
809.00000000	5.37688
809.50000000	5.37759
810.00000000	5.37750
810.50000000	5.37807
811.00000000	5.37661
811.50000000	5.37675
812.00000000	5.37800
812.50000000	5.38027
813.00000000	5.38311
813.50000000	5.38693
814.00000000	5.39039
814.50000000	5.39274
815.00000000	5.39472
815.50000000	5.39797
816.00000000	5.40093
816.50000000	5.40525
817.00000000	5.40818
817.50000000	5.40992
818.00000000	5.41080
818.50000000	5.41278
819.00000000	5.41483
819.50000000	5.41639
820.00000000	5.41759
820.50000000	5.41757
821.00000000	5.41754
821.50000000	5.41772
822.00000000	5.41660
822.50000000	5.41482
823.00000000	5.41120
823.50000000	5.40745
824.00000000	5.40410
824.50000000	5.39981
825.00000000	5.39497
825.50000000	5.39013
826.00000000	5.38609
826.50000000	5.38227
827.00000000	5.37841
827.50000000	5.37597
828.00000000	5.37246
828.50000000	5.36908
829.00000000	5.36587
829.50000000	5.36316
830.00000000	5.36059
830.50000000	5.35742
831.00000000	5.35439
831.50000000	5.35201
832.00000000	5.34983
832.50000000	5.34793
833.00000000	5.34654
833.50000000	5.34430
834.00000000	5.34302
834.50000000	5.34202
835.00000000	5.34193
835.50000000	5.34207
836.00000000	5.34237
836.50000000	5.34316
837.00000000	5.34468
837.50000000	5.34730
838.00000000	5.35078
838.50000000	5.35460
839.00000000	5.35704
839.50000000	5.35811
840.00000000	5.35984
840.50000000	5.36073
841.00000000	5.36042
841.50000000	5.36085
842.00000000	5.36003
842.50000000	5.36018
843.00000000	5.36183
843.50000000	5.36335
844.00000000	5.36346
844.50000000	5.36365
845.00000000	5.36425
845.50000000	5.36580
846.00000000	5.36859
846.50000000	5.37011
847.00000000	5.37068
847.50000000	5.37117
848.00000000	5.37116
848.50000000	5.37043
849.00000000	5.36895
849.50000000	5.36973
850.00000000	5.37026
850.50000000	5.37071
851.00000000	5.37090
851.50000000	5.37045
852.00000000	5.36961
852.50000000	5.36959
853.00000000	5.36996
853.50000000	5.36936
854.00000000	5.36941
854.50000000	5.37083
855.00000000	5.37189
855.50000000	5.37234
856.00000000	5.37167
856.50000000	5.37032
857.00000000	5.36816
857.50000000	5.36673
858.00000000	5.36567
858.50000000	5.36349
859.00000000	5.36110
859.50000000	5.35926
860.00000000	5.35815
860.50000000	5.35841
861.00000000	5.35829
861.50000000	5.35867
862.00000000	5.35781
862.50000000	5.35920
863.00000000	5.36205
863.50000000	5.36550
864.00000000	5.36844
864.50000000	5.37253
865.00000000	5.37661
865.50000000	5.38005
866.00000000	5.38238
866.50000000	5.38490
867.00000000	5.38670
867.50000000	5.38832
868.00000000	5.39012
868.50000000	5.39332
869.00000000	5.39592
869.50000000	5.39935
870.00000000	5.40471
870.50000000	5.40972
871.00000000	5.41515
871.50000000	5.42100
872.00000000	5.42550
872.50000000	5.42865
873.00000000	5.43077
873.50000000	5.43319
874.00000000	5.43555
874.50000000	5.43762
875.00000000	5.43850
875.50000000	5.44006
876.00000000	5.44112
876.50000000	5.44133
877.00000000	5.44086
877.50000000	5.43954
878.00000000	5.44126
878.50000000	5.44150
879.00000000	5.44144
879.50000000	5.44049
880.00000000	5.43900
880.50000000	5.43708
881.00000000	5.43522
881.50000000	5.43219
882.00000000	5.43010
882.50000000	5.42827
883.00000000	5.42632
883.50000000	5.42360
884.00000000	5.42048
884.50000000	5.41807
885.00000000	5.41527
885.50000000	5.41177
886.00000000	5.40854
886.50000000	5.40622
887.00000000	5.40447
887.50000000	5.40323
888.00000000	5.40371
888.50000000	5.40415
889.00000000	5.40471
889.50000000	5.40304
890.00000000	5.40118
890.50000000	5.39936
891.00000000	5.39829
891.50000000	5.40009
892.00000000	5.40256
892.50000000	5.40418
893.00000000	5.40586
893.50000000	5.40758
894.00000000	5.40933
894.50000000	5.41089
895.00000000	5.41091
895.50000000	5.41248
896.00000000	5.41476
896.50000000	5.41561
897.00000000	5.41634
897.50000000	5.41672
898.00000000	5.41665
898.50000000	5.41624
899.00000000	5.41673
899.50000000	5.41804
900.00000000	5.41910
900.50000000	5.42013
901.00000000	5.42078
901.50000000	5.42218
902.00000000	5.42398
902.50000000	5.42697
903.00000000	5.42963
903.50000000	5.43420
904.00000000	5.43746
904.50000000	5.43913
905.00000000	5.44175
905.50000000	5.44272
906.00000000	5.44382
906.50000000	5.44459
907.00000000	5.44428
907.50000000	5.44323
908.00000000	5.44393
908.50000000	5.44493
909.00000000	5.44564
909.50000000	5.44588
910.00000000	5.44498
910.50000000	5.44333
911.00000000	5.44029
911.50000000	5.43696
912.00000000	5.43309
912.50000000	5.42915
913.00000000	5.42533
913.50000000	5.42307
914.00000000	5.42108
914.50000000	5.42007
915.00000000	5.41881
915.50000000	5.41738
916.00000000	5.41554
916.50000000	5.41508
917.00000000	5.41325
917.50000000	5.41221
918.00000000	5.41155
918.50000000	5.41029
919.00000000	5.40861
919.50000000	5.40735
920.00000000	5.40498
920.50000000	5.40343
921.00000000	5.40248
921.50000000	5.40359
922.00000000	5.40372
922.50000000	5.40451
923.00000000	5.40433
923.50000000	5.40465
924.00000000	5.40486
924.50000000	5.40638
925.00000000	5.40658
925.50000000	5.40655
926.00000000	5.40578
926.50000000	5.40474
927.00000000	5.40293
927.50000000	5.40091
928.00000000	5.39936
928.50000000	5.39716
929.00000000	5.39332
929.50000000	5.38695
930.00000000	5.38185
930.50000000	5.37678
931.00000000	5.37262
931.50000000	5.36838
932.00000000	5.36388
932.50000000	5.36025
933.00000000	5.35650
933.50000000	5.35246
934.00000000	5.34923
934.50000000	5.34496
935.00000000	5.34189
935.50000000	5.33837
936.00000000	5.33362
936.50000000	5.32863
937.00000000	5.32455
937.50000000	5.32093
938.00000000	5.31661
938.50000000	5.31351
939.00000000	5.31128
939.50000000	5.31038
940.00000000	5.30881
940.50000000	5.30725
941.00000000	5.30530
941.50000000	5.30331
942.00000000	5.30253
942.50000000	5.30070
943.00000000	5.29817
943.50000000	5.29593
944.00000000	5.29486
944.50000000	5.29380
945.00000000	5.29356
945.50000000	5.29214
946.00000000	5.29143
946.50000000	5.29154
947.00000000	5.29131
947.50000000	5.29231
948.00000000	5.29321
948.50000000	5.29499
949.00000000	5.29534
949.50000000	5.29570
950.00000000	5.29638
950.50000000	5.29741
951.00000000	5.29731
951.50000000	5.29714
952.00000000	5.29635
952.50000000	5.29459
953.00000000	5.29349
953.50000000	5.29499
954.00000000	5.29714
954.50000000	5.29865
955.00000000	5.30076
955.50000000	5.30236
956.00000000	5.30348
956.50000000	5.30558
957.00000000	5.30875
957.50000000	5.31107
958.00000000	5.31389
958.50000000	5.31671
959.00000000	5.31923
959.50000000	5.32132
960.00000000	5.32294
960.50000000	5.32431
961.00000000	5.32469
961.50000000	5.32451
962.00000000	5.32489
962.50000000	5.32568
963.00000000	5.32516
963.50000000	5.32611
964.00000000	5.32649
964.50000000	5.32710
965.00000000	5.32922
965.50000000	5.33155
966.00000000	5.33309
966.50000000	5.33437
967.00000000	5.33696
967.50000000	5.33922
968.00000000	5.34103
968.50000000	5.34277
969.00000000	5.34448
969.50000000	5.34598
970.00000000	5.34683
970.50000000	5.34722
971.00000000	5.34648
971.50000000	5.34633
972.00000000	5.34669
972.50000000	5.34658
973.00000000	5.34611
973.50000000	5.34582
974.00000000	5.34295
974.50000000	5.34055
975.00000000	5.33846
975.50000000	5.33586
976.00000000	5.33196
976.50000000	5.32935
977.00000000	5.32721
977.50000000	5.32582
978.00000000	5.32502
978.50000000	5.32236
979.00000000	5.32032
979.50000000	5.32016
980.00000000	5.31861
980.50000000	5.31757
981.00000000	5.31628
981.50000000	5.31668
982.00000000	5.31682
982.50000000	5.31634
983.00000000	5.31651
983.50000000	5.31737
984.00000000	5.31871
984.50000000	5.31970
985.00000000	5.32075
985.50000000	5.32231
986.00000000	5.32225
986.50000000	5.31940
987.00000000	5.31673
987.50000000	5.31552
988.00000000	5.31502
988.50000000	5.31522
989.00000000	5.31541
989.50000000	5.31540
990.00000000	5.31445
990.50000000	5.31331
991.00000000	5.31235
991.50000000	5.31075
992.00000000	5.31005
992.50000000	5.31053
993.00000000	5.31102
993.50000000	5.31083
994.00000000	5.31010
994.50000000	5.31050
995.00000000	5.31075
995.50000000	5.31138
996.00000000	5.31016
996.50000000	5.30715
997.00000000	5.30599
997.50000000	5.30461
998.00000000	5.30544
998.50000000	5.30607
999.00000000	5.30446
999.50000000	5.30395
1000.00000000	5.30266
1000.50000000	5.30276
1001.00000000	5.30285
1001.50000000	5.30243
1002.00000000	5.30162
1002.50000000	5.30013
1003.00000000	5.29935
1003.50000000	5.29890
1004.00000000	5.29901
1004.50000000	5.29872
1005.00000000	5.29937
1005.50000000	5.29982
1006.00000000	5.30065
1006.50000000	5.30045
1007.00000000	5.30112
1007.50000000	5.30253
1008.00000000	5.30441
1008.50000000	5.30621
1009.00000000	5.30875
1009.50000000	5.31016
1010.00000000	5.31076
1010.50000000	5.31281
1011.00000000	5.31420
1011.50000000	5.31658
1012.00000000	5.31859
1012.50000000	5.31981
1013.00000000	5.31948
1013.50000000	5.31960
1014.00000000	5.31922
1014.50000000	5.31853
1015.00000000	5.31664
1015.50000000	5.31382
1016.00000000	5.31232
1016.50000000	5.30922
1017.00000000	5.30717
1017.50000000	5.30457
1018.00000000	5.30230
1018.50000000	5.30007
1019.00000000	5.29796
1019.50000000	5.29799
1020.00000000	5.29837
1020.50000000	5.29829
1021.00000000	5.29837
1021.50000000	5.29824
1022.00000000	5.29761
1022.50000000	5.29823
1023.00000000	5.29727
1023.50000000	5.29770
1024.00000000	5.29697
1024.50000000	5.29623
1025.00000000	5.29727
1025.50000000	5.29773
1026.00000000	5.29736
1026.50000000	5.29755
1027.00000000	5.30060
1027.50000000	5.30247
1028.00000000	5.30341
1028.50000000	5.30353
1029.00000000	5.30380
1029.50000000	5.30493
1030.00000000	5.30586
1030.50000000	5.30517
1031.00000000	5.30547
1031.50000000	5.30522
1032.00000000	5.30266
1032.50000000	5.30040
1033.00000000	5.29800
1033.50000000	5.29573
1034.00000000	5.29218
1034.50000000	5.28745
1035.00000000	5.28325
1035.50000000	5.27924
1036.00000000	5.27666
1036.50000000	5.27607
1037.00000000	5.27470
1037.50000000	5.27434
1038.00000000	5.27291
1038.50000000	5.27008
1039.00000000	5.26714
1039.50000000	5.26427
1040.00000000	5.26205
1040.50000000	5.25983
1041.00000000	5.25701
1041.50000000	5.25467
1042.00000000	5.25098
1042.50000000	5.24811
1043.00000000	5.24531
1043.50000000	5.24234
1044.00000000	5.23896
1044.50000000	5.23550
1045.00000000	5.23307
1045.50000000	5.22953
1046.00000000	5.22511
1046.50000000	5.22262
1047.00000000	5.21891
1047.50000000	5.21682
1048.00000000	5.21358
1048.50000000	5.21011
1049.00000000	5.20659
1049.50000000	5.20353
1050.00000000	5.20102
1050.50000000	5.19878
1051.00000000	5.19658
1051.50000000	5.19346
1052.00000000	5.19009
1052.50000000	5.18750
1053.00000000	5.18466
1053.50000000	5.18252
1054.00000000	5.18083
1054.50000000	5.17893
1055.00000000	5.17684
1055.50000000	5.17513
1056.00000000	5.17409
1056.50000000	5.17402
1057.00000000	5.17520
1057.50000000	5.17590
1058.00000000	5.17589
1058.50000000	5.17688
1059.00000000	5.17706
1059.50000000	5.17721
1060.00000000	5.17705
1060.50000000	5.17803
1061.00000000	5.17910
1061.50000000	5.17850
1062.00000000	5.17810
1062.50000000	5.17887
1063.00000000	5.17974
1063.50000000	5.18025
1064.00000000	5.18133
1064.50000000	5.18160
1065.00000000	5.18245
1065.50000000	5.18376
1066.00000000	5.18624
1066.50000000	5.18725
1067.00000000	5.18843
1067.50000000	5.19018
1068.00000000	5.19238
1068.50000000	5.19404
1069.00000000	5.19470
1069.50000000	5.19616
1070.00000000	5.19744
1070.50000000	5.19865
1071.00000000	5.20047
1071.50000000	5.20242
1072.00000000	5.20379
1072.50000000	5.20475
1073.00000000	5.20679
1073.50000000	5.20930
1074.00000000	5.21223
1074.50000000	5.21400
1075.00000000	5.21531
1075.50000000	5.21848
1076.00000000	5.22202
1076.50000000	5.22353
1077.00000000	5.22419
1077.50000000	5.22353
1078.00000000	5.22253
1078.50000000	5.22283
1079.00000000	5.22504
1079.50000000	5.22670
1080.00000000	5.22912
1080.50000000	5.23177
1081.00000000	5.23435
1081.50000000	5.23683
1082.00000000	5.23821
1082.50000000	5.23951
1083.00000000	5.24067
1083.50000000	5.24240
1084.00000000	5.24275
1084.50000000	5.24100
1085.00000000	5.23991
1085.50000000	5.23810
1086.00000000	5.23775
1086.50000000	5.23730
1087.00000000	5.23632
1087.50000000	5.23641
1088.00000000	5.23588
1088.50000000	5.23526
1089.00000000	5.23429
1089.50000000	5.23369
1090.00000000	5.23535
1090.50000000	5.23553
1091.00000000	5.23600
1091.50000000	5.23619
1092.00000000	5.23656
1092.50000000	5.23571
1093.00000000	5.23503
1093.50000000	5.23501
1094.00000000	5.23575
1094.50000000	5.23599
1095.00000000	5.23502
1095.50000000	5.23344
1096.00000000	5.23158
1096.50000000	5.23018
1097.00000000	5.22779
1097.50000000	5.22580
1098.00000000	5.22434
1098.50000000	5.22361
1099.00000000	5.22344
1099.50000000	5.22304
1100.00000000	5.22361
1100.50000000	5.22382
1101.00000000	5.22423
1101.50000000	5.22323
1102.00000000	5.22199
1102.50000000	5.22015
1103.00000000	5.21902
1103.50000000	5.21850
1104.00000000	5.21754
1104.50000000	5.21638
1105.00000000	5.21490
1105.50000000	5.21504
1106.00000000	5.21572
1106.50000000	5.21708
1107.00000000	5.21875
1107.50000000	5.22038
1108.00000000	5.22239
1108.50000000	5.22384
1109.00000000	5.22644
1109.50000000	5.22967
1110.00000000	5.23349
1110.50000000	5.23610
1111.00000000	5.23921
1111.50000000	5.24252
1112.00000000	5.24610
1112.50000000	5.24842
1113.00000000	5.24984
1113.50000000	5.25083
1114.00000000	5.25224
1114.50000000	5.25476
1115.00000000	5.25946
1115.50000000	5.26542
1116.00000000	5.26956
1116.50000000	5.27424
1117.00000000	5.27782
1117.50000000	5.28097
1118.00000000	5.28439
1118.50000000	5.28835
1119.00000000	5.29115
1119.50000000	5.29366
1120.00000000	5.29601
1120.50000000	5.29820
1121.00000000	5.30114
1121.50000000	5.30486
1122.00000000	5.30868
1122.50000000	5.31270
1123.00000000	5.31400
1123.50000000	5.31366
1124.00000000	5.31345
1124.50000000	5.31246
1125.00000000	5.31249
1125.50000000	5.31145
1126.00000000	5.30979
1126.50000000	5.30726
1127.00000000	5.30500
1127.50000000	5.30496
1128.00000000	5.30534
1128.50000000	5.30541
1129.00000000	5.30683
1129.50000000	5.30858
1130.00000000	5.31079
1130.50000000	5.31332
1131.00000000	5.31579
1131.50000000	5.31731
1132.00000000	5.31926
1132.50000000	5.32085
1133.00000000	5.32294
1133.50000000	5.32565
1134.00000000	5.32621
1134.50000000	5.32708
1135.00000000	5.32690
1135.50000000	5.32635
1136.00000000	5.32653
1136.50000000	5.32751
1137.00000000	5.32848
1137.50000000	5.33024
1138.00000000	5.33170
1138.50000000	5.33423
1139.00000000	5.33771
1139.50000000	5.33963
1140.00000000	5.34148
1140.50000000	5.34475
1141.00000000	5.34805
1141.50000000	5.35118
1142.00000000	5.35358
1142.50000000	5.35463
1143.00000000	5.35401
1143.50000000	5.35303
1144.00000000	5.35102
1144.50000000	5.34874
1145.00000000	5.34758
1145.50000000	5.34779
1146.00000000	5.34622
1146.50000000	5.34572
1147.00000000	5.34669
1147.50000000	5.34718
1148.00000000	5.34820
1148.50000000	5.34779
1149.00000000	5.34713
1149.50000000	5.34773
1150.00000000	5.34811
1150.50000000	5.34731
1151.00000000	5.34494
1151.50000000	5.34253
1152.00000000	5.33919
1152.50000000	5.33460
1153.00000000	5.33098
1153.50000000	5.32867
1154.00000000	5.32713
1154.50000000	5.32601
1155.00000000	5.32445
1155.50000000	5.32261
1156.00000000	5.32136
1156.50000000	5.31824
1157.00000000	5.31505
1157.50000000	5.31300
1158.00000000	5.31158
1158.50000000	5.31096
1159.00000000	5.31292
1159.50000000	5.31593
1160.00000000	5.31891
1160.50000000	5.32095
1161.00000000	5.32207
1161.50000000	5.32233
1162.00000000	5.32273
1162.50000000	5.32258
1163.00000000	5.32385
1163.50000000	5.32536
1164.00000000	5.32761
1164.50000000	5.33028
1165.00000000	5.33207
1165.50000000	5.33386
1166.00000000	5.33630
1166.50000000	5.33834
1167.00000000	5.34049
1167.50000000	5.34274
1168.00000000	5.34550
1168.50000000	5.34913
1169.00000000	5.35256
1169.50000000	5.35621
1170.00000000	5.35912
1170.50000000	5.36237
1171.00000000	5.36476
1171.50000000	5.36821
1172.00000000	5.37033
1172.50000000	5.37431
1173.00000000	5.37736
1173.50000000	5.37977
1174.00000000	5.38229
1174.50000000	5.38348
1175.00000000	5.38397
1175.50000000	5.38465
1176.00000000	5.38523
1176.50000000	5.38815
1177.00000000	5.39112
1177.50000000	5.39580
1178.00000000	5.39954
1178.50000000	5.40395
1179.00000000	5.40756
1179.50000000	5.41063
1180.00000000	5.41256
1180.50000000	5.41511
1181.00000000	5.41858
1181.50000000	5.42222
1182.00000000	5.42726
1182.50000000	5.43268
1183.00000000	5.43785
1183.50000000	5.44110
1184.00000000	5.44428
1184.50000000	5.44791
1185.00000000	5.45162
1185.50000000	5.45531
1186.00000000	5.45892
1186.50000000	5.46188
1187.00000000	5.46454
1187.50000000	5.46819
1188.00000000	5.47205
1188.50000000	5.47557
1189.00000000	5.47844
1189.50000000	5.48062
1190.00000000	5.48109
1190.50000000	5.48029
1191.00000000	5.47979
1191.50000000	5.48066
1192.00000000	5.48225
1192.50000000	5.48426
1193.00000000	5.48526
1193.50000000	5.48628
1194.00000000	5.48829
1194.50000000	5.48974
1195.00000000	5.49185
1195.50000000	5.49387
1196.00000000	5.49654
1196.50000000	5.49978
1197.00000000	5.50323
1197.50000000	5.50623
1198.00000000	5.50859
1198.50000000	5.51123
1199.00000000	5.51461
1199.50000000	5.51853
1200.00000000	5.52181
1200.50000000	5.52314
1201.00000000	5.52509
1201.50000000	5.52556
1202.00000000	5.52574
1202.50000000	5.52651
1203.00000000	5.52771
1203.50000000	5.53022
1204.00000000	5.53120
1204.50000000	5.53288
1205.00000000	5.53433
1205.50000000	5.53502
1206.00000000	5.53520
1206.50000000	5.53639
1207.00000000	5.53673
1207.50000000	5.53599
1208.00000000	5.53539
1208.50000000	5.53516
1209.00000000	5.53420
1209.50000000	5.53077
1210.00000000	5.52776
1210.50000000	5.52645
1211.00000000	5.52527
1211.50000000	5.52446
1212.00000000	5.52209
1212.50000000	5.52057
1213.00000000	5.51969
1213.50000000	5.51929
1214.00000000	5.51723
1214.50000000	5.51610
1215.00000000	5.51548
1215.50000000	5.51414
1216.00000000	5.51352
1216.50000000	5.51446
1217.00000000	5.51529
1217.50000000	5.51722
1218.00000000	5.51950
1218.50000000	5.52091
1219.00000000	5.52337
1219.50000000	5.52389
1220.00000000	5.52621
1220.50000000	5.52768
1221.00000000	5.52939
1221.50000000	5.53148
1222.00000000	5.53354
1222.50000000	5.53619
1223.00000000	5.53723
1223.50000000	5.54023
1224.00000000	5.54332
1224.50000000	5.54452
1225.00000000	5.54519
1225.50000000	5.54729
1226.00000000	5.55042
1226.50000000	5.55476
1227.00000000	5.55759
1227.50000000	5.55910
1228.00000000	5.56233
1228.50000000	5.56466
1229.00000000	5.56762
1229.50000000	5.57070
1230.00000000	5.57420
1230.50000000	5.57791
1231.00000000	5.58108
1231.50000000	5.58404
1232.00000000	5.58594
1232.50000000	5.58719
1233.00000000	5.58794
1233.50000000	5.58861
1234.00000000	5.59002
1234.50000000	5.59043
1235.00000000	5.59158
1235.50000000	5.59198
1236.00000000	5.59145
1236.50000000	5.59124
1237.00000000	5.59171
1237.50000000	5.59181
1238.00000000	5.59223
1238.50000000	5.59295
1239.00000000	5.59309
1239.50000000	5.59361
1240.00000000	5.59299
1240.50000000	5.59388
1241.00000000	5.59468
1241.50000000	5.59588
1242.00000000	5.59689
1242.50000000	5.59794
1243.00000000	5.59754
1243.50000000	5.59844
1244.00000000	5.59920
1244.50000000	5.59925
1245.00000000	5.59986
1245.50000000	5.60084
1246.00000000	5.60060
1246.50000000	5.60069
1247.00000000	5.60139
1247.50000000	5.60108
1248.00000000	5.60111
1248.50000000	5.60040
1249.00000000	5.59951
1249.50000000	5.59777
1250.00000000	5.59665
1250.50000000	5.59585
1251.00000000	5.59652
1251.50000000	5.59782
1252.00000000	5.59675
1252.50000000	5.59577
1253.00000000	5.59485
1253.50000000	5.59605
1254.00000000	5.59815
1254.50000000	5.59985
1255.00000000	5.60166
1255.50000000	5.60219
1256.00000000	5.60215
1256.50000000	5.60282
1257.00000000	5.60162
1257.50000000	5.60094
1258.00000000	5.59844
1258.50000000	5.59527
1259.00000000	5.59265
1259.50000000	5.59023
1260.00000000	5.58862
1260.50000000	5.58579
1261.00000000	5.58186
1261.50000000	5.57717
1262.00000000	5.57340
1262.50000000	5.56918
1263.00000000	5.56372
1263.50000000	5.55971
1264.00000000	5.55564
1264.50000000	5.55133
1265.00000000	5.54715
1265.50000000	5.54577
1266.00000000	5.54425
1266.50000000	5.54248
1267.00000000	5.54048
1267.50000000	5.53978
1268.00000000	5.53755
1268.50000000	5.53430
1269.00000000	5.53136
1269.50000000	5.52817
1270.00000000	5.52484
1270.50000000	5.52160
1271.00000000	5.51990
1271.50000000	5.51762
1272.00000000	5.51608
1272.50000000	5.51493
1273.00000000	5.51475
1273.50000000	5.51448
1274.00000000	5.51446
1274.50000000	5.51691
1275.00000000	5.51877
1275.50000000	5.51950
1276.00000000	5.51803
1276.50000000	5.51711
1277.00000000	5.51671
1277.50000000	5.51628
1278.00000000	5.51515
1278.50000000	5.51361
1279.00000000	5.51316
1279.50000000	5.51323
1280.00000000	5.51381
1280.50000000	5.51524
1281.00000000	5.51709
1281.50000000	5.51892
1282.00000000	5.52117
1282.50000000	5.52333
1283.00000000	5.52423
1283.50000000	5.52561
1284.00000000	5.52461
1284.50000000	5.52413
1285.00000000	5.52319
1285.50000000	5.52192
1286.00000000	5.52244
1286.50000000	5.52312
1287.00000000	5.52423
1287.50000000	5.52545
1288.00000000	5.52902
1288.50000000	5.53234
1289.00000000	5.53439
1289.50000000	5.53636
1290.00000000	5.53898
1290.50000000	5.54100
1291.00000000	5.54350
1291.50000000	5.54635
1292.00000000	5.54704
1292.50000000	5.54691
1293.00000000	5.54619
1293.50000000	5.54498
1294.00000000	5.54350
1294.50000000	5.54219
1295.00000000	5.54151
1295.50000000	5.54283
1296.00000000	5.54424
1296.50000000	5.54447
1297.00000000	5.54667
1297.50000000	5.54871
1298.00000000	5.54981
1298.50000000	5.55108
1299.00000000	5.55137
1299.50000000	5.55081
1300.00000000	5.55089
1300.50000000	5.55172
1301.00000000	5.55334
1301.50000000	5.55256
1302.00000000	5.55307
1302.50000000	5.55412
1303.00000000	5.55610
1303.50000000	5.55671
1304.00000000	5.55854
1304.50000000	5.55991
1305.00000000	5.55969
1305.50000000	5.55932
1306.00000000	5.55822
1306.50000000	5.55773
1307.00000000	5.55654
1307.50000000	5.55515
1308.00000000	5.55201
1308.50000000	5.54912
1309.00000000	5.54486
1309.50000000	5.54111
1310.00000000	5.53756
1310.50000000	5.53388
1311.00000000	5.53041
1311.50000000	5.52688
1312.00000000	5.52544
1312.50000000	5.52515
1313.00000000	5.52518
1313.50000000	5.52315
1314.00000000	5.52131
1314.50000000	5.51965
1315.00000000	5.51747
1315.50000000	5.51567
1316.00000000	5.51361
1316.50000000	5.51274
1317.00000000	5.51214
1317.50000000	5.51096
1318.00000000	5.50935
1318.50000000	5.50709
1319.00000000	5.50571
1319.50000000	5.50532
1320.00000000	5.50477
1320.50000000	5.50518
1321.00000000	5.50561
1321.50000000	5.50670
1322.00000000	5.50656
1322.50000000	5.50583
1323.00000000	5.50565
1323.50000000	5.50599
1324.00000000	5.50682
1324.50000000	5.50753
1325.00000000	5.51013
1325.50000000	5.51352
1326.00000000	5.51700
1326.50000000	5.51957
1327.00000000	5.52238
1327.50000000	5.52281
1328.00000000	5.52209
1328.50000000	5.52163
1329.00000000	5.51997
1329.50000000	5.51980
1330.00000000	5.51949
1330.50000000	5.51888
1331.00000000	5.51763
1331.50000000	5.51684
1332.00000000	5.51645
1332.50000000	5.51421
1333.00000000	5.51144
1333.50000000	5.50852
1334.00000000	5.50502
1334.50000000	5.50372
1335.00000000	5.50320
1335.50000000	5.50483
1336.00000000	5.50667
1336.50000000	5.50837
1337.00000000	5.51069
1337.50000000	5.51260
1338.00000000	5.51427
1338.50000000	5.51638
1339.00000000	5.51959
1339.50000000	5.52199
1340.00000000	5.52411
1340.50000000	5.52608
1341.00000000	5.52727
1341.50000000	5.52848
1342.00000000	5.53148
1342.50000000	5.53428
1343.00000000	5.53785
1343.50000000	5.54117
1344.00000000	5.54372
1344.50000000	5.54546
1345.00000000	5.54558
1345.50000000	5.54707
1346.00000000	5.54967
1346.50000000	5.55316
1347.00000000	5.55475
1347.50000000	5.55509
1348.00000000	5.55606
1348.50000000	5.55890
1349.00000000	5.56254
1349.50000000	5.56433
1350.00000000	5.56389
1350.50000000	5.56301
1351.00000000	5.56216
1351.50000000	5.56069
1352.00000000	5.55980
1352.50000000	5.56079
1353.00000000	5.56065
1353.50000000	5.56117
1354.00000000	5.55939
1354.50000000	5.55876
1355.00000000	5.55832
1355.50000000	5.55693
1356.00000000	5.55526
1356.50000000	5.55480
1357.00000000	5.55226
1357.50000000	5.55067
1358.00000000	5.54954
1358.50000000	5.54646
1359.00000000	5.54354
1359.50000000	5.54001
1360.00000000	5.53712
1360.50000000	5.53391
1361.00000000	5.53059
1361.50000000	5.52587
1362.00000000	5.52189
1362.50000000	5.51777
1363.00000000	5.51546
1363.50000000	5.51373
1364.00000000	5.51326
1364.50000000	5.51123
1365.00000000	5.50865
1365.50000000	5.50695
1366.00000000	5.50632
1366.50000000	5.50566
1367.00000000	5.50397
1367.50000000	5.50287
1368.00000000	5.50218
1368.50000000	5.50011
1369.00000000	5.49893
1369.50000000	5.49729
1370.00000000	5.49527
1370.50000000	5.49441
1371.00000000	5.49284
1371.50000000	5.49110
1372.00000000	5.48832
1372.50000000	5.48577
1373.00000000	5.48403
1373.50000000	5.48289
1374.00000000	5.48068
1374.50000000	5.47921
1375.00000000	5.47796
1375.50000000	5.47685
1376.00000000	5.47594
1376.50000000	5.47592
1377.00000000	5.47579
1377.50000000	5.47668
1378.00000000	5.47866
1378.50000000	5.48148
1379.00000000	5.48430
1379.50000000	5.48838
1380.00000000	5.49097
1380.50000000	5.49317
1381.00000000	5.49371
1381.50000000	5.49313
1382.00000000	5.49289
1382.50000000	5.49097
1383.00000000	5.48849
1383.50000000	5.48678
1384.00000000	5.48635
1384.50000000	5.48781
1385.00000000	5.48829
1385.50000000	5.48805
1386.00000000	5.48787
1386.50000000	5.48732
1387.00000000	5.48671
1387.50000000	5.48652
1388.00000000	5.48537
1388.50000000	5.48364
1389.00000000	5.48239
1389.50000000	5.48075
1390.00000000	5.47999
1390.50000000	5.47935
1391.00000000	5.47793
1391.50000000	5.47821
1392.00000000	5.47708
1392.50000000	5.47696
1393.00000000	5.47647
1393.50000000	5.47594
1394.00000000	5.47549
1394.50000000	5.47488
1395.00000000	5.47396
1395.50000000	5.47340
1396.00000000	5.47209
1396.50000000	5.47210
1397.00000000	5.47279
1397.50000000	5.47290
1398.00000000	5.47040
1398.50000000	5.46539
1399.00000000	5.45884
1399.50000000	5.45218
1400.00000000	5.44550
1400.50000000	5.43975
1401.00000000	5.43484
1401.50000000	5.42932
1402.00000000	5.42531
1402.50000000	5.42070
1403.00000000	5.41786
1403.50000000	5.41422
1404.00000000	5.41139
1404.50000000	5.40958
1405.00000000	5.40744
1405.50000000	5.40588
1406.00000000	5.40494
1406.50000000	5.40230
1407.00000000	5.40048
1407.50000000	5.39865
1408.00000000	5.39579
1408.50000000	5.39307
1409.00000000	5.39042
1409.50000000	5.38878
1410.00000000	5.38588
1410.50000000	5.38293
1411.00000000	5.37985
1411.50000000	5.37749
1412.00000000	5.37528
1412.50000000	5.37424
1413.00000000	5.37322
1413.50000000	5.37252
1414.00000000	5.37325
1414.50000000	5.37338
1415.00000000	5.37332
1415.50000000	5.37445
1416.00000000	5.37719
1416.50000000	5.38051
1417.00000000	5.38513
1417.50000000	5.38959
1418.00000000	5.39357
1418.50000000	5.39702
1419.00000000	5.40071
1419.50000000	5.40399
1420.00000000	5.40637
1420.50000000	5.40836
1421.00000000	5.41005
1421.50000000	5.41111
1422.00000000	5.41214
1422.50000000	5.41099
1423.00000000	5.41055
1423.50000000	5.40978
1424.00000000	5.40986
1424.50000000	5.40996
1425.00000000	5.41026
1425.50000000	5.40935
1426.00000000	5.40814
1426.50000000	5.40444
1427.00000000	5.40118
1427.50000000	5.39809
1428.00000000	5.39674
1428.50000000	5.39697
1429.00000000	5.39591
1429.50000000	5.39529
1430.00000000	5.39480
1430.50000000	5.39402
1431.00000000	5.39227
1431.50000000	5.38974
1432.00000000	5.38778
1432.50000000	5.38707
1433.00000000	5.38638
1433.50000000	5.38500
1434.00000000	5.38337
1434.50000000	5.38126
1435.00000000	5.37985
1435.50000000	5.37951
1436.00000000	5.37958
1436.50000000	5.38095
1437.00000000	5.38238
1437.50000000	5.38275
1438.00000000	5.38253
1438.50000000	5.38325
1439.00000000	5.38299
1439.50000000	5.38341
1440.00000000	5.38351
1440.50000000	5.38064
1441.00000000	5.37682
1441.50000000	5.37369
1442.00000000	5.37211
1442.50000000	5.37055
1443.00000000	5.36907
1443.50000000	5.36851
1444.00000000	5.36671
1444.50000000	5.36349
1445.00000000	5.35926
1445.50000000	5.35356
1446.00000000	5.34909
1446.50000000	5.34451
1447.00000000	5.33936
1447.50000000	5.33301
1448.00000000	5.32828
1448.50000000	5.32406
1449.00000000	5.31924
1449.50000000	5.31568
1450.00000000	5.31258
1450.50000000	5.31069
1451.00000000	5.30860
1451.50000000	5.30745
1452.00000000	5.30679
1452.50000000	5.30609
1453.00000000	5.30481
1453.50000000	5.30418
1454.00000000	5.30237
1454.50000000	5.30081
1455.00000000	5.29983
1455.50000000	5.29896
1456.00000000	5.29816
1456.50000000	5.29632
1457.00000000	5.29515
1457.50000000	5.29697
1458.00000000	5.29787
1458.50000000	5.29837
1459.00000000	5.29915
1459.50000000	5.29869
1460.00000000	5.29738
1460.50000000	5.29773
1461.00000000	5.29860
1461.50000000	5.29888
1462.00000000	5.29881
1462.50000000	5.29771
1463.00000000	5.29781
1463.50000000	5.29897
1464.00000000	5.29877
1464.50000000	5.29970
1465.00000000	5.30079
1465.50000000	5.30153
1466.00000000	5.30208
1466.50000000	5.30377
1467.00000000	5.30455
1467.50000000	5.30295
1468.00000000	5.30183
1468.50000000	5.29976
1469.00000000	5.29873
1469.50000000	5.29728
1470.00000000	5.29660
1470.50000000	5.29561
1471.00000000	5.29541
1471.50000000	5.29569
1472.00000000	5.29640
1472.50000000	5.29670
1473.00000000	5.29672
1473.50000000	5.29577
1474.00000000	5.29571
1474.50000000	5.29611
1475.00000000	5.29690
1475.50000000	5.29648
1476.00000000	5.29583
1476.50000000	5.29583
1477.00000000	5.29602
1477.50000000	5.29519
1478.00000000	5.29493
1478.50000000	5.29396
1479.00000000	5.29523
1479.50000000	5.29444
1480.00000000	5.29271
1480.50000000	5.29163
1481.00000000	5.28989
1481.50000000	5.28870
1482.00000000	5.28635
1482.50000000	5.28394
1483.00000000	5.28204
1483.50000000	5.28024
1484.00000000	5.27708
1484.50000000	5.27370
1485.00000000	5.27091
1485.50000000	5.27023
1486.00000000	5.26971
1486.50000000	5.27020
1487.00000000	5.27133
1487.50000000	5.27168
1488.00000000	5.27386
1488.50000000	5.27455
1489.00000000	5.27508
1489.50000000	5.27540
1490.00000000	5.27513
1490.50000000	5.27319
1491.00000000	5.27229
1491.50000000	5.27089
1492.00000000	5.26916
1492.50000000	5.26669
1493.00000000	5.26464
1493.50000000	5.26160
1494.00000000	5.26023
1494.50000000	5.25902
1495.00000000	5.25753
1495.50000000	5.25618
1496.00000000	5.25267
1496.50000000	5.24805
1497.00000000	5.24526
1497.50000000	5.24296
1498.00000000	5.24030
1498.50000000	5.23987
1499.00000000	5.23809
1499.50000000	5.23551
1500.00000000	5.23214
1500.50000000	5.22918
1501.00000000	5.22630
1501.50000000	5.22208
1502.00000000	5.21896
1502.50000000	5.21554
1503.00000000	5.21199
1503.50000000	5.20957
1504.00000000	5.20470
1504.50000000	5.20210
1505.00000000	5.19962
1505.50000000	5.19724
1506.00000000	5.19641
1506.50000000	5.19488
1507.00000000	5.19310
1507.50000000	5.19022
1508.00000000	5.18702
1508.50000000	5.18424
1509.00000000	5.18224
1509.50000000	5.18085
1510.00000000	5.17965
1510.50000000	5.17692
1511.00000000	5.17440
1511.50000000	5.17074
1512.00000000	5.16550
1512.50000000	5.16125
1513.00000000	5.15713
1513.50000000	5.15306
1514.00000000	5.15029
1514.50000000	5.14559
1515.00000000	5.14138
1515.50000000	5.13652
1516.00000000	5.13328
1516.50000000	5.12948
1517.00000000	5.12592
1517.50000000	5.12205
1518.00000000	5.11737
1518.50000000	5.11380
1519.00000000	5.11081
1519.50000000	5.10728
1520.00000000	5.10142
1520.50000000	5.09602
1521.00000000	5.08991
1521.50000000	5.08354
1522.00000000	5.07766
1522.50000000	5.07285
1523.00000000	5.06921
1523.50000000	5.06703
1524.00000000	5.06589
1524.50000000	5.06502
1525.00000000	5.06496
1525.50000000	5.06630
1526.00000000	5.06648
1526.50000000	5.06731
1527.00000000	5.06859
1527.50000000	5.06979
1528.00000000	5.07218
1528.50000000	5.07423
1529.00000000	5.07501
1529.50000000	5.07667
1530.00000000	5.07773
1530.50000000	5.07888
1531.00000000	5.07936
1531.50000000	5.07932
1532.00000000	5.08062
1532.50000000	5.08379
1533.00000000	5.08619
1533.50000000	5.08780
1534.00000000	5.08853
1534.50000000	5.09002
1535.00000000	5.09189
1535.50000000	5.09294
1536.00000000	5.09372
1536.50000000	5.09455
1537.00000000	5.09437
1537.50000000	5.09470
1538.00000000	5.09580
1538.50000000	5.09768
1539.00000000	5.09887
1539.50000000	5.10105
1540.00000000	5.10250
1540.50000000	5.10558
1541.00000000	5.10760
1541.50000000	5.10816
1542.00000000	5.10796
1542.50000000	5.10787
1543.00000000	5.10726
1543.50000000	5.10520
1544.00000000	5.10367
1544.50000000	5.10368
1545.00000000	5.10311
1545.50000000	5.10252
1546.00000000	5.10164
1546.50000000	5.10076
1547.00000000	5.09888
1547.50000000	5.09565
1548.00000000	5.09116
1548.50000000	5.08626
1549.00000000	5.08219
1549.50000000	5.07803
1550.00000000	5.07207
1550.50000000	5.06730
1551.00000000	5.06329
1551.50000000	5.05996
1552.00000000	5.05624
1552.50000000	5.05166
1553.00000000	5.04878
1553.50000000	5.04545
1554.00000000	5.04178
1554.50000000	5.03851
1555.00000000	5.03580
1555.50000000	5.03330
1556.00000000	5.03225
1556.50000000	5.03012
1557.00000000	5.02869
1557.50000000	5.02753
1558.00000000	5.02618
1558.50000000	5.02671
1559.00000000	5.02762
1559.50000000	5.02804
1560.00000000	5.02916
1560.50000000	5.02940
1561.00000000	5.03044
1561.50000000	5.03035
1562.00000000	5.03158
1562.50000000	5.03393
1563.00000000	5.03640
1563.50000000	5.03685
1564.00000000	5.03771
1564.50000000	5.03907
1565.00000000	5.03927
1565.50000000	5.04203
1566.00000000	5.04388
1566.50000000	5.04544
1567.00000000	5.04793
1567.50000000	5.05160
1568.00000000	5.05317
1568.50000000	5.05658
1569.00000000	5.06015
1569.50000000	5.06372
1570.00000000	5.06626
1570.50000000	5.06712
1571.00000000	5.06898
1571.50000000	5.07008
1572.00000000	5.07271
1572.50000000	5.07617
1573.00000000	5.07815
1573.50000000	5.07861
1574.00000000	5.07974
1574.50000000	5.08046
1575.00000000	5.08071
1575.50000000	5.08060
1576.00000000	5.08097
1576.50000000	5.08220
1577.00000000	5.08398
1577.50000000	5.08511
1578.00000000	5.08597
1578.50000000	5.08603
1579.00000000	5.08437
1579.50000000	5.08192
1580.00000000	5.07852
1580.50000000	5.07662
1581.00000000	5.07281
1581.50000000	5.07016
1582.00000000	5.06901
1582.50000000	5.06928
1583.00000000	5.06969
1583.50000000	5.06777
1584.00000000	5.06459
1584.50000000	5.06156
1585.00000000	5.05833
1585.50000000	5.05498
1586.00000000	5.05280
1586.50000000	5.04971
1587.00000000	5.04853
1587.50000000	5.04675
1588.00000000	5.04498
1588.50000000	5.04386
1589.00000000	5.04287
1589.50000000	5.04080
1590.00000000	5.04012
1590.50000000	5.03749
1591.00000000	5.03535
1591.50000000	5.03348
1592.00000000	5.03117
1592.50000000	5.02881
1593.00000000	5.02696
1593.50000000	5.02568
1594.00000000	5.02455
1594.50000000	5.02332
1595.00000000	5.02134
1595.50000000	5.01900
1596.00000000	5.01589
1596.50000000	5.01532
1597.00000000	5.01454
1597.50000000	5.01432
1598.00000000	5.01434
1598.50000000	5.01392
1599.00000000	5.01344
1599.50000000	5.01208
1600.00000000	5.00881
1600.50000000	5.00507
1601.00000000	5.00224
1601.50000000	4.99856
1602.00000000	4.99630
1602.50000000	4.99296
1603.00000000	4.98949
1603.50000000	4.98653
1604.00000000	4.98395
1604.50000000	4.98108
1605.00000000	4.97972
1605.50000000	4.97671
1606.00000000	4.97503
1606.50000000	4.97387
1607.00000000	4.97371
1607.50000000	4.97274
1608.00000000	4.97231
1608.50000000	4.97133
1609.00000000	4.97026
1609.50000000	4.96815
1610.00000000	4.96482
1610.50000000	4.96228
1611.00000000	4.96007
1611.50000000	4.95809
1612.00000000	4.95610
1612.50000000	4.95250
1613.00000000	4.94877
1613.50000000	4.94591
1614.00000000	4.94415
1614.50000000	4.94205
1615.00000000	4.94076
1615.50000000	4.93906
1616.00000000	4.93784
1616.50000000	4.93761
1617.00000000	4.93804
1617.50000000	4.93646
1618.00000000	4.93363
1618.50000000	4.93219
1619.00000000	4.93292
1619.50000000	4.93303
1620.00000000	4.93261
1620.50000000	4.93320
1621.00000000	4.93496
1621.50000000	4.93498
1622.00000000	4.93482
1622.50000000	4.93658
1623.00000000	4.93658
1623.50000000	4.93681
1624.00000000	4.93710
1624.50000000	4.93898
1625.00000000	4.94024
1625.50000000	4.94179
1626.00000000	4.94312
1626.50000000	4.94573
1627.00000000	4.94995
1627.50000000	4.95457
1628.00000000	4.95983
1628.50000000	4.96318
1629.00000000	4.96498
1629.50000000	4.96750
1630.00000000	4.96931
1630.50000000	4.97023
1631.00000000	4.97203
1631.50000000	4.97183
1632.00000000	4.97153
1632.50000000	4.97104
1633.00000000	4.97060
1633.50000000	4.96930
1634.00000000	4.96871
1634.50000000	4.96816
1635.00000000	4.96752
1635.50000000	4.96780
1636.00000000	4.96874
1636.50000000	4.96924
1637.00000000	4.96915
1637.50000000	4.96872
1638.00000000	4.96944
1638.50000000	4.97061
1639.00000000	4.97181
1639.50000000	4.97468
1640.00000000	4.97729
1640.50000000	4.97893
1641.00000000	4.97951
1641.50000000	4.97944
1642.00000000	4.97746
1642.50000000	4.97557
1643.00000000	4.97411
1643.50000000	4.97212
1644.00000000	4.97267
1644.50000000	4.97327
1645.00000000	4.97453
1645.50000000	4.97547
1646.00000000	4.97585
1646.50000000	4.97670
1647.00000000	4.97683
1647.50000000	4.97705
1648.00000000	4.97777
1648.50000000	4.97714
1649.00000000	4.97684
1649.50000000	4.97766
1650.00000000	4.97788
1650.50000000	4.97897
1651.00000000	4.98113
1651.50000000	4.98393
1652.00000000	4.98674
1652.50000000	4.98841
1653.00000000	4.98862
1653.50000000	4.98997
1654.00000000	4.99114
1654.50000000	4.99367
1655.00000000	4.99690
1655.50000000	5.00052
1656.00000000	5.00483
1656.50000000	5.00896
1657.00000000	5.01351
1657.50000000	5.01674
1658.00000000	5.01859
1658.50000000	5.02116
1659.00000000	5.02323
1659.50000000	5.02560
1660.00000000	5.02729
1660.50000000	5.02900
1661.00000000	5.02956
1661.50000000	5.03113
1662.00000000	5.03225
1662.50000000	5.03309
1663.00000000	5.03259
1663.50000000	5.03236
1664.00000000	5.03177
1664.50000000	5.03054
1665.00000000	5.02909
1665.50000000	5.02743
1666.00000000	5.02474
1666.50000000	5.02266
1667.00000000	5.02129
1667.50000000	5.02091
1668.00000000	5.02198
1668.50000000	5.02405
1669.00000000	5.02731
1669.50000000	5.03163
1670.00000000	5.03484
1670.50000000	5.04008
1671.00000000	5.04370
1671.50000000	5.04712
1672.00000000	5.05003
1672.50000000	5.05287
1673.00000000	5.05466
1673.50000000	5.05747
1674.00000000	5.06115
1674.50000000	5.06474
1675.00000000	5.06825
1675.50000000	5.07230
1676.00000000	5.07673
1676.50000000	5.08184
1677.00000000	5.08642
1677.50000000	5.09087
1678.00000000	5.09470
1678.50000000	5.09809
1679.00000000	5.10057
1679.50000000	5.10370
1680.00000000	5.10717
1680.50000000	5.11050
1681.00000000	5.11334
1681.50000000	5.11664
1682.00000000	5.11886
1682.50000000	5.12070
1683.00000000	5.12357
1683.50000000	5.12529
