8.87933	0.003570028	8.881716326
8.88735	0.003570028	8.881716326
8.89359	0.003570028	8.881716326
8.90442	0.003570028	8.881716326
8.91347	0.003570028	8.881716326
8.92431	0.003570028	8.881716326
8.93517	0.003570028	8.881716326
8.948739999999999	0.003570028	8.881716326
8.9589	0.003570028	8.881716326
8.966510000000001	0.003570028	8.881716326
8.97305	0.003570028	8.881716326
8.97749	0.003570028	8.881716326
8.98485	0.003570028	8.881716326
8.989419999999999	0.003570028	8.881716326
8.99456	0.003570028	8.881716326
9.000860000000001	0.003570028	8.881716326
9.00783	0.003570028	8.881716326
9.0132	0.003570028	8.881716326
9.01834	0.003570028	8.881716326
9.020480000000001	0.003570028	8.881716326
9.02465	0.003570028	8.881716326
9.03079	0.003570028	8.881716326
9.03515	0.003570028	8.881716326
9.03742	0.003570028	8.881716326
9.042010000000001	0.003570028	8.881716326
9.04705	0.003570028	8.881716326
9.05209	0.003570028	8.881716326
9.057739999999999	0.003570028	8.881716326
9.063989999999999	0.003570028	8.881716326
9.07034	0.003570028	8.881716326
9.07639	0.003570028	8.881716326
9.08351	0.003570028	8.881716326
9.088569999999999	0.003570028	8.881716326
9.09427	0.003570028	8.881716326
9.1016	0.003570028	8.881716326
9.1085	0.003570028	8.881716326
9.11421	0.003570028	8.881716326
9.1149	0.003570028	8.881716326
9.115160000000001	0.003570028	8.881716326
9.11797	0.003570028	8.881716326
9.1184	0.003570028	8.881716326
9.117560000000001	0.003570028	8.881716326
9.11632	0.003570028	8.881716326
9.11576	0.003570028	8.881716326
9.11675	0.003570028	8.881716326
9.11899	0.003570028	8.881716326
9.124839999999999	0.003570028	8.881716326
9.128219999999999	0.003570028	8.881716326
9.13079	0.003570028	8.881716326
9.13618	0.003570028	8.881716326
9.143989999999999	0.003570028	8.881716326
9.150089999999999	0.003570028	8.881716326
9.154530000000001	0.003570028	8.881716326
9.16075	0.003570028	8.881716326
9.165610000000001	0.003570028	8.881716326
9.16721	0.003570028	8.881716326
9.16972	0.003570028	8.881716326
9.16953	0.003570028	8.881716326
9.16582	0.003570028	8.881716326
9.16431	0.003570028	8.881716326
9.16375	0.003570028	8.881716326
9.16071	0.003570028	8.881716326
9.15948	0.003570028	8.881716326
9.16078	0.003570028	8.881716326
9.15878	0.003570028	8.881716326
9.15655	0.003570028	8.881716326
9.152610000000001	0.003570028	8.881716326
9.14995	0.003570028	8.881716326
9.14971	0.003570028	8.881716326
9.1486	0.003570028	8.881716326
9.14676	0.003570028	8.881716326
9.14649	0.003570028	8.881716326
9.1458	0.003570028	8.881716326
9.14551	0.003570028	8.881716326
9.14359	0.003570028	8.881716326
9.14193	0.003570028	8.881716326
9.141680000000001	0.003570028	8.881716326
9.14377	0.003570028	8.881716326
9.141589999999999	0.003570028	8.881716326
9.13668	0.003570028	8.881716326
9.12989	0.003570028	8.881716326
9.12528	0.003570028	8.881716326
9.12215	0.003570028	8.881716326
9.11805	0.003570028	8.881716326
9.11255	0.003570028	8.881716326
9.10811	0.003570028	8.881716326
9.10708	0.003570028	8.881716326
9.10802	0.003570028	8.881716326
9.10655	0.003570028	8.881716326
9.10614	0.003570028	8.881716326
9.10635	0.003570028	8.881716326
9.106639999999999	0.003570028	8.881716326
9.10539	0.003570028	8.881716326
9.10268	0.003570028	8.881716326
9.10154	0.003570028	8.881716326
9.09884	0.003570028	8.881716326
9.095289999999999	0.003570028	8.881716326
9.0946	0.003570028	8.881716326
9.09502	0.003570028	8.881716326
9.09286	0.003570028	8.881716326
9.09401	0.003570028	8.881716326
9.09234	0.003570028	8.881716326
9.09465	0.003570028	8.881716326
9.09705	0.003570028	8.881716326
9.101510000000001	0.003570028	8.881716326
9.10484	0.003570028	8.881716326
9.1104	0.003570028	8.881716326
9.11599	0.003570028	8.881716326
9.11835	0.003570028	8.881716326
9.120330000000001	0.003570028	8.881716326
9.12239	0.003570028	8.881716326
9.12133	0.003570028	8.881716326
9.11946	0.003570028	8.881716326
9.11861	0.003570028	8.881716326
9.11618	0.003570028	8.881716326
9.113660000000001	0.003570028	8.881716326
9.10922	0.003570028	8.881716326
9.107339999999999	0.003570028	8.881716326
9.1061	0.003570028	8.881716326
9.10635	0.003570028	8.881716326
9.10495	0.003570028	8.881716326
9.10609	0.003570028	8.881716326
9.10641	0.003570028	8.881716326
9.10639	0.003570028	8.881716326
9.106910000000001	0.003570028	8.881716326
9.10701	0.003570028	8.881716326
9.105889999999999	0.003570028	8.881716326
9.10705	0.003570028	8.881716326
9.10645	0.003570028	8.881716326
9.108939999999999	0.003570028	8.881716326
9.10849	0.003570028	8.881716326
9.10742	0.003570028	8.881716326
9.1024	0.003570028	8.881716326
9.09651	0.003570028	8.881716326
9.09075	0.003570028	8.881716326
9.084	0.003570028	8.881716326
9.07479	0.003570028	8.881716326
9.06574	0.003570028	8.881716326
9.05857	0.003570028	8.881716326
9.04728	0.003570028	8.881716326
9.03882	0.003570028	8.881716326
9.03096	0.003570028	8.881716326
9.02351	0.003570028	8.881716326
9.018180000000001	0.003570028	8.881716326
9.01505	0.003570028	8.881716326
9.0062	0.003570028	8.881716326
8.995989999999999	0.003570028	8.881716326
8.98526	0.003570028	8.881716326
8.97213	0.003570028	8.881716326
8.95837	0.003570028	8.881716326
8.94758	0.003570028	8.881716326
8.939960000000001	0.003570028	8.881716326
8.93264	0.003570028	8.881716326
8.92277	0.003570028	8.881716326
8.91254	0.003570028	8.881716326
8.90175	0.003570028	8.881716326
8.892619999999999	0.003570028	8.881716326
8.88137	0.003570028	8.881716326
8.87313	0.003570028	8.881716326
8.86373	0.003570028	8.881716326
8.8558	0.003570028	8.881716326
8.84954	0.003570028	8.881716326
8.84693	0.003570028	8.881716326
8.843069999999999	0.003570028	8.881716326
8.8405	0.003570028	8.881716326
8.83275	0.003570028	8.881716326
8.82348	0.003570028	8.881716326
8.81557	0.003570028	8.881716326
8.81093	0.003570028	8.881716326
8.80675	0.003570028	8.881716326
8.80124	0.003570028	8.881716326
8.7963	0.003570028	8.881716326
8.79185	0.003570028	8.881716326
8.786489999999999	0.003570028	8.881716326
8.779869999999999	0.003570028	8.881716326
8.77417	0.003570028	8.881716326
8.76952	0.003570028	8.881716326
8.76573	0.003570028	8.881716326
8.76384	0.003570028	8.881716326
8.7608	0.003570028	8.881716326
8.760539999999999	0.003570028	8.881716326
8.75651	0.003570028	8.881716326
8.754439999999999	0.003570028	8.881716326
8.7533	0.003570028	8.881716326
8.7511	0.003570028	8.881716326
8.74724	0.003570028	8.881716326
8.746030000000001	0.003570028	8.881716326
8.74392	0.003570028	8.881716326
8.741439999999999	0.003570028	8.881716326
8.739139999999999	0.003570028	8.881716326
8.74104	0.003570028	8.881716326
8.74388	0.003570028	8.881716326
8.74923	0.003570028	8.881716326
8.75424	0.003570028	8.881716326
8.761989999999999	0.003570028	8.881716326
8.76934	0.003570028	8.881716326
8.77988	0.003570028	8.881716326
8.78673	0.003570028	8.881716326
8.7921	0.003570028	8.881716326
8.79663	0.003570028	8.881716326
8.80225	0.003570028	8.881716326
8.80633	0.003570028	8.881716326
8.81006	0.003570028	8.881716326
8.81405	0.003570028	8.881716326
8.81728	0.003570028	8.881716326
8.8201	0.003570028	8.881716326
8.8225	0.003570028	8.881716326
8.8229	0.003570028	8.881716326
8.82318	0.003570028	8.881716326
8.821019999999999	0.003570028	8.881716326
8.8221	0.003570028	8.881716326
8.82367	0.003570028	8.881716326
8.8285	0.003570028	8.881716326
8.831	0.003570028	8.881716326
8.83553	0.003570028	8.881716326
8.839360000000001	0.003570028	8.881716326
8.843689999999999	0.003570028	8.881716326
8.84963	0.003570028	8.881716326
8.85662	0.003570028	8.881716326
8.86457	0.003570028	8.881716326
8.87326	0.003570028	8.881716326
8.87941	0.003570028	8.881716326
8.88166	0.003570028	8.881716326
8.88658	0.003570028	8.881716326
8.8928	0.003570028	8.881716326
8.89996	0.003570028	8.881716326
8.909360000000001	0.003570028	8.881716326
8.914589999999999	0.003570028	8.881716326
8.91565	0.003570028	8.881716326
8.915289999999999	0.003570028	8.881716326
8.91399	0.003570028	8.881716326
8.91648	0.003570028	8.881716326
8.92094	0.003570028	8.881716326
8.92655	0.003570028	8.881716326
8.93252	0.003570028	8.881716326
8.936589999999999	0.003570028	8.881716326
8.938189999999999	0.003570028	8.881716326
8.94046	0.003570028	8.881716326
8.94201	0.003570028	8.881716326
8.94075	0.003570028	8.881716326
8.94105	0.003570028	8.881716326
8.94145	0.003570028	8.881716326
8.94197	0.003570028	8.881716326
8.935939999999999	0.003570028	8.881716326
8.93078	0.003570028	8.881716326
8.92659	0.003570028	8.881716326
8.92019	0.003570028	8.881716326
8.9154	0.003570028	8.881716326
8.9087	0.003570028	8.881716326
8.90139	0.003570028	8.881716326
8.89143	0.003570028	8.881716326
8.8823	0.003570028	8.881716326
8.87598	0.003570028	8.881716326
8.869660000000001	0.003570028	8.881716326
8.86409	0.003570028	8.881716326
8.85998	0.003570028	8.881716326
8.855139999999999	0.003570028	8.881716326
8.85092	0.003570028	8.881716326
8.84601	0.003570028	8.881716326
8.83726	0.003570028	8.881716326
8.82863	0.003570028	8.881716326
8.82038	0.003570028	8.881716326
8.81595	0.003570028	8.881716326
8.81307	0.003570028	8.881716326
8.80922	0.003570028	8.881716326
8.80693	0.003570028	8.881716326
8.8067	0.003570028	8.881716326
8.80673	0.003570028	8.881716326
8.8057	0.003570028	8.881716326
8.8035	0.003570028	8.881716326
8.80171	0.003570028	8.881716326
8.80482	0.003570028	8.881716326
8.80613	0.003570028	8.881716326
8.807139999999999	0.003570028	8.881716326
8.811539999999999	0.003570028	8.881716326
8.81452	0.003570028	8.881716326
8.81714	0.003570028	8.881716326
8.82145	0.003570028	8.881716326
8.82158	0.003570028	8.881716326
8.820960000000001	0.003570028	8.881716326
8.82211	0.003570028	8.881716326
8.82065	0.003570028	8.881716326
8.82008	0.003570028	8.881716326
8.81903	0.003570028	8.881716326
8.819360000000001	0.003570028	8.881716326
8.82352	0.003570028	8.881716326
8.82748	0.003570028	8.881716326
8.82874	0.003570028	8.881716326
8.829039999999999	0.003570028	8.881716326
8.82885	0.003570028	8.881716326
8.83015	0.003570028	8.881716326
8.83413	0.003570028	8.881716326
8.8405	0.003570028	8.881716326
8.84661	0.003570028	8.881716326
8.85058	0.003570028	8.881716326
8.85512	0.003570028	8.881716326
8.85849	0.003570028	8.881716326
8.864460000000001	0.003570028	8.881716326
8.87475	0.003570028	8.881716326
8.883410000000001	0.003570028	8.881716326
8.89151	0.003570028	8.881716326
8.898660000000001	0.003570028	8.881716326
8.9044	0.003570028	8.881716326
8.91117	0.003570028	8.881716326
8.918280000000001	0.003570028	8.881716326
8.92653	0.003570028	8.881716326
8.93309	0.003570028	8.881716326
8.94103	0.003570028	8.881716326
8.9497	0.003570028	8.881716326
8.95704	0.003570028	8.881716326
8.96172	0.003570028	8.881716326
8.96622	0.003570028	8.881716326
8.9722	0.003570028	8.881716326
8.97748	0.003570028	8.881716326
8.98516	0.003570028	8.881716326
8.99119	0.003570028	8.881716326
9.00137	0.003570028	8.881716326
9.01107	0.003570028	8.881716326
9.023810000000001	0.003570028	8.881716326
9.03784	0.003570028	8.881716326
9.04931	0.003570028	8.881716326
9.05711	0.003570028	8.881716326
9.065669999999999	0.003570028	8.881716326
9.073260000000001	0.003570028	8.881716326
9.08125	0.003570028	8.881716326
9.09117	0.003570028	8.881716326
9.100430000000001	0.003570028	8.881716326
9.112260000000001	0.003570028	8.881716326
9.12417	0.003570028	8.881716326
9.133239999999999	0.003570028	8.881716326
9.14382	0.003570028	8.881716326
9.1537	0.003570028	8.881716326
9.16202	0.003570028	8.881716326
9.17123	0.003570028	8.881716326
9.18149	0.003570028	8.881716326
9.19265	0.003570028	8.881716326
9.19897	0.003570028	8.881716326
9.20565	0.003570028	8.881716326
9.2104	0.003570028	8.881716326
9.214319999999999	0.003570028	8.881716326
9.22118	0.003570028	8.881716326
9.22813	0.003570028	8.881716326
9.235510000000001	0.003570028	8.881716326
9.24283	0.003570028	8.881716326
9.25217	0.003570028	8.881716326
9.257589999999999	0.003570028	8.881716326
9.26325	0.003570028	8.881716326
9.268839999999999	0.003570028	8.881716326
9.27244	0.003570028	8.881716326
9.275839999999999	0.003570028	8.881716326
9.27947	0.003570028	8.881716326
9.28165	0.003570028	8.881716326
9.285730000000001	0.003570028	8.881716326
9.2854	0.003570028	8.881716326
9.287360000000001	0.003570028	8.881716326
9.28937	0.003570028	8.881716326
9.286010000000001	0.003570028	8.881716326
9.28002	0.003570028	8.881716326
9.27285	0.003570028	8.881716326
9.26569	0.003570028	8.881716326
9.25521	0.003570028	8.881716326
9.24676	0.003570028	8.881716326
9.23719	0.003570028	8.881716326
9.23047	0.003570028	8.881716326
9.22644	0.003570028	8.881716326
9.22152	0.003570028	8.881716326
9.217360000000001	0.003570028	8.881716326
9.21428	0.003570028	8.881716326
9.21096	0.003570028	8.881716326
9.20968	0.003570028	8.881716326
9.213389999999999	0.003570028	8.881716326
9.21314	0.003570028	8.881716326
9.21292	0.003570028	8.881716326
9.21493	0.003570028	8.881716326
9.21579	0.003570028	8.881716326
9.21835	0.003570028	8.881716326
9.21885	0.003570028	8.881716326
9.22096	0.003570028	8.881716326
9.2252	0.003570028	8.881716326
9.23137	0.003570028	8.881716326
9.23687	0.003570028	8.881716326
9.24117	0.003570028	8.881716326
9.24288	0.003570028	8.881716326
9.24668	0.003570028	8.881716326
9.24958	0.003570028	8.881716326
9.2521	0.003570028	8.881716326
9.25176	0.003570028	8.881716326
9.25522	0.003570028	8.881716326
9.255939999999999	0.003570028	8.881716326
9.25751	0.003570028	8.881716326
9.25874	0.003570028	8.881716326
9.2594	0.003570028	8.881716326
9.26191	0.003570028	8.881716326
9.26503	0.003570028	8.881716326
9.26488	0.003570028	8.881716326
9.26486	0.003570028	8.881716326
9.266	0.003570028	8.881716326
9.26548	0.003570028	8.881716326
9.2639	0.003570028	8.881716326
9.263919999999999	0.003570028	8.881716326
9.26596	0.003570028	8.881716326
9.26707	0.003570028	8.881716326
9.267710000000001	0.003570028	8.881716326
9.26807	0.003570028	8.881716326
9.27169	0.003570028	8.881716326
9.274280000000001	0.003570028	8.881716326
9.276639999999999	0.003570028	8.881716326
9.276639999999999	0.003570028	8.881716326
9.27816	0.003570028	8.881716326
9.27811	0.003570028	8.881716326
9.28143	0.003570028	8.881716326
9.28486	0.003570028	8.881716326
9.28841	0.003570028	8.881716326
9.29123	0.003570028	8.881716326
9.29353	0.003570028	8.881716326
9.29682	0.003570028	8.881716326
9.29792	0.003570028	8.881716326
9.2969	0.003570028	8.881716326
9.29923	0.003570028	8.881716326
9.3017	0.003570028	8.881716326
9.303460000000001	0.003570028	8.881716326
9.30753	0.003570028	8.881716326
9.31075	0.003570028	8.881716326
9.31446	0.003570028	8.881716326
9.31873	0.003570028	8.881716326
9.32437	0.003570028	8.881716326
9.33075	0.003570028	8.881716326
9.3403	0.003570028	8.881716326
9.35319	0.003570028	8.881716326
9.36525	0.003570028	8.881716326
9.37676	0.003570028	8.881716326
9.38754	0.003570028	8.881716326
9.39945	0.003570028	8.881716326
9.4099	0.003570028	8.881716326
9.4172	0.003570028	8.881716326
9.42493	0.003570028	8.881716326
9.43287	0.003570028	8.881716326
9.43865	0.003570028	8.881716326
9.441139999999999	0.003570028	8.881716326
9.44547	0.003570028	8.881716326
9.44947	0.003570028	8.881716326
9.45245	0.003570028	8.881716326
9.45372	0.003570028	8.881716326
9.45551	0.003570028	8.881716326
9.4576	0.003570028	8.881716326
9.45691	0.003570028	8.881716326
9.454180000000001	0.003570028	8.881716326
9.45074	0.003570028	8.881716326
9.445219999999999	0.003570028	8.881716326
9.4428	0.003570028	8.881716326
9.43821	0.003570028	8.881716326
9.43442	0.003570028	8.881716326
9.42881	0.003570028	8.881716326
9.42351	0.003570028	8.881716326
9.420869999999999	0.003570028	8.881716326
9.41954	0.003570028	8.881716326
9.41597	0.003570028	8.881716326
9.412289999999999	0.003570028	8.881716326
9.4096	0.003570028	8.881716326
9.40523	0.003570028	8.881716326
9.40088	0.003570028	8.881716326
9.39573	0.003570028	8.881716326
9.39048	0.003570028	8.881716326
9.385869999999999	0.003570028	8.881716326
9.38384	0.003570028	8.881716326
9.38216	0.003570028	8.881716326
9.37862	0.003570028	8.881716326
9.37452	0.003570028	8.881716326
9.371030000000001	0.003570028	8.881716326
9.36458	0.003570028	8.881716326
9.35952	0.003570028	8.881716326
9.35679	0.003570028	8.881716326
9.35031	0.003570028	8.881716326
9.341289999999999	0.003570028	8.881716326
9.335560000000001	0.003570028	8.881716326
9.32954	0.003570028	8.881716326
9.322230000000001	0.003570028	8.881716326
9.31748	0.003570028	8.881716326
9.31418	0.003570028	8.881716326
9.31243	0.003570028	8.881716326
9.310839999999999	0.003570028	8.881716326
9.30821	0.003570028	8.881716326
9.3041	0.003570028	8.881716326
9.30124	0.003570028	8.881716326
9.29654	0.003570028	8.881716326
9.29186	0.003570028	8.881716326
9.28683	0.003570028	8.881716326
9.28178	0.003570028	8.881716326
9.279810000000001	0.003570028	8.881716326
9.2771	0.003570028	8.881716326
9.2752	0.003570028	8.881716326
9.2755	0.003570028	8.881716326
9.27518	0.003570028	8.881716326
9.274189999999999	0.003570028	8.881716326
9.272639999999999	0.003570028	8.881716326
9.27266	0.003570028	8.881716326
9.2712	0.003570028	8.881716326
9.27325	0.003570028	8.881716326
9.275210000000001	0.003570028	8.881716326
9.27801	0.003570028	8.881716326
9.28002	0.003570028	8.881716326
9.28243	0.003570028	8.881716326
9.28415	0.003570028	8.881716326
9.28565	0.003570028	8.881716326
9.29163	0.003570028	8.881716326
9.29927	0.003570028	8.881716326
9.30739	0.003570028	8.881716326
9.314689999999999	0.003570028	8.881716326
9.32269	0.003570028	8.881716326
9.32771	0.003570028	8.881716326
9.33462	0.003570028	8.881716326
9.34296	0.003570028	8.881716326
9.35368	0.003570028	8.881716326
9.365219999999999	0.003570028	8.881716326
9.374419999999999	0.003570028	8.881716326
9.379610000000001	0.003570028	8.881716326
9.38297	0.003570028	8.881716326
9.38531	0.003570028	8.881716326
9.38523	0.003570028	8.881716326
9.38839	0.003570028	8.881716326
9.38808	0.003570028	8.881716326
9.38608	0.003570028	8.881716326
9.3869	0.003570028	8.881716326
9.38772	0.003570028	8.881716326
9.39184	0.003570028	8.881716326
9.393130000000001	0.003570028	8.881716326
9.39762	0.003570028	8.881716326
9.4044	0.003570028	8.881716326
9.40974	0.003570028	8.881716326
9.41142	0.003570028	8.881716326
9.41348	0.003570028	8.881716326
9.4175	0.003570028	8.881716326
9.41746	0.003570028	8.881716326
9.41738	0.003570028	8.881716326
9.41648	0.003570028	8.881716326
9.41545	0.003570028	8.881716326
9.41858	0.003570028	8.881716326
9.41901	0.003570028	8.881716326
9.419360000000001	0.003570028	8.881716326
9.41795	0.003570028	8.881716326
9.414480000000001	0.003570028	8.881716326
9.41108	0.003570028	8.881716326
9.41032	0.003570028	8.881716326
9.41164	0.003570028	8.881716326
9.413780000000001	0.003570028	8.881716326
9.41596	0.003570028	8.881716326
9.41911	0.003570028	8.881716326
9.42152	0.003570028	8.881716326
9.4239	0.003570028	8.881716326
9.425989999999999	0.003570028	8.881716326
9.427	0.003570028	8.881716326
9.427719999999999	0.003570028	8.881716326
9.42629	0.003570028	8.881716326
9.42896	0.003570028	8.881716326
9.43103	0.003570028	8.881716326
9.43293	0.003570028	8.881716326
9.43459	0.003570028	8.881716326
9.43577	0.003570028	8.881716326
9.436110000000001	0.003570028	8.881716326
9.433819999999999	0.003570028	8.881716326
9.428939999999999	0.003570028	8.881716326
9.42455	0.003570028	8.881716326
9.42229	0.003570028	8.881716326
9.41656	0.003570028	8.881716326
9.410919999999999	0.003570028	8.881716326
9.40655	0.003570028	8.881716326
9.40343	0.003570028	8.881716326
9.40221	0.003570028	8.881716326
9.40137	0.003570028	8.881716326
9.402619999999999	0.003570028	8.881716326
9.40312	0.003570028	8.881716326
9.4045	0.003570028	8.881716326
9.40569	0.003570028	8.881716326
9.407960000000001	0.003570028	8.881716326
9.4139	0.003570028	8.881716326
9.42037	0.003570028	8.881716326
9.42905	0.003570028	8.881716326
9.44	0.003570028	8.881716326
9.45347	0.003570028	8.881716326
9.46082	0.003570028	8.881716326
9.46601	0.003570028	8.881716326
9.46824	0.003570028	8.881716326
9.46954	0.003570028	8.881716326
9.47286	0.003570028	8.881716326
9.47447	0.003570028	8.881716326
9.47837	0.003570028	8.881716326
9.48315	0.003570028	8.881716326
9.48777	0.003570028	8.881716326
9.49049	0.003570028	8.881716326
9.49124	0.003570028	8.881716326
9.491769999999999	0.003570028	8.881716326
9.49308	0.003570028	8.881716326
9.49493	0.003570028	8.881716326
9.49527	0.003570028	8.881716326
9.49496	0.003570028	8.881716326
9.49281	0.003570028	8.881716326
9.49195	0.003570028	8.881716326
9.491719999999999	0.003570028	8.881716326
9.491710000000001	0.003570028	8.881716326
9.48987	0.003570028	8.881716326
9.4893	0.003570028	8.881716326
9.486080000000001	0.003570028	8.881716326
9.48427	0.003570028	8.881716326
9.4829	0.003570028	8.881716326
9.48045	0.003570028	8.881716326
9.47872	0.003570028	8.881716326
9.476339999999999	0.003570028	8.881716326
9.47365	0.003570028	8.881716326
9.47348	0.003570028	8.881716326
9.46802	0.003570028	8.881716326
9.46063	0.003570028	8.881716326
9.45518	0.003570028	8.881716326
9.44789	0.003570028	8.881716326
9.43821	0.003570028	8.881716326
9.428510000000001	0.003570028	8.881716326
9.42062	0.003570028	8.881716326
9.412410000000001	0.003570028	8.881716326
9.40189	0.003570028	8.881716326
9.38931	0.003570028	8.881716326
9.37958	0.003570028	8.881716326
9.36865	0.003570028	8.881716326
9.35866	0.003570028	8.881716326
9.34708	0.003570028	8.881716326
9.33588	0.003570028	8.881716326
9.323030000000001	0.003570028	8.881716326
9.31473	0.003570028	8.881716326
9.30814	0.003570028	8.881716326
9.30059	0.003570028	8.881716326
9.29307	0.003570028	8.881716326
9.28624	0.003570028	8.881716326
9.27914	0.003570028	8.881716326
9.27174	0.003570028	8.881716326
9.26908	0.003570028	8.881716326
9.26476	0.003570028	8.881716326
9.25992	0.003570028	8.881716326
9.2568	0.003570028	8.881716326
9.25303	0.003570028	8.881716326
9.24835	0.003570028	8.881716326
9.245410000000001	0.003570028	8.881716326
9.24463	0.003570028	8.881716326
9.24602	0.003570028	8.881716326
9.24814	0.003570028	8.881716326
9.25147	0.003570028	8.881716326
9.25344	0.003570028	8.881716326
9.25482	0.003570028	8.881716326
9.25648	0.003570028	8.881716326
9.25731	0.003570028	8.881716326
9.256639999999999	0.003570028	8.881716326
9.25597	0.003570028	8.881716326
9.256210000000001	0.003570028	8.881716326
9.25624	0.003570028	8.881716326
9.254480000000001	0.003570028	8.881716326
9.25407	0.003570028	8.881716326
9.255889999999999	0.003570028	8.881716326
9.26026	0.003570028	8.881716326
9.25977	0.003570028	8.881716326
9.25924	0.003570028	8.881716326
9.262039999999999	0.003570028	8.881716326
9.26298	0.003570028	8.881716326
9.26361	0.003570028	8.881716326
9.26544	0.003570028	8.881716326
9.26518	0.003570028	8.881716326
9.265239999999999	0.003570028	8.881716326
9.2644	0.003570028	8.881716326
9.259260000000001	0.003570028	8.881716326
9.251389999999999	0.003570028	8.881716326
9.24055	0.003570028	8.881716326
9.22898	0.003570028	8.881716326
9.21734	0.003570028	8.881716326
9.204460000000001	0.003570028	8.881716326
9.19275	0.003570028	8.881716326
9.17525	0.003570028	8.881716326
9.15747	0.003570028	8.881716326
9.14205	0.003570028	8.881716326
9.127410000000001	0.003570028	8.881716326
9.11299	0.003570028	8.881716326
9.09957	0.003570028	8.881716326
9.08592	0.003570028	8.881716326
9.0726	0.003570028	8.881716326
9.06149	0.003570028	8.881716326
9.04997	0.003570028	8.881716326
9.03928	0.003570028	8.881716326
9.02802	0.003570028	8.881716326
9.0163	0.003570028	8.881716326
9.00757	0.003570028	8.881716326
8.99663	0.003570028	8.881716326
8.98413	0.003570028	8.881716326
8.97176	0.003570028	8.881716326
8.959610000000001	0.003570028	8.881716326
8.94624	0.003570028	8.881716326
8.93555	0.003570028	8.881716326
8.92561	0.003570028	8.881716326
8.91667	0.003570028	8.881716326
8.90964	0.003570028	8.881716326
8.90504	0.003570028	8.881716326
8.89895	0.003570028	8.881716326
8.893889999999999	0.003570028	8.881716326
8.891210000000001	0.003570028	8.881716326
8.8874	0.003570028	8.881716326
8.88332	0.003570028	8.881716326
8.87917	0.003570028	8.881716326
8.87358	0.003570028	8.881716326
8.87125	0.003570028	8.881716326
8.8708	0.003570028	8.881716326
8.87018	0.003570028	8.881716326
8.86622	0.003570028	8.881716326
8.86314	0.003570028	8.881716326
8.859919999999999	0.003570028	8.881716326
8.85703	0.003570028	8.881716326
8.85438	0.003570028	8.881716326
8.8493	0.003570028	8.881716326
8.84088	0.003570028	8.881716326
8.83381	0.003570028	8.881716326
8.82868	0.003570028	8.881716326
8.82349	0.003570028	8.881716326
8.82006	0.003570028	8.881716326
8.812380000000001	0.003570028	8.881716326
8.806	0.003570028	8.881716326
8.80383	0.003570028	8.881716326
8.803360000000001	0.003570028	8.881716326
8.80369	0.003570028	8.881716326
8.80402	0.003570028	8.881716326
8.806560000000001	0.003570028	8.881716326
8.80647	0.003570028	8.881716326
8.80444	0.003570028	8.881716326
8.80256	0.003570028	8.881716326
8.80085	0.003570028	8.881716326
8.798860000000001	0.003570028	8.881716326
8.79997	0.003570028	8.881716326
8.79837	0.003570028	8.881716326
8.79813	0.003570028	8.881716326
8.798110000000001	0.003570028	8.881716326
8.7959	0.003570028	8.881716326
8.795010000000001	0.003570028	8.881716326
8.793389999999999	0.003570028	8.881716326
8.79142	0.003570028	8.881716326
8.78802	0.003570028	8.881716326
8.78513	0.003570028	8.881716326
8.78265	0.003570028	8.881716326
8.78153	0.003570028	8.881716326
8.77925	0.003570028	8.881716326
8.77785	0.003570028	8.881716326
8.77617	0.003570028	8.881716326
8.77164	0.003570028	8.881716326
8.76627	0.003570028	8.881716326
8.76337	0.003570028	8.881716326
8.75987	0.003570028	8.881716326
8.756310000000001	0.003570028	8.881716326
8.75532	0.003570028	8.881716326
8.75048	0.003570028	8.881716326
8.746830000000001	0.003570028	8.881716326
8.74334	0.003570028	8.881716326
8.74012	0.003570028	8.881716326
8.73841	0.003570028	8.881716326
8.73903	0.003570028	8.881716326
8.7427	0.003570028	8.881716326
8.748569999999999	0.003570028	8.881716326
8.75119	0.003570028	8.881716326
8.74978	0.003570028	8.881716326
8.74798	0.003570028	8.881716326
8.746739999999999	0.003570028	8.881716326
8.74755	0.003570028	8.881716326
8.74733	0.003570028	8.881716326
8.74982	0.003570028	8.881716326
8.74692	0.003570028	8.881716326
8.74429	0.003570028	8.881716326
8.74199	0.003570028	8.881716326
8.73894	0.003570028	8.881716326
8.73623	0.003570028	8.881716326
8.73432	0.003570028	8.881716326
8.73168	0.003570028	8.881716326
8.72622	0.003570028	8.881716326
8.71994	0.003570028	8.881716326
8.71309	0.003570028	8.881716326
8.7077	0.003570028	8.881716326
8.70125	0.003570028	8.881716326
8.69556	0.003570028	8.881716326
8.6887	0.003570028	8.881716326
8.685	0.003570028	8.881716326
8.68177	0.003570028	8.881716326
8.67647	0.003570028	8.881716326
8.67172	0.003570028	8.881716326
8.66404	0.003570028	8.881716326
8.657789999999999	0.003570028	8.881716326
8.65327	0.003570028	8.881716326
8.64799	0.003570028	8.881716326
8.64518	0.003570028	8.881716326
8.6424	0.003570028	8.881716326
8.6369	0.003570028	8.881716326
8.6312	0.003570028	8.881716326
8.6237	0.003570028	8.881716326
8.61667	0.003570028	8.881716326
8.60833	0.003570028	8.881716326
8.60018	0.003570028	8.881716326
8.5952	0.003570028	8.881716326
8.59118	0.003570028	8.881716326
8.58409	0.003570028	8.881716326
8.57819	0.003570028	8.881716326
8.5746	0.003570028	8.881716326
8.573360000000001	0.003570028	8.881716326
8.57039	0.003570028	8.881716326
8.56977	0.003570028	8.881716326
8.56912	0.003570028	8.881716326
8.56597	0.003570028	8.881716326
8.56628	0.003570028	8.881716326
8.566239999999999	0.003570028	8.881716326
8.56607	0.003570028	8.881716326
8.56431	0.003570028	8.881716326
8.5611	0.003570028	8.881716326
8.55942	0.003570028	8.881716326
8.55648	0.003570028	8.881716326
8.55367	0.003570028	8.881716326
8.55391	0.003570028	8.881716326
8.55423	0.003570028	8.881716326
8.55729	0.003570028	8.881716326
8.5605	0.003570028	8.881716326
8.56139	0.003570028	8.881716326
8.56204	0.003570028	8.881716326
8.559389999999999	0.003570028	8.881716326
8.55381	0.003570028	8.881716326
8.548789999999999	0.003570028	8.881716326
8.547880000000001	0.003570028	8.881716326
8.547080000000001	0.003570028	8.881716326
8.549380000000001	0.003570028	8.881716326
8.547410000000001	0.003570028	8.881716326
8.54626	0.003570028	8.881716326
8.54427	0.003570028	8.881716326
8.53892	0.003570028	8.881716326
8.53391	0.003570028	8.881716326
8.53317	0.003570028	8.881716326
8.53272	0.003570028	8.881716326
8.53139	0.003570028	8.881716326
8.52984	0.003570028	8.881716326
8.53092	0.003570028	8.881716326
8.52946	0.003570028	8.881716326
8.52962	0.003570028	8.881716326
8.533380000000001	0.003570028	8.881716326
8.53534	0.003570028	8.881716326
8.538689999999999	0.003570028	8.881716326
8.54027	0.003570028	8.881716326
8.54005	0.003570028	8.881716326
8.545580000000001	0.003570028	8.881716326
8.54853	0.003570028	8.881716326
8.55185	0.003570028	8.881716326
8.553469999999999	0.003570028	8.881716326
8.55686	0.003570028	8.881716326
8.559330000000001	0.003570028	8.881716326
8.561069999999999	0.003570028	8.881716326
8.5657	0.003570028	8.881716326
8.56964	0.003570028	8.881716326
8.57467	0.003570028	8.881716326
8.57979	0.003570028	8.881716326
8.58653	0.003570028	8.881716326
8.59322	0.003570028	8.881716326
8.60068	0.003570028	8.881716326
8.60712	0.003570028	8.881716326
8.61335	0.003570028	8.881716326
8.61298	0.003570028	8.881716326
8.61164	0.003570028	8.881716326
8.610430000000001	0.003570028	8.881716326
8.61105	0.003570028	8.881716326
8.6082	0.003570028	8.881716326
8.60952	0.003570028	8.881716326
8.61152	0.003570028	8.881716326
8.61426	0.003570028	8.881716326
8.61903	0.003570028	8.881716326
8.625169999999999	0.003570028	8.881716326
8.6296	0.003570028	8.881716326
8.63296	0.003570028	8.881716326
8.63837	0.003570028	8.881716326
8.64518	0.003570028	8.881716326
8.65286	0.003570028	8.881716326
8.66044	0.003570028	8.881716326
8.668280000000001	0.003570028	8.881716326
8.67564	0.003570028	8.881716326
8.68478	0.003570028	8.881716326
8.68795	0.003570028	8.881716326
8.68774	0.003570028	8.881716326
8.6858	0.003570028	8.881716326
8.685189999999999	0.003570028	8.881716326
8.6866	0.003570028	8.881716326
8.68942	0.003570028	8.881716326
8.69111	0.003570028	8.881716326
8.69705	0.003570028	8.881716326
8.702960000000001	0.003570028	8.881716326
8.70779	0.003570028	8.881716326
8.712539999999999	0.003570028	8.881716326
8.7139	0.003570028	8.881716326
8.714739999999999	0.003570028	8.881716326
8.71909	0.003570028	8.881716326
8.72247	0.003570028	8.881716326
8.72793	0.003570028	8.881716326
8.73214	0.003570028	8.881716326
8.73448	0.003570028	8.881716326
8.73645	0.003570028	8.881716326
8.740310000000001	0.003570028	8.881716326
8.74377	0.003570028	8.881716326
8.74804	0.003570028	8.881716326
8.748669999999999	0.003570028	8.881716326
8.74918	0.003570028	8.881716326
8.75061	0.003570028	8.881716326
8.75122	0.003570028	8.881716326
8.751619999999999	0.003570028	8.881716326
8.7519	0.003570028	8.881716326
8.754560000000001	0.003570028	8.881716326
8.756739999999999	0.003570028	8.881716326
8.76184	0.003570028	8.881716326
8.76448	0.003570028	8.881716326
8.76657	0.003570028	8.881716326
8.76729	0.003570028	8.881716326
8.77139	0.003570028	8.881716326
8.7759	0.003570028	8.881716326
8.78018	0.003570028	8.881716326
8.782739999999999	0.003570028	8.881716326
8.785910000000001	0.003570028	8.881716326
8.79283	0.003570028	8.881716326
8.79851	0.003570028	8.881716326
8.80584	0.003570028	8.881716326
8.8135	0.003570028	8.881716326
8.81739	0.003570028	8.881716326
8.82282	0.003570028	8.881716326
8.830689999999999	0.003570028	8.881716326
8.83892	0.003570028	8.881716326
8.84868	0.003570028	8.881716326
8.858039999999999	0.003570028	8.881716326
8.86565	0.003570028	8.881716326
8.8721	0.003570028	8.881716326
8.881269999999999	0.003570028	8.881716326
8.8879	0.003570028	8.881716326
8.89649	0.003570028	8.881716326
8.90532	0.003570028	8.881716326
8.915389999999999	0.003570028	8.881716326
8.924560000000001	0.003570028	8.881716326
8.93389	0.003570028	8.881716326
8.94385	0.003570028	8.881716326
8.95265	0.003570028	8.881716326
8.95986	0.003570028	8.881716326
8.96916	0.003570028	8.881716326
8.97813	0.003570028	8.881716326
8.988710000000001	0.003570028	8.881716326
9.001669999999999	0.003570028	8.881716326
9.01551	0.003570028	8.881716326
9.028939999999999	0.003570028	8.881716326
9.04438	0.003570028	8.881716326
9.05745	0.003570028	8.881716326
9.06971	0.003570028	8.881716326
9.08457	0.003570028	8.881716326
9.10154	0.003570028	8.881716326
9.118730000000001	0.003570028	8.881716326
9.13388	0.003570028	8.881716326
9.14563	0.003570028	8.881716326
9.15932	0.003570028	8.881716326
9.16981	0.003570028	8.881716326
9.17736	0.003570028	8.881716326
9.18401	0.003570028	8.881716326
9.18787	0.003570028	8.881716326
9.19313	0.003570028	8.881716326
9.19849	0.003570028	8.881716326
9.20229	0.003570028	8.881716326
9.204080000000001	0.003570028	8.881716326
9.20502	0.003570028	8.881716326
9.20645	0.003570028	8.881716326
9.20368	0.003570028	8.881716326
9.20105	0.003570028	8.881716326
9.20084	0.003570028	8.881716326
9.202119999999999	0.003570028	8.881716326
9.20272	0.003570028	8.881716326
9.2035	0.003570028	8.881716326
9.202869999999999	0.003570028	8.881716326
9.205110000000001	0.003570028	8.881716326
9.20573	0.003570028	8.881716326
9.20525	0.003570028	8.881716326
9.20324	0.003570028	8.881716326
9.20102	0.003570028	8.881716326
9.20229	0.003570028	8.881716326
9.204260000000001	0.003570028	8.881716326
9.20628	0.003570028	8.881716326
9.20677	0.003570028	8.881716326
9.207180000000001	0.003570028	8.881716326
9.20854	0.003570028	8.881716326
9.20915	0.003570028	8.881716326
9.21722	0.003570028	8.881716326
9.224739999999999	0.003570028	8.881716326
9.23217	0.003570028	8.881716326
9.23897	0.003570028	8.881716326
9.24691	0.003570028	8.881716326
9.25343	0.003570028	8.881716326
9.26315	0.003570028	8.881716326
9.26929	0.003570028	8.881716326
9.273489999999999	0.003570028	8.881716326
9.2764	0.003570028	8.881716326
9.27864	0.003570028	8.881716326
9.281	0.003570028	8.881716326
9.28416	0.003570028	8.881716326
9.289010000000001	0.003570028	8.881716326
9.29447	0.003570028	8.881716326
9.29808	0.003570028	8.881716326
9.29985	0.003570028	8.881716326
9.301630000000001	0.003570028	8.881716326
9.29987	0.003570028	8.881716326
9.29902	0.003570028	8.881716326
9.29693	0.003570028	8.881716326
9.29637	0.003570028	8.881716326
9.29527	0.003570028	8.881716326
9.29172	0.003570028	8.881716326
9.2893	0.003570028	8.881716326
9.28479	0.003570028	8.881716326
9.28076	0.003570028	8.881716326
9.27946	0.003570028	8.881716326
9.27719	0.003570028	8.881716326
9.270660000000001	0.003570028	8.881716326
9.262880000000001	0.003570028	8.881716326
9.255339999999999	0.003570028	8.881716326
9.24826	0.003570028	8.881716326
9.238439999999999	0.003570028	8.881716326
9.22816	0.003570028	8.881716326
9.21679	0.003570028	8.881716326
9.20683	0.003570028	8.881716326
9.19846	0.003570028	8.881716326
9.1896	0.003570028	8.881716326
9.1837	0.003570028	8.881716326
9.17831	0.003570028	8.881716326
9.17125	0.003570028	8.881716326
9.16653	0.003570028	8.881716326
9.16049	0.003570028	8.881716326
9.157789999999999	0.003570028	8.881716326
9.155330000000001	0.003570028	8.881716326
9.1519	0.003570028	8.881716326
9.14855	0.003570028	8.881716326
9.14724	0.003570028	8.881716326
9.14403	0.003570028	8.881716326
9.141919999999999	0.003570028	8.881716326
9.13834	0.003570028	8.881716326
9.13542	0.003570028	8.881716326
9.13458	0.003570028	8.881716326
9.13387	0.003570028	8.881716326
9.13442	0.003570028	8.881716326
9.1349	0.003570028	8.881716326
9.13296	0.003570028	8.881716326
9.130889999999999	0.003570028	8.881716326
9.12851	0.003570028	8.881716326
9.12653	0.003570028	8.881716326
9.125210000000001	0.003570028	8.881716326
9.12505	0.003570028	8.881716326
9.12513	0.003570028	8.881716326
9.12152	0.003570028	8.881716326
9.117410000000001	0.003570028	8.881716326
9.114519999999999	0.003570028	8.881716326
9.11196	0.003570028	8.881716326
9.109689999999999	0.003570028	8.881716326
9.10896	0.003570028	8.881716326
9.10968	0.003570028	8.881716326
9.110619999999999	0.003570028	8.881716326
9.111180000000001	0.003570028	8.881716326
9.10834	0.003570028	8.881716326
9.10474	0.003570028	8.881716326
9.099860000000001	0.003570028	8.881716326
9.0951	0.003570028	8.881716326
9.09308	0.003570028	8.881716326
9.09147	0.003570028	8.881716326
9.091	0.003570028	8.881716326
9.092789999999999	0.003570028	8.881716326
9.09346	0.003570028	8.881716326
9.09342	0.003570028	8.881716326
9.09099	0.003570028	8.881716326
9.09271	0.003570028	8.881716326
9.09334	0.003570028	8.881716326
9.09333	0.003570028	8.881716326
9.09297	0.003570028	8.881716326
9.09409	0.003570028	8.881716326
9.090589999999999	0.003570028	8.881716326
9.0871	0.003570028	8.881716326
9.08185	0.003570028	8.881716326
9.07585	0.003570028	8.881716326
9.06805	0.003570028	8.881716326
9.06354	0.003570028	8.881716326
9.05872	0.003570028	8.881716326
9.05508	0.003570028	8.881716326
9.05137	0.003570028	8.881716326
9.04914	0.003570028	8.881716326
9.04263	0.003570028	8.881716326
9.0381	0.003570028	8.881716326
9.0342	0.003570028	8.881716326
9.0315	0.003570028	8.881716326
9.02657	0.003570028	8.881716326
9.02277	0.003570028	8.881716326
9.01622	0.003570028	8.881716326
9.011619999999999	0.003570028	8.881716326
9.00848	0.003570028	8.881716326
9.00194	0.003570028	8.881716326
8.99569	0.003570028	8.881716326
8.9864	0.003570028	8.881716326
8.97653	0.003570028	8.881716326
8.96743	0.003570028	8.881716326
8.96078	0.003570028	8.881716326
8.95319	0.003570028	8.881716326
8.94754	0.003570028	8.881716326
8.946069999999999	0.003570028	8.881716326
8.94261	0.003570028	8.881716326
8.93952	0.003570028	8.881716326
8.937389999999999	0.003570028	8.881716326
8.93321	0.003570028	8.881716326
8.92769	0.003570028	8.881716326
8.92485	0.003570028	8.881716326
8.923910000000001	0.003570028	8.881716326
8.92479	0.003570028	8.881716326
8.92185	0.003570028	8.881716326
8.92004	0.003570028	8.881716326
8.91859	0.003570028	8.881716326
8.9162	0.003570028	8.881716326
8.912460000000001	0.003570028	8.881716326
8.90705	0.003570028	8.881716326
8.90056	0.003570028	8.881716326
8.89611	0.003570028	8.881716326
8.89306	0.003570028	8.881716326
8.89122	0.003570028	8.881716326
8.889560000000001	0.003570028	8.881716326
8.888589999999999	0.003570028	8.881716326
8.88772	0.003570028	8.881716326
8.88693	0.003570028	8.881716326
8.88543	0.003570028	8.881716326
8.88906	0.003570028	8.881716326
8.893139999999999	0.003570028	8.881716326
8.89627	0.003570028	8.881716326
8.89922	0.003570028	8.881716326
8.90095	0.003570028	8.881716326
8.90468	0.003570028	8.881716326
8.909510000000001	0.003570028	8.881716326
8.91426	0.003570028	8.881716326
8.91943	0.003570028	8.881716326
8.92483	0.003570028	8.881716326
8.929680000000001	0.003570028	8.881716326
8.93229	0.003570028	8.881716326
8.93803	0.003570028	8.881716326
8.945030000000001	0.003570028	8.881716326
8.94988	0.003570028	8.881716326
8.95616	0.003570028	8.881716326
8.96009	0.003570028	8.881716326
8.96274	0.003570028	8.881716326
8.96679	0.003570028	8.881716326
8.96879	0.003570028	8.881716326
8.968810000000001	0.003570028	8.881716326
8.967260000000001	0.003570028	8.881716326
8.96608	0.003570028	8.881716326
8.96548	0.003570028	8.881716326
8.96485	0.003570028	8.881716326
8.96572	0.003570028	8.881716326
8.967880000000001	0.003570028	8.881716326
8.970880000000001	0.003570028	8.881716326
8.97595	0.003570028	8.881716326
8.979289999999999	0.003570028	8.881716326
8.98382	0.003570028	8.881716326
8.98868	0.003570028	8.881716326
8.99191	0.003570028	8.881716326
8.992980000000001	0.003570028	8.881716326
8.99413	0.003570028	8.881716326
8.99339	0.003570028	8.881716326
8.99082	0.003570028	8.881716326
8.99136	0.003570028	8.881716326
8.988610000000001	0.003570028	8.881716326
8.98135	0.003570028	8.881716326
8.975610000000001	0.003570028	8.881716326
8.97414	0.003570028	8.881716326
8.974310000000001	0.003570028	8.881716326
8.9773	0.003570028	8.881716326
8.98166	0.003570028	8.881716326
8.98348	0.003570028	8.881716326
8.98437	0.003570028	8.881716326
8.985380000000001	0.003570028	8.881716326
8.98134	0.003570028	8.881716326
8.98055	0.003570028	8.881716326
8.97889	0.003570028	8.881716326
8.97495	0.003570028	8.881716326
8.96936	0.003570028	8.881716326
8.96447	0.003570028	8.881716326
8.95916	0.003570028	8.881716326
8.95187	0.003570028	8.881716326
8.946819999999999	0.003570028	8.881716326
8.94126	0.003570028	8.881716326
8.93816	0.003570028	8.881716326
8.93404	0.003570028	8.881716326
8.929310000000001	0.003570028	8.881716326
8.92657	0.003570028	8.881716326
8.92375	0.003570028	8.881716326
8.92073	0.003570028	8.881716326
8.91576	0.003570028	8.881716326
8.91209	0.003570028	8.881716326
8.90819	0.003570028	8.881716326
8.902389999999999	0.003570028	8.881716326
8.89521	0.003570028	8.881716326
8.88808	0.003570028	8.881716326
8.87924	0.003570028	8.881716326
8.870569999999999	0.003570028	8.881716326
8.86492	0.003570028	8.881716326
8.85694	0.003570028	8.881716326
8.848510000000001	0.003570028	8.881716326
8.84105	0.003570028	8.881716326
8.83639	0.003570028	8.881716326
8.83169	0.003570028	8.881716326
8.827810000000001	0.003570028	8.881716326
8.82424	0.003570028	8.881716326
8.82451	0.003570028	8.881716326
8.82527	0.003570028	8.881716326
8.82656	0.003570028	8.881716326
8.825339999999999	0.003570028	8.881716326
8.822339999999999	0.003570028	8.881716326
8.82028	0.003570028	8.881716326
8.819189999999999	0.003570028	8.881716326
8.81708	0.003570028	8.881716326
8.81258	0.003570028	8.881716326
8.80535	0.003570028	8.881716326
8.79776	0.003570028	8.881716326
8.79445	0.003570028	8.881716326
8.78836	0.003570028	8.881716326
8.78337	0.003570028	8.881716326
8.78103	0.003570028	8.881716326
8.78167	0.003570028	8.881716326
8.78219	0.003570028	8.881716326
8.78381	0.003570028	8.881716326
8.79009	0.003570028	8.881716326
8.79552	0.003570028	8.881716326
8.79818	0.003570028	8.881716326
8.79904	0.003570028	8.881716326
8.79866	0.003570028	8.881716326
8.8012	0.003570028	8.881716326
8.80143	0.003570028	8.881716326
8.80678	0.003570028	8.881716326
8.81364	0.003570028	8.881716326
8.81807	0.003570028	8.881716326
8.82139	0.003570028	8.881716326
8.82215	0.003570028	8.881716326
8.82044	0.003570028	8.881716326
8.81557	0.003570028	8.881716326
8.81075	0.003570028	8.881716326
8.80786	0.003570028	8.881716326
8.80927	0.003570028	8.881716326
8.80883	0.003570028	8.881716326
8.80622	0.003570028	8.881716326
8.80119	0.003570028	8.881716326
8.7997	0.003570028	8.881716326
8.80127	0.003570028	8.881716326
8.80199	0.003570028	8.881716326
8.79843	0.003570028	8.881716326
8.79613	0.003570028	8.881716326
8.79457	0.003570028	8.881716326
8.79101	0.003570028	8.881716326
8.78653	0.003570028	8.881716326
8.783619999999999	0.003570028	8.881716326
8.781130000000001	0.003570028	8.881716326
8.77745	0.003570028	8.881716326
8.77609	0.003570028	8.881716326
8.77627	0.003570028	8.881716326
8.77647	0.003570028	8.881716326
8.77763	0.003570028	8.881716326
8.7784	0.003570028	8.881716326
8.77937	0.003570028	8.881716326
8.78009	0.003570028	8.881716326
8.78187	0.003570028	8.881716326
8.78483	0.003570028	8.881716326
8.78771	0.003570028	8.881716326
8.79097	0.003570028	8.881716326
8.792589999999999	0.003570028	8.881716326
8.79295	0.003570028	8.881716326
8.79391	0.003570028	8.881716326
8.79359	0.003570028	8.881716326
8.792810000000001	0.003570028	8.881716326
8.79238	0.003570028	8.881716326
8.79293	0.003570028	8.881716326
8.79609	0.003570028	8.881716326
8.79839	0.003570028	8.881716326
8.80081	0.003570028	8.881716326
8.80053	0.003570028	8.881716326
8.79959	0.003570028	8.881716326
8.79773	0.003570028	8.881716326
8.79676	0.003570028	8.881716326
8.795810000000001	0.003570028	8.881716326
8.799430000000001	0.003570028	8.881716326
8.80153	0.003570028	8.881716326
8.80523	0.003570028	8.881716326
8.80362	0.003570028	8.881716326
8.803339999999999	0.003570028	8.881716326
8.80434	0.003570028	8.881716326
8.8081	0.003570028	8.881716326
8.81081	0.003570028	8.881716326
8.815660000000001	0.003570028	8.881716326
8.82112	0.003570028	8.881716326
8.82597	0.003570028	8.881716326
8.829880000000001	0.003570028	8.881716326
8.832130000000001	0.003570028	8.881716326
8.834710000000001	0.003570028	8.881716326
8.83876	0.003570028	8.881716326
8.8412	0.003570028	8.881716326
8.84266	0.003570028	8.881716326
8.840860000000001	0.003570028	8.881716326
8.83865	0.003570028	8.881716326
8.83788	0.003570028	8.881716326
8.83559	0.003570028	8.881716326
8.8352	0.003570028	8.881716326
8.83346	0.003570028	8.881716326
8.829839999999999	0.003570028	8.881716326
8.8273	0.003570028	8.881716326
8.82719	0.003570028	8.881716326
8.83015	0.003570028	8.881716326
8.835560000000001	0.003570028	8.881716326
8.837439999999999	0.003570028	8.881716326
8.83845	0.003570028	8.881716326
8.83902	0.003570028	8.881716326
8.83732	0.003570028	8.881716326
8.833160000000001	0.003570028	8.881716326
8.82564	0.003570028	8.881716326
8.81959	0.003570028	8.881716326
8.81782	0.003570028	8.881716326
8.81415	0.003570028	8.881716326
8.809280000000001	0.003570028	8.881716326
8.80448	0.003570028	8.881716326
8.79652	0.003570028	8.881716326
8.78858	0.003570028	8.881716326
8.78456	0.003570028	8.881716326
8.78026	0.003570028	8.881716326
8.77605	0.003570028	8.881716326
8.77392	0.003570028	8.881716326
8.7693	0.003570028	8.881716326
8.76323	0.003570028	8.881716326
8.75865	0.003570028	8.881716326
8.75094	0.003570028	8.881716326
8.7437	0.003570028	8.881716326
8.734919999999999	0.003570028	8.881716326
8.7314	0.003570028	8.881716326
8.727210000000001	0.003570028	8.881716326
8.72207	0.003570028	8.881716326
8.71626	0.003570028	8.881716326
8.712	0.003570028	8.881716326
8.707139999999999	0.003570028	8.881716326
8.703560000000001	0.003570028	8.881716326
8.69909	0.003570028	8.881716326
8.691139999999999	0.003570028	8.881716326
8.68436	0.003570028	8.881716326
8.680589999999999	0.003570028	8.881716326
8.679780000000001	0.003570028	8.881716326
8.67877	0.003570028	8.881716326
8.67952	0.003570028	8.881716326
8.67839	0.003570028	8.881716326
8.67694	0.003570028	8.881716326
8.67395	0.003570028	8.881716326
8.6695	0.003570028	8.881716326
8.66356	0.003570028	8.881716326
8.65707	0.003570028	8.881716326
8.65134	0.003570028	8.881716326
8.64428	0.003570028	8.881716326
8.64061	0.003570028	8.881716326
8.64097	0.003570028	8.881716326
8.64183	0.003570028	8.881716326
8.640080000000001	0.003570028	8.881716326
8.637839999999999	0.003570028	8.881716326
8.63834	0.003570028	8.881716326
8.638739999999999	0.003570028	8.881716326
8.63542	0.003570028	8.881716326
8.633189999999999	0.003570028	8.881716326
8.63119	0.003570028	8.881716326
8.63058	0.003570028	8.881716326
8.63012	0.003570028	8.881716326
8.626330000000001	0.003570028	8.881716326
8.62125	0.003570028	8.881716326
8.61745	0.003570028	8.881716326
8.613480000000001	0.003570028	8.881716326
8.61185	0.003570028	8.881716326
8.61173	0.003570028	8.881716326
8.60915	0.003570028	8.881716326
8.60321	0.003570028	8.881716326
8.60161	0.003570028	8.881716326
8.60335	0.003570028	8.881716326
8.60367	0.003570028	8.881716326
8.603019999999999	0.003570028	8.881716326
8.599310000000001	0.003570028	8.881716326
8.59479	0.003570028	8.881716326
8.59067	0.003570028	8.881716326
8.58525	0.003570028	8.881716326
8.57846	0.003570028	8.881716326
8.57125	0.003570028	8.881716326
8.56189	0.003570028	8.881716326
8.55552	0.003570028	8.881716326
8.545169999999999	0.003570028	8.881716326
8.53738	0.003570028	8.881716326
8.53181	0.003570028	8.881716326
8.52544	0.003570028	8.881716326
8.52104	0.003570028	8.881716326
8.516160000000001	0.003570028	8.881716326
8.510010000000001	0.003570028	8.881716326
8.50483	0.003570028	8.881716326
8.50082	0.003570028	8.881716326
8.49583	0.003570028	8.881716326
8.48901	0.003570028	8.881716326
8.48118	0.003570028	8.881716326
8.47756	0.003570028	8.881716326
8.475019999999999	0.003570028	8.881716326
8.4699	0.003570028	8.881716326
8.46385	0.003570028	8.881716326
8.458969999999999	0.003570028	8.881716326
8.4549	0.003570028	8.881716326
8.45343	0.003570028	8.881716326
8.45541	0.003570028	8.881716326
8.45668	0.003570028	8.881716326
8.459439999999999	0.003570028	8.881716326
8.45964	0.003570028	8.881716326
8.46049	0.003570028	8.881716326
8.46465	0.003570028	8.881716326
8.470310000000001	0.003570028	8.881716326
8.47277	0.003570028	8.881716326
8.47534	0.003570028	8.881716326
8.47719	0.003570028	8.881716326
8.47927	0.003570028	8.881716326
8.478530000000001	0.003570028	8.881716326
8.473980000000001	0.003570028	8.881716326
8.47043	0.003570028	8.881716326
8.46975	0.003570028	8.881716326
8.46919	0.003570028	8.881716326
8.46671	0.003570028	8.881716326
8.46263	0.003570028	8.881716326
8.45772	0.003570028	8.881716326
8.45222	0.003570028	8.881716326
8.449580000000001	0.003570028	8.881716326
8.44632	0.003570028	8.881716326
8.442089999999999	0.003570028	8.881716326
