6.03414	0.000892507	6.047126009
6.03699	0.000892507	6.047126009
6.04057	0.000892507	6.047126009
6.04306	0.000892507	6.047126009
6.04405	0.000892507	6.047126009
6.05	0.000892507	6.047126009
6.0589699999999995	0.000892507	6.047126009
6.06379	0.000892507	6.047126009
6.06993	0.000892507	6.047126009
6.07759	0.000892507	6.047126009
6.08507	0.000892507	6.047126009
6.09138	0.000892507	6.047126009
6.09866	0.000892507	6.047126009
6.105980000000001	0.000892507	6.047126009
6.11292	0.000892507	6.047126009
6.11549	0.000892507	6.047126009
6.12045	0.000892507	6.047126009
6.12153	0.000892507	6.047126009
6.12322	0.000892507	6.047126009
6.12694	0.000892507	6.047126009
6.1327300000000005	0.000892507	6.047126009
6.13908	0.000892507	6.047126009
6.14452	0.000892507	6.047126009
6.14963	0.000892507	6.047126009
6.155930000000001	0.000892507	6.047126009
6.161490000000001	0.000892507	6.047126009
6.16794	0.000892507	6.047126009
6.171	0.000892507	6.047126009
6.17318	0.000892507	6.047126009
6.17628	0.000892507	6.047126009
6.18124	0.000892507	6.047126009
6.18494	0.000892507	6.047126009
6.1872300000000005	0.000892507	6.047126009
6.18813	0.000892507	6.047126009
6.190180000000001	0.000892507	6.047126009
6.1875	0.000892507	6.047126009
6.18546	0.000892507	6.047126009
6.18801	0.000892507	6.047126009
6.19224	0.000892507	6.047126009
6.19411	0.000892507	6.047126009
6.19494	0.000892507	6.047126009
6.195130000000001	0.000892507	6.047126009
6.19449	0.000892507	6.047126009
6.1965	0.000892507	6.047126009
6.19806	0.000892507	6.047126009
6.19652	0.000892507	6.047126009
6.19287	0.000892507	6.047126009
6.19116	0.000892507	6.047126009
6.19086	0.000892507	6.047126009
6.19495	0.000892507	6.047126009
6.1978800000000005	0.000892507	6.047126009
6.198169999999999	0.000892507	6.047126009
6.19761	0.000892507	6.047126009
6.19548	0.000892507	6.047126009
6.19381	0.000892507	6.047126009
6.19241	0.000892507	6.047126009
6.19488	0.000892507	6.047126009
6.19902	0.000892507	6.047126009
6.2038400000000005	0.000892507	6.047126009
6.20781	0.000892507	6.047126009
6.21333	0.000892507	6.047126009
6.21672	0.000892507	6.047126009
6.223330000000001	0.000892507	6.047126009
6.2259400000000005	0.000892507	6.047126009
6.22513	0.000892507	6.047126009
6.224880000000001	0.000892507	6.047126009
6.22492	0.000892507	6.047126009
6.228280000000001	0.000892507	6.047126009
6.231669999999999	0.000892507	6.047126009
6.23595	0.000892507	6.047126009
6.24201	0.000892507	6.047126009
6.2468900000000005	0.000892507	6.047126009
6.25285	0.000892507	6.047126009
6.25931	0.000892507	6.047126009
6.26818	0.000892507	6.047126009
6.2737099999999995	0.000892507	6.047126009
6.27771	0.000892507	6.047126009
6.27971	0.000892507	6.047126009
6.28238	0.000892507	6.047126009
6.2862599999999995	0.000892507	6.047126009
6.28969	0.000892507	6.047126009
6.28974	0.000892507	6.047126009
6.29174	0.000892507	6.047126009
6.29127	0.000892507	6.047126009
6.29009	0.000892507	6.047126009
6.2883	0.000892507	6.047126009
6.28646	0.000892507	6.047126009
6.28316	0.000892507	6.047126009
6.28333	0.000892507	6.047126009
6.28415	0.000892507	6.047126009
6.2851300000000005	0.000892507	6.047126009
6.28724	0.000892507	6.047126009
6.290769999999999	0.000892507	6.047126009
6.29122	0.000892507	6.047126009
6.28998	0.000892507	6.047126009
6.289630000000001	0.000892507	6.047126009
6.2898	0.000892507	6.047126009
6.2887	0.000892507	6.047126009
6.28837	0.000892507	6.047126009
6.28647	0.000892507	6.047126009
6.28447	0.000892507	6.047126009
6.28498	0.000892507	6.047126009
6.28554	0.000892507	6.047126009
6.28527	0.000892507	6.047126009
6.28116	0.000892507	6.047126009
6.27894	0.000892507	6.047126009
6.27976	0.000892507	6.047126009
6.28031	0.000892507	6.047126009
6.28023	0.000892507	6.047126009
6.2807699999999995	0.000892507	6.047126009
6.284330000000001	0.000892507	6.047126009
6.2878099999999995	0.000892507	6.047126009
6.29142	0.000892507	6.047126009
6.2969800000000005	0.000892507	6.047126009
6.29974	0.000892507	6.047126009
6.302309999999999	0.000892507	6.047126009
6.3028	0.000892507	6.047126009
6.30256	0.000892507	6.047126009
6.30261	0.000892507	6.047126009
6.30391	0.000892507	6.047126009
6.30465	0.000892507	6.047126009
6.30795	0.000892507	6.047126009
6.30757	0.000892507	6.047126009
6.308590000000001	0.000892507	6.047126009
6.308730000000001	0.000892507	6.047126009
6.31076	0.000892507	6.047126009
6.31619	0.000892507	6.047126009
6.32076	0.000892507	6.047126009
6.3282300000000005	0.000892507	6.047126009
6.33718	0.000892507	6.047126009
6.3435	0.000892507	6.047126009
6.349069999999999	0.000892507	6.047126009
6.35555	0.000892507	6.047126009
6.3617	0.000892507	6.047126009
6.36531	0.000892507	6.047126009
6.36854	0.000892507	6.047126009
6.3699	0.000892507	6.047126009
6.37103	0.000892507	6.047126009
6.373880000000001	0.000892507	6.047126009
6.3769	0.000892507	6.047126009
6.37798	0.000892507	6.047126009
6.37681	0.000892507	6.047126009
6.37424	0.000892507	6.047126009
6.37047	0.000892507	6.047126009
6.36465	0.000892507	6.047126009
6.35806	0.000892507	6.047126009
6.35153	0.000892507	6.047126009
6.34468	0.000892507	6.047126009
6.33654	0.000892507	6.047126009
6.3293	0.000892507	6.047126009
6.31999	0.000892507	6.047126009
6.31398	0.000892507	6.047126009
6.3092	0.000892507	6.047126009
6.30045	0.000892507	6.047126009
6.29215	0.000892507	6.047126009
6.28814	0.000892507	6.047126009
6.2823199999999995	0.000892507	6.047126009
6.27688	0.000892507	6.047126009
6.2722	0.000892507	6.047126009
6.26539	0.000892507	6.047126009
6.25784	0.000892507	6.047126009
6.25017	0.000892507	6.047126009
6.24485	0.000892507	6.047126009
6.23663	0.000892507	6.047126009
6.229019999999999	0.000892507	6.047126009
6.22231	0.000892507	6.047126009
6.2158	0.000892507	6.047126009
6.20938	0.000892507	6.047126009
6.20355	0.000892507	6.047126009
6.1955800000000005	0.000892507	6.047126009
6.185169999999999	0.000892507	6.047126009
6.1729	0.000892507	6.047126009
6.15795	0.000892507	6.047126009
6.13933	0.000892507	6.047126009
6.1257	0.000892507	6.047126009
6.11621	0.000892507	6.047126009
6.1085199999999995	0.000892507	6.047126009
6.10332	0.000892507	6.047126009
6.09895	0.000892507	6.047126009
6.09211	0.000892507	6.047126009
6.0855	0.000892507	6.047126009
6.08023	0.000892507	6.047126009
6.07298	0.000892507	6.047126009
6.06604	0.000892507	6.047126009
6.05719	0.000892507	6.047126009
6.04928	0.000892507	6.047126009
6.03823	0.000892507	6.047126009
6.032	0.000892507	6.047126009
6.02878	0.000892507	6.047126009
6.02846	0.000892507	6.047126009
6.02883	0.000892507	6.047126009
6.02747	0.000892507	6.047126009
6.02384	0.000892507	6.047126009
6.02041	0.000892507	6.047126009
6.01644	0.000892507	6.047126009
6.01129	0.000892507	6.047126009
6.00938	0.000892507	6.047126009
6.01066	0.000892507	6.047126009
6.01315	0.000892507	6.047126009
6.01514	0.000892507	6.047126009
6.01591	0.000892507	6.047126009
6.0161	0.000892507	6.047126009
6.0187	0.000892507	6.047126009
6.02251	0.000892507	6.047126009
6.02923	0.000892507	6.047126009
6.03579	0.000892507	6.047126009
6.04247	0.000892507	6.047126009
6.04716	0.000892507	6.047126009
6.05171	0.000892507	6.047126009
6.05527	0.000892507	6.047126009
6.06271	0.000892507	6.047126009
6.06795	0.000892507	6.047126009
6.07167	0.000892507	6.047126009
6.073519999999999	0.000892507	6.047126009
6.07498	0.000892507	6.047126009
6.07755	0.000892507	6.047126009
6.0797	0.000892507	6.047126009
6.08358	0.000892507	6.047126009
6.08896	0.000892507	6.047126009
6.09325	0.000892507	6.047126009
6.09698	0.000892507	6.047126009
6.1029	0.000892507	6.047126009
6.10513	0.000892507	6.047126009
6.10626	0.000892507	6.047126009
6.10596	0.000892507	6.047126009
6.11517	0.000892507	6.047126009
6.12181	0.000892507	6.047126009
6.1298699999999995	0.000892507	6.047126009
6.13258	0.000892507	6.047126009
6.1363	0.000892507	6.047126009
6.13986	0.000892507	6.047126009
6.14136	0.000892507	6.047126009
6.14328	0.000892507	6.047126009
6.14235	0.000892507	6.047126009
6.14274	0.000892507	6.047126009
6.13842	0.000892507	6.047126009
6.13521	0.000892507	6.047126009
6.13133	0.000892507	6.047126009
6.12827	0.000892507	6.047126009
6.12725	0.000892507	6.047126009
6.1287400000000005	0.000892507	6.047126009
6.13101	0.000892507	6.047126009
6.13402	0.000892507	6.047126009
6.137490000000001	0.000892507	6.047126009
6.13847	0.000892507	6.047126009
6.14044	0.000892507	6.047126009
6.14588	0.000892507	6.047126009
6.15008	0.000892507	6.047126009
6.15589	0.000892507	6.047126009
6.1618900000000005	0.000892507	6.047126009
6.16885	0.000892507	6.047126009
6.1761800000000004	0.000892507	6.047126009
6.1816	0.000892507	6.047126009
6.18444	0.000892507	6.047126009
6.1842	0.000892507	6.047126009
6.18281	0.000892507	6.047126009
6.18401	0.000892507	6.047126009
6.18684	0.000892507	6.047126009
6.187469999999999	0.000892507	6.047126009
6.1866900000000005	0.000892507	6.047126009
6.18447	0.000892507	6.047126009
6.18444	0.000892507	6.047126009
6.18308	0.000892507	6.047126009
6.1795599999999995	0.000892507	6.047126009
6.17795	0.000892507	6.047126009
6.17775	0.000892507	6.047126009
6.17764	0.000892507	6.047126009
6.17685	0.000892507	6.047126009
6.17566	0.000892507	6.047126009
6.17628	0.000892507	6.047126009
6.175009999999999	0.000892507	6.047126009
6.17266	0.000892507	6.047126009
6.16925	0.000892507	6.047126009
6.16594	0.000892507	6.047126009
6.16354	0.000892507	6.047126009
6.16005	0.000892507	6.047126009
6.1544	0.000892507	6.047126009
6.1502300000000005	0.000892507	6.047126009
6.14509	0.000892507	6.047126009
6.14302	0.000892507	6.047126009
6.14236	0.000892507	6.047126009
6.142469999999999	0.000892507	6.047126009
6.14479	0.000892507	6.047126009
6.1487099999999995	0.000892507	6.047126009
6.14973	0.000892507	6.047126009
6.14949	0.000892507	6.047126009
6.15034	0.000892507	6.047126009
6.15164	0.000892507	6.047126009
6.15257	0.000892507	6.047126009
6.15537	0.000892507	6.047126009
6.15714	0.000892507	6.047126009
6.15952	0.000892507	6.047126009
6.15977	0.000892507	6.047126009
6.1557900000000005	0.000892507	6.047126009
6.15223	0.000892507	6.047126009
6.14883	0.000892507	6.047126009
6.14312	0.000892507	6.047126009
6.13636	0.000892507	6.047126009
6.12974	0.000892507	6.047126009
6.12136	0.000892507	6.047126009
6.114	0.000892507	6.047126009
6.10726	0.000892507	6.047126009
6.1005199999999995	0.000892507	6.047126009
6.09525	0.000892507	6.047126009
6.0907599999999995	0.000892507	6.047126009
6.08678	0.000892507	6.047126009
6.0819	0.000892507	6.047126009
6.0768699999999995	0.000892507	6.047126009
6.07271	0.000892507	6.047126009
6.07315	0.000892507	6.047126009
6.06872	0.000892507	6.047126009
6.06076	0.000892507	6.047126009
6.05583	0.000892507	6.047126009
6.05124	0.000892507	6.047126009
6.04555	0.000892507	6.047126009
6.0374300000000005	0.000892507	6.047126009
6.03348	0.000892507	6.047126009
6.02974	0.000892507	6.047126009
6.02895	0.000892507	6.047126009
6.0301	0.000892507	6.047126009
6.03172	0.000892507	6.047126009
6.03494	0.000892507	6.047126009
6.0367	0.000892507	6.047126009
6.03793	0.000892507	6.047126009
6.0361400000000005	0.000892507	6.047126009
6.03606	0.000892507	6.047126009
6.03454	0.000892507	6.047126009
6.0312	0.000892507	6.047126009
6.02811	0.000892507	6.047126009
6.02471	0.000892507	6.047126009
6.02192	0.000892507	6.047126009
6.01932	0.000892507	6.047126009
6.0149	0.000892507	6.047126009
6.01013	0.000892507	6.047126009
6.00539	0.000892507	6.047126009
5.99948	0.000892507	6.047126009
5.99641	0.000892507	6.047126009
5.99214	0.000892507	6.047126009
5.98646	0.000892507	6.047126009
5.97863	0.000892507	6.047126009
5.97162	0.000892507	6.047126009
5.96625	0.000892507	6.047126009
5.9623800000000005	0.000892507	6.047126009
5.96143	0.000892507	6.047126009
5.96009	0.000892507	6.047126009
5.9587	0.000892507	6.047126009
5.95951	0.000892507	6.047126009
5.961069999999999	0.000892507	6.047126009
5.9608	0.000892507	6.047126009
5.9576400000000005	0.000892507	6.047126009
5.9570099999999995	0.000892507	6.047126009
5.95629	0.000892507	6.047126009
5.95435	0.000892507	6.047126009
5.95125	0.000892507	6.047126009
5.95159	0.000892507	6.047126009
5.95255	0.000892507	6.047126009
5.951	0.000892507	6.047126009
5.94813	0.000892507	6.047126009
5.94383	0.000892507	6.047126009
5.94105	0.000892507	6.047126009
5.94094	0.000892507	6.047126009
5.9393199999999995	0.000892507	6.047126009
5.939030000000001	0.000892507	6.047126009
5.9399	0.000892507	6.047126009
5.94254	0.000892507	6.047126009
5.94724	0.000892507	6.047126009
5.9522	0.000892507	6.047126009
5.95679	0.000892507	6.047126009
5.96131	0.000892507	6.047126009
5.96474	0.000892507	6.047126009
5.9717199999999995	0.000892507	6.047126009
5.97799	0.000892507	6.047126009
5.98265	0.000892507	6.047126009
5.98717	0.000892507	6.047126009
5.98637	0.000892507	6.047126009
5.98864	0.000892507	6.047126009
5.99155	0.000892507	6.047126009
5.99582	0.000892507	6.047126009
5.998469999999999	0.000892507	6.047126009
5.99711	0.000892507	6.047126009
5.994669999999999	0.000892507	6.047126009
5.99054	0.000892507	6.047126009
5.98907	0.000892507	6.047126009
5.9894300000000005	0.000892507	6.047126009
5.9909099999999995	0.000892507	6.047126009
5.992290000000001	0.000892507	6.047126009
5.99302	0.000892507	6.047126009
5.99487	0.000892507	6.047126009
5.99593	0.000892507	6.047126009
5.9966	0.000892507	6.047126009
5.99726	0.000892507	6.047126009
5.99569	0.000892507	6.047126009
5.99108	0.000892507	6.047126009
5.98524	0.000892507	6.047126009
5.97915	0.000892507	6.047126009
5.97193	0.000892507	6.047126009
5.96575	0.000892507	6.047126009
5.95758	0.000892507	6.047126009
5.9520800000000005	0.000892507	6.047126009
5.94586	0.000892507	6.047126009
5.93982	0.000892507	6.047126009
5.9337	0.000892507	6.047126009
5.92799	0.000892507	6.047126009
5.92494	0.000892507	6.047126009
5.91965	0.000892507	6.047126009
5.91221	0.000892507	6.047126009
5.90575	0.000892507	6.047126009
5.8981	0.000892507	6.047126009
5.89331	0.000892507	6.047126009
5.89058	0.000892507	6.047126009
5.88542	0.000892507	6.047126009
5.87846	0.000892507	6.047126009
5.872	0.000892507	6.047126009
5.865130000000001	0.000892507	6.047126009
5.85911	0.000892507	6.047126009
5.853940000000001	0.000892507	6.047126009
5.84549	0.000892507	6.047126009
5.83754	0.000892507	6.047126009
5.8314900000000005	0.000892507	6.047126009
5.82776	0.000892507	6.047126009
5.82333	0.000892507	6.047126009
5.82108	0.000892507	6.047126009
5.8168	0.000892507	6.047126009
5.81056	0.000892507	6.047126009
5.80543	0.000892507	6.047126009
5.79892	0.000892507	6.047126009
5.79389	0.000892507	6.047126009
5.78796	0.000892507	6.047126009
5.7851	0.000892507	6.047126009
5.78389	0.000892507	6.047126009
5.77948	0.000892507	6.047126009
5.78078	0.000892507	6.047126009
5.77935	0.000892507	6.047126009
5.7773900000000005	0.000892507	6.047126009
5.7721	0.000892507	6.047126009
5.7670699999999995	0.000892507	6.047126009
5.7624699999999995	0.000892507	6.047126009
5.75853	0.000892507	6.047126009
5.75926	0.000892507	6.047126009
5.7590699999999995	0.000892507	6.047126009
5.7592	0.000892507	6.047126009
5.7583400000000005	0.000892507	6.047126009
5.75805	0.000892507	6.047126009
5.75777	0.000892507	6.047126009
5.75882	0.000892507	6.047126009
5.75919	0.000892507	6.047126009
5.75955	0.000892507	6.047126009
5.75871	0.000892507	6.047126009
5.75966	0.000892507	6.047126009
5.76112	0.000892507	6.047126009
5.76307	0.000892507	6.047126009
5.76574	0.000892507	6.047126009
5.76812	0.000892507	6.047126009
5.76933	0.000892507	6.047126009
5.77111	0.000892507	6.047126009
5.77126	0.000892507	6.047126009
5.7720400000000005	0.000892507	6.047126009
5.77311	0.000892507	6.047126009
5.7746	0.000892507	6.047126009
5.773219999999999	0.000892507	6.047126009
5.771719999999999	0.000892507	6.047126009
5.77082	0.000892507	6.047126009
5.77157	0.000892507	6.047126009
5.77201	0.000892507	6.047126009
5.76846	0.000892507	6.047126009
5.76587	0.000892507	6.047126009
5.7622599999999995	0.000892507	6.047126009
5.76075	0.000892507	6.047126009
5.75608	0.000892507	6.047126009
5.749619999999999	0.000892507	6.047126009
5.74447	0.000892507	6.047126009
5.7402	0.000892507	6.047126009
5.74115	0.000892507	6.047126009
5.7422	0.000892507	6.047126009
5.7439599999999995	0.000892507	6.047126009
5.74406	0.000892507	6.047126009
5.74521	0.000892507	6.047126009
5.74785	0.000892507	6.047126009
5.75211	0.000892507	6.047126009
5.7571	0.000892507	6.047126009
5.7611099999999995	0.000892507	6.047126009
5.76671	0.000892507	6.047126009
5.7731699999999995	0.000892507	6.047126009
5.7805800000000005	0.000892507	6.047126009
5.78661	0.000892507	6.047126009
5.793	0.000892507	6.047126009
5.80208	0.000892507	6.047126009
5.80609	0.000892507	6.047126009
5.81013	0.000892507	6.047126009
5.81409	0.000892507	6.047126009
5.81355	0.000892507	6.047126009
5.81374	0.000892507	6.047126009
5.81646	0.000892507	6.047126009
5.81649	0.000892507	6.047126009
5.8151	0.000892507	6.047126009
5.81776	0.000892507	6.047126009
5.8196	0.000892507	6.047126009
5.82209	0.000892507	6.047126009
5.82569	0.000892507	6.047126009
5.82758	0.000892507	6.047126009
5.8276	0.000892507	6.047126009
5.82449	0.000892507	6.047126009
5.825480000000001	0.000892507	6.047126009
5.82599	0.000892507	6.047126009
5.82921	0.000892507	6.047126009
5.83331	0.000892507	6.047126009
5.83746	0.000892507	6.047126009
5.84094	0.000892507	6.047126009
5.84334	0.000892507	6.047126009
5.84655	0.000892507	6.047126009
5.85307	0.000892507	6.047126009
5.86079	0.000892507	6.047126009
5.86522	0.000892507	6.047126009
5.86822	0.000892507	6.047126009
5.868469999999999	0.000892507	6.047126009
5.86963	0.000892507	6.047126009
5.87204	0.000892507	6.047126009
5.87752	0.000892507	6.047126009
5.87821	0.000892507	6.047126009
5.877	0.000892507	6.047126009
5.87847	0.000892507	6.047126009
5.8794	0.000892507	6.047126009
5.88136	0.000892507	6.047126009
5.881419999999999	0.000892507	6.047126009
5.88135	0.000892507	6.047126009
5.87911	0.000892507	6.047126009
5.87782	0.000892507	6.047126009
5.87637	0.000892507	6.047126009
5.87986	0.000892507	6.047126009
5.886830000000001	0.000892507	6.047126009
5.89037	0.000892507	6.047126009
5.89043	0.000892507	6.047126009
5.88676	0.000892507	6.047126009
5.8852	0.000892507	6.047126009
5.88401	0.000892507	6.047126009
5.88501	0.000892507	6.047126009
5.88313	0.000892507	6.047126009
5.88224	0.000892507	6.047126009
5.8863	0.000892507	6.047126009
5.89233	0.000892507	6.047126009
5.89508	0.000892507	6.047126009
5.89535	0.000892507	6.047126009
5.89422	0.000892507	6.047126009
5.89612	0.000892507	6.047126009
5.90074	0.000892507	6.047126009
5.90487	0.000892507	6.047126009
5.91	0.000892507	6.047126009
5.91411	0.000892507	6.047126009
5.91975	0.000892507	6.047126009
5.92425	0.000892507	6.047126009
5.92915	0.000892507	6.047126009
5.93555	0.000892507	6.047126009
5.94191	0.000892507	6.047126009
5.94526	0.000892507	6.047126009
5.950819999999999	0.000892507	6.047126009
5.95432	0.000892507	6.047126009
5.95955	0.000892507	6.047126009
5.9657	0.000892507	6.047126009
5.9730099999999995	0.000892507	6.047126009
5.979369999999999	0.000892507	6.047126009
5.98395	0.000892507	6.047126009
5.9871	0.000892507	6.047126009
5.990069999999999	0.000892507	6.047126009
5.98961	0.000892507	6.047126009
5.98738	0.000892507	6.047126009
5.98462	0.000892507	6.047126009
5.9823	0.000892507	6.047126009
5.98168	0.000892507	6.047126009
5.98106	0.000892507	6.047126009
5.98146	0.000892507	6.047126009
5.98285	0.000892507	6.047126009
5.98274	0.000892507	6.047126009
5.98583	0.000892507	6.047126009
5.9886	0.000892507	6.047126009
5.98879	0.000892507	6.047126009
5.99219	0.000892507	6.047126009
5.99535	0.000892507	6.047126009
5.99567	0.000892507	6.047126009
5.99712	0.000892507	6.047126009
5.99785	0.000892507	6.047126009
5.99823	0.000892507	6.047126009
5.99817	0.000892507	6.047126009
5.99791	0.000892507	6.047126009
5.99737	0.000892507	6.047126009
5.99723	0.000892507	6.047126009
5.9985599999999994	0.000892507	6.047126009
6.00253	0.000892507	6.047126009
6.005330000000001	0.000892507	6.047126009
6.0035	0.000892507	6.047126009
6.00368	0.000892507	6.047126009
6.00654	0.000892507	6.047126009
6.0068	0.000892507	6.047126009
6.00897	0.000892507	6.047126009
6.00897	0.000892507	6.047126009
6.01307	0.000892507	6.047126009
6.01553	0.000892507	6.047126009
6.01642	0.000892507	6.047126009
6.015280000000001	0.000892507	6.047126009
6.01264	0.000892507	6.047126009
6.01227	0.000892507	6.047126009
6.01215	0.000892507	6.047126009
6.01409	0.000892507	6.047126009
6.01411	0.000892507	6.047126009
6.0159	0.000892507	6.047126009
6.01546	0.000892507	6.047126009
6.01253	0.000892507	6.047126009
6.00928	0.000892507	6.047126009
6.00561	0.000892507	6.047126009
6.00001	0.000892507	6.047126009
5.99927	0.000892507	6.047126009
5.99905	0.000892507	6.047126009
6.0001	0.000892507	6.047126009
6.00098	0.000892507	6.047126009
6.00062	0.000892507	6.047126009
6.00073	0.000892507	6.047126009
5.99936	0.000892507	6.047126009
5.99667	0.000892507	6.047126009
5.99432	0.000892507	6.047126009
5.991969999999999	0.000892507	6.047126009
5.9939	0.000892507	6.047126009
5.99832	0.000892507	6.047126009
6.00493	0.000892507	6.047126009
6.00765	0.000892507	6.047126009
6.011819999999999	0.000892507	6.047126009
6.0179599999999995	0.000892507	6.047126009
6.02537	0.000892507	6.047126009
6.02796	0.000892507	6.047126009
6.030390000000001	0.000892507	6.047126009
6.02999	0.000892507	6.047126009
6.028630000000001	0.000892507	6.047126009
6.030530000000001	0.000892507	6.047126009
6.03186	0.000892507	6.047126009
6.0346400000000004	0.000892507	6.047126009
6.03635	0.000892507	6.047126009
6.03934	0.000892507	6.047126009
6.04265	0.000892507	6.047126009
6.04424	0.000892507	6.047126009
6.04387	0.000892507	6.047126009
6.04215	0.000892507	6.047126009
6.0399	0.000892507	6.047126009
6.03372	0.000892507	6.047126009
6.02853	0.000892507	6.047126009
6.02283	0.000892507	6.047126009
6.01512	0.000892507	6.047126009
6.00448	0.000892507	6.047126009
5.99317	0.000892507	6.047126009
5.9846	0.000892507	6.047126009
5.97055	0.000892507	6.047126009
5.95413	0.000892507	6.047126009
5.93955	0.000892507	6.047126009
5.9261099999999995	0.000892507	6.047126009
5.91146	0.000892507	6.047126009
5.89951	0.000892507	6.047126009
5.88638	0.000892507	6.047126009
5.8689599999999995	0.000892507	6.047126009
5.85578	0.000892507	6.047126009
5.84584	0.000892507	6.047126009
5.83966	0.000892507	6.047126009
5.83274	0.000892507	6.047126009
5.82615	0.000892507	6.047126009
5.82011	0.000892507	6.047126009
5.8105	0.000892507	6.047126009
5.79903	0.000892507	6.047126009
5.79168	0.000892507	6.047126009
5.78632	0.000892507	6.047126009
5.7805800000000005	0.000892507	6.047126009
5.77632	0.000892507	6.047126009
5.77284	0.000892507	6.047126009
5.773630000000001	0.000892507	6.047126009
5.77686	0.000892507	6.047126009
5.77936	0.000892507	6.047126009
5.7781400000000005	0.000892507	6.047126009
5.776619999999999	0.000892507	6.047126009
5.77689	0.000892507	6.047126009
5.77822	0.000892507	6.047126009
5.77968	0.000892507	6.047126009
5.78282	0.000892507	6.047126009
5.7897	0.000892507	6.047126009
5.79209	0.000892507	6.047126009
5.79459	0.000892507	6.047126009
5.7949	0.000892507	6.047126009
5.796530000000001	0.000892507	6.047126009
5.7984800000000005	0.000892507	6.047126009
5.80534	0.000892507	6.047126009
5.81161	0.000892507	6.047126009
5.81766	0.000892507	6.047126009
5.82377	0.000892507	6.047126009
5.82752	0.000892507	6.047126009
5.8322400000000005	0.000892507	6.047126009
5.83723	0.000892507	6.047126009
5.84074	0.000892507	6.047126009
5.84173	0.000892507	6.047126009
5.843380000000001	0.000892507	6.047126009
5.84733	0.000892507	6.047126009
5.851780000000001	0.000892507	6.047126009
5.8532	0.000892507	6.047126009
5.85227	0.000892507	6.047126009
5.85192	0.000892507	6.047126009
5.85179	0.000892507	6.047126009
5.85147	0.000892507	6.047126009
5.85049	0.000892507	6.047126009
5.85007	0.000892507	6.047126009
5.854030000000001	0.000892507	6.047126009
5.85649	0.000892507	6.047126009
5.86327	0.000892507	6.047126009
5.86456	0.000892507	6.047126009
5.869619999999999	0.000892507	6.047126009
5.87258	0.000892507	6.047126009
5.87616	0.000892507	6.047126009
5.88404	0.000892507	6.047126009
5.8945300000000005	0.000892507	6.047126009
5.90675	0.000892507	6.047126009
5.91948	0.000892507	6.047126009
5.932259999999999	0.000892507	6.047126009
5.94356	0.000892507	6.047126009
5.95324	0.000892507	6.047126009
5.96152	0.000892507	6.047126009
5.96922	0.000892507	6.047126009
5.9762900000000005	0.000892507	6.047126009
5.98086	0.000892507	6.047126009
5.98606	0.000892507	6.047126009
5.99231	0.000892507	6.047126009
5.99383	0.000892507	6.047126009
5.99607	0.000892507	6.047126009
6.00139	0.000892507	6.047126009
6.0063699999999995	0.000892507	6.047126009
6.00995	0.000892507	6.047126009
6.01201	0.000892507	6.047126009
6.0178	0.000892507	6.047126009
6.0214300000000005	0.000892507	6.047126009
6.02736	0.000892507	6.047126009
6.03383	0.000892507	6.047126009
6.040430000000001	0.000892507	6.047126009
6.04609	0.000892507	6.047126009
6.04729	0.000892507	6.047126009
6.0463	0.000892507	6.047126009
6.0437199999999995	0.000892507	6.047126009
6.04054	0.000892507	6.047126009
6.03857	0.000892507	6.047126009
6.0404	0.000892507	6.047126009
6.041	0.000892507	6.047126009
6.04246	0.000892507	6.047126009
6.04361	0.000892507	6.047126009
6.04217	0.000892507	6.047126009
6.038959999999999	0.000892507	6.047126009
6.03826	0.000892507	6.047126009
6.03594	0.000892507	6.047126009
6.03375	0.000892507	6.047126009
6.0298	0.000892507	6.047126009
6.0241	0.000892507	6.047126009
6.0239199999999995	0.000892507	6.047126009
6.0235	0.000892507	6.047126009
6.0227900000000005	0.000892507	6.047126009
6.01912	0.000892507	6.047126009
6.01433	0.000892507	6.047126009
6.00866	0.000892507	6.047126009
6.00188	0.000892507	6.047126009
5.998480000000001	0.000892507	6.047126009
5.9956	0.000892507	6.047126009
5.99518	0.000892507	6.047126009
5.99613	0.000892507	6.047126009
5.99832	0.000892507	6.047126009
5.99805	0.000892507	6.047126009
5.99755	0.000892507	6.047126009
5.99584	0.000892507	6.047126009
5.98971	0.000892507	6.047126009
5.98682	0.000892507	6.047126009
5.98285	0.000892507	6.047126009
