4.72411	0.000892507	5.10226257
4.72945	0.000892507	5.10226257
4.73601	0.000892507	5.10226257
4.740419999999999	0.000892507	5.10226257
4.742719999999999	0.000892507	5.10226257
4.743869999999999	0.000892507	5.10226257
4.74439	0.000892507	5.10226257
4.74485	0.000892507	5.10226257
4.744330000000001	0.000892507	5.10226257
4.743519999999999	0.000892507	5.10226257
4.7425	0.000892507	5.10226257
4.73958	0.000892507	5.10226257
4.73655	0.000892507	5.10226257
4.73349	0.000892507	5.10226257
4.72971	0.000892507	5.10226257
4.7234	0.000892507	5.10226257
4.719	0.000892507	5.10226257
4.71275	0.000892507	5.10226257
4.70859	0.000892507	5.10226257
4.70526	0.000892507	5.10226257
4.69868	0.000892507	5.10226257
4.69166	0.000892507	5.10226257
4.68582	0.000892507	5.10226257
4.68127	0.000892507	5.10226257
4.67431	0.000892507	5.10226257
4.6653199999999995	0.000892507	5.10226257
4.65774	0.000892507	5.10226257
4.65207	0.000892507	5.10226257
4.64404	0.000892507	5.10226257
4.63709	0.000892507	5.10226257
4.6305	0.000892507	5.10226257
4.62395	0.000892507	5.10226257
4.61765	0.000892507	5.10226257
4.6142900000000004	0.000892507	5.10226257
4.6102	0.000892507	5.10226257
4.60692	0.000892507	5.10226257
4.6028400000000005	0.000892507	5.10226257
4.59698	0.000892507	5.10226257
4.59473	0.000892507	5.10226257
4.59002	0.000892507	5.10226257
4.58512	0.000892507	5.10226257
4.58445	0.000892507	5.10226257
4.58383	0.000892507	5.10226257
4.5833699999999995	0.000892507	5.10226257
4.58597	0.000892507	5.10226257
4.58866	0.000892507	5.10226257
4.59048	0.000892507	5.10226257
4.5888800000000005	0.000892507	5.10226257
4.58636	0.000892507	5.10226257
4.58404	0.000892507	5.10226257
4.58172	0.000892507	5.10226257
4.57672	0.000892507	5.10226257
4.57407	0.000892507	5.10226257
4.5705800000000005	0.000892507	5.10226257
4.56745	0.000892507	5.10226257
4.5624400000000005	0.000892507	5.10226257
4.5580300000000005	0.000892507	5.10226257
4.55293	0.000892507	5.10226257
4.545380000000001	0.000892507	5.10226257
4.53645	0.000892507	5.10226257
4.52765	0.000892507	5.10226257
4.5197400000000005	0.000892507	5.10226257
4.514480000000001	0.000892507	5.10226257
4.50795	0.000892507	5.10226257
4.5035	0.000892507	5.10226257
4.49969	0.000892507	5.10226257
4.497719999999999	0.000892507	5.10226257
4.49341	0.000892507	5.10226257
4.48827	0.000892507	5.10226257
4.48225	0.000892507	5.10226257
4.477930000000001	0.000892507	5.10226257
4.47281	0.000892507	5.10226257
4.46992	0.000892507	5.10226257
4.46382	0.000892507	5.10226257
4.46059	0.000892507	5.10226257
4.45625	0.000892507	5.10226257
4.45363	0.000892507	5.10226257
4.45055	0.000892507	5.10226257
4.44639	0.000892507	5.10226257
4.4444	0.000892507	5.10226257
4.4468	0.000892507	5.10226257
4.45308	0.000892507	5.10226257
4.45644	0.000892507	5.10226257
4.45902	0.000892507	5.10226257
4.461069999999999	0.000892507	5.10226257
4.46007	0.000892507	5.10226257
4.46205	0.000892507	5.10226257
4.464840000000001	0.000892507	5.10226257
4.46581	0.000892507	5.10226257
4.46685	0.000892507	5.10226257
4.46769	0.000892507	5.10226257
4.46673	0.000892507	5.10226257
4.46628	0.000892507	5.10226257
4.46593	0.000892507	5.10226257
4.46694	0.000892507	5.10226257
4.46769	0.000892507	5.10226257
4.46779	0.000892507	5.10226257
4.46665	0.000892507	5.10226257
4.46349	0.000892507	5.10226257
4.45869	0.000892507	5.10226257
4.45685	0.000892507	5.10226257
4.45148	0.000892507	5.10226257
4.44637	0.000892507	5.10226257
4.4423900000000005	0.000892507	5.10226257
4.4374400000000005	0.000892507	5.10226257
4.4345099999999995	0.000892507	5.10226257
4.43041	0.000892507	5.10226257
4.42765	0.000892507	5.10226257
4.42796	0.000892507	5.10226257
4.4271	0.000892507	5.10226257
4.42506	0.000892507	5.10226257
4.42381	0.000892507	5.10226257
4.41937	0.000892507	5.10226257
4.41308	0.000892507	5.10226257
4.40841	0.000892507	5.10226257
4.40422	0.000892507	5.10226257
4.397530000000001	0.000892507	5.10226257
4.388380000000001	0.000892507	5.10226257
4.38129	0.000892507	5.10226257
4.37078	0.000892507	5.10226257
4.35658	0.000892507	5.10226257
4.34514	0.000892507	5.10226257
4.334919999999999	0.000892507	5.10226257
4.32707	0.000892507	5.10226257
4.31961	0.000892507	5.10226257
4.3147	0.000892507	5.10226257
4.309819999999999	0.000892507	5.10226257
4.30379	0.000892507	5.10226257
4.29856	0.000892507	5.10226257
4.29282	0.000892507	5.10226257
4.28641	0.000892507	5.10226257
4.2824	0.000892507	5.10226257
4.27722	0.000892507	5.10226257
4.27595	0.000892507	5.10226257
4.27374	0.000892507	5.10226257
4.27546	0.000892507	5.10226257
4.27706	0.000892507	5.10226257
4.281280000000001	0.000892507	5.10226257
4.28547	0.000892507	5.10226257
4.28707	0.000892507	5.10226257
4.28884	0.000892507	5.10226257
4.29001	0.000892507	5.10226257
4.29256	0.000892507	5.10226257
4.29664	0.000892507	5.10226257
4.3008	0.000892507	5.10226257
4.30839	0.000892507	5.10226257
4.31354	0.000892507	5.10226257
4.3217300000000005	0.000892507	5.10226257
4.33179	0.000892507	5.10226257
4.34477	0.000892507	5.10226257
4.35581	0.000892507	5.10226257
4.366969999999999	0.000892507	5.10226257
4.37892	0.000892507	5.10226257
4.38927	0.000892507	5.10226257
4.39805	0.000892507	5.10226257
4.40912	0.000892507	5.10226257
4.41977	0.000892507	5.10226257
4.42622	0.000892507	5.10226257
4.4336	0.000892507	5.10226257
4.43701	0.000892507	5.10226257
4.43984	0.000892507	5.10226257
4.44035	0.000892507	5.10226257
4.43975	0.000892507	5.10226257
4.44112	0.000892507	5.10226257
4.44179	0.000892507	5.10226257
4.443230000000001	0.000892507	5.10226257
4.44601	0.000892507	5.10226257
4.45025	0.000892507	5.10226257
4.45666	0.000892507	5.10226257
4.46504	0.000892507	5.10226257
4.4718	0.000892507	5.10226257
4.47936	0.000892507	5.10226257
4.48669	0.000892507	5.10226257
4.49519	0.000892507	5.10226257
4.50354	0.000892507	5.10226257
4.51207	0.000892507	5.10226257
4.52177	0.000892507	5.10226257
4.52754	0.000892507	5.10226257
4.53581	0.000892507	5.10226257
4.54315	0.000892507	5.10226257
4.54853	0.000892507	5.10226257
4.5561300000000005	0.000892507	5.10226257
4.56391	0.000892507	5.10226257
4.57207	0.000892507	5.10226257
4.58009	0.000892507	5.10226257
4.58639	0.000892507	5.10226257
4.59019	0.000892507	5.10226257
4.59015	0.000892507	5.10226257
4.59056	0.000892507	5.10226257
4.5911599999999995	0.000892507	5.10226257
4.58951	0.000892507	5.10226257
4.58614	0.000892507	5.10226257
4.57889	0.000892507	5.10226257
4.57199	0.000892507	5.10226257
4.564369999999999	0.000892507	5.10226257
4.56326	0.000892507	5.10226257
4.56505	0.000892507	5.10226257
4.564690000000001	0.000892507	5.10226257
4.56485	0.000892507	5.10226257
4.56686	0.000892507	5.10226257
4.56757	0.000892507	5.10226257
4.56811	0.000892507	5.10226257
4.57032	0.000892507	5.10226257
4.57081	0.000892507	5.10226257
4.56993	0.000892507	5.10226257
4.570130000000001	0.000892507	5.10226257
4.5675	0.000892507	5.10226257
4.56245	0.000892507	5.10226257
4.55825	0.000892507	5.10226257
4.5551	0.000892507	5.10226257
4.54979	0.000892507	5.10226257
4.54966	0.000892507	5.10226257
4.54725	0.000892507	5.10226257
4.54422	0.000892507	5.10226257
4.54099	0.000892507	5.10226257
4.53596	0.000892507	5.10226257
4.53072	0.000892507	5.10226257
4.52954	0.000892507	5.10226257
4.52614	0.000892507	5.10226257
4.5189699999999995	0.000892507	5.10226257
4.51492	0.000892507	5.10226257
4.50911	0.000892507	5.10226257
4.50675	0.000892507	5.10226257
4.50668	0.000892507	5.10226257
4.5057599999999995	0.000892507	5.10226257
4.50759	0.000892507	5.10226257
4.51011	0.000892507	5.10226257
4.51467	0.000892507	5.10226257
4.51882	0.000892507	5.10226257
4.52119	0.000892507	5.10226257
4.52308	0.000892507	5.10226257
4.52412	0.000892507	5.10226257
4.5303	0.000892507	5.10226257
4.53711	0.000892507	5.10226257
4.54566	0.000892507	5.10226257
4.55313	0.000892507	5.10226257
4.56024	0.000892507	5.10226257
4.5668	0.000892507	5.10226257
4.57132	0.000892507	5.10226257
4.57562	0.000892507	5.10226257
4.58079	0.000892507	5.10226257
4.58723	0.000892507	5.10226257
4.59457	0.000892507	5.10226257
4.60156	0.000892507	5.10226257
4.60726	0.000892507	5.10226257
4.612369999999999	0.000892507	5.10226257
4.61947	0.000892507	5.10226257
4.62616	0.000892507	5.10226257
4.6323300000000005	0.000892507	5.10226257
4.63863	0.000892507	5.10226257
4.64674	0.000892507	5.10226257
4.653919999999999	0.000892507	5.10226257
4.66025	0.000892507	5.10226257
4.66713	0.000892507	5.10226257
4.67514	0.000892507	5.10226257
4.6830300000000005	0.000892507	5.10226257
4.69129	0.000892507	5.10226257
4.7004	0.000892507	5.10226257
4.70775	0.000892507	5.10226257
4.71658	0.000892507	5.10226257
4.72653	0.000892507	5.10226257
4.7359	0.000892507	5.10226257
4.74728	0.000892507	5.10226257
4.75835	0.000892507	5.10226257
4.76668	0.000892507	5.10226257
4.77085	0.000892507	5.10226257
4.77249	0.000892507	5.10226257
4.775440000000001	0.000892507	5.10226257
4.7782800000000005	0.000892507	5.10226257
4.7809099999999995	0.000892507	5.10226257
4.78127	0.000892507	5.10226257
4.78327	0.000892507	5.10226257
4.78301	0.000892507	5.10226257
4.7809	0.000892507	5.10226257
4.77502	0.000892507	5.10226257
4.7705	0.000892507	5.10226257
4.76502	0.000892507	5.10226257
4.76198	0.000892507	5.10226257
4.75739	0.000892507	5.10226257
4.7561599999999995	0.000892507	5.10226257
4.75707	0.000892507	5.10226257
4.76047	0.000892507	5.10226257
4.76109	0.000892507	5.10226257
4.761769999999999	0.000892507	5.10226257
4.7670900000000005	0.000892507	5.10226257
4.77419	0.000892507	5.10226257
4.77995	0.000892507	5.10226257
4.7861400000000005	0.000892507	5.10226257
4.79288	0.000892507	5.10226257
4.7977300000000005	0.000892507	5.10226257
4.80249	0.000892507	5.10226257
4.80854	0.000892507	5.10226257
4.81763	0.000892507	5.10226257
4.8276699999999995	0.000892507	5.10226257
4.833130000000001	0.000892507	5.10226257
4.8398699999999995	0.000892507	5.10226257
4.84754	0.000892507	5.10226257
4.85353	0.000892507	5.10226257
4.856240000000001	0.000892507	5.10226257
4.8601	0.000892507	5.10226257
4.86597	0.000892507	5.10226257
4.867369999999999	0.000892507	5.10226257
4.86875	0.000892507	5.10226257
4.86714	0.000892507	5.10226257
4.86406	0.000892507	5.10226257
4.86094	0.000892507	5.10226257
4.85842	0.000892507	5.10226257
4.85783	0.000892507	5.10226257
4.856990000000001	0.000892507	5.10226257
4.85456	0.000892507	5.10226257
4.85046	0.000892507	5.10226257
4.84793	0.000892507	5.10226257
4.847230000000001	0.000892507	5.10226257
4.84659	0.000892507	5.10226257
4.84494	0.000892507	5.10226257
4.8435	0.000892507	5.10226257
4.84035	0.000892507	5.10226257
4.84006	0.000892507	5.10226257
4.8419300000000005	0.000892507	5.10226257
4.8429199999999994	0.000892507	5.10226257
4.84596	0.000892507	5.10226257
4.84755	0.000892507	5.10226257
4.85038	0.000892507	5.10226257
4.85695	0.000892507	5.10226257
4.86038	0.000892507	5.10226257
4.86563	0.000892507	5.10226257
4.8688400000000005	0.000892507	5.10226257
4.87058	0.000892507	5.10226257
4.87415	0.000892507	5.10226257
4.8759	0.000892507	5.10226257
4.87982	0.000892507	5.10226257
4.87913	0.000892507	5.10226257
4.88138	0.000892507	5.10226257
4.881069999999999	0.000892507	5.10226257
4.88109	0.000892507	5.10226257
4.88469	0.000892507	5.10226257
4.89159	0.000892507	5.10226257
4.90064	0.000892507	5.10226257
4.90554	0.000892507	5.10226257
4.91069	0.000892507	5.10226257
4.91426	0.000892507	5.10226257
4.9166	0.000892507	5.10226257
4.9216	0.000892507	5.10226257
4.93006	0.000892507	5.10226257
4.93991	0.000892507	5.10226257
4.946969999999999	0.000892507	5.10226257
4.95059	0.000892507	5.10226257
4.95027	0.000892507	5.10226257
4.94802	0.000892507	5.10226257
4.94832	0.000892507	5.10226257
4.94874	0.000892507	5.10226257
4.94677	0.000892507	5.10226257
4.94606	0.000892507	5.10226257
4.94407	0.000892507	5.10226257
4.9431400000000005	0.000892507	5.10226257
4.94203	0.000892507	5.10226257
4.93973	0.000892507	5.10226257
4.93729	0.000892507	5.10226257
4.934080000000001	0.000892507	5.10226257
4.93064	0.000892507	5.10226257
4.92725	0.000892507	5.10226257
4.92382	0.000892507	5.10226257
4.92031	0.000892507	5.10226257
4.918830000000001	0.000892507	5.10226257
4.91867	0.000892507	5.10226257
4.92025	0.000892507	5.10226257
4.92354	0.000892507	5.10226257
4.92807	0.000892507	5.10226257
4.93505	0.000892507	5.10226257
4.939080000000001	0.000892507	5.10226257
4.9408199999999995	0.000892507	5.10226257
4.94233	0.000892507	5.10226257
4.93997	0.000892507	5.10226257
4.93863	0.000892507	5.10226257
4.94158	0.000892507	5.10226257
4.94503	0.000892507	5.10226257
4.94709	0.000892507	5.10226257
4.94698	0.000892507	5.10226257
4.94721	0.000892507	5.10226257
4.94878	0.000892507	5.10226257
4.94975	0.000892507	5.10226257
4.95108	0.000892507	5.10226257
4.94872	0.000892507	5.10226257
4.94875	0.000892507	5.10226257
4.94832	0.000892507	5.10226257
4.9482	0.000892507	5.10226257
4.94942	0.000892507	5.10226257
4.94907	0.000892507	5.10226257
4.94945	0.000892507	5.10226257
4.95301	0.000892507	5.10226257
4.95493	0.000892507	5.10226257
4.95907	0.000892507	5.10226257
4.9648	0.000892507	5.10226257
4.97313	0.000892507	5.10226257
4.98072	0.000892507	5.10226257
4.98389	0.000892507	5.10226257
4.98877	0.000892507	5.10226257
4.99527	0.000892507	5.10226257
5.00373	0.000892507	5.10226257
5.01281	0.000892507	5.10226257
5.01907	0.000892507	5.10226257
5.02376	0.000892507	5.10226257
5.0285	0.000892507	5.10226257
5.03247	0.000892507	5.10226257
5.0382	0.000892507	5.10226257
5.0432	0.000892507	5.10226257
5.0491	0.000892507	5.10226257
5.05235	0.000892507	5.10226257
5.05644	0.000892507	5.10226257
5.059	0.000892507	5.10226257
5.0595	0.000892507	5.10226257
5.059080000000001	0.000892507	5.10226257
5.05661	0.000892507	5.10226257
5.05501	0.000892507	5.10226257
5.05536	0.000892507	5.10226257
5.05411	0.000892507	5.10226257
5.05152	0.000892507	5.10226257
5.04933	0.000892507	5.10226257
5.0454300000000005	0.000892507	5.10226257
5.04356	0.000892507	5.10226257
5.04362	0.000892507	5.10226257
5.0424	0.000892507	5.10226257
5.04035	0.000892507	5.10226257
5.035909999999999	0.000892507	5.10226257
5.0282599999999995	0.000892507	5.10226257
5.02208	0.000892507	5.10226257
5.01466	0.000892507	5.10226257
5.008290000000001	0.000892507	5.10226257
5.00263	0.000892507	5.10226257
4.99596	0.000892507	5.10226257
4.99184	0.000892507	5.10226257
4.98942	0.000892507	5.10226257
4.988919999999999	0.000892507	5.10226257
4.98822	0.000892507	5.10226257
4.9863800000000005	0.000892507	5.10226257
4.9850699999999994	0.000892507	5.10226257
4.98583	0.000892507	5.10226257
4.98761	0.000892507	5.10226257
4.98891	0.000892507	5.10226257
4.99104	0.000892507	5.10226257
4.990480000000001	0.000892507	5.10226257
4.9892199999999995	0.000892507	5.10226257
4.9881	0.000892507	5.10226257
4.990559999999999	0.000892507	5.10226257
4.99328	0.000892507	5.10226257
4.9931	0.000892507	5.10226257
4.99456	0.000892507	5.10226257
4.996090000000001	0.000892507	5.10226257
