9.8599	0.000892507	9.826579764
9.86158	0.000892507	9.826579764
9.8626	0.000892507	9.826579764
9.86311	0.000892507	9.826579764
9.86665	0.000892507	9.826579764
9.86881	0.000892507	9.826579764
9.87049	0.000892507	9.826579764
9.86941	0.000892507	9.826579764
9.86969	0.000892507	9.826579764
9.86839	0.000892507	9.826579764
9.87054	0.000892507	9.826579764
9.87274	0.000892507	9.826579764
9.874839999999999	0.000892507	9.826579764
9.8762	0.000892507	9.826579764
9.87691	0.000892507	9.826579764
9.878260000000001	0.000892507	9.826579764
9.87711	0.000892507	9.826579764
9.87352	0.000892507	9.826579764
9.87314	0.000892507	9.826579764
9.87267	0.000892507	9.826579764
9.87118	0.000892507	9.826579764
9.87191	0.000892507	9.826579764
9.87156	0.000892507	9.826579764
9.87164	0.000892507	9.826579764
9.87239	0.000892507	9.826579764
9.87448	0.000892507	9.826579764
9.87723	0.000892507	9.826579764
9.88322	0.000892507	9.826579764
9.89268	0.000892507	9.826579764
9.901539999999999	0.000892507	9.826579764
9.91015	0.000892507	9.826579764
9.91821	0.000892507	9.826579764
9.927610000000001	0.000892507	9.826579764
9.93573	0.000892507	9.826579764
9.94085	0.000892507	9.826579764
9.94658	0.000892507	9.826579764
9.952689999999999	0.000892507	9.826579764
9.95683	0.000892507	9.826579764
9.95803	0.000892507	9.826579764
9.96118	0.000892507	9.826579764
9.964030000000001	0.000892507	9.826579764
9.96572	0.000892507	9.826579764
9.965689999999999	0.000892507	9.826579764
9.96616	0.000892507	9.826579764
9.96688	0.000892507	9.826579764
9.96476	0.000892507	9.826579764
9.96054	0.000892507	9.826579764
9.955630000000001	0.000892507	9.826579764
9.94853	0.000892507	9.826579764
9.9446	0.000892507	9.826579764
9.93847	0.000892507	9.826579764
9.93316	0.000892507	9.826579764
9.92605	0.000892507	9.826579764
9.91924	0.000892507	9.826579764
9.915189999999999	0.000892507	9.826579764
9.91255	0.000892507	9.826579764
9.90783	0.000892507	9.826579764
9.90317	0.000892507	9.826579764
9.89972	0.000892507	9.826579764
9.894810000000001	0.000892507	9.826579764
9.89016	0.000892507	9.826579764
9.88498	0.000892507	9.826579764
9.88	0.000892507	9.826579764
9.87599	0.000892507	9.826579764
9.874839999999999	0.000892507	9.826579764
9.87433	0.000892507	9.826579764
9.8722	0.000892507	9.826579764
9.869710000000001	0.000892507	9.826579764
9.86802	0.000892507	9.826579764
9.86359	0.000892507	9.826579764
9.860610000000001	0.000892507	9.826579764
9.859960000000001	0.000892507	9.826579764
9.85542	0.000892507	9.826579764
9.84822	0.000892507	9.826579764
9.84416	0.000892507	9.826579764
9.83963	0.000892507	9.826579764
9.8336	0.000892507	9.826579764
9.82997	0.000892507	9.826579764
9.827539999999999	0.000892507	9.826579764
9.82644	0.000892507	9.826579764
9.82526	0.000892507	9.826579764
9.82283	0.000892507	9.826579764
9.81867	0.000892507	9.826579764
9.81551	0.000892507	9.826579764
9.810260000000001	0.000892507	9.826579764
9.804780000000001	0.000892507	9.826579764
9.79872	0.000892507	9.826579764
9.79238	0.000892507	9.826579764
9.788910000000001	0.000892507	9.826579764
9.7845	0.000892507	9.826579764
9.78076	0.000892507	9.826579764
9.77909	0.000892507	9.826579764
9.776689999999999	0.000892507	9.826579764
9.77356	0.000892507	9.826579764
9.76987	0.000892507	9.826579764
9.76781	0.000892507	9.826579764
9.76437	0.000892507	9.826579764
9.76464	0.000892507	9.826579764
9.76497	0.000892507	9.826579764
9.76629	0.000892507	9.826579764
9.766680000000001	0.000892507	9.826579764
9.76731	0.000892507	9.826579764
9.76711	0.000892507	9.826579764
9.766539999999999	0.000892507	9.826579764
9.77033	0.000892507	9.826579764
9.77563	0.000892507	9.826579764
9.781260000000001	0.000892507	9.826579764
9.785919999999999	0.000892507	9.826579764
9.7911	0.000892507	9.826579764
9.79315	0.000892507	9.826579764
9.79694	0.000892507	9.826579764
9.80204	0.000892507	9.826579764
9.80943	0.000892507	9.826579764
9.8176	0.000892507	9.826579764
