5.92264	0.000892507	6.047126009
5.92964	0.000892507	6.047126009
5.93851	0.000892507	6.047126009
5.94845	0.000892507	6.047126009
5.95589	0.000892507	6.047126009
5.96586	0.000892507	6.047126009
5.97645	0.000892507	6.047126009
5.984430000000001	0.000892507	6.047126009
5.99293	0.000892507	6.047126009
6.00333	0.000892507	6.047126009
6.01659	0.000892507	6.047126009
6.02883	0.000892507	6.047126009
6.03799	0.000892507	6.047126009
6.04364	0.000892507	6.047126009
6.04965	0.000892507	6.047126009
6.0589	0.000892507	6.047126009
6.07005	0.000892507	6.047126009
6.08021	0.000892507	6.047126009
6.08938	0.000892507	6.047126009
6.09598	0.000892507	6.047126009
6.10095	0.000892507	6.047126009
6.10705	0.000892507	6.047126009
6.1137	0.000892507	6.047126009
6.1153699999999995	0.000892507	6.047126009
6.11947	0.000892507	6.047126009
6.12266	0.000892507	6.047126009
6.12501	0.000892507	6.047126009
6.12846	0.000892507	6.047126009
6.13111	0.000892507	6.047126009
6.1329	0.000892507	6.047126009
6.1342	0.000892507	6.047126009
6.13529	0.000892507	6.047126009
6.13512	0.000892507	6.047126009
6.13842	0.000892507	6.047126009
6.14273	0.000892507	6.047126009
6.14458	0.000892507	6.047126009
6.1475	0.000892507	6.047126009
6.15129	0.000892507	6.047126009
6.15738	0.000892507	6.047126009
6.1648	0.000892507	6.047126009
6.17066	0.000892507	6.047126009
6.17272	0.000892507	6.047126009
6.17879	0.000892507	6.047126009
6.18161	0.000892507	6.047126009
6.1851199999999995	0.000892507	6.047126009
6.1877699999999995	0.000892507	6.047126009
6.19243	0.000892507	6.047126009
6.19629	0.000892507	6.047126009
6.20071	0.000892507	6.047126009
6.2077800000000005	0.000892507	6.047126009
6.21247	0.000892507	6.047126009
6.2164	0.000892507	6.047126009
6.221769999999999	0.000892507	6.047126009
6.22801	0.000892507	6.047126009
6.23399	0.000892507	6.047126009
6.24234	0.000892507	6.047126009
6.25201	0.000892507	6.047126009
6.25954	0.000892507	6.047126009
6.26717	0.000892507	6.047126009
6.273969999999999	0.000892507	6.047126009
6.27979	0.000892507	6.047126009
6.28552	0.000892507	6.047126009
6.29271	0.000892507	6.047126009
6.2979199999999995	0.000892507	6.047126009
6.3026800000000005	0.000892507	6.047126009
6.30321	0.000892507	6.047126009
6.306430000000001	0.000892507	6.047126009
6.30945	0.000892507	6.047126009
6.31346	0.000892507	6.047126009
6.31625	0.000892507	6.047126009
6.31765	0.000892507	6.047126009
6.319719999999999	0.000892507	6.047126009
6.3211900000000005	0.000892507	6.047126009
6.31947	0.000892507	6.047126009
6.3191	0.000892507	6.047126009
6.32083	0.000892507	6.047126009
6.32681	0.000892507	6.047126009
6.33228	0.000892507	6.047126009
6.3365599999999995	0.000892507	6.047126009
6.3413	0.000892507	6.047126009
6.346369999999999	0.000892507	6.047126009
6.35245	0.000892507	6.047126009
6.35422	0.000892507	6.047126009
6.35728	0.000892507	6.047126009
6.3587	0.000892507	6.047126009
6.36126	0.000892507	6.047126009
6.36285	0.000892507	6.047126009
6.36371	0.000892507	6.047126009
6.36409	0.000892507	6.047126009
6.36287	0.000892507	6.047126009
6.363119999999999	0.000892507	6.047126009
6.36267	0.000892507	6.047126009
6.36113	0.000892507	6.047126009
6.35785	0.000892507	6.047126009
6.35417	0.000892507	6.047126009
6.35032	0.000892507	6.047126009
6.34502	0.000892507	6.047126009
6.34084	0.000892507	6.047126009
6.33358	0.000892507	6.047126009
6.3234900000000005	0.000892507	6.047126009
6.31326	0.000892507	6.047126009
6.30523	0.000892507	6.047126009
6.29873	0.000892507	6.047126009
6.29263	0.000892507	6.047126009
6.28606	0.000892507	6.047126009
6.28149	0.000892507	6.047126009
6.27747	0.000892507	6.047126009
6.269080000000001	0.000892507	6.047126009
6.26432	0.000892507	6.047126009
6.25813	0.000892507	6.047126009
6.2522400000000005	0.000892507	6.047126009
6.247380000000001	0.000892507	6.047126009
6.24255	0.000892507	6.047126009
6.24087	0.000892507	6.047126009
6.23652	0.000892507	6.047126009
6.23435	0.000892507	6.047126009
6.232819999999999	0.000892507	6.047126009
6.234319999999999	0.000892507	6.047126009
6.23604	0.000892507	6.047126009
6.23837	0.000892507	6.047126009
6.2379	0.000892507	6.047126009
6.23626	0.000892507	6.047126009
6.2355599999999995	0.000892507	6.047126009
6.2352099999999995	0.000892507	6.047126009
6.23576	0.000892507	6.047126009
6.2365	0.000892507	6.047126009
6.23766	0.000892507	6.047126009
6.23548	0.000892507	6.047126009
6.23431	0.000892507	6.047126009
6.23381	0.000892507	6.047126009
6.2339400000000005	0.000892507	6.047126009
6.23389	0.000892507	6.047126009
6.23878	0.000892507	6.047126009
6.24213	0.000892507	6.047126009
6.24216	0.000892507	6.047126009
6.24501	0.000892507	6.047126009
6.249140000000001	0.000892507	6.047126009
6.25367	0.000892507	6.047126009
6.2609699999999995	0.000892507	6.047126009
6.267519999999999	0.000892507	6.047126009
6.2733	0.000892507	6.047126009
6.27653	0.000892507	6.047126009
6.2794	0.000892507	6.047126009
6.28529	0.000892507	6.047126009
6.2881599999999995	0.000892507	6.047126009
6.2891	0.000892507	6.047126009
6.288530000000001	0.000892507	6.047126009
6.28726	0.000892507	6.047126009
6.28573	0.000892507	6.047126009
6.28491	0.000892507	6.047126009
6.2838199999999995	0.000892507	6.047126009
6.2820599999999995	0.000892507	6.047126009
6.27957	0.000892507	6.047126009
6.2782599999999995	0.000892507	6.047126009
6.27736	0.000892507	6.047126009
6.2767	0.000892507	6.047126009
6.276269999999999	0.000892507	6.047126009
6.28062	0.000892507	6.047126009
6.28221	0.000892507	6.047126009
6.28201	0.000892507	6.047126009
6.2813300000000005	0.000892507	6.047126009
6.28074	0.000892507	6.047126009
6.27775	0.000892507	6.047126009
6.27435	0.000892507	6.047126009
6.27027	0.000892507	6.047126009
6.26673	0.000892507	6.047126009
6.26534	0.000892507	6.047126009
6.26283	0.000892507	6.047126009
6.2569099999999995	0.000892507	6.047126009
6.250030000000001	0.000892507	6.047126009
6.244759999999999	0.000892507	6.047126009
6.2412	0.000892507	6.047126009
6.23862	0.000892507	6.047126009
6.23815	0.000892507	6.047126009
6.23618	0.000892507	6.047126009
6.23489	0.000892507	6.047126009
6.23181	0.000892507	6.047126009
6.22664	0.000892507	6.047126009
6.221419999999999	0.000892507	6.047126009
6.21539	0.000892507	6.047126009
6.20714	0.000892507	6.047126009
6.19629	0.000892507	6.047126009
6.1864	0.000892507	6.047126009
6.17969	0.000892507	6.047126009
6.17053	0.000892507	6.047126009
6.16442	0.000892507	6.047126009
6.15943	0.000892507	6.047126009
6.15497	0.000892507	6.047126009
6.1554	0.000892507	6.047126009
6.157430000000001	0.000892507	6.047126009
6.1554400000000005	0.000892507	6.047126009
6.1504199999999996	0.000892507	6.047126009
6.14419	0.000892507	6.047126009
6.13981	0.000892507	6.047126009
6.13729	0.000892507	6.047126009
6.1367199999999995	0.000892507	6.047126009
6.13353	0.000892507	6.047126009
6.13021	0.000892507	6.047126009
6.1266099999999994	0.000892507	6.047126009
6.12143	0.000892507	6.047126009
6.1167300000000004	0.000892507	6.047126009
6.11246	0.000892507	6.047126009
6.105919999999999	0.000892507	6.047126009
6.097980000000001	0.000892507	6.047126009
6.08997	0.000892507	6.047126009
6.08449	0.000892507	6.047126009
6.08207	0.000892507	6.047126009
6.07673	0.000892507	6.047126009
6.0724800000000005	0.000892507	6.047126009
6.06879	0.000892507	6.047126009
6.065519999999999	0.000892507	6.047126009
6.0656	0.000892507	6.047126009
6.06781	0.000892507	6.047126009
6.06768	0.000892507	6.047126009
6.06657	0.000892507	6.047126009
6.065119999999999	0.000892507	6.047126009
6.06656	0.000892507	6.047126009
6.0657	0.000892507	6.047126009
6.06294	0.000892507	6.047126009
6.05537	0.000892507	6.047126009
6.05061	0.000892507	6.047126009
6.04703	0.000892507	6.047126009
6.04362	0.000892507	6.047126009
6.04176	0.000892507	6.047126009
6.04242	0.000892507	6.047126009
6.04615	0.000892507	6.047126009
6.05143	0.000892507	6.047126009
6.05737	0.000892507	6.047126009
6.0657	0.000892507	6.047126009
6.07067	0.000892507	6.047126009
6.07648	0.000892507	6.047126009
6.08343	0.000892507	6.047126009
6.08939	0.000892507	6.047126009
6.09691	0.000892507	6.047126009
6.10663	0.000892507	6.047126009
6.1153699999999995	0.000892507	6.047126009
6.12328	0.000892507	6.047126009
6.12896	0.000892507	6.047126009
6.13497	0.000892507	6.047126009
6.14227	0.000892507	6.047126009
6.1479099999999995	0.000892507	6.047126009
6.15411	0.000892507	6.047126009
6.15765	0.000892507	6.047126009
6.16108	0.000892507	6.047126009
6.16615	0.000892507	6.047126009
6.16999	0.000892507	6.047126009
6.1711	0.000892507	6.047126009
6.17209	0.000892507	6.047126009
6.17553	0.000892507	6.047126009
6.1775400000000005	0.000892507	6.047126009
6.17924	0.000892507	6.047126009
6.17962	0.000892507	6.047126009
6.17821	0.000892507	6.047126009
6.178319999999999	0.000892507	6.047126009
6.18157	0.000892507	6.047126009
6.18417	0.000892507	6.047126009
6.18389	0.000892507	6.047126009
6.18016	0.000892507	6.047126009
6.17428	0.000892507	6.047126009
6.16753	0.000892507	6.047126009
6.1588400000000005	0.000892507	6.047126009
6.15019	0.000892507	6.047126009
6.142869999999999	0.000892507	6.047126009
6.13537	0.000892507	6.047126009
6.12703	0.000892507	6.047126009
6.12131	0.000892507	6.047126009
6.1149	0.000892507	6.047126009
6.10784	0.000892507	6.047126009
6.10004	0.000892507	6.047126009
6.09187	0.000892507	6.047126009
6.08334	0.000892507	6.047126009
6.07753	0.000892507	6.047126009
6.06924	0.000892507	6.047126009
6.06245	0.000892507	6.047126009
6.05415	0.000892507	6.047126009
6.04568	0.000892507	6.047126009
6.03795	0.000892507	6.047126009
6.03033	0.000892507	6.047126009
6.02325	0.000892507	6.047126009
6.0132900000000005	0.000892507	6.047126009
6.005669999999999	0.000892507	6.047126009
5.999	0.000892507	6.047126009
5.99148	0.000892507	6.047126009
5.98529	0.000892507	6.047126009
5.9815	0.000892507	6.047126009
5.97886	0.000892507	6.047126009
5.97821	0.000892507	6.047126009
5.97914	0.000892507	6.047126009
5.97889	0.000892507	6.047126009
5.98231	0.000892507	6.047126009
5.98372	0.000892507	6.047126009
5.9852300000000005	0.000892507	6.047126009
5.989269999999999	0.000892507	6.047126009
5.99443	0.000892507	6.047126009
6.00194	0.000892507	6.047126009
6.00433	0.000892507	6.047126009
6.00714	0.000892507	6.047126009
6.00746	0.000892507	6.047126009
6.00469	0.000892507	6.047126009
6.00439	0.000892507	6.047126009
6.00293	0.000892507	6.047126009
6.0002699999999995	0.000892507	6.047126009
6.00015	0.000892507	6.047126009
6.00132	0.000892507	6.047126009
5.99908	0.000892507	6.047126009
5.9964	0.000892507	6.047126009
5.99296	0.000892507	6.047126009
5.98663	0.000892507	6.047126009
5.97842	0.000892507	6.047126009
5.97104	0.000892507	6.047126009
5.963419999999999	0.000892507	6.047126009
5.95424	0.000892507	6.047126009
5.94929	0.000892507	6.047126009
5.945209999999999	0.000892507	6.047126009
5.93775	0.000892507	6.047126009
5.93278	0.000892507	6.047126009
5.92444	0.000892507	6.047126009
5.91542	0.000892507	6.047126009
5.90888	0.000892507	6.047126009
5.90104	0.000892507	6.047126009
5.89421	0.000892507	6.047126009
5.89026	0.000892507	6.047126009
5.88756	0.000892507	6.047126009
5.88797	0.000892507	6.047126009
5.89145	0.000892507	6.047126009
5.89193	0.000892507	6.047126009
5.89118	0.000892507	6.047126009
5.89182	0.000892507	6.047126009
5.8878699999999995	0.000892507	6.047126009
5.88575	0.000892507	6.047126009
5.8857800000000005	0.000892507	6.047126009
5.88967	0.000892507	6.047126009
5.89428	0.000892507	6.047126009
5.9001	0.000892507	6.047126009
5.90448	0.000892507	6.047126009
5.90514	0.000892507	6.047126009
5.90829	0.000892507	6.047126009
5.9121	0.000892507	6.047126009
5.91436	0.000892507	6.047126009
5.9185099999999995	0.000892507	6.047126009
5.92344	0.000892507	6.047126009
5.92887	0.000892507	6.047126009
5.934080000000001	0.000892507	6.047126009
5.9391099999999994	0.000892507	6.047126009
5.94349	0.000892507	6.047126009
5.94495	0.000892507	6.047126009
5.945930000000001	0.000892507	6.047126009
5.94648	0.000892507	6.047126009
5.945790000000001	0.000892507	6.047126009
5.94618	0.000892507	6.047126009
5.9458	0.000892507	6.047126009
5.94885	0.000892507	6.047126009
5.95643	0.000892507	6.047126009
5.96082	0.000892507	6.047126009
5.96345	0.000892507	6.047126009
5.96314	0.000892507	6.047126009
5.96154	0.000892507	6.047126009
5.95788	0.000892507	6.047126009
5.955830000000001	0.000892507	6.047126009
5.956840000000001	0.000892507	6.047126009
5.95339	0.000892507	6.047126009
5.94986	0.000892507	6.047126009
5.9485	0.000892507	6.047126009
5.94468	0.000892507	6.047126009
5.93954	0.000892507	6.047126009
5.93885	0.000892507	6.047126009
5.93604	0.000892507	6.047126009
5.93485	0.000892507	6.047126009
5.9349099999999995	0.000892507	6.047126009
5.93584	0.000892507	6.047126009
5.9381900000000005	0.000892507	6.047126009
5.93851	0.000892507	6.047126009
5.9382	0.000892507	6.047126009
5.93431	0.000892507	6.047126009
5.931109999999999	0.000892507	6.047126009
5.92631	0.000892507	6.047126009
5.921530000000001	0.000892507	6.047126009
5.91516	0.000892507	6.047126009
5.90963	0.000892507	6.047126009
5.90546	0.000892507	6.047126009
5.90203	0.000892507	6.047126009
5.90249	0.000892507	6.047126009
5.90013	0.000892507	6.047126009
5.89987	0.000892507	6.047126009
5.89995	0.000892507	6.047126009
5.89824	0.000892507	6.047126009
5.89807	0.000892507	6.047126009
5.89763	0.000892507	6.047126009
5.89746	0.000892507	6.047126009
5.89555	0.000892507	6.047126009
5.8957	0.000892507	6.047126009
5.89743	0.000892507	6.047126009
5.898619999999999	0.000892507	6.047126009
5.89775	0.000892507	6.047126009
5.89769	0.000892507	6.047126009
5.89837	0.000892507	6.047126009
5.89562	0.000892507	6.047126009
5.8933	0.000892507	6.047126009
5.89163	0.000892507	6.047126009
5.89154	0.000892507	6.047126009
5.88698	0.000892507	6.047126009
5.884180000000001	0.000892507	6.047126009
5.87821	0.000892507	6.047126009
5.874630000000001	0.000892507	6.047126009
5.87326	0.000892507	6.047126009
5.8738	0.000892507	6.047126009
5.8745400000000005	0.000892507	6.047126009
5.8737	0.000892507	6.047126009
5.87212	0.000892507	6.047126009
5.8686	0.000892507	6.047126009
5.86862	0.000892507	6.047126009
5.87141	0.000892507	6.047126009
5.87092	0.000892507	6.047126009
5.8724099999999995	0.000892507	6.047126009
5.87383	0.000892507	6.047126009
5.87598	0.000892507	6.047126009
5.87818	0.000892507	6.047126009
5.88165	0.000892507	6.047126009
5.8846300000000005	0.000892507	6.047126009
5.8852199999999995	0.000892507	6.047126009
5.88624	0.000892507	6.047126009
5.8867400000000005	0.000892507	6.047126009
5.886340000000001	0.000892507	6.047126009
5.8840699999999995	0.000892507	6.047126009
5.88066	0.000892507	6.047126009
5.87645	0.000892507	6.047126009
5.8709	0.000892507	6.047126009
5.86926	0.000892507	6.047126009
5.87006	0.000892507	6.047126009
5.8687	0.000892507	6.047126009
5.86718	0.000892507	6.047126009
5.86343	0.000892507	6.047126009
5.8587	0.000892507	6.047126009
5.85605	0.000892507	6.047126009
5.85655	0.000892507	6.047126009
5.85419	0.000892507	6.047126009
5.85217	0.000892507	6.047126009
5.85271	0.000892507	6.047126009
5.85316	0.000892507	6.047126009
5.856669999999999	0.000892507	6.047126009
5.8613599999999995	0.000892507	6.047126009
5.86336	0.000892507	6.047126009
5.86747	0.000892507	6.047126009
5.87096	0.000892507	6.047126009
5.87774	0.000892507	6.047126009
5.8859	0.000892507	6.047126009
5.8946	0.000892507	6.047126009
5.90343	0.000892507	6.047126009
5.91326	0.000892507	6.047126009
5.92206	0.000892507	6.047126009
5.9271400000000005	0.000892507	6.047126009
5.932169999999999	0.000892507	6.047126009
5.93503	0.000892507	6.047126009
5.936319999999999	0.000892507	6.047126009
5.93666	0.000892507	6.047126009
5.93728	0.000892507	6.047126009
5.938619999999999	0.000892507	6.047126009
5.9391	0.000892507	6.047126009
5.938359999999999	0.000892507	6.047126009
5.94054	0.000892507	6.047126009
5.94163	0.000892507	6.047126009
5.94573	0.000892507	6.047126009
5.949269999999999	0.000892507	6.047126009
5.95383	0.000892507	6.047126009
5.96082	0.000892507	6.047126009
5.96596	0.000892507	6.047126009
5.97145	0.000892507	6.047126009
5.97675	0.000892507	6.047126009
5.98196	0.000892507	6.047126009
5.98695	0.000892507	6.047126009
5.99305	0.000892507	6.047126009
5.99892	0.000892507	6.047126009
6.00203	0.000892507	6.047126009
6.0039	0.000892507	6.047126009
6.00596	0.000892507	6.047126009
6.0109699999999995	0.000892507	6.047126009
6.01623	0.000892507	6.047126009
6.02095	0.000892507	6.047126009
6.02536	0.000892507	6.047126009
6.03063	0.000892507	6.047126009
6.03414	0.000892507	6.047126009
6.03699	0.000892507	6.047126009
6.04057	0.000892507	6.047126009
6.04306	0.000892507	6.047126009
6.04405	0.000892507	6.047126009
6.05	0.000892507	6.047126009
6.0589699999999995	0.000892507	6.047126009
