   3.42500000000000       0.000000000000000E+000
   3.47500000000000                          NaN
   3.52500000000000                          NaN
   3.57500000000000                          NaN
   3.62500000000000                          NaN
   3.67500000000000                          NaN
   3.72500000000000                          NaN
   3.77500000000000                          NaN
   3.82500000000000                          NaN
   3.87500000000000                          NaN
   3.92500000000000                          NaN
   3.97500000000000                          NaN
   4.02500000000000                          NaN
   4.07500000000000                          NaN
   4.12500000000000                          NaN
   4.17500000000000                          NaN
   4.22500000000000                          NaN
   4.27500000000000                          NaN
   4.32500000000000                          NaN
   4.37500000000000                          NaN
   4.42500000000000                          NaN
   4.47500000000000                          NaN
   4.52500000000000                          NaN
   4.57500000000000                          NaN
   4.62500000000000                          NaN
   4.67500000000000                          NaN
   4.72500000000000                          NaN
   4.77500000000000                          NaN
   4.82500000000000                          NaN
   4.87500000000000                          NaN
   4.92500000000000                          NaN
   4.97500000000000                          NaN
   5.02500000000000                          NaN
   5.07500000000000                          NaN
   5.12500000000000                          NaN
   5.17500000000000                          NaN
   5.22500000000000                          NaN
   5.27500000000000                          NaN
   5.32500000000000                          NaN
   5.37500000000000                          NaN
   5.42500000000000                          NaN
   5.47500000000000                          NaN
   5.52500000000000                          NaN
   5.57500000000000                          NaN
   5.62500000000000                          NaN
   5.67500000000000                          NaN
   5.72500000000000                          NaN
   5.77500000000000                          NaN
   5.82500000000000                          NaN
   5.87500000000000                          NaN
   5.92500000000000                          NaN
   5.97500000000000                          NaN
   6.02500000000000                          NaN
   6.07500000000000                          NaN
   6.12500000000000                          NaN
   6.17500000000000                          NaN
   6.22500000000000                          NaN
   6.27500000000000                          NaN
   6.32500000000000                          NaN
   6.37500000000000                          NaN
   6.42500000000000                          NaN
   6.47500000000000                          NaN
   6.52500000000000                          NaN
   6.57500000000000                          NaN
   6.62500000000000                          NaN
   6.67500000000000                          NaN
   6.72500000000000                          NaN
   6.77500000000000                          NaN
   6.82500000000000                          NaN
   6.87500000000000                          NaN
   6.92500000000000                          NaN
   6.97500000000000                          NaN
   7.02500000000000                          NaN
   7.07500000000000                          NaN
   7.12500000000000                          NaN
   7.17500000000000                          NaN
   7.22500000000000                          NaN
   7.27500000000000                          NaN
   7.32500000000000                          NaN
   7.37500000000000                          NaN
   7.42500000000000                          NaN
   7.47500000000000                          NaN
   7.52500000000000                          NaN
   7.57500000000000                          NaN
   7.62500000000000                          NaN
   7.67500000000000                          NaN
   7.72500000000000                          NaN
   7.77500000000000                          NaN
   7.82500000000000                          NaN
   7.87500000000000                          NaN
   7.92500000000000                          NaN
   7.97500000000000                          NaN
   8.02500000000000                          NaN
   8.07500000000000                          NaN
   8.12500000000000                          NaN
   8.17500000000000                          NaN
   8.22500000000000                          NaN
   8.27500000000000                          NaN
   8.32500000000000                          NaN
   8.37500000000000                          NaN
   8.42500000000000                          NaN
   8.47500000000000                          NaN
   8.52500000000000                          NaN
   8.57500000000000                          NaN
   8.62500000000000                          NaN
   8.67500000000000                          NaN
   8.72500000000000                          NaN
   8.77500000000000                          NaN
   8.82500000000000                          NaN
   8.87500000000000                          NaN
   8.92500000000000                          NaN
   8.97500000000000                          NaN
   9.02500000000000                          NaN
   9.07500000000000                          NaN
   9.12500000000000                          NaN
   9.17500000000000                          NaN
   9.22500000000000                          NaN
   9.27500000000000                          NaN
   9.32500000000000                          NaN
   9.37500000000000                          NaN
   9.42500000000000                          NaN
   9.47500000000000                          NaN
   9.52500000000000                          NaN
   9.57500000000000                          NaN
   9.62500000000000                          NaN
   9.67500000000000                          NaN
   9.72500000000000                          NaN
   9.77500000000000                          NaN
   9.82500000000000                          NaN
   9.87500000000000                          NaN
   9.92500000000000                          NaN
   9.97500000000000                          NaN
   10.0250000000000                          NaN
   10.0750000000000                          NaN
   10.1250000000000                          NaN
   10.1750000000000                          NaN
   10.2250000000000                          NaN
   10.2750000000000                          NaN
   10.3250000000000                          NaN
   10.3750000000000                          NaN
   10.4250000000000                          NaN
   10.4750000000000                          NaN
   10.5250000000000                          NaN
   10.5750000000000                          NaN
   10.6250000000000                          NaN
   10.6750000000000                          NaN
   10.7250000000000                          NaN
   10.7750000000000                          NaN
   10.8250000000000                          NaN
   10.8750000000000       0.000000000000000E+000
