    240.00000000      6.03414      0.00000      0.00000      0.00000      0.00000
    240.50000000      6.03699      0.00000      0.00000      0.00000      0.00000
    241.00000000      6.04057      0.00000      0.00000      0.00000      0.00000
    241.50000000      6.04306      0.00000      0.00000      0.00000      0.00000
    242.00000000      6.04405      0.00000      0.00000      0.00000      0.00000
    242.50000000      6.05000      0.00000      0.00000      0.00000      0.00000
    243.00000000      6.05897      0.00000      0.00000      0.00000      0.00000
    243.50000000      6.06379      0.00000      0.00000      0.00000      0.00000
    244.00000000      6.06993      0.00000      0.00000      0.00000      0.00000
    244.50000000      6.07759      0.00000      0.00000      0.00000      0.00000
    245.00000000      6.08507      0.00000      0.00000      0.00000      0.00000
    245.50000000      6.09138      0.00000      0.00000      0.00000      0.00000
    246.00000000      6.09866      0.00000      0.00000      0.00000      0.00000
    246.50000000      6.10598      0.00000      0.00000      0.00000      0.00000
    247.00000000      6.11292      0.00000      0.00000      0.00000      0.00000
    247.50000000      6.11549      0.00000      0.00000      0.00000      0.00000
    248.00000000      6.12045      0.00000      0.00000      0.00000      0.00000
    248.50000000      6.12153      0.00000      0.00000      0.00000      0.00000
    249.00000000      6.12322      0.00000      0.00000      0.00000      0.00000
    249.50000000      6.12694      0.00000      0.00000      0.00000      0.00000
    250.00000000      6.13273      0.00000      0.00000      0.00000      0.00000
    250.50000000      6.13908      0.00000      0.00000      0.00000      0.00000
    251.00000000      6.14452      0.00000      0.00000      0.00000      0.00000
    251.50000000      6.14963      0.00000      0.00000      0.00000      0.00000
    252.00000000      6.15593      0.00000      0.00000      0.00000      0.00000
    252.50000000      6.16149      0.00000      0.00000      0.00000      0.00000
    253.00000000      6.16794      0.00000      0.00000      0.00000      0.00000
    253.50000000      6.17100      0.00000      0.00000      0.00000      0.00000
    254.00000000      6.17318      0.00000      0.00000      0.00000      0.00000
    254.50000000      6.17628      0.00000      0.00000      0.00000      0.00000
    255.00000000      6.18124      0.00000      0.00000      0.00000      0.00000
    255.50000000      6.18494      0.00000      0.00000      0.00000      0.00000
    256.00000000      6.18723      0.00000      0.00000      0.00000      0.00000
    256.50000000      6.18813      0.00000      0.00000      0.00000      0.00000
    257.00000000      6.19018      0.00000      0.00000      0.00000      0.00000
    257.50000000      6.18750      0.00000      0.00000      0.00000      0.00000
    258.00000000      6.18546      0.00000      0.00000      0.00000      0.00000
    258.50000000      6.18801      0.00000      0.00000      0.00000      0.00000
    259.00000000      6.19224      0.00000      0.00000      0.00000      0.00000
    259.50000000      6.19411      0.00000      0.00000      0.00000      0.00000
    260.00000000      6.19494      0.00000      0.00000      0.00000      0.00000
    260.50000000      6.19513      0.00000      0.00000      0.00000      0.00000
    261.00000000      6.19449      0.00000      0.00000      0.00000      0.00000
    261.50000000      6.19650      0.00000      0.00000      0.00000      0.00000
    262.00000000      6.19806      0.00000      0.00000      0.00000      0.00000
    262.50000000      6.19652      0.00000      0.00000      0.00000      0.00000
    263.00000000      6.19287      0.00000      0.00000      0.00000      0.00000
    263.50000000      6.19116      0.00000      0.00000      0.00000      0.00000
    264.00000000      6.19086      0.00000      0.00000      0.00000      0.00000
    264.50000000      6.19495      0.00000      0.00000      0.00000      0.00000
    265.00000000      6.19788      0.00000      0.00000      0.00000      0.00000
    265.50000000      6.19817      0.00000      0.00000      0.00000      0.00000
    266.00000000      6.19761      0.00000      0.00000      0.00000      0.00000
    266.50000000      6.19548      0.00000      0.00000      0.00000      0.00000
    267.00000000      6.19381      0.00000      0.00000      0.00000      0.00000
    267.50000000      6.19241      0.00000      0.00000      0.00000      0.00000
    268.00000000      6.19488      0.00000      0.00000      0.00000      0.00000
    268.50000000      6.19902      0.00000      0.00000      0.00000      0.00000
    269.00000000      6.20384      0.00000      0.00000      0.00000      0.00000
    269.50000000      6.20781      0.00000      0.00000      0.00000      0.00000
    270.00000000      6.21333      0.00000      0.00000      0.00000      0.00000
    270.50000000      6.21672      0.00000      0.00000      0.00000      0.00000
    271.00000000      6.22333      0.00000      0.00000      0.00000      0.00000
    271.50000000      6.22594      0.00000      0.00000      0.00000      0.00000
    272.00000000      6.22513      0.00000      0.00000      0.00000      0.00000
    272.50000000      6.22488      0.00000      0.00000      0.00000      0.00000
    273.00000000      6.22492      0.00000      0.00000      0.00000      0.00000
    273.50000000      6.22828      0.00000      0.00000      0.00000      0.00000
    274.00000000      6.23167      0.00000      0.00000      0.00000      0.00000
    274.50000000      6.23595      0.00000      0.00000      0.00000      0.00000
    275.00000000      6.24201      0.00000      0.00000      0.00000      0.00000
    275.50000000      6.24689      0.00000      0.00000      0.00000      0.00000
    276.00000000      6.25285      0.00000      0.00000      0.00000      0.00000
    276.50000000      6.25931      0.00000      0.00000      0.00000      0.00000
    277.00000000      6.26818      0.00000      0.00000      0.00000      0.00000
    277.50000000      6.27371      0.00000      0.00000      0.00000      0.00000
    278.00000000      6.27771      0.00000      0.00000      0.00000      0.00000
    278.50000000      6.27971      0.00000      0.00000      0.00000      0.00000
    279.00000000      6.28238      0.00000      0.00000      0.00000      0.00000
    279.50000000      6.28626      0.00000      0.00000      0.00000      0.00000
    280.00000000      6.28969      0.00000      0.00000      0.00000      0.00000
    280.50000000      6.28974      0.00000      0.00000      0.00000      0.00000
    281.00000000      6.29174      0.00000      0.00000      0.00000      0.00000
    281.50000000      6.29127      0.00000      0.00000      0.00000      0.00000
    282.00000000      6.29009      0.00000      0.00000      0.00000      0.00000
    282.50000000      6.28830      0.00000      0.00000      0.00000      0.00000
    283.00000000      6.28646      0.00000      0.00000      0.00000      0.00000
    283.50000000      6.28316      0.00000      0.00000      0.00000      0.00000
    284.00000000      6.28333      0.00000      0.00000      0.00000      0.00000
    284.50000000      6.28415      0.00000      0.00000      0.00000      0.00000
    285.00000000      6.28513      0.00000      0.00000      0.00000      0.00000
    285.50000000      6.28724      0.00000      0.00000      0.00000      0.00000
    286.00000000      6.29077      0.00000      0.00000      0.00000      0.00000
    286.50000000      6.29122      0.00000      0.00000      0.00000      0.00000
    287.00000000      6.28998      0.00000      0.00000      0.00000      0.00000
    287.50000000      6.28963      0.00000      0.00000      0.00000      0.00000
    288.00000000      6.28980      0.00000      0.00000      0.00000      0.00000
    288.50000000      6.28870      0.00000      0.00000      0.00000      0.00000
    289.00000000      6.28837      0.00000      0.00000      0.00000      0.00000
    289.50000000      6.28647      0.00000      0.00000      0.00000      0.00000
    290.00000000      6.28447      0.00000      0.00000      0.00000      0.00000
    290.50000000      6.28498      0.00000      0.00000      0.00000      0.00000
    291.00000000      6.28554      0.00000      0.00000      0.00000      0.00000
    291.50000000      6.28527      0.00000      0.00000      0.00000      0.00000
    292.00000000      6.28116      0.00000      0.00000      0.00000      0.00000
    292.50000000      6.27894      0.00000      0.00000      0.00000      0.00000
    293.00000000      6.27976      0.00000      0.00000      0.00000      0.00000
    293.50000000      6.28031      0.00000      0.00000      0.00000      0.00000
    294.00000000      6.28023      0.00000      0.00000      0.00000      0.00000
    294.50000000      6.28077      0.00000      0.00000      0.00000      0.00000
    295.00000000      6.28433      0.00000      0.00000      0.00000      0.00000
    295.50000000      6.28781      0.00000      0.00000      0.00000      0.00000
    296.00000000      6.29142      0.00000      0.00000      0.00000      0.00000
    296.50000000      6.29698      0.00000      0.00000      0.00000      0.00000
    297.00000000      6.29974      0.00000      0.00000      0.00000      0.00000
    297.50000000      6.30231      0.00000      0.00000      0.00000      0.00000
    298.00000000      6.30280      0.00000      0.00000      0.00000      0.00000
    298.50000000      6.30256      0.00000      0.00000      0.00000      0.00000
    299.00000000      6.30261      0.00000      0.00000      0.00000      0.00000
    299.50000000      6.30391      0.00000      0.00000      0.00000      0.00000
    300.00000000      6.30465      0.00000      0.00000      0.00000      0.00000
    300.50000000      6.30795      0.00000      0.00000      0.00000      0.00000
    301.00000000      6.30757      0.00000      0.00000      0.00000      0.00000
    301.50000000      6.30859      0.00000      0.00000      0.00000      0.00000
    302.00000000      6.30873      0.00000      0.00000      0.00000      0.00000
    302.50000000      6.31076      0.00000      0.00000      0.00000      0.00000
    303.00000000      6.31619      0.00000      0.00000      0.00000      0.00000
    303.50000000      6.32076      0.00000      0.00000      0.00000      0.00000
    304.00000000      6.32823      0.00000      0.00000      0.00000      0.00000
    304.50000000      6.33718      0.00000      0.00000      0.00000      0.00000
    305.00000000      6.34350      0.00000      0.00000      0.00000      0.00000
    305.50000000      6.34907      0.00000      0.00000      0.00000      0.00000
    306.00000000      6.35555      0.00000      0.00000      0.00000      0.00000
    306.50000000      6.36170      0.00000      0.00000      0.00000      0.00000
    307.00000000      6.36531      0.00000      0.00000      0.00000      0.00000
    307.50000000      6.36854      0.00000      0.00000      0.00000      0.00000
    308.00000000      6.36990      0.00000      0.00000      0.00000      0.00000
    308.50000000      6.37103      0.00000      0.00000      0.00000      0.00000
    309.00000000      6.37388      0.00000      0.00000      0.00000      0.00000
    309.50000000      6.37690      0.00000      0.00000      0.00000      0.00000
    310.00000000      6.37798      0.00000      0.00000      0.00000      0.00000
    310.50000000      6.37681      0.00000      0.00000      0.00000      0.00000
    311.00000000      6.37424      0.00000      0.00000      0.00000      0.00000
    311.50000000      6.37047      0.00000      0.00000      0.00000      0.00000
    312.00000000      6.36465      0.00000      0.00000      0.00000      0.00000
    312.50000000      6.35806      0.00000      0.00000      0.00000      0.00000
    313.00000000      6.35153      0.00000      0.00000      0.00000      0.00000
    313.50000000      6.34468      0.00000      0.00000      0.00000      0.00000
    314.00000000      6.33654      0.00000      0.00000      0.00000      0.00000
    314.50000000      6.32930      0.00000      0.00000      0.00000      0.00000
    315.00000000      6.31999      0.00000      0.00000      0.00000      0.00000
    315.50000000      6.31398      0.00000      0.00000      0.00000      0.00000
    316.00000000      6.30920      0.00000      0.00000      0.00000      0.00000
    316.50000000      6.30045      0.00000      0.00000      0.00000      0.00000
    317.00000000      6.29215      0.00000      0.00000      0.00000      0.00000
    317.50000000      6.28814      0.00000      0.00000      0.00000      0.00000
    318.00000000      6.28232      0.00000      0.00000      0.00000      0.00000
    318.50000000      6.27688      0.00000      0.00000      0.00000      0.00000
    319.00000000      6.27220      0.00000      0.00000      0.00000      0.00000
    319.50000000      6.26539      0.00000      0.00000      0.00000      0.00000
    320.00000000      6.25784      0.00000      0.00000      0.00000      0.00000
    320.50000000      6.25017      0.00000      0.00000      0.00000      0.00000
    321.00000000      6.24485      0.00000      0.00000      0.00000      0.00000
    321.50000000      6.23663      0.00000      0.00000      0.00000      0.00000
    322.00000000      6.22902      0.00000      0.00000      0.00000      0.00000
    322.50000000      6.22231      0.00000      0.00000      0.00000      0.00000
    323.00000000      6.21580      0.00000      0.00000      0.00000      0.00000
    323.50000000      6.20938      0.00000      0.00000      0.00000      0.00000
    324.00000000      6.20355      0.00000      0.00000      0.00000      0.00000
    324.50000000      6.19558      0.00000      0.00000      0.00000      0.00000
    325.00000000      6.18517      0.00000      0.00000      0.00000      0.00000
    325.50000000      6.17290      0.00000      0.00000      0.00000      0.00000
    326.00000000      6.15795      0.00000      0.00000      0.00000      0.00000
    326.50000000      6.13933      0.00000      0.00000      0.00000      0.00000
    327.00000000      6.12570      0.00000      0.00000      0.00000      0.00000
    327.50000000      6.11621      0.00000      0.00000      0.00000      0.00000
    328.00000000      6.10852      0.00000      0.00000      0.00000      0.00000
    328.50000000      6.10332      0.00000      0.00000      0.00000      0.00000
    329.00000000      6.09895      0.00000      0.00000      0.00000      0.00000
    329.50000000      6.09211      0.00000      0.00000      0.00000      0.00000
    330.00000000      6.08550      0.00000      0.00000      0.00000      0.00000
    330.50000000      6.08023      0.00000      0.00000      0.00000      0.00000
    331.00000000      6.07298      0.00000      0.00000      0.00000      0.00000
    331.50000000      6.06604      0.00000      0.00000      0.00000      0.00000
    332.00000000      6.05719      0.00000      0.00000      0.00000      0.00000
    332.50000000      6.04928      0.00000      0.00000      0.00000      0.00000
    333.00000000      6.03823      0.00000      0.00000      0.00000      0.00000
    333.50000000      6.03200      0.00000      0.00000      0.00000      0.00000
    334.00000000      6.02878      0.00000      0.00000      0.00000      0.00000
    334.50000000      6.02846      0.00000      0.00000      0.00000      0.00000
    335.00000000      6.02883      0.00000      0.00000      0.00000      0.00000
    335.50000000      6.02747      0.00000      0.00000      0.00000      0.00000
    336.00000000      6.02384      0.00000      0.00000      0.00000      0.00000
    336.50000000      6.02041      0.00000      0.00000      0.00000      0.00000
    337.00000000      6.01644      0.00000      0.00000      0.00000      0.00000
    337.50000000      6.01129      0.00000      0.00000      0.00000      0.00000
    338.00000000      6.00938      0.00000      0.00000      0.00000      0.00000
    338.50000000      6.01066      0.00000      0.00000      0.00000      0.00000
    339.00000000      6.01315      0.00000      0.00000      0.00000      0.00000
    339.50000000      6.01514      0.00000      0.00000      0.00000      0.00000
    340.00000000      6.01591      0.00000      0.00000      0.00000      0.00000
    340.50000000      6.01610      0.00000      0.00000      0.00000      0.00000
    341.00000000      6.01870      0.00000      0.00000      0.00000      0.00000
    341.50000000      6.02251      0.00000      0.00000      0.00000      0.00000
    342.00000000      6.02923      0.00000      0.00000      0.00000      0.00000
    342.50000000      6.03579      0.00000      0.00000      0.00000      0.00000
    343.00000000      6.04247      0.00000      0.00000      0.00000      0.00000
    343.50000000      6.04716      0.00000      0.00000      0.00000      0.00000
    344.00000000      6.05171      0.00000      0.00000      0.00000      0.00000
    344.50000000      6.05527      0.00000      0.00000      0.00000      0.00000
    345.00000000      6.06271      0.00000      0.00000      0.00000      0.00000
    345.50000000      6.06795      0.00000      0.00000      0.00000      0.00000
    346.00000000      6.07167      0.00000      0.00000      0.00000      0.00000
    346.50000000      6.07352      0.00000      0.00000      0.00000      0.00000
    347.00000000      6.07498      0.00000      0.00000      0.00000      0.00000
    347.50000000      6.07755      0.00000      0.00000      0.00000      0.00000
    348.00000000      6.07970      0.00000      0.00000      0.00000      0.00000
    348.50000000      6.08358      0.00000      0.00000      0.00000      0.00000
    349.00000000      6.08896      0.00000      0.00000      0.00000      0.00000
    349.50000000      6.09325      0.00000      0.00000      0.00000      0.00000
    350.00000000      6.09698      0.00000      0.00000      0.00000      0.00000
    350.50000000      6.10290      0.00000      0.00000      0.00000      0.00000
    351.00000000      6.10513      0.00000      0.00000      0.00000      0.00000
    351.50000000      6.10626      0.00000      0.00000      0.00000      0.00000
    352.00000000      6.10596      0.00000      0.00000      0.00000      0.00000
    352.50000000      6.11517      0.00000      0.00000      0.00000      0.00000
    353.00000000      6.12181      0.00000      0.00000      0.00000      0.00000
    353.50000000      6.12987      0.00000      0.00000      0.00000      0.00000
    354.00000000      6.13258      0.00000      0.00000      0.00000      0.00000
    354.50000000      6.13630      0.00000      0.00000      0.00000      0.00000
    355.00000000      6.13986      0.00000      0.00000      0.00000      0.00000
    355.50000000      6.14136      0.00000      0.00000      0.00000      0.00000
    356.00000000      6.14328      0.00000      0.00000      0.00000      0.00000
    356.50000000      6.14235      0.00000      0.00000      0.00000      0.00000
    357.00000000      6.14274      0.00000      0.00000      0.00000      0.00000
    357.50000000      6.13842      0.00000      0.00000      0.00000      0.00000
    358.00000000      6.13521      0.00000      0.00000      0.00000      0.00000
    358.50000000      6.13133      0.00000      0.00000      0.00000      0.00000
    359.00000000      6.12827      0.00000      0.00000      0.00000      0.00000
    359.50000000      6.12725      0.00000      0.00000      0.00000      0.00000
    360.00000000      6.12874      0.00000      0.00000      0.00000      0.00000
    360.50000000      6.13101      0.00000      0.00000      0.00000      0.00000
    361.00000000      6.13402      0.00000      0.00000      0.00000      0.00000
    361.50000000      6.13749      0.00000      0.00000      0.00000      0.00000
    362.00000000      6.13847      0.00000      0.00000      0.00000      0.00000
    362.50000000      6.14044      0.00000      0.00000      0.00000      0.00000
    363.00000000      6.14588      0.00000      0.00000      0.00000      0.00000
    363.50000000      6.15008      0.00000      0.00000      0.00000      0.00000
    364.00000000      6.15589      0.00000      0.00000      0.00000      0.00000
    364.50000000      6.16189      0.00000      0.00000      0.00000      0.00000
    365.00000000      6.16885      0.00000      0.00000      0.00000      0.00000
    365.50000000      6.17618      0.00000      0.00000      0.00000      0.00000
    366.00000000      6.18160      0.00000      0.00000      0.00000      0.00000
    366.50000000      6.18444      0.00000      0.00000      0.00000      0.00000
    367.00000000      6.18420      0.00000      0.00000      0.00000      0.00000
    367.50000000      6.18281      0.00000      0.00000      0.00000      0.00000
    368.00000000      6.18401      0.00000      0.00000      0.00000      0.00000
    368.50000000      6.18684      0.00000      0.00000      0.00000      0.00000
    369.00000000      6.18747      0.00000      0.00000      0.00000      0.00000
    369.50000000      6.18669      0.00000      0.00000      0.00000      0.00000
    370.00000000      6.18447      0.00000      0.00000      0.00000      0.00000
    370.50000000      6.18444      0.00000      0.00000      0.00000      0.00000
    371.00000000      6.18308      0.00000      0.00000      0.00000      0.00000
    371.50000000      6.17956      0.00000      0.00000      0.00000      0.00000
    372.00000000      6.17795      0.00000      0.00000      0.00000      0.00000
    372.50000000      6.17775      0.00000      0.00000      0.00000      0.00000
    373.00000000      6.17764      0.00000      0.00000      0.00000      0.00000
    373.50000000      6.17685      0.00000      0.00000      0.00000      0.00000
    374.00000000      6.17566      0.00000      0.00000      0.00000      0.00000
    374.50000000      6.17628      0.00000      0.00000      0.00000      0.00000
    375.00000000      6.17501      0.00000      0.00000      0.00000      0.00000
    375.50000000      6.17266      0.00000      0.00000      0.00000      0.00000
    376.00000000      6.16925      0.00000      0.00000      0.00000      0.00000
    376.50000000      6.16594      0.00000      0.00000      0.00000      0.00000
    377.00000000      6.16354      0.00000      0.00000      0.00000      0.00000
    377.50000000      6.16005      0.00000      0.00000      0.00000      0.00000
    378.00000000      6.15440      0.00000      0.00000      0.00000      0.00000
    378.50000000      6.15023      0.00000      0.00000      0.00000      0.00000
    379.00000000      6.14509      0.00000      0.00000      0.00000      0.00000
    379.50000000      6.14302      0.00000      0.00000      0.00000      0.00000
    380.00000000      6.14236      0.00000      0.00000      0.00000      0.00000
    380.50000000      6.14247      0.00000      0.00000      0.00000      0.00000
    381.00000000      6.14479      0.00000      0.00000      0.00000      0.00000
    381.50000000      6.14871      0.00000      0.00000      0.00000      0.00000
    382.00000000      6.14973      0.00000      0.00000      0.00000      0.00000
    382.50000000      6.14949      0.00000      0.00000      0.00000      0.00000
    383.00000000      6.15034      0.00000      0.00000      0.00000      0.00000
    383.50000000      6.15164      0.00000      0.00000      0.00000      0.00000
    384.00000000      6.15257      0.00000      0.00000      0.00000      0.00000
    384.50000000      6.15537      0.00000      0.00000      0.00000      0.00000
    385.00000000      6.15714      0.00000      0.00000      0.00000      0.00000
    385.50000000      6.15952      0.00000      0.00000      0.00000      0.00000
    386.00000000      6.15977      0.00000      0.00000      0.00000      0.00000
    386.50000000      6.15579      0.00000      0.00000      0.00000      0.00000
    387.00000000      6.15223      0.00000      0.00000      0.00000      0.00000
    387.50000000      6.14883      0.00000      0.00000      0.00000      0.00000
    388.00000000      6.14312      0.00000      0.00000      0.00000      0.00000
    388.50000000      6.13636      0.00000      0.00000      0.00000      0.00000
    389.00000000      6.12974      0.00000      0.00000      0.00000      0.00000
    389.50000000      6.12136      0.00000      0.00000      0.00000      0.00000
    390.00000000      6.11400      0.00000      0.00000      0.00000      0.00000
    390.50000000      6.10726      0.00000      0.00000      0.00000      0.00000
    391.00000000      6.10052      0.00000      0.00000      0.00000      0.00000
    391.50000000      6.09525      0.00000      0.00000      0.00000      0.00000
    392.00000000      6.09076      0.00000      0.00000      0.00000      0.00000
    392.50000000      6.08678      0.00000      0.00000      0.00000      0.00000
    393.00000000      6.08190      0.00000      0.00000      0.00000      0.00000
    393.50000000      6.07687      0.00000      0.00000      0.00000      0.00000
    394.00000000      6.07271      0.00000      0.00000      0.00000      0.00000
    394.50000000      6.07315      0.00000      0.00000      0.00000      0.00000
    395.00000000      6.06872      0.00000      0.00000      0.00000      0.00000
    395.50000000      6.06076      0.00000      0.00000      0.00000      0.00000
    396.00000000      6.05583      0.00000      0.00000      0.00000      0.00000
    396.50000000      6.05124      0.00000      0.00000      0.00000      0.00000
    397.00000000      6.04555      0.00000      0.00000      0.00000      0.00000
    397.50000000      6.03743      0.00000      0.00000      0.00000      0.00000
    398.00000000      6.03348      0.00000      0.00000      0.00000      0.00000
    398.50000000      6.02974      0.00000      0.00000      0.00000      0.00000
    399.00000000      6.02895      0.00000      0.00000      0.00000      0.00000
    399.50000000      6.03010      0.00000      0.00000      0.00000      0.00000
    400.00000000      6.03172      0.00000      0.00000      0.00000      0.00000
    400.50000000      6.03494      0.00000      0.00000      0.00000      0.00000
    401.00000000      6.03670      0.00000      0.00000      0.00000      0.00000
    401.50000000      6.03793      0.00000      0.00000      0.00000      0.00000
    402.00000000      6.03614      0.00000      0.00000      0.00000      0.00000
    402.50000000      6.03606      0.00000      0.00000      0.00000      0.00000
    403.00000000      6.03454      0.00000      0.00000      0.00000      0.00000
    403.50000000      6.03120      0.00000      0.00000      0.00000      0.00000
    404.00000000      6.02811      0.00000      0.00000      0.00000      0.00000
    404.50000000      6.02471      0.00000      0.00000      0.00000      0.00000
    405.00000000      6.02192      0.00000      0.00000      0.00000      0.00000
    405.50000000      6.01932      0.00000      0.00000      0.00000      0.00000
    406.00000000      6.01490      0.00000      0.00000      0.00000      0.00000
    406.50000000      6.01013      0.00000      0.00000      0.00000      0.00000
    407.00000000      6.00539      0.00000      0.00000      0.00000      0.00000
    407.50000000      5.99948      0.00000      0.00000      0.00000      0.00000
    408.00000000      5.99641      0.00000      0.00000      0.00000      0.00000
    408.50000000      5.99214      0.00000      0.00000      0.00000      0.00000
    409.00000000      5.98646      0.00000      0.00000      0.00000      0.00000
    409.50000000      5.97863      0.00000      0.00000      0.00000      0.00000
    410.00000000      5.97162      0.00000      0.00000      0.00000      0.00000
    410.50000000      5.96625      0.00000      0.00000      0.00000      0.00000
    411.00000000      5.96238      0.00000      0.00000      0.00000      0.00000
    411.50000000      5.96143      0.00000      0.00000      0.00000      0.00000
    412.00000000      5.96009      0.00000      0.00000      0.00000      0.00000
    412.50000000      5.95870      0.00000      0.00000      0.00000      0.00000
    413.00000000      5.95951      0.00000      0.00000      0.00000      0.00000
    413.50000000      5.96107      0.00000      0.00000      0.00000      0.00000
    414.00000000      5.96080      0.00000      0.00000      0.00000      0.00000
    414.50000000      5.95764      0.00000      0.00000      0.00000      0.00000
    415.00000000      5.95701      0.00000      0.00000      0.00000      0.00000
    415.50000000      5.95629      0.00000      0.00000      0.00000      0.00000
    416.00000000      5.95435      0.00000      0.00000      0.00000      0.00000
    416.50000000      5.95125      0.00000      0.00000      0.00000      0.00000
    417.00000000      5.95159      0.00000      0.00000      0.00000      0.00000
    417.50000000      5.95255      0.00000      0.00000      0.00000      0.00000
    418.00000000      5.95100      0.00000      0.00000      0.00000      0.00000
    418.50000000      5.94813      0.00000      0.00000      0.00000      0.00000
    419.00000000      5.94383      0.00000      0.00000      0.00000      0.00000
    419.50000000      5.94105      0.00000      0.00000      0.00000      0.00000
    420.00000000      5.94094      0.00000      0.00000      0.00000      0.00000
    420.50000000      5.93932      0.00000      0.00000      0.00000      0.00000
    421.00000000      5.93903      0.00000      0.00000      0.00000      0.00000
    421.50000000      5.93990      0.00000      0.00000      0.00000      0.00000
    422.00000000      5.94254      0.00000      0.00000      0.00000      0.00000
    422.50000000      5.94724      0.00000      0.00000      0.00000      0.00000
    423.00000000      5.95220      0.00000      0.00000      0.00000      0.00000
    423.50000000      5.95679      0.00000      0.00000      0.00000      0.00000
    424.00000000      5.96131      0.00000      0.00000      0.00000      0.00000
    424.50000000      5.96474      0.00000      0.00000      0.00000      0.00000
    425.00000000      5.97172      0.00000      0.00000      0.00000      0.00000
    425.50000000      5.97799      0.00000      0.00000      0.00000      0.00000
    426.00000000      5.98265      0.00000      0.00000      0.00000      0.00000
    426.50000000      5.98717      0.00000      0.00000      0.00000      0.00000
    427.00000000      5.98637      0.00000      0.00000      0.00000      0.00000
    427.50000000      5.98864      0.00000      0.00000      0.00000      0.00000
    428.00000000      5.99155      0.00000      0.00000      0.00000      0.00000
    428.50000000      5.99582      0.00000      0.00000      0.00000      0.00000
    429.00000000      5.99847      0.00000      0.00000      0.00000      0.00000
    429.50000000      5.99711      0.00000      0.00000      0.00000      0.00000
    430.00000000      5.99467      0.00000      0.00000      0.00000      0.00000
    430.50000000      5.99054      0.00000      0.00000      0.00000      0.00000
    431.00000000      5.98907      0.00000      0.00000      0.00000      0.00000
    431.50000000      5.98943      0.00000      0.00000      0.00000      0.00000
    432.00000000      5.99091      0.00000      0.00000      0.00000      0.00000
    432.50000000      5.99229      0.00000      0.00000      0.00000      0.00000
    433.00000000      5.99302      0.00000      0.00000      0.00000      0.00000
    433.50000000      5.99487      0.00000      0.00000      0.00000      0.00000
    434.00000000      5.99593      0.00000      0.00000      0.00000      0.00000
    434.50000000      5.99660      0.00000      0.00000      0.00000      0.00000
    435.00000000      5.99726      0.00000      0.00000      0.00000      0.00000
    435.50000000      5.99569      0.00000      0.00000      0.00000      0.00000
    436.00000000      5.99108      0.00000      0.00000      0.00000      0.00000
    436.50000000      5.98524      0.00000      0.00000      0.00000      0.00000
    437.00000000      5.97915      0.00000      0.00000      0.00000      0.00000
    437.50000000      5.97193      0.00000      0.00000      0.00000      0.00000
    438.00000000      5.96575      0.00000      0.00000      0.00000      0.00000
    438.50000000      5.95758      0.00000      0.00000      0.00000      0.00000
    439.00000000      5.95208      0.00000      0.00000      0.00000      0.00000
    439.50000000      5.94586      0.00000      0.00000      0.00000      0.00000
    440.00000000      5.93982      0.00000      0.00000      0.00000      0.00000
    440.50000000      5.93370      0.00000      0.00000      0.00000      0.00000
    441.00000000      5.92799      0.00000      0.00000      0.00000      0.00000
    441.50000000      5.92494      0.00000      0.00000      0.00000      0.00000
    442.00000000      5.91965      0.00000      0.00000      0.00000      0.00000
    442.50000000      5.91221      0.00000      0.00000      0.00000      0.00000
    443.00000000      5.90575      0.00000      0.00000      0.00000      0.00000
    443.50000000      5.89810      0.00000      0.00000      0.00000      0.00000
    444.00000000      5.89331      0.00000      0.00000      0.00000      0.00000
    444.50000000      5.89058      0.00000      0.00000      0.00000      0.00000
    445.00000000      5.88542      0.00000      0.00000      0.00000      0.00000
    445.50000000      5.87846      0.00000      0.00000      0.00000      0.00000
    446.00000000      5.87200      0.00000      0.00000      0.00000      0.00000
    446.50000000      5.86513      0.00000      0.00000      0.00000      0.00000
    447.00000000      5.85911      0.00000      0.00000      0.00000      0.00000
    447.50000000      5.85394      0.00000      0.00000      0.00000      0.00000
    448.00000000      5.84549      0.00000      0.00000      0.00000      0.00000
    448.50000000      5.83754      0.00000      0.00000      0.00000      0.00000
    449.00000000      5.83149      0.00000      0.00000      0.00000      0.00000
    449.50000000      5.82776      0.00000      0.00000      0.00000      0.00000
    450.00000000      5.82333      0.00000      0.00000      0.00000      0.00000
    450.50000000      5.82108      0.00000      0.00000      0.00000      0.00000
    451.00000000      5.81680      0.00000      0.00000      0.00000      0.00000
    451.50000000      5.81056      0.00000      0.00000      0.00000      0.00000
    452.00000000      5.80543      0.00000      0.00000      0.00000      0.00000
    452.50000000      5.79892      0.00000      0.00000      0.00000      0.00000
    453.00000000      5.79389      0.00000      0.00000      0.00000      0.00000
    453.50000000      5.78796      0.00000      0.00000      0.00000      0.00000
    454.00000000      5.78510      0.00000      0.00000      0.00000      0.00000
    454.50000000      5.78389      0.00000      0.00000      0.00000      0.00000
    455.00000000      5.77948      0.00000      0.00000      0.00000      0.00000
    455.50000000      5.78078      0.00000      0.00000      0.00000      0.00000
    456.00000000      5.77935      0.00000      0.00000      0.00000      0.00000
    456.50000000      5.77739      0.00000      0.00000      0.00000      0.00000
    457.00000000      5.77210      0.00000      0.00000      0.00000      0.00000
    457.50000000      5.76707      0.00000      0.00000      0.00000      0.00000
    458.00000000      5.76247      0.00000      0.00000      0.00000      0.00000
    458.50000000      5.75853      0.00000      0.00000      0.00000      0.00000
    459.00000000      5.75926      0.00000      0.00000      0.00000      0.00000
    459.50000000      5.75907      0.00000      0.00000      0.00000      0.00000
    460.00000000      5.75920      0.00000      0.00000      0.00000      0.00000
    460.50000000      5.75834      0.00000      0.00000      0.00000      0.00000
    461.00000000      5.75805      0.00000      0.00000      0.00000      0.00000
    461.50000000      5.75777      0.00000      0.00000      0.00000      0.00000
    462.00000000      5.75882      0.00000      0.00000      0.00000      0.00000
    462.50000000      5.75919      0.00000      0.00000      0.00000      0.00000
    463.00000000      5.75955      0.00000      0.00000      0.00000      0.00000
    463.50000000      5.75871      0.00000      0.00000      0.00000      0.00000
    464.00000000      5.75966      0.00000      0.00000      0.00000      0.00000
    464.50000000      5.76112      0.00000      0.00000      0.00000      0.00000
    465.00000000      5.76307      0.00000      0.00000      0.00000      0.00000
    465.50000000      5.76574      0.00000      0.00000      0.00000      0.00000
    466.00000000      5.76812      0.00000      0.00000      0.00000      0.00000
    466.50000000      5.76933      0.00000      0.00000      0.00000      0.00000
    467.00000000      5.77111      0.00000      0.00000      0.00000      0.00000
    467.50000000      5.77126      0.00000      0.00000      0.00000      0.00000
    468.00000000      5.77204      0.00000      0.00000      0.00000      0.00000
    468.50000000      5.77311      0.00000      0.00000      0.00000      0.00000
    469.00000000      5.77460      0.00000      0.00000      0.00000      0.00000
    469.50000000      5.77322      0.00000      0.00000      0.00000      0.00000
    470.00000000      5.77172      0.00000      0.00000      0.00000      0.00000
    470.50000000      5.77082      0.00000      0.00000      0.00000      0.00000
    471.00000000      5.77157      0.00000      0.00000      0.00000      0.00000
    471.50000000      5.77201      0.00000      0.00000      0.00000      0.00000
    472.00000000      5.76846      0.00000      0.00000      0.00000      0.00000
    472.50000000      5.76587      0.00000      0.00000      0.00000      0.00000
    473.00000000      5.76226      0.00000      0.00000      0.00000      0.00000
    473.50000000      5.76075      0.00000      0.00000      0.00000      0.00000
    474.00000000      5.75608      0.00000      0.00000      0.00000      0.00000
    474.50000000      5.74962      0.00000      0.00000      0.00000      0.00000
    475.00000000      5.74447      0.00000      0.00000      0.00000      0.00000
    475.50000000      5.74020      0.00000      0.00000      0.00000      0.00000
    476.00000000      5.74115      0.00000      0.00000      0.00000      0.00000
    476.50000000      5.74220      0.00000      0.00000      0.00000      0.00000
    477.00000000      5.74396      0.00000      0.00000      0.00000      0.00000
    477.50000000      5.74406      0.00000      0.00000      0.00000      0.00000
    478.00000000      5.74521      0.00000      0.00000      0.00000      0.00000
    478.50000000      5.74785      0.00000      0.00000      0.00000      0.00000
    479.00000000      5.75211      0.00000      0.00000      0.00000      0.00000
    479.50000000      5.75710      0.00000      0.00000      0.00000      0.00000
    480.00000000      5.76111      0.00000      0.00000      0.00000      0.00000
    480.50000000      5.76671      0.00000      0.00000      0.00000      0.00000
    481.00000000      5.77317      0.00000      0.00000      0.00000      0.00000
    481.50000000      5.78058      0.00000      0.00000      0.00000      0.00000
    482.00000000      5.78661      0.00000      0.00000      0.00000      0.00000
    482.50000000      5.79300      0.00000      0.00000      0.00000      0.00000
    483.00000000      5.80208      0.00000      0.00000      0.00000      0.00000
    483.50000000      5.80609      0.00000      0.00000      0.00000      0.00000
    484.00000000      5.81013      0.00000      0.00000      0.00000      0.00000
    484.50000000      5.81409      0.00000      0.00000      0.00000      0.00000
    485.00000000      5.81355      0.00000      0.00000      0.00000      0.00000
    485.50000000      5.81374      0.00000      0.00000      0.00000      0.00000
    486.00000000      5.81646      0.00000      0.00000      0.00000      0.00000
    486.50000000      5.81649      0.00000      0.00000      0.00000      0.00000
    487.00000000      5.81510      0.00000      0.00000      0.00000      0.00000
    487.50000000      5.81776      0.00000      0.00000      0.00000      0.00000
    488.00000000      5.81960      0.00000      0.00000      0.00000      0.00000
    488.50000000      5.82209      0.00000      0.00000      0.00000      0.00000
    489.00000000      5.82569      0.00000      0.00000      0.00000      0.00000
    489.50000000      5.82758      0.00000      0.00000      0.00000      0.00000
    490.00000000      5.82760      0.00000      0.00000      0.00000      0.00000
    490.50000000      5.82449      0.00000      0.00000      0.00000      0.00000
    491.00000000      5.82548      0.00000      0.00000      0.00000      0.00000
    491.50000000      5.82599      0.00000      0.00000      0.00000      0.00000
    492.00000000      5.82921      0.00000      0.00000      0.00000      0.00000
    492.50000000      5.83331      0.00000      0.00000      0.00000      0.00000
    493.00000000      5.83746      0.00000      0.00000      0.00000      0.00000
    493.50000000      5.84094      0.00000      0.00000      0.00000      0.00000
    494.00000000      5.84334      0.00000      0.00000      0.00000      0.00000
    494.50000000      5.84655      0.00000      0.00000      0.00000      0.00000
    495.00000000      5.85307      0.00000      0.00000      0.00000      0.00000
    495.50000000      5.86079      0.00000      0.00000      0.00000      0.00000
    496.00000000      5.86522      0.00000      0.00000      0.00000      0.00000
    496.50000000      5.86822      0.00000      0.00000      0.00000      0.00000
    497.00000000      5.86847      0.00000      0.00000      0.00000      0.00000
    497.50000000      5.86963      0.00000      0.00000      0.00000      0.00000
    498.00000000      5.87204      0.00000      0.00000      0.00000      0.00000
    498.50000000      5.87752      0.00000      0.00000      0.00000      0.00000
    499.00000000      5.87821      0.00000      0.00000      0.00000      0.00000
    499.50000000      5.87700      0.00000      0.00000      0.00000      0.00000
    500.00000000      5.87847      0.00000      0.00000      0.00000      0.00000
    500.50000000      5.87940      0.00000      0.00000      0.00000      0.00000
    501.00000000      5.88136      0.00000      0.00000      0.00000      0.00000
    501.50000000      5.88142      0.00000      0.00000      0.00000      0.00000
    502.00000000      5.88135      0.00000      0.00000      0.00000      0.00000
    502.50000000      5.87911      0.00000      0.00000      0.00000      0.00000
    503.00000000      5.87782      0.00000      0.00000      0.00000      0.00000
    503.50000000      5.87637      0.00000      0.00000      0.00000      0.00000
    504.00000000      5.87986      0.00000      0.00000      0.00000      0.00000
    504.50000000      5.88683      0.00000      0.00000      0.00000      0.00000
    505.00000000      5.89037      0.00000      0.00000      0.00000      0.00000
    505.50000000      5.89043      0.00000      0.00000      0.00000      0.00000
    506.00000000      5.88676      0.00000      0.00000      0.00000      0.00000
    506.50000000      5.88520      0.00000      0.00000      0.00000      0.00000
    507.00000000      5.88401      0.00000      0.00000      0.00000      0.00000
    507.50000000      5.88501      0.00000      0.00000      0.00000      0.00000
    508.00000000      5.88313      0.00000      0.00000      0.00000      0.00000
    508.50000000      5.88224      0.00000      0.00000      0.00000      0.00000
    509.00000000      5.88630      0.00000      0.00000      0.00000      0.00000
    509.50000000      5.89233      0.00000      0.00000      0.00000      0.00000
    510.00000000      5.89508      0.00000      0.00000      0.00000      0.00000
    510.50000000      5.89535      0.00000      0.00000      0.00000      0.00000
    511.00000000      5.89422      0.00000      0.00000      0.00000      0.00000
    511.50000000      5.89612      0.00000      0.00000      0.00000      0.00000
    512.00000000      5.90074      0.00000      0.00000      0.00000      0.00000
    512.50000000      5.90487      0.00000      0.00000      0.00000      0.00000
    513.00000000      5.91000      0.00000      0.00000      0.00000      0.00000
    513.50000000      5.91411      0.00000      0.00000      0.00000      0.00000
    514.00000000      5.91975      0.00000      0.00000      0.00000      0.00000
    514.50000000      5.92425      0.00000      0.00000      0.00000      0.00000
    515.00000000      5.92915      0.00000      0.00000      0.00000      0.00000
    515.50000000      5.93555      0.00000      0.00000      0.00000      0.00000
    516.00000000      5.94191      0.00000      0.00000      0.00000      0.00000
    516.50000000      5.94526      0.00000      0.00000      0.00000      0.00000
    517.00000000      5.95082      0.00000      0.00000      0.00000      0.00000
    517.50000000      5.95432      0.00000      0.00000      0.00000      0.00000
    518.00000000      5.95955      0.00000      0.00000      0.00000      0.00000
    518.50000000      5.96570      0.00000      0.00000      0.00000      0.00000
    519.00000000      5.97301      0.00000      0.00000      0.00000      0.00000
    519.50000000      5.97937      0.00000      0.00000      0.00000      0.00000
    520.00000000      5.98395      0.00000      0.00000      0.00000      0.00000
    520.50000000      5.98710      0.00000      0.00000      0.00000      0.00000
    521.00000000      5.99007      0.00000      0.00000      0.00000      0.00000
    521.50000000      5.98961      0.00000      0.00000      0.00000      0.00000
    522.00000000      5.98738      0.00000      0.00000      0.00000      0.00000
    522.50000000      5.98462      0.00000      0.00000      0.00000      0.00000
    523.00000000      5.98230      0.00000      0.00000      0.00000      0.00000
    523.50000000      5.98168      0.00000      0.00000      0.00000      0.00000
    524.00000000      5.98106      0.00000      0.00000      0.00000      0.00000
    524.50000000      5.98146      0.00000      0.00000      0.00000      0.00000
    525.00000000      5.98285      0.00000      0.00000      0.00000      0.00000
    525.50000000      5.98274      0.00000      0.00000      0.00000      0.00000
    526.00000000      5.98583      0.00000      0.00000      0.00000      0.00000
    526.50000000      5.98860      0.00000      0.00000      0.00000      0.00000
    527.00000000      5.98879      0.00000      0.00000      0.00000      0.00000
    527.50000000      5.99219      0.00000      0.00000      0.00000      0.00000
    528.00000000      5.99535      0.00000      0.00000      0.00000      0.00000
    528.50000000      5.99567      0.00000      0.00000      0.00000      0.00000
    529.00000000      5.99712      0.00000      0.00000      0.00000      0.00000
    529.50000000      5.99785      0.00000      0.00000      0.00000      0.00000
    530.00000000      5.99823      0.00000      0.00000      0.00000      0.00000
    530.50000000      5.99817      0.00000      0.00000      0.00000      0.00000
    531.00000000      5.99791      0.00000      0.00000      0.00000      0.00000
    531.50000000      5.99737      0.00000      0.00000      0.00000      0.00000
    532.00000000      5.99723      0.00000      0.00000      0.00000      0.00000
    532.50000000      5.99856      0.00000      0.00000      0.00000      0.00000
    533.00000000      6.00253      0.00000      0.00000      0.00000      0.00000
    533.50000000      6.00533      0.00000      0.00000      0.00000      0.00000
    534.00000000      6.00350      0.00000      0.00000      0.00000      0.00000
    534.50000000      6.00368      0.00000      0.00000      0.00000      0.00000
    535.00000000      6.00654      0.00000      0.00000      0.00000      0.00000
    535.50000000      6.00680      0.00000      0.00000      0.00000      0.00000
    536.00000000      6.00897      0.00000      0.00000      0.00000      0.00000
    536.50000000      6.00897      0.00000      0.00000      0.00000      0.00000
    537.00000000      6.01307      0.00000      0.00000      0.00000      0.00000
    537.50000000      6.01553      0.00000      0.00000      0.00000      0.00000
    538.00000000      6.01642      0.00000      0.00000      0.00000      0.00000
    538.50000000      6.01528      0.00000      0.00000      0.00000      0.00000
    539.00000000      6.01264      0.00000      0.00000      0.00000      0.00000
    539.50000000      6.01227      0.00000      0.00000      0.00000      0.00000
    540.00000000      6.01215      0.00000      0.00000      0.00000      0.00000
    540.50000000      6.01409      0.00000      0.00000      0.00000      0.00000
    541.00000000      6.01411      0.00000      0.00000      0.00000      0.00000
    541.50000000      6.01590      0.00000      0.00000      0.00000      0.00000
    542.00000000      6.01546      0.00000      0.00000      0.00000      0.00000
    542.50000000      6.01253      0.00000      0.00000      0.00000      0.00000
    543.00000000      6.00928      0.00000      0.00000      0.00000      0.00000
    543.50000000      6.00561      0.00000      0.00000      0.00000      0.00000
    544.00000000      6.00001      0.00000      0.00000      0.00000      0.00000
    544.50000000      5.99927      0.00000      0.00000      0.00000      0.00000
    545.00000000      5.99905      0.00000      0.00000      0.00000      0.00000
    545.50000000      6.00010      0.00000      0.00000      0.00000      0.00000
    546.00000000      6.00098      0.00000      0.00000      0.00000      0.00000
    546.50000000      6.00062      0.00000      0.00000      0.00000      0.00000
    547.00000000      6.00073      0.00000      0.00000      0.00000      0.00000
    547.50000000      5.99936      0.00000      0.00000      0.00000      0.00000
    548.00000000      5.99667      0.00000      0.00000      0.00000      0.00000
    548.50000000      5.99432      0.00000      0.00000      0.00000      0.00000
    549.00000000      5.99197      0.00000      0.00000      0.00000      0.00000
    549.50000000      5.99390      0.00000      0.00000      0.00000      0.00000
    550.00000000      5.99832      0.00000      0.00000      0.00000      0.00000
    550.50000000      6.00493      0.00000      0.00000      0.00000      0.00000
    551.00000000      6.00765      0.00000      0.00000      0.00000      0.00000
    551.50000000      6.01182      0.00000      0.00000      0.00000      0.00000
    552.00000000      6.01796      0.00000      0.00000      0.00000      0.00000
    552.50000000      6.02537      0.00000      0.00000      0.00000      0.00000
    553.00000000      6.02796      0.00000      0.00000      0.00000      0.00000
    553.50000000      6.03039      0.00000      0.00000      0.00000      0.00000
    554.00000000      6.02999      0.00000      0.00000      0.00000      0.00000
    554.50000000      6.02863      0.00000      0.00000      0.00000      0.00000
    555.00000000      6.03053      0.00000      0.00000      0.00000      0.00000
    555.50000000      6.03186      0.00000      0.00000      0.00000      0.00000
    556.00000000      6.03464      0.00000      0.00000      0.00000      0.00000
    556.50000000      6.03635      0.00000      0.00000      0.00000      0.00000
    557.00000000      6.03934      0.00000      0.00000      0.00000      0.00000
    557.50000000      6.04265      0.00000      0.00000      0.00000      0.00000
    558.00000000      6.04424      0.00000      0.00000      0.00000      0.00000
    558.50000000      6.04387      0.00000      0.00000      0.00000      0.00000
    559.00000000      6.04215      0.00000      0.00000      0.00000      0.00000
    559.50000000      6.03990      0.00000      0.00000      0.00000      0.00000
    560.00000000      6.03372      0.00000      0.00000      0.00000      0.00000
    560.50000000      6.02853      0.00000      0.00000      0.00000      0.00000
    561.00000000      6.02283      0.00000      0.00000      0.00000      0.00000
    561.50000000      6.01512      0.00000      0.00000      0.00000      0.00000
    562.00000000      6.00448      0.00000      0.00000      0.00000      0.00000
    562.50000000      5.99317      0.00000      0.00000      0.00000      0.00000
    563.00000000      5.98460      0.00000      0.00000      0.00000      0.00000
    563.50000000      5.97055      0.00000      0.00000      0.00000      0.00000
    564.00000000      5.95413      0.00000      0.00000      0.00000      0.00000
    564.50000000      5.93955      0.00000      0.00000      0.00000      0.00000
    565.00000000      5.92611      0.00000      0.00000      0.00000      0.00000
    565.50000000      5.91146      0.00000      0.00000      0.00000      0.00000
    566.00000000      5.89951      0.00000      0.00000      0.00000      0.00000
    566.50000000      5.88638      0.00000      0.00000      0.00000      0.00000
    567.00000000      5.86896      0.00000      0.00000      0.00000      0.00000
    567.50000000      5.85578      0.00000      0.00000      0.00000      0.00000
    568.00000000      5.84584      0.00000      0.00000      0.00000      0.00000
    568.50000000      5.83966      0.00000      0.00000      0.00000      0.00000
    569.00000000      5.83274      0.00000      0.00000      0.00000      0.00000
    569.50000000      5.82615      0.00000      0.00000      0.00000      0.00000
    570.00000000      5.82011      0.00000      0.00000      0.00000      0.00000
    570.50000000      5.81050      0.00000      0.00000      0.00000      0.00000
    571.00000000      5.79903      0.00000      0.00000      0.00000      0.00000
    571.50000000      5.79168      0.00000      0.00000      0.00000      0.00000
    572.00000000      5.78632      0.00000      0.00000      0.00000      0.00000
    572.50000000      5.78058      0.00000      0.00000      0.00000      0.00000
    573.00000000      5.77632      0.00000      0.00000      0.00000      0.00000
    573.50000000      5.77284      0.00000      0.00000      0.00000      0.00000
    574.00000000      5.77363      0.00000      0.00000      0.00000      0.00000
    574.50000000      5.77686      0.00000      0.00000      0.00000      0.00000
    575.00000000      5.77936      0.00000      0.00000      0.00000      0.00000
    575.50000000      5.77814      0.00000      0.00000      0.00000      0.00000
    576.00000000      5.77662      0.00000      0.00000      0.00000      0.00000
    576.50000000      5.77689      0.00000      0.00000      0.00000      0.00000
    577.00000000      5.77822      0.00000      0.00000      0.00000      0.00000
    577.50000000      5.77968      0.00000      0.00000      0.00000      0.00000
    578.00000000      5.78282      0.00000      0.00000      0.00000      0.00000
    578.50000000      5.78970      0.00000      0.00000      0.00000      0.00000
    579.00000000      5.79209      0.00000      0.00000      0.00000      0.00000
    579.50000000      5.79459      0.00000      0.00000      0.00000      0.00000
    580.00000000      5.79490      0.00000      0.00000      0.00000      0.00000
    580.50000000      5.79653      0.00000      0.00000      0.00000      0.00000
    581.00000000      5.79848      0.00000      0.00000      0.00000      0.00000
    581.50000000      5.80534      0.00000      0.00000      0.00000      0.00000
    582.00000000      5.81161      0.00000      0.00000      0.00000      0.00000
    582.50000000      5.81766      0.00000      0.00000      0.00000      0.00000
    583.00000000      5.82377      0.00000      0.00000      0.00000      0.00000
    583.50000000      5.82752      0.00000      0.00000      0.00000      0.00000
    584.00000000      5.83224      0.00000      0.00000      0.00000      0.00000
    584.50000000      5.83723      0.00000      0.00000      0.00000      0.00000
    585.00000000      5.84074      0.00000      0.00000      0.00000      0.00000
    585.50000000      5.84173      0.00000      0.00000      0.00000      0.00000
    586.00000000      5.84338      0.00000      0.00000      0.00000      0.00000
    586.50000000      5.84733      0.00000      0.00000      0.00000      0.00000
    587.00000000      5.85178      0.00000      0.00000      0.00000      0.00000
    587.50000000      5.85320      0.00000      0.00000      0.00000      0.00000
    588.00000000      5.85227      0.00000      0.00000      0.00000      0.00000
    588.50000000      5.85192      0.00000      0.00000      0.00000      0.00000
    589.00000000      5.85179      0.00000      0.00000      0.00000      0.00000
    589.50000000      5.85147      0.00000      0.00000      0.00000      0.00000
    590.00000000      5.85049      0.00000      0.00000      0.00000      0.00000
    590.50000000      5.85007      0.00000      0.00000      0.00000      0.00000
    591.00000000      5.85403      0.00000      0.00000      0.00000      0.00000
    591.50000000      5.85649      0.00000      0.00000      0.00000      0.00000
    592.00000000      5.86327      0.00000      0.00000      0.00000      0.00000
    592.50000000      5.86456      0.00000      0.00000      0.00000      0.00000
    593.00000000      5.86962      0.00000      0.00000      0.00000      0.00000
    593.50000000      5.87258      0.00000      0.00000      0.00000      0.00000
    594.00000000      5.87616      0.00000      0.00000      0.00000      0.00000
    594.50000000      5.88404      0.00000      0.00000      0.00000      0.00000
    595.00000000      5.89453      0.00000      0.00000      0.00000      0.00000
    595.50000000      5.90675      0.00000      0.00000      0.00000      0.00000
    596.00000000      5.91948      0.00000      0.00000      0.00000      0.00000
    596.50000000      5.93226      0.00000      0.00000      0.00000      0.00000
    597.00000000      5.94356      0.00000      0.00000      0.00000      0.00000
    597.50000000      5.95324      0.00000      0.00000      0.00000      0.00000
    598.00000000      5.96152      0.00000      0.00000      0.00000      0.00000
    598.50000000      5.96922      0.00000      0.00000      0.00000      0.00000
    599.00000000      5.97629      0.00000      0.00000      0.00000      0.00000
    599.50000000      5.98086      0.00000      0.00000      0.00000      0.00000
    600.00000000      5.98606      0.00000      0.00000      0.00000      0.00000
    600.50000000      5.99231      0.00000      0.00000      0.00000      0.00000
    601.00000000      5.99383      0.00000      0.00000      0.00000      0.00000
    601.50000000      5.99607      0.00000      0.00000      0.00000      0.00000
    602.00000000      6.00139      0.00000      0.00000      0.00000      0.00000
    602.50000000      6.00637      0.00000      0.00000      0.00000      0.00000
    603.00000000      6.00995      0.00000      0.00000      0.00000      0.00000
    603.50000000      6.01201      0.00000      0.00000      0.00000      0.00000
    604.00000000      6.01780      0.00000      0.00000      0.00000      0.00000
    604.50000000      6.02143      0.00000      0.00000      0.00000      0.00000
    605.00000000      6.02736      0.00000      0.00000      0.00000      0.00000
    605.50000000      6.03383      0.00000      0.00000      0.00000      0.00000
    606.00000000      6.04043      0.00000      0.00000      0.00000      0.00000
    606.50000000      6.04609      0.00000      0.00000      0.00000      0.00000
    607.00000000      6.04729      0.00000      0.00000      0.00000      0.00000
    607.50000000      6.04630      0.00000      0.00000      0.00000      0.00000
    608.00000000      6.04372      0.00000      0.00000      0.00000      0.00000
    608.50000000      6.04054      0.00000      0.00000      0.00000      0.00000
    609.00000000      6.03857      0.00000      0.00000      0.00000      0.00000
    609.50000000      6.04040      0.00000      0.00000      0.00000      0.00000
    610.00000000      6.04100      0.00000      0.00000      0.00000      0.00000
    610.50000000      6.04246      0.00000      0.00000      0.00000      0.00000
    611.00000000      6.04361      0.00000      0.00000      0.00000      0.00000
    611.50000000      6.04217      0.00000      0.00000      0.00000      0.00000
    612.00000000      6.03896      0.00000      0.00000      0.00000      0.00000
    612.50000000      6.03826      0.00000      0.00000      0.00000      0.00000
    613.00000000      6.03594      0.00000      0.00000      0.00000      0.00000
    613.50000000      6.03375      0.00000      0.00000      0.00000      0.00000
    614.00000000      6.02980      0.00000      0.00000      0.00000      0.00000
    614.50000000      6.02410      0.00000      0.00000      0.00000      0.00000
    615.00000000      6.02392      0.00000      0.00000      0.00000      0.00000
    615.50000000      6.02350      0.00000      0.00000      0.00000      0.00000
    616.00000000      6.02279      0.00000      0.00000      0.00000      0.00000
    616.50000000      6.01912      0.00000      0.00000      0.00000      0.00000
    617.00000000      6.01433      0.00000      0.00000      0.00000      0.00000
    617.50000000      6.00866      0.00000      0.00000      0.00000      0.00000
    618.00000000      6.00188      0.00000      0.00000      0.00000      0.00000
    618.50000000      5.99848      0.00000      0.00000      0.00000      0.00000
    619.00000000      5.99560      0.00000      0.00000      0.00000      0.00000
    619.50000000      5.99518      0.00000      0.00000      0.00000      0.00000
    620.00000000      5.99613      0.00000      0.00000      0.00000      0.00000
    620.50000000      5.99832      0.00000      0.00000      0.00000      0.00000
    621.00000000      5.99805      0.00000      0.00000      0.00000      0.00000
    621.50000000      5.99755      0.00000      0.00000      0.00000      0.00000
    622.00000000      5.99584      0.00000      0.00000      0.00000      0.00000
    622.50000000      5.98971      0.00000      0.00000      0.00000      0.00000
    623.00000000      5.98682      0.00000      0.00000      0.00000      0.00000
    623.50000000      5.98285      0.00000      0.00000      0.00000      0.00000
