    220.00000000      4.99048      0.00000      0.00000      0.00000      0.00000
    220.50000000      4.98922      0.00000      0.00000      0.00000      0.00000
    221.00000000      4.98810      0.00000      0.00000      0.00000      0.00000
    221.50000000      4.99056      0.00000      0.00000      0.00000      0.00000
    222.00000000      4.99328      0.00000      0.00000      0.00000      0.00000
    222.50000000      4.99310      0.00000      0.00000      0.00000      0.00000
    223.00000000      4.99456      0.00000      0.00000      0.00000      0.00000
    223.50000000      4.99609      0.00000      0.00000      0.00000      0.00000
    224.00000000      4.99599      0.00000      0.00000      0.00000      0.00000
    224.50000000      4.99280      0.00000      0.00000      0.00000      0.00000
    225.00000000      4.99068      0.00000      0.00000      0.00000      0.00000
    225.50000000      4.99167      0.00000      0.00000      0.00000      0.00000
    226.00000000      4.99284      0.00000      0.00000      0.00000      0.00000
    226.50000000      4.99368      0.00000      0.00000      0.00000      0.00000
    227.00000000      4.99449      0.00000      0.00000      0.00000      0.00000
    227.50000000      4.99318      0.00000      0.00000      0.00000      0.00000
    228.00000000      4.99072      0.00000      0.00000      0.00000      0.00000
    228.50000000      4.99039      0.00000      0.00000      0.00000      0.00000
    229.00000000      4.98669      0.00000      0.00000      0.00000      0.00000
    229.50000000      4.98344      0.00000      0.00000      0.00000      0.00000
    230.00000000      4.98156      0.00000      0.00000      0.00000      0.00000
    230.50000000      4.97973      0.00000      0.00000      0.00000      0.00000
    231.00000000      4.97955      0.00000      0.00000      0.00000      0.00000
    231.50000000      4.97640      0.00000      0.00000      0.00000      0.00000
    232.00000000      4.97487      0.00000      0.00000      0.00000      0.00000
    232.50000000      4.97349      0.00000      0.00000      0.00000      0.00000
    233.00000000      4.97401      0.00000      0.00000      0.00000      0.00000
    233.50000000      4.97560      0.00000      0.00000      0.00000      0.00000
    234.00000000      4.97654      0.00000      0.00000      0.00000      0.00000
    234.50000000      4.97624      0.00000      0.00000      0.00000      0.00000
    235.00000000      4.97659      0.00000      0.00000      0.00000      0.00000
    235.50000000      4.97458      0.00000      0.00000      0.00000      0.00000
    236.00000000      4.97098      0.00000      0.00000      0.00000      0.00000
    236.50000000      4.96917      0.00000      0.00000      0.00000      0.00000
    237.00000000      4.96691      0.00000      0.00000      0.00000      0.00000
    237.50000000      4.96627      0.00000      0.00000      0.00000      0.00000
    238.00000000      4.96126      0.00000      0.00000      0.00000      0.00000
    238.50000000      4.95852      0.00000      0.00000      0.00000      0.00000
    239.00000000      4.95708      0.00000      0.00000      0.00000      0.00000
    239.50000000      4.96022      0.00000      0.00000      0.00000      0.00000
    240.00000000      4.96361      0.00000      0.00000      0.00000      0.00000
    240.50000000      4.96694      0.00000      0.00000      0.00000      0.00000
    241.00000000      4.97157      0.00000      0.00000      0.00000      0.00000
    241.50000000      4.97772      0.00000      0.00000      0.00000      0.00000
    242.00000000      4.98100      0.00000      0.00000      0.00000      0.00000
    242.50000000      4.97923      0.00000      0.00000      0.00000      0.00000
    243.00000000      4.97495      0.00000      0.00000      0.00000      0.00000
    243.50000000      4.96906      0.00000      0.00000      0.00000      0.00000
    244.00000000      4.96782      0.00000      0.00000      0.00000      0.00000
    244.50000000      4.96599      0.00000      0.00000      0.00000      0.00000
    245.00000000      4.96416      0.00000      0.00000      0.00000      0.00000
    245.50000000      4.96357      0.00000      0.00000      0.00000      0.00000
    246.00000000      4.96264      0.00000      0.00000      0.00000      0.00000
    246.50000000      4.96288      0.00000      0.00000      0.00000      0.00000
    247.00000000      4.95926      0.00000      0.00000      0.00000      0.00000
    247.50000000      4.95532      0.00000      0.00000      0.00000      0.00000
    248.00000000      4.95011      0.00000      0.00000      0.00000      0.00000
    248.50000000      4.94544      0.00000      0.00000      0.00000      0.00000
    249.00000000      4.94258      0.00000      0.00000      0.00000      0.00000
    249.50000000      4.94009      0.00000      0.00000      0.00000      0.00000
    250.00000000      4.93949      0.00000      0.00000      0.00000      0.00000
    250.50000000      4.94177      0.00000      0.00000      0.00000      0.00000
    251.00000000      4.94206      0.00000      0.00000      0.00000      0.00000
    251.50000000      4.94125      0.00000      0.00000      0.00000      0.00000
    252.00000000      4.94064      0.00000      0.00000      0.00000      0.00000
    252.50000000      4.94143      0.00000      0.00000      0.00000      0.00000
    253.00000000      4.94039      0.00000      0.00000      0.00000      0.00000
    253.50000000      4.93851      0.00000      0.00000      0.00000      0.00000
    254.00000000      4.93877      0.00000      0.00000      0.00000      0.00000
    254.50000000      4.93815      0.00000      0.00000      0.00000      0.00000
    255.00000000      4.93729      0.00000      0.00000      0.00000      0.00000
    255.50000000      4.93696      0.00000      0.00000      0.00000      0.00000
    256.00000000      4.93475      0.00000      0.00000      0.00000      0.00000
    256.50000000      4.92973      0.00000      0.00000      0.00000      0.00000
    257.00000000      4.92678      0.00000      0.00000      0.00000      0.00000
    257.50000000      4.92518      0.00000      0.00000      0.00000      0.00000
    258.00000000      4.92701      0.00000      0.00000      0.00000      0.00000
    258.50000000      4.92849      0.00000      0.00000      0.00000      0.00000
    259.00000000      4.92786      0.00000      0.00000      0.00000      0.00000
    259.50000000      4.92888      0.00000      0.00000      0.00000      0.00000
    260.00000000      4.92508      0.00000      0.00000      0.00000      0.00000
    260.50000000      4.92033      0.00000      0.00000      0.00000      0.00000
    261.00000000      4.91564      0.00000      0.00000      0.00000      0.00000
    261.50000000      4.90842      0.00000      0.00000      0.00000      0.00000
    262.00000000      4.90210      0.00000      0.00000      0.00000      0.00000
    262.50000000      4.89410      0.00000      0.00000      0.00000      0.00000
    263.00000000      4.88808      0.00000      0.00000      0.00000      0.00000
    263.50000000      4.88431      0.00000      0.00000      0.00000      0.00000
    264.00000000      4.88161      0.00000      0.00000      0.00000      0.00000
    264.50000000      4.88117      0.00000      0.00000      0.00000      0.00000
    265.00000000      4.87558      0.00000      0.00000      0.00000      0.00000
    265.50000000      4.86691      0.00000      0.00000      0.00000      0.00000
    266.00000000      4.85718      0.00000      0.00000      0.00000      0.00000
    266.50000000      4.85069      0.00000      0.00000      0.00000      0.00000
    267.00000000      4.84252      0.00000      0.00000      0.00000      0.00000
    267.50000000      4.83223      0.00000      0.00000      0.00000      0.00000
    268.00000000      4.82485      0.00000      0.00000      0.00000      0.00000
    268.50000000      4.81856      0.00000      0.00000      0.00000      0.00000
    269.00000000      4.81262      0.00000      0.00000      0.00000      0.00000
    269.50000000      4.80792      0.00000      0.00000      0.00000      0.00000
    270.00000000      4.80390      0.00000      0.00000      0.00000      0.00000
    270.50000000      4.79862      0.00000      0.00000      0.00000      0.00000
    271.00000000      4.79197      0.00000      0.00000      0.00000      0.00000
    271.50000000      4.78519      0.00000      0.00000      0.00000      0.00000
    272.00000000      4.78105      0.00000      0.00000      0.00000      0.00000
    272.50000000      4.77903      0.00000      0.00000      0.00000      0.00000
    273.00000000      4.78000      0.00000      0.00000      0.00000      0.00000
    273.50000000      4.78036      0.00000      0.00000      0.00000      0.00000
    274.00000000      4.78414      0.00000      0.00000      0.00000      0.00000
    274.50000000      4.78779      0.00000      0.00000      0.00000      0.00000
    275.00000000      4.79062      0.00000      0.00000      0.00000      0.00000
    275.50000000      4.79428      0.00000      0.00000      0.00000      0.00000
    276.00000000      4.79836      0.00000      0.00000      0.00000      0.00000
    276.50000000      4.80069      0.00000      0.00000      0.00000      0.00000
    277.00000000      4.80412      0.00000      0.00000      0.00000      0.00000
    277.50000000      4.80518      0.00000      0.00000      0.00000      0.00000
    278.00000000      4.80563      0.00000      0.00000      0.00000      0.00000
    278.50000000      4.80506      0.00000      0.00000      0.00000      0.00000
    279.00000000      4.80442      0.00000      0.00000      0.00000      0.00000
    279.50000000      4.80301      0.00000      0.00000      0.00000      0.00000
    280.00000000      4.80086      0.00000      0.00000      0.00000      0.00000
    280.50000000      4.79875      0.00000      0.00000      0.00000      0.00000
    281.00000000      4.79919      0.00000      0.00000      0.00000      0.00000
    281.50000000      4.80155      0.00000      0.00000      0.00000      0.00000
    282.00000000      4.80546      0.00000      0.00000      0.00000      0.00000
    282.50000000      4.80717      0.00000      0.00000      0.00000      0.00000
    283.00000000      4.80676      0.00000      0.00000      0.00000      0.00000
    283.50000000      4.80445      0.00000      0.00000      0.00000      0.00000
    284.00000000      4.80280      0.00000      0.00000      0.00000      0.00000
    284.50000000      4.79955      0.00000      0.00000      0.00000      0.00000
    285.00000000      4.79733      0.00000      0.00000      0.00000      0.00000
    285.50000000      4.79601      0.00000      0.00000      0.00000      0.00000
    286.00000000      4.79626      0.00000      0.00000      0.00000      0.00000
    286.50000000      4.79163      0.00000      0.00000      0.00000      0.00000
    287.00000000      4.78518      0.00000      0.00000      0.00000      0.00000
    287.50000000      4.77844      0.00000      0.00000      0.00000      0.00000
    288.00000000      4.77277      0.00000      0.00000      0.00000      0.00000
    288.50000000      4.76547      0.00000      0.00000      0.00000      0.00000
    289.00000000      4.75822      0.00000      0.00000      0.00000      0.00000
    289.50000000      4.75163      0.00000      0.00000      0.00000      0.00000
    290.00000000      4.74569      0.00000      0.00000      0.00000      0.00000
    290.50000000      4.74072      0.00000      0.00000      0.00000      0.00000
    291.00000000      4.73476      0.00000      0.00000      0.00000      0.00000
    291.50000000      4.72737      0.00000      0.00000      0.00000      0.00000
    292.00000000      4.72064      0.00000      0.00000      0.00000      0.00000
    292.50000000      4.71658      0.00000      0.00000      0.00000      0.00000
    293.00000000      4.71285      0.00000      0.00000      0.00000      0.00000
    293.50000000      4.70898      0.00000      0.00000      0.00000      0.00000
    294.00000000      4.70539      0.00000      0.00000      0.00000      0.00000
    294.50000000      4.70110      0.00000      0.00000      0.00000      0.00000
    295.00000000      4.69362      0.00000      0.00000      0.00000      0.00000
    295.50000000      4.68301      0.00000      0.00000      0.00000      0.00000
    296.00000000      4.67269      0.00000      0.00000      0.00000      0.00000
    296.50000000      4.66329      0.00000      0.00000      0.00000      0.00000
    297.00000000      4.65415      0.00000      0.00000      0.00000      0.00000
    297.50000000      4.64262      0.00000      0.00000      0.00000      0.00000
    298.00000000      4.63094      0.00000      0.00000      0.00000      0.00000
    298.50000000      4.62210      0.00000      0.00000      0.00000      0.00000
    299.00000000      4.61518      0.00000      0.00000      0.00000      0.00000
    299.50000000      4.60940      0.00000      0.00000      0.00000      0.00000
    300.00000000      4.60440      0.00000      0.00000      0.00000      0.00000
    300.50000000      4.60239      0.00000      0.00000      0.00000      0.00000
    301.00000000      4.60053      0.00000      0.00000      0.00000      0.00000
    301.50000000      4.60099      0.00000      0.00000      0.00000      0.00000
    302.00000000      4.60050      0.00000      0.00000      0.00000      0.00000
    302.50000000      4.59517      0.00000      0.00000      0.00000      0.00000
    303.00000000      4.58886      0.00000      0.00000      0.00000      0.00000
    303.50000000      4.58338      0.00000      0.00000      0.00000      0.00000
    304.00000000      4.57536      0.00000      0.00000      0.00000      0.00000
    304.50000000      4.57065      0.00000      0.00000      0.00000      0.00000
    305.00000000      4.56402      0.00000      0.00000      0.00000      0.00000
    305.50000000      4.56071      0.00000      0.00000      0.00000      0.00000
    306.00000000      4.55655      0.00000      0.00000      0.00000      0.00000
    306.50000000      4.55293      0.00000      0.00000      0.00000      0.00000
    307.00000000      4.55232      0.00000      0.00000      0.00000      0.00000
    307.50000000      4.55292      0.00000      0.00000      0.00000      0.00000
    308.00000000      4.55461      0.00000      0.00000      0.00000      0.00000
    308.50000000      4.55810      0.00000      0.00000      0.00000      0.00000
    309.00000000      4.55894      0.00000      0.00000      0.00000      0.00000
    309.50000000      4.56049      0.00000      0.00000      0.00000      0.00000
    310.00000000      4.56246      0.00000      0.00000      0.00000      0.00000
    310.50000000      4.56199      0.00000      0.00000      0.00000      0.00000
    311.00000000      4.56060      0.00000      0.00000      0.00000      0.00000
    311.50000000      4.56077      0.00000      0.00000      0.00000      0.00000
    312.00000000      4.56152      0.00000      0.00000      0.00000      0.00000
    312.50000000      4.56417      0.00000      0.00000      0.00000      0.00000
    313.00000000      4.56723      0.00000      0.00000      0.00000      0.00000
    313.50000000      4.57074      0.00000      0.00000      0.00000      0.00000
    314.00000000      4.57237      0.00000      0.00000      0.00000      0.00000
    314.50000000      4.57630      0.00000      0.00000      0.00000      0.00000
    315.00000000      4.58113      0.00000      0.00000      0.00000      0.00000
    315.50000000      4.58593      0.00000      0.00000      0.00000      0.00000
    316.00000000      4.59081      0.00000      0.00000      0.00000      0.00000
    316.50000000      4.59762      0.00000      0.00000      0.00000      0.00000
    317.00000000      4.60294      0.00000      0.00000      0.00000      0.00000
    317.50000000      4.60852      0.00000      0.00000      0.00000      0.00000
    318.00000000      4.61218      0.00000      0.00000      0.00000      0.00000
    318.50000000      4.61778      0.00000      0.00000      0.00000      0.00000
