      0.00000000      6.38388      0.00000      0.00000      0.00000      0.00000
      0.50000000      6.38201      0.00000      0.00000      0.00000      0.00000
      1.00000000      6.37774      0.00000      0.00000      0.00000      0.00000
      1.50000000      6.37180      0.00000      0.00000      0.00000      0.00000
      2.00000000      6.36548      0.00000      0.00000      0.00000      0.00000
      2.50000000      6.36163      0.00000      0.00000      0.00000      0.00000
      3.00000000      6.36068      0.00000      0.00000      0.00000      0.00000
      3.50000000      6.35671      0.00000      0.00000      0.00000      0.00000
      4.00000000      6.35346      0.00000      0.00000      0.00000      0.00000
      4.50000000      6.35040      0.00000      0.00000      0.00000      0.00000
      5.00000000      6.34756      0.00000      0.00000      0.00000      0.00000
      5.50000000      6.34764      0.00000      0.00000      0.00000      0.00000
      6.00000000      6.34945      0.00000      0.00000      0.00000      0.00000
      6.50000000      6.34861      0.00000      0.00000      0.00000      0.00000
      7.00000000      6.34638      0.00000      0.00000      0.00000      0.00000
      7.50000000      6.34323      0.00000      0.00000      0.00000      0.00000
      8.00000000      6.34281      0.00000      0.00000      0.00000      0.00000
      8.50000000      6.34015      0.00000      0.00000      0.00000      0.00000
      9.00000000      6.33508      0.00000      0.00000      0.00000      0.00000
      9.50000000      6.32543      0.00000      0.00000      0.00000      0.00000
     10.00000000      6.31844      0.00000      0.00000      0.00000      0.00000
     10.50000000      6.31238      0.00000      0.00000      0.00000      0.00000
     11.00000000      6.30627      0.00000      0.00000      0.00000      0.00000
     11.50000000      6.30109      0.00000      0.00000      0.00000      0.00000
     12.00000000      6.29833      0.00000      0.00000      0.00000      0.00000
     12.50000000      6.29817      0.00000      0.00000      0.00000      0.00000
     13.00000000      6.29925      0.00000      0.00000      0.00000      0.00000
     13.50000000      6.30074      0.00000      0.00000      0.00000      0.00000
     14.00000000      6.30423      0.00000      0.00000      0.00000      0.00000
     14.50000000      6.30407      0.00000      0.00000      0.00000      0.00000
     15.00000000      6.30408      0.00000      0.00000      0.00000      0.00000
     15.50000000      6.30495      0.00000      0.00000      0.00000      0.00000
     16.00000000      6.30467      0.00000      0.00000      0.00000      0.00000
     16.50000000      6.30573      0.00000      0.00000      0.00000      0.00000
     17.00000000      6.30887      0.00000      0.00000      0.00000      0.00000
     17.50000000      6.31051      0.00000      0.00000      0.00000      0.00000
     18.00000000      6.31112      0.00000      0.00000      0.00000      0.00000
     18.50000000      6.30945      0.00000      0.00000      0.00000      0.00000
     19.00000000      6.30807      0.00000      0.00000      0.00000      0.00000
     19.50000000      6.30758      0.00000      0.00000      0.00000      0.00000
     20.00000000      6.30515      0.00000      0.00000      0.00000      0.00000
     20.50000000      6.30317      0.00000      0.00000      0.00000      0.00000
     21.00000000      6.29847      0.00000      0.00000      0.00000      0.00000
     21.50000000      6.29366      0.00000      0.00000      0.00000      0.00000
     22.00000000      6.29034      0.00000      0.00000      0.00000      0.00000
     22.50000000      6.28567      0.00000      0.00000      0.00000      0.00000
     23.00000000      6.27858      0.00000      0.00000      0.00000      0.00000
     23.50000000      6.27194      0.00000      0.00000      0.00000      0.00000
     24.00000000      6.26798      0.00000      0.00000      0.00000      0.00000
     24.50000000      6.26287      0.00000      0.00000      0.00000      0.00000
     25.00000000      6.25770      0.00000      0.00000      0.00000      0.00000
     25.50000000      6.25170      0.00000      0.00000      0.00000      0.00000
     26.00000000      6.24431      0.00000      0.00000      0.00000      0.00000
     26.50000000      6.23857      0.00000      0.00000      0.00000      0.00000
     27.00000000      6.23670      0.00000      0.00000      0.00000      0.00000
     27.50000000      6.23443      0.00000      0.00000      0.00000      0.00000
     28.00000000      6.22976      0.00000      0.00000      0.00000      0.00000
     28.50000000      6.22222      0.00000      0.00000      0.00000      0.00000
     29.00000000      6.21303      0.00000      0.00000      0.00000      0.00000
     29.50000000      6.20361      0.00000      0.00000      0.00000      0.00000
     30.00000000      6.19265      0.00000      0.00000      0.00000      0.00000
     30.50000000      6.18232      0.00000      0.00000      0.00000      0.00000
     31.00000000      6.17401      0.00000      0.00000      0.00000      0.00000
     31.50000000      6.16588      0.00000      0.00000      0.00000      0.00000
     32.00000000      6.15735      0.00000      0.00000      0.00000      0.00000
     32.50000000      6.15156      0.00000      0.00000      0.00000      0.00000
     33.00000000      6.14534      0.00000      0.00000      0.00000      0.00000
     33.50000000      6.13867      0.00000      0.00000      0.00000      0.00000
     34.00000000      6.13103      0.00000      0.00000      0.00000      0.00000
     34.50000000      6.12321      0.00000      0.00000      0.00000      0.00000
     35.00000000      6.11528      0.00000      0.00000      0.00000      0.00000
     35.50000000      6.11003      0.00000      0.00000      0.00000      0.00000
     36.00000000      6.10241      0.00000      0.00000      0.00000      0.00000
     36.50000000      6.09654      0.00000      0.00000      0.00000      0.00000
     37.00000000      6.08913      0.00000      0.00000      0.00000      0.00000
     37.50000000      6.08140      0.00000      0.00000      0.00000      0.00000
     38.00000000      6.07426      0.00000      0.00000      0.00000      0.00000
     38.50000000      6.06748      0.00000      0.00000      0.00000      0.00000
     39.00000000      6.06137      0.00000      0.00000      0.00000      0.00000
     39.50000000      6.05251      0.00000      0.00000      0.00000      0.00000
     40.00000000      6.04606      0.00000      0.00000      0.00000      0.00000
     40.50000000      6.04092      0.00000      0.00000      0.00000      0.00000
     41.00000000      6.03485      0.00000      0.00000      0.00000      0.00000
     41.50000000      6.02985      0.00000      0.00000      0.00000      0.00000
     42.00000000      6.02692      0.00000      0.00000      0.00000      0.00000
     42.50000000      6.02480      0.00000      0.00000      0.00000      0.00000
     43.00000000      6.02450      0.00000      0.00000      0.00000      0.00000
     43.50000000      6.02560      0.00000      0.00000      0.00000      0.00000
     44.00000000      6.02564      0.00000      0.00000      0.00000      0.00000
     44.50000000      6.02941      0.00000      0.00000      0.00000      0.00000
     45.00000000      6.03129      0.00000      0.00000      0.00000      0.00000
     45.50000000      6.03314      0.00000      0.00000      0.00000      0.00000
     46.00000000      6.03738      0.00000      0.00000      0.00000      0.00000
     46.50000000      6.04271      0.00000      0.00000      0.00000      0.00000
     47.00000000      6.05061      0.00000      0.00000      0.00000      0.00000
     47.50000000      6.05341      0.00000      0.00000      0.00000      0.00000
     48.00000000      6.05669      0.00000      0.00000      0.00000      0.00000
     48.50000000      6.05768      0.00000      0.00000      0.00000      0.00000
     49.00000000      6.05562      0.00000      0.00000      0.00000      0.00000
     49.50000000      6.05616      0.00000      0.00000      0.00000      0.00000
     50.00000000      6.05553      0.00000      0.00000      0.00000      0.00000
     50.50000000      6.05361      0.00000      0.00000      0.00000      0.00000
     51.00000000      6.05431      0.00000      0.00000      0.00000      0.00000
     51.50000000      6.05620      0.00000      0.00000      0.00000      0.00000
     52.00000000      6.05462      0.00000      0.00000      0.00000      0.00000
     52.50000000      6.05261      0.00000      0.00000      0.00000      0.00000
     53.00000000      6.04980      0.00000      0.00000      0.00000      0.00000
     53.50000000      6.04409      0.00000      0.00000      0.00000      0.00000
     54.00000000      6.03643      0.00000      0.00000      0.00000      0.00000
     54.50000000      6.02952      0.00000      0.00000      0.00000      0.00000
     55.00000000      6.02247      0.00000      0.00000      0.00000      0.00000
     55.50000000      6.01388      0.00000      0.00000      0.00000      0.00000
     56.00000000      6.00962      0.00000      0.00000      0.00000      0.00000
     56.50000000      6.00626      0.00000      0.00000      0.00000      0.00000
     57.00000000      5.99939      0.00000      0.00000      0.00000      0.00000
     57.50000000      5.99496      0.00000      0.00000      0.00000      0.00000
     58.00000000      5.98701      0.00000      0.00000      0.00000      0.00000
     58.50000000      5.97816      0.00000      0.00000      0.00000      0.00000
     59.00000000      5.97163      0.00000      0.00000      0.00000      0.00000
     59.50000000      5.96362      0.00000      0.00000      0.00000      0.00000
     60.00000000      5.95642      0.00000      0.00000      0.00000      0.00000
     60.50000000      5.95186      0.00000      0.00000      0.00000      0.00000
     61.00000000      5.94842      0.00000      0.00000      0.00000      0.00000
     61.50000000      5.94807      0.00000      0.00000      0.00000      0.00000
     62.00000000      5.95074      0.00000      0.00000      0.00000      0.00000
     62.50000000      5.95026      0.00000      0.00000      0.00000      0.00000
     63.00000000      5.94856      0.00000      0.00000      0.00000      0.00000
     63.50000000      5.94818      0.00000      0.00000      0.00000      0.00000
     64.00000000      5.94313      0.00000      0.00000      0.00000      0.00000
     64.50000000      5.93998      0.00000      0.00000      0.00000      0.00000
     65.00000000      5.93895      0.00000      0.00000      0.00000      0.00000
     65.50000000      5.94171      0.00000      0.00000      0.00000      0.00000
     66.00000000      5.94496      0.00000      0.00000      0.00000      0.00000
     66.50000000      5.94932      0.00000      0.00000      0.00000      0.00000
     67.00000000      5.95228      0.00000      0.00000      0.00000      0.00000
     67.50000000      5.95156      0.00000      0.00000      0.00000      0.00000
     68.00000000      5.95319      0.00000      0.00000      0.00000      0.00000
     68.50000000      5.95546      0.00000      0.00000      0.00000      0.00000
     69.00000000      5.95622      0.00000      0.00000      0.00000      0.00000
     69.50000000      5.95876      0.00000      0.00000      0.00000      0.00000
     70.00000000      5.96168      0.00000      0.00000      0.00000      0.00000
     70.50000000      5.96486      0.00000      0.00000      0.00000      0.00000
     71.00000000      5.96782      0.00000      0.00000      0.00000      0.00000
     71.50000000      5.97031      0.00000      0.00000      0.00000      0.00000
     72.00000000      5.97194      0.00000      0.00000      0.00000      0.00000
     72.50000000      5.97062      0.00000      0.00000      0.00000      0.00000
     73.00000000      5.96871      0.00000      0.00000      0.00000      0.00000
     73.50000000      5.96639      0.00000      0.00000      0.00000      0.00000
     74.00000000      5.96305      0.00000      0.00000      0.00000      0.00000
     74.50000000      5.96102      0.00000      0.00000      0.00000      0.00000
     75.00000000      5.95844      0.00000      0.00000      0.00000      0.00000
     75.50000000      5.95942      0.00000      0.00000      0.00000      0.00000
     76.00000000      5.96495      0.00000      0.00000      0.00000      0.00000
     76.50000000      5.96747      0.00000      0.00000      0.00000      0.00000
     77.00000000      5.96839      0.00000      0.00000      0.00000      0.00000
     77.50000000      5.96646      0.00000      0.00000      0.00000      0.00000
     78.00000000      5.96313      0.00000      0.00000      0.00000      0.00000
     78.50000000      5.95762      0.00000      0.00000      0.00000      0.00000
     79.00000000      5.95344      0.00000      0.00000      0.00000      0.00000
     79.50000000      5.95221      0.00000      0.00000      0.00000      0.00000
     80.00000000      5.94628      0.00000      0.00000      0.00000      0.00000
     80.50000000      5.94016      0.00000      0.00000      0.00000      0.00000
     81.00000000      5.93609      0.00000      0.00000      0.00000      0.00000
     81.50000000      5.92937      0.00000      0.00000      0.00000      0.00000
     82.00000000      5.92122      0.00000      0.00000      0.00000      0.00000
     82.50000000      5.91759      0.00000      0.00000      0.00000      0.00000
     83.00000000      5.91191      0.00000      0.00000      0.00000      0.00000
     83.50000000      5.90805      0.00000      0.00000      0.00000      0.00000
     84.00000000      5.90543      0.00000      0.00000      0.00000      0.00000
     84.50000000      5.90360      0.00000      0.00000      0.00000      0.00000
     85.00000000      5.90306      0.00000      0.00000      0.00000      0.00000
     85.50000000      5.90043      0.00000      0.00000      0.00000      0.00000
     86.00000000      5.89736      0.00000      0.00000      0.00000      0.00000
     86.50000000      5.89057      0.00000      0.00000      0.00000      0.00000
     87.00000000      5.88447      0.00000      0.00000      0.00000      0.00000
     87.50000000      5.87680      0.00000      0.00000      0.00000      0.00000
     88.00000000      5.86900      0.00000      0.00000      0.00000      0.00000
     88.50000000      5.85955      0.00000      0.00000      0.00000      0.00000
     89.00000000      5.85095      0.00000      0.00000      0.00000      0.00000
     89.50000000      5.84368      0.00000      0.00000      0.00000      0.00000
     90.00000000      5.83704      0.00000      0.00000      0.00000      0.00000
     90.50000000      5.83431      0.00000      0.00000      0.00000      0.00000
     91.00000000      5.82876      0.00000      0.00000      0.00000      0.00000
     91.50000000      5.82508      0.00000      0.00000      0.00000      0.00000
     92.00000000      5.82175      0.00000      0.00000      0.00000      0.00000
     92.50000000      5.81644      0.00000      0.00000      0.00000      0.00000
     93.00000000      5.81273      0.00000      0.00000      0.00000      0.00000
     93.50000000      5.80885      0.00000      0.00000      0.00000      0.00000
