0.00000000	4.97845
0.50000000	4.97934
1.00000000	4.97943
1.50000000	4.98060
2.00000000	4.98143
2.50000000	4.98214
3.00000000	4.98227
3.50000000	4.98326
4.00000000	4.98424
4.50000000	4.98664
5.00000000	4.98911
5.50000000	4.99230
6.00000000	4.99455
6.50000000	4.99695
7.00000000	5.00023
7.50000000	5.00382
8.00000000	5.00650
8.50000000	5.01003
9.00000000	5.01221
9.50000000	5.01543
10.00000000	5.01742
10.50000000	5.01903
11.00000000	5.01942
11.50000000	5.02163
12.00000000	5.02243
12.50000000	5.02442
13.00000000	5.02648
13.50000000	5.02764
14.00000000	5.02779
14.50000000	5.02712
15.00000000	5.02615
15.50000000	5.02698
16.00000000	5.02755
16.50000000	5.02705
17.00000000	5.02566
17.50000000	5.02515
18.00000000	5.02513
18.50000000	5.02418
19.00000000	5.02328
19.50000000	5.02193
20.00000000	5.02246
20.50000000	5.02435
21.00000000	5.02774
21.50000000	5.02978
22.00000000	5.03169
22.50000000	5.03214
23.00000000	5.03288
23.50000000	5.03452
24.00000000	5.03589
24.50000000	5.03870
25.00000000	5.04135
25.50000000	5.04495
26.00000000	5.04988
26.50000000	5.05507
27.00000000	5.05949
27.50000000	5.06463
28.00000000	5.06970
28.50000000	5.07312
29.00000000	5.07666
29.50000000	5.07977
30.00000000	5.08275
30.50000000	5.08579
31.00000000	5.08827
31.50000000	5.09066
32.00000000	5.09265
32.50000000	5.09395
33.00000000	5.09481
33.50000000	5.09590
34.00000000	5.09724
34.50000000	5.09837
35.00000000	5.10014
35.50000000	5.10328
36.00000000	5.10570
36.50000000	5.10873
37.00000000	5.11301
37.50000000	5.11545
38.00000000	5.11879
38.50000000	5.12113
39.00000000	5.12405
39.50000000	5.12622
40.00000000	5.12803
40.50000000	5.13149
41.00000000	5.13409
41.50000000	5.13698
42.00000000	5.13787
42.50000000	5.13814
43.00000000	5.13907
43.50000000	5.13928
44.00000000	5.13970
44.50000000	5.14045
45.00000000	5.14266
45.50000000	5.14467
46.00000000	5.14805
46.50000000	5.15056
47.00000000	5.15163
47.50000000	5.15280
48.00000000	5.15334
48.50000000	5.15354
49.00000000	5.15467
49.50000000	5.15516
50.00000000	5.15643
50.50000000	5.15831
51.00000000	5.16057
51.50000000	5.16373
52.00000000	5.16767
52.50000000	5.17137
53.00000000	5.17533
53.50000000	5.17809
54.00000000	5.17997
54.50000000	5.18040
55.00000000	5.18124
55.50000000	5.18203
56.00000000	5.18368
56.50000000	5.18648
57.00000000	5.18902
57.50000000	5.19105
58.00000000	5.19296
58.50000000	5.19508
59.00000000	5.19771
59.50000000	5.19882
60.00000000	5.19947
60.50000000	5.19963
61.00000000	5.20004
61.50000000	5.20016
62.00000000	5.20011
62.50000000	5.19905
63.00000000	5.19848
63.50000000	5.19935
64.00000000	5.20009
64.50000000	5.20022
65.00000000	5.19892
65.50000000	5.19750
66.00000000	5.19633
66.50000000	5.19353
67.00000000	5.19206
67.50000000	5.19040
68.00000000	5.18954
68.50000000	5.19046
69.00000000	5.18915
69.50000000	5.18875
70.00000000	5.18775
70.50000000	5.18597
71.00000000	5.18499
71.50000000	5.18357
72.00000000	5.18187
72.50000000	5.17927
73.00000000	5.17847
73.50000000	5.17720
74.00000000	5.17526
74.50000000	5.17389
75.00000000	5.17299
75.50000000	5.17144
76.00000000	5.17064
76.50000000	5.16779
77.00000000	5.16453
77.50000000	5.16094
78.00000000	5.15587
78.50000000	5.15149
79.00000000	5.14680
79.50000000	5.14217
80.00000000	5.13704
80.50000000	5.13121
81.00000000	5.12577
81.50000000	5.12116
82.00000000	5.11631
82.50000000	5.11163
83.00000000	5.10679
83.50000000	5.10201
84.00000000	5.09695
84.50000000	5.09114
85.00000000	5.08592
85.50000000	5.07992
86.00000000	5.07399
86.50000000	5.06721
87.00000000	5.06056
87.50000000	5.05531
88.00000000	5.05144
88.50000000	5.04960
89.00000000	5.04818
89.50000000	5.04666
90.00000000	5.04482
90.50000000	5.04253
91.00000000	5.03955
91.50000000	5.03620
92.00000000	5.03122
92.50000000	5.02735
93.00000000	5.02352
93.50000000	5.01920
94.00000000	5.01447
94.50000000	5.00954
95.00000000	5.00590
95.50000000	5.00207
96.00000000	4.99861
96.50000000	4.99464
97.00000000	4.99030
97.50000000	4.98659
98.00000000	4.98369
98.50000000	4.98103
99.00000000	4.97875
99.50000000	4.97518
100.00000000	4.97096
100.50000000	4.96717
101.00000000	4.96345
101.50000000	4.96027
102.00000000	4.95686
102.50000000	4.95433
103.00000000	4.95267
103.50000000	4.94988
104.00000000	4.94786
104.50000000	4.94714
105.00000000	4.94666
105.50000000	4.94628
106.00000000	4.94598
106.50000000	4.94558
107.00000000	4.94592
107.50000000	4.94691
108.00000000	4.94724
108.50000000	4.94763
109.00000000	4.94843
109.50000000	4.94904
110.00000000	4.94832
110.50000000	4.94826
111.00000000	4.94896
111.50000000	4.94991
112.00000000	4.95138
112.50000000	4.95373
113.00000000	4.95599
113.50000000	4.95742
114.00000000	4.95839
114.50000000	4.95778
115.00000000	4.95731
115.50000000	4.95670
116.00000000	4.95608
116.50000000	4.95528
117.00000000	4.95360
117.50000000	4.95186
118.00000000	4.95073
118.50000000	4.94993
119.00000000	4.94967
119.50000000	4.94842
120.00000000	4.94755
120.50000000	4.94777
121.00000000	4.94794
121.50000000	4.94812
122.00000000	4.94739
122.50000000	4.94588
123.00000000	4.94371
123.50000000	4.94120
124.00000000	4.93933
124.50000000	4.93718
125.00000000	4.93336
125.50000000	4.93025
126.00000000	4.92689
126.50000000	4.92275
127.00000000	4.91873
127.50000000	4.91568
128.00000000	4.91325
128.50000000	4.91132
129.00000000	4.91038
129.50000000	4.90879
130.00000000	4.90778
130.50000000	4.90710
131.00000000	4.90679
131.50000000	4.90567
132.00000000	4.90382
132.50000000	4.90168
133.00000000	4.89997
133.50000000	4.89731
134.00000000	4.89422
134.50000000	4.89019
135.00000000	4.88663
135.50000000	4.88398
136.00000000	4.88101
136.50000000	4.87838
137.00000000	4.87532
137.50000000	4.87121
138.00000000	4.86785
138.50000000	4.86533
139.00000000	4.86258
139.50000000	4.85909
140.00000000	4.85592
140.50000000	4.85263
141.00000000	4.84856
141.50000000	4.84540
142.00000000	4.84222
142.50000000	4.84119
143.00000000	4.83980
143.50000000	4.83923
144.00000000	4.83876
144.50000000	4.83877
145.00000000	4.83784
145.50000000	4.83770
146.00000000	4.83671
146.50000000	4.83558
147.00000000	4.83468
147.50000000	4.83288
148.00000000	4.83217
148.50000000	4.83206
149.00000000	4.83111
149.50000000	4.82966
150.00000000	4.82780
150.50000000	4.82492
151.00000000	4.82141
151.50000000	4.81784
152.00000000	4.81575
152.50000000	4.81391
153.00000000	4.81203
153.50000000	4.81104
154.00000000	4.81046
154.50000000	4.81141
155.00000000	4.81148
155.50000000	4.81183
156.00000000	4.81220
156.50000000	4.81282
157.00000000	4.81311
157.50000000	4.81380
158.00000000	4.81566
158.50000000	4.81573
159.00000000	4.81620
159.50000000	4.81755
160.00000000	4.81882
160.50000000	4.82160
161.00000000	4.82454
161.50000000	4.82780
162.00000000	4.83207
162.50000000	4.83569
163.00000000	4.83913
163.50000000	4.84113
164.00000000	4.84276
164.50000000	4.84245
165.00000000	4.84135
165.50000000	4.84126
166.00000000	4.84247
166.50000000	4.84390
167.00000000	4.84509
167.50000000	4.84614
168.00000000	4.84892
168.50000000	4.85054
169.00000000	4.85174
169.50000000	4.85304
170.00000000	4.85457
170.50000000	4.85619
171.00000000	4.85641
171.50000000	4.85767
172.00000000	4.85734
172.50000000	4.85685
173.00000000	4.85489
173.50000000	4.85218
174.00000000	4.85056
174.50000000	4.84850
175.00000000	4.84598
175.50000000	4.84238
176.00000000	4.84029
176.50000000	4.83816
177.00000000	4.83544
177.50000000	4.83266
178.00000000	4.83023
178.50000000	4.82841
179.00000000	4.82570
179.50000000	4.82278
180.00000000	4.81951
180.50000000	4.81672
181.00000000	4.81426
181.50000000	4.81081
182.00000000	4.80734
182.50000000	4.80524
183.00000000	4.80243
183.50000000	4.80011
184.00000000	4.79665
184.50000000	4.79405
185.00000000	4.79198
185.50000000	4.78981
186.00000000	4.78988
186.50000000	4.79099
187.00000000	4.79162
187.50000000	4.79221
188.00000000	4.79480
188.50000000	4.79777
189.00000000	4.80020
189.50000000	4.80196
190.00000000	4.80257
190.50000000	4.80133
191.00000000	4.80009
191.50000000	4.79979
192.00000000	4.79818
192.50000000	4.79641
193.00000000	4.79416
193.50000000	4.79164
194.00000000	4.79014
194.50000000	4.78912
195.00000000	4.78958
195.50000000	4.79025
196.00000000	4.79082
196.50000000	4.79285
197.00000000	4.79579
197.50000000	4.79818
198.00000000	4.80157
198.50000000	4.80285
199.00000000	4.80386
199.50000000	4.80613
200.00000000	4.80829
200.50000000	4.81080
201.00000000	4.81313
201.50000000	4.81615
202.00000000	4.82042
202.50000000	4.82362
203.00000000	4.82625
203.50000000	4.82917
204.00000000	4.83226
204.50000000	4.83547
205.00000000	4.83855
205.50000000	4.84168
206.00000000	4.84511
206.50000000	4.84906
207.00000000	4.85248
207.50000000	4.85554
208.00000000	4.85714
208.50000000	4.85906
209.00000000	4.86034
209.50000000	4.86166
210.00000000	4.86273
210.50000000	4.86412
211.00000000	4.86582
211.50000000	4.86804
212.00000000	4.87091
212.50000000	4.87433
213.00000000	4.87691
213.50000000	4.87959
214.00000000	4.88112
214.50000000	4.88211
215.00000000	4.88248
215.50000000	4.88176
216.00000000	4.88083
216.50000000	4.88093
217.00000000	4.88246
217.50000000	4.88339
218.00000000	4.88327
218.50000000	4.88395
219.00000000	4.88448
219.50000000	4.88523
220.00000000	4.88567
220.50000000	4.88606
221.00000000	4.88747
221.50000000	4.88865
222.00000000	4.88837
222.50000000	4.88796
223.00000000	4.88948
223.50000000	4.89011
224.00000000	4.88978
224.50000000	4.89010
225.00000000	4.88945
225.50000000	4.89026
226.00000000	4.89062
226.50000000	4.89071
227.00000000	4.89079
227.50000000	4.88983
228.00000000	4.88980
228.50000000	4.88981
229.00000000	4.89112
229.50000000	4.89177
230.00000000	4.89165
230.50000000	4.89157
231.00000000	4.89159
231.50000000	4.89114
232.00000000	4.89141
232.50000000	4.89228
233.00000000	4.89326
233.50000000	4.89400
234.00000000	4.89525
234.50000000	4.89746
235.00000000	4.89745
235.50000000	4.89937
236.00000000	4.90071
236.50000000	4.90179
237.00000000	4.90339
237.50000000	4.90501
238.00000000	4.90655
238.50000000	4.90808
239.00000000	4.90947
239.50000000	4.91091
240.00000000	4.91149
240.50000000	4.91214
241.00000000	4.91402
241.50000000	4.91710
242.00000000	4.91996
242.50000000	4.92239
