730.00000000	6.50304
730.50000000	6.50254
731.00000000	6.50110
731.50000000	6.49843
732.00000000	6.49589
732.50000000	6.49373
733.00000000	6.49121
733.50000000	6.48938
734.00000000	6.48906
734.50000000	6.48642
735.00000000	6.48507
735.50000000	6.48369
736.00000000	6.48382
736.50000000	6.48472
737.00000000	6.48597
737.50000000	6.48717
738.00000000	6.48724
738.50000000	6.48679
739.00000000	6.48556
739.50000000	6.48499
740.00000000	6.48321
740.50000000	6.48175
741.00000000	6.48002
741.50000000	6.47749
742.00000000	6.47422
742.50000000	6.47135
743.00000000	6.46751
743.50000000	6.46288
744.00000000	6.45889
744.50000000	6.45549
745.00000000	6.45237
745.50000000	6.44800
746.00000000	6.44617
746.50000000	6.44425
747.00000000	6.44189
747.50000000	6.44065
748.00000000	6.43945
748.50000000	6.43793
749.00000000	6.43617
749.50000000	6.43435
750.00000000	6.43278
750.50000000	6.43142
751.00000000	6.43044
751.50000000	6.42902
752.00000000	6.42903
752.50000000	6.42857
753.00000000	6.42857
753.50000000	6.42897
754.00000000	6.42963
754.50000000	6.43023
755.00000000	6.42890
755.50000000	6.42776
756.00000000	6.42697
756.50000000	6.42688
757.00000000	6.42704
757.50000000	6.42639
758.00000000	6.42551
758.50000000	6.42558
759.00000000	6.42635
759.50000000	6.42690
760.00000000	6.42849
760.50000000	6.42876
761.00000000	6.43010
761.50000000	6.43115
762.00000000	6.43299
762.50000000	6.43469
763.00000000	6.43579
763.50000000	6.43653
764.00000000	6.43586
764.50000000	6.43422
765.00000000	6.43386
765.50000000	6.43314
766.00000000	6.43056
766.50000000	6.42744
767.00000000	6.42467
767.50000000	6.42263
768.00000000	6.41999
768.50000000	6.41862
769.00000000	6.41779
769.50000000	6.41608
770.00000000	6.41454
770.50000000	6.41186
771.00000000	6.40851
771.50000000	6.40502
772.00000000	6.40253
772.50000000	6.40186
773.00000000	6.40178
773.50000000	6.40001
774.00000000	6.39769
774.50000000	6.39576
775.00000000	6.39381
775.50000000	6.39159
776.00000000	6.38844
776.50000000	6.38492
777.00000000	6.38051
777.50000000	6.37683
778.00000000	6.37353
778.50000000	6.37088
779.00000000	6.36830
779.50000000	6.36580
780.00000000	6.36290
780.50000000	6.36097
781.00000000	6.35874
781.50000000	6.35737
782.00000000	6.35575
782.50000000	6.35386
783.00000000	6.35339
783.50000000	6.35273
784.00000000	6.35265
784.50000000	6.35158
785.00000000	6.35090
785.50000000	6.34972
786.00000000	6.34777
786.50000000	6.34692
787.00000000	6.34746
787.50000000	6.34690
788.00000000	6.34744
788.50000000	6.34752
789.00000000	6.34721
789.50000000	6.34631
790.00000000	6.34509
790.50000000	6.34265
791.00000000	6.33932
791.50000000	6.33786
792.00000000	6.33720
792.50000000	6.33565
793.00000000	6.33364
793.50000000	6.33003
794.00000000	6.32647
794.50000000	6.32257
795.00000000	6.31897
795.50000000	6.31566
796.00000000	6.31324
796.50000000	6.31145
797.00000000	6.30891
797.50000000	6.30853
798.00000000	6.30867
798.50000000	6.30717
799.00000000	6.30546
799.50000000	6.30447
800.00000000	6.30261
800.50000000	6.30097
801.00000000	6.29968
801.50000000	6.29825
802.00000000	6.29615
802.50000000	6.29417
803.00000000	6.29077
803.50000000	6.28753
804.00000000	6.28478
804.50000000	6.28239
805.00000000	6.28036
805.50000000	6.27742
806.00000000	6.27526
806.50000000	6.27309
807.00000000	6.27146
807.50000000	6.26991
808.00000000	6.26858
808.50000000	6.26641
809.00000000	6.26542
809.50000000	6.26428
810.00000000	6.26381
810.50000000	6.26461
811.00000000	6.26409
811.50000000	6.26404
812.00000000	6.26169
812.50000000	6.26002
813.00000000	6.25929
813.50000000	6.25805
814.00000000	6.25675
814.50000000	6.25468
815.00000000	6.25169
815.50000000	6.24841
816.00000000	6.24565
816.50000000	6.24382
817.00000000	6.24130
817.50000000	6.23895
818.00000000	6.23707
818.50000000	6.23639
819.00000000	6.23723
819.50000000	6.23900
820.00000000	6.24016
820.50000000	6.24083
821.00000000	6.24107
821.50000000	6.24259
822.00000000	6.24439
822.50000000	6.24666
823.00000000	6.24735
823.50000000	6.24784
824.00000000	6.24888
824.50000000	6.25027
825.00000000	6.25083
825.50000000	6.25258
826.00000000	6.25444
826.50000000	6.25791
827.00000000	6.26125
827.50000000	6.26344
828.00000000	6.26600
828.50000000	6.26873
829.00000000	6.27144
829.50000000	6.27418
830.00000000	6.27857
830.50000000	6.28381
831.00000000	6.28813
831.50000000	6.29153
832.00000000	6.29509
832.50000000	6.29846
833.00000000	6.30119
833.50000000	6.30357
834.00000000	6.30555
834.50000000	6.30727
835.00000000	6.30858
835.50000000	6.30931
836.00000000	6.31071
836.50000000	6.31203
837.00000000	6.31471
837.50000000	6.31635
838.00000000	6.31770
838.50000000	6.31881
839.00000000	6.31937
839.50000000	6.32001
840.00000000	6.32179
840.50000000	6.32357
841.00000000	6.32459
841.50000000	6.32494
842.00000000	6.32452
842.50000000	6.32320
843.00000000	6.32333
843.50000000	6.32250
844.00000000	6.32177
844.50000000	6.32133
845.00000000	6.32167
845.50000000	6.32324
846.00000000	6.32652
846.50000000	6.33030
847.00000000	6.33327
847.50000000	6.33611
848.00000000	6.33828
848.50000000	6.34057
849.00000000	6.34299
849.50000000	6.34454
850.00000000	6.34620
850.50000000	6.34731
851.00000000	6.34863
851.50000000	6.35023
852.00000000	6.35149
852.50000000	6.35208
853.00000000	6.35264
853.50000000	6.35325
854.00000000	6.35392
854.50000000	6.35661
855.00000000	6.35862
855.50000000	6.36013
856.00000000	6.36219
856.50000000	6.36430
857.00000000	6.36533
857.50000000	6.36804
858.00000000	6.37126
858.50000000	6.37286
859.00000000	6.37331
859.50000000	6.37291
860.00000000	6.37269
860.50000000	6.37188
861.00000000	6.37251
861.50000000	6.37266
862.00000000	6.37404
862.50000000	6.37543
863.00000000	6.37730
863.50000000	6.37849
864.00000000	6.37976
864.50000000	6.38110
865.00000000	6.38036
865.50000000	6.37960
866.00000000	6.37921
866.50000000	6.37928
867.00000000	6.37914
867.50000000	6.37890
868.00000000	6.37991
868.50000000	6.38186
869.00000000	6.38291
869.50000000	6.38447
870.00000000	6.38642
870.50000000	6.38699
871.00000000	6.38652
871.50000000	6.38643
872.00000000	6.38443
872.50000000	6.38167
873.00000000	6.37812
873.50000000	6.37377
874.00000000	6.37028
874.50000000	6.36662
875.00000000	6.36350
875.50000000	6.36157
876.00000000	6.36007
876.50000000	6.35796
877.00000000	6.35427
877.50000000	6.35196
878.00000000	6.34999
878.50000000	6.34701
879.00000000	6.34255
879.50000000	6.33987
880.00000000	6.33704
880.50000000	6.33462
881.00000000	6.33385
881.50000000	6.33286
882.00000000	6.33303
882.50000000	6.33430
883.00000000	6.33499
883.50000000	6.33522
884.00000000	6.33650
884.50000000	6.33722
885.00000000	6.33882
885.50000000	6.34001
886.00000000	6.33986
886.50000000	6.34001
887.00000000	6.34030
887.50000000	6.34200
888.00000000	6.34335
888.50000000	6.34628
889.00000000	6.34971
889.50000000	6.35221
890.00000000	6.35333
890.50000000	6.35398
891.00000000	6.35475
891.50000000	6.35569
892.00000000	6.35657
892.50000000	6.35852
893.00000000	6.36037
893.50000000	6.36182
894.00000000	6.36286
894.50000000	6.36353
895.00000000	6.36434
895.50000000	6.36330
896.00000000	6.36253
896.50000000	6.36119
897.00000000	6.36094
897.50000000	6.36028
898.00000000	6.36026
898.50000000	6.35917
899.00000000	6.35717
899.50000000	6.35469
900.00000000	6.35284
900.50000000	6.35126
901.00000000	6.35108
901.50000000	6.35112
902.00000000	6.35186
902.50000000	6.35113
903.00000000	6.34997
903.50000000	6.34800
904.00000000	6.34637
904.50000000	6.34399
905.00000000	6.34143
905.50000000	6.33979
906.00000000	6.33780
906.50000000	6.33692
907.00000000	6.33529
907.50000000	6.33347
908.00000000	6.33206
908.50000000	6.33203
909.00000000	6.33358
909.50000000	6.33517
910.00000000	6.33570
910.50000000	6.33810
911.00000000	6.34082
911.50000000	6.34268
912.00000000	6.34399
912.50000000	6.34426
913.00000000	6.34410
913.50000000	6.34441
914.00000000	6.34309
914.50000000	6.34260
915.00000000	6.34430
915.50000000	6.34602
916.00000000	6.34948
916.50000000	6.35261
917.00000000	6.35559
917.50000000	6.35760
918.00000000	6.35906
918.50000000	6.36080
919.00000000	6.36331
919.50000000	6.36567
920.00000000	6.36787
920.50000000	6.37060
921.00000000	6.37342
921.50000000	6.37725
922.00000000	6.38066
922.50000000	6.38525
923.00000000	6.39008
923.50000000	6.39465
924.00000000	6.40003
924.50000000	6.40349
925.00000000	6.40793
925.50000000	6.41194
926.00000000	6.41708
926.50000000	6.42144
927.00000000	6.42576
927.50000000	6.42936
928.00000000	6.43194
928.50000000	6.43541
929.00000000	6.43819
929.50000000	6.43913
930.00000000	6.44029
930.50000000	6.44241
931.00000000	6.44460
931.50000000	6.44627
932.00000000	6.44877
932.50000000	6.45053
933.00000000	6.45190
933.50000000	6.45572
934.00000000	6.45884
934.50000000	6.46025
935.00000000	6.45977
935.50000000	6.45839
936.00000000	6.45718
936.50000000	6.45690
937.00000000	6.45741
937.50000000	6.45813
938.00000000	6.46028
938.50000000	6.46328
939.00000000	6.46537
939.50000000	6.46665
940.00000000	6.46811
940.50000000	6.46863
941.00000000	6.46887
941.50000000	6.46762
942.00000000	6.46666
942.50000000	6.46602
943.00000000	6.46532
943.50000000	6.46648
944.00000000	6.46690
944.50000000	6.46832
945.00000000	6.46761
945.50000000	6.46778
946.00000000	6.46937
946.50000000	6.46996
947.00000000	6.47175
947.50000000	6.47377
948.00000000	6.47544
948.50000000	6.47724
949.00000000	6.47808
949.50000000	6.47829
950.00000000	6.47943
950.50000000	6.47917
951.00000000	6.47725
951.50000000	6.47722
952.00000000	6.47591
952.50000000	6.47464
953.00000000	6.47341
953.50000000	6.47329
954.00000000	6.47407
954.50000000	6.47496
955.00000000	6.47509
955.50000000	6.47558
956.00000000	6.47473
956.50000000	6.47366
957.00000000	6.47221
957.50000000	6.47117
958.00000000	6.46910
958.50000000	6.46767
959.00000000	6.46652
959.50000000	6.46665
960.00000000	6.46575
960.50000000	6.46484
961.00000000	6.46403
961.50000000	6.46331
962.00000000	6.46292
962.50000000	6.46209
963.00000000	6.46159
963.50000000	6.46131
964.00000000	6.45978
964.50000000	6.45796
965.00000000	6.45669
965.50000000	6.45574
966.00000000	6.45555
966.50000000	6.45535
967.00000000	6.45367
967.50000000	6.45150
968.00000000	6.44946
968.50000000	6.44820
969.00000000	6.44556
969.50000000	6.44531
970.00000000	6.44400
970.50000000	6.44295
971.00000000	6.44012
971.50000000	6.43814
972.00000000	6.43705
972.50000000	6.43570
973.00000000	6.43580
973.50000000	6.43473
974.00000000	6.43395
974.50000000	6.43374
975.00000000	6.43397
975.50000000	6.43521
976.00000000	6.43627
976.50000000	6.43679
977.00000000	6.43718
977.50000000	6.43706
978.00000000	6.43723
978.50000000	6.43813
979.00000000	6.44048
979.50000000	6.44295
980.00000000	6.44484
980.50000000	6.44717
981.00000000	6.45068
981.50000000	6.45496
982.00000000	6.45658
982.50000000	6.45759
983.00000000	6.45974
983.50000000	6.46066
984.00000000	6.46143
984.50000000	6.46261
985.00000000	6.46345
985.50000000	6.46303
986.00000000	6.46313
986.50000000	6.46396
987.00000000	6.46405
987.50000000	6.46454
988.00000000	6.46454
988.50000000	6.46470
989.00000000	6.46324
989.50000000	6.46195
990.00000000	6.46125
990.50000000	6.46000
991.00000000	6.45870
991.50000000	6.45722
992.00000000	6.45522
992.50000000	6.45474
993.00000000	6.45497
993.50000000	6.45466
994.00000000	6.45462
994.50000000	6.45418
995.00000000	6.45281
995.50000000	6.45231
996.00000000	6.45370
996.50000000	6.45417
997.00000000	6.45349
997.50000000	6.45330
998.00000000	6.45405
998.50000000	6.45604
999.00000000	6.45740
999.50000000	6.45911
1000.00000000	6.45967
1000.50000000	6.46108
1001.00000000	6.46334
1001.50000000	6.46400
1002.00000000	6.46639
1002.50000000	6.46806
1003.00000000	6.47053
1003.50000000	6.47153
1004.00000000	6.47226
1004.50000000	6.47424
1005.00000000	6.47622
1005.50000000	6.47692
1006.00000000	6.47623
1006.50000000	6.47608
1007.00000000	6.47675
1007.50000000	6.47744
1008.00000000	6.47931
1008.50000000	6.48123
1009.00000000	6.48307
1009.50000000	6.48502
1010.00000000	6.48557
1010.50000000	6.48670
1011.00000000	6.48693
1011.50000000	6.48684
1012.00000000	6.48609
1012.50000000	6.48578
1013.00000000	6.48596
1013.50000000	6.48595
1014.00000000	6.48572
1014.50000000	6.48560
1015.00000000	6.48491
1015.50000000	6.48362
1016.00000000	6.48263
1016.50000000	6.48290
1017.00000000	6.48178
1017.50000000	6.48083
1018.00000000	6.47962
1018.50000000	6.47855
1019.00000000	6.47781
1019.50000000	6.47758
1020.00000000	6.47689
1020.50000000	6.47637
1021.00000000	6.47462
1021.50000000	6.47228
1022.00000000	6.46979
1022.50000000	6.46697
1023.00000000	6.46274
1023.50000000	6.45888
1024.00000000	6.45587
1024.50000000	6.45273
1025.00000000	6.45043
1025.50000000	6.44798
1026.00000000	6.44557
1026.50000000	6.44305
1027.00000000	6.44224
1027.50000000	6.44107
1028.00000000	6.44043
1028.50000000	6.43974
1029.00000000	6.44130
1029.50000000	6.44319
1030.00000000	6.44384
1030.50000000	6.44429
1031.00000000	6.44465
1031.50000000	6.44535
1032.00000000	6.44624
1032.50000000	6.44622
1033.00000000	6.44680
1033.50000000	6.44778
1034.00000000	6.45090
1034.50000000	6.45452
1035.00000000	6.45693
1035.50000000	6.45770
1036.00000000	6.45806
1036.50000000	6.45812
1037.00000000	6.45829
1037.50000000	6.45919
1038.00000000	6.45858
1038.50000000	6.45881
1039.00000000	6.45986
1039.50000000	6.46146
1040.00000000	6.46223
1040.50000000	6.46225
1041.00000000	6.46326
1041.50000000	6.46385
1042.00000000	6.46517
1042.50000000	6.46655
1043.00000000	6.46574
1043.50000000	6.46453
1044.00000000	6.46376
1044.50000000	6.46306
1045.00000000	6.46364
1045.50000000	6.46243
1046.00000000	6.46135
1046.50000000	6.45973
1047.00000000	6.45856
1047.50000000	6.45693
1048.00000000	6.45560
1048.50000000	6.45439
1049.00000000	6.45251
1049.50000000	6.44950
1050.00000000	6.44510
1050.50000000	6.44127
1051.00000000	6.43881
1051.50000000	6.43726
1052.00000000	6.43475
1052.50000000	6.43236
1053.00000000	6.42997
1053.50000000	6.42806
1054.00000000	6.42680
1054.50000000	6.42486
1055.00000000	6.42284
1055.50000000	6.42182
1056.00000000	6.41972
1056.50000000	6.41636
1057.00000000	6.41243
1057.50000000	6.40820
1058.00000000	6.40363
1058.50000000	6.40064
1059.00000000	6.39855
1059.50000000	6.39525
1060.00000000	6.39116
1060.50000000	6.38706
1061.00000000	6.38182
1061.50000000	6.37813
1062.00000000	6.37507
1062.50000000	6.37188
1063.00000000	6.36812
1063.50000000	6.36508
1064.00000000	6.36149
1064.50000000	6.35914
1065.00000000	6.35652
1065.50000000	6.35394
1066.00000000	6.35258
1066.50000000	6.35048
1067.00000000	6.34898
1067.50000000	6.34748
1068.00000000	6.34603
1068.50000000	6.34373
1069.00000000	6.34186
1069.50000000	6.33991
1070.00000000	6.33787
1070.50000000	6.33650
1071.00000000	6.33521
1071.50000000	6.33393
1072.00000000	6.33233
1072.50000000	6.33067
1073.00000000	6.32887
1073.50000000	6.32574
1074.00000000	6.32246
1074.50000000	6.31941
1075.00000000	6.31785
1075.50000000	6.31742
1076.00000000	6.31689
1076.50000000	6.31710
1077.00000000	6.31657
1077.50000000	6.31698
1078.00000000	6.31751
1078.50000000	6.31683
1079.00000000	6.31642
1079.50000000	6.31614
1080.00000000	6.31578
1080.50000000	6.31565
1081.00000000	6.31522
1081.50000000	6.31570
1082.00000000	6.31652
1082.50000000	6.31767
1083.00000000	6.31839
1083.50000000	6.31976
1084.00000000	6.32016
1084.50000000	6.31987
1085.00000000	6.32009
1085.50000000	6.32045
1086.00000000	6.32165
1086.50000000	6.32300
1087.00000000	6.32340
1087.50000000	6.32397
1088.00000000	6.32486
1088.50000000	6.32714
1089.00000000	6.33103
1089.50000000	6.33391
1090.00000000	6.33698
1090.50000000	6.34042
1091.00000000	6.34319
1091.50000000	6.34607
1092.00000000	6.34946
1092.50000000	6.35247
1093.00000000	6.35433
1093.50000000	6.35733
1094.00000000	6.36016
1094.50000000	6.36228
1095.00000000	6.36411
1095.50000000	6.36567
1096.00000000	6.36663
1096.50000000	6.36774
1097.00000000	6.36904
1097.50000000	6.37090
1098.00000000	6.37159
1098.50000000	6.37393
1099.00000000	6.37589
1099.50000000	6.37718
1100.00000000	6.37869
1100.50000000	6.38029
1101.00000000	6.38373
1101.50000000	6.38608
1102.00000000	6.38699
1102.50000000	6.38733
1103.00000000	6.38692
1103.50000000	6.38644
1104.00000000	6.38521
1104.50000000	6.38509
1105.00000000	6.38368
1105.50000000	6.38288
1106.00000000	6.38200
1106.50000000	6.38154
1107.00000000	6.38219
1107.50000000	6.38332
1108.00000000	6.38482
1108.50000000	6.38469
1109.00000000	6.38398
1109.50000000	6.38373
1110.00000000	6.38228
1110.50000000	6.38012
1111.00000000	6.37836
1111.50000000	6.37729
1112.00000000	6.37484
1112.50000000	6.37292
1113.00000000	6.37191
1113.50000000	6.37139
1114.00000000	6.36991
1114.50000000	6.36952
1115.00000000	6.37026
1115.50000000	6.37211
1116.00000000	6.37424
1116.50000000	6.37699
1117.00000000	6.37990
1117.50000000	6.38238
1118.00000000	6.38350
1118.50000000	6.38300
1119.00000000	6.38262
1119.50000000	6.38243
1120.00000000	6.38162
1120.50000000	6.37990
1121.00000000	6.37957
1121.50000000	6.37886
1122.00000000	6.37770
1122.50000000	6.37727
1123.00000000	6.37695
1123.50000000	6.37556
1124.00000000	6.37367
1124.50000000	6.37320
1125.00000000	6.37156
1125.50000000	6.36968
1126.00000000	6.36826
1126.50000000	6.36638
1127.00000000	6.36446
1127.50000000	6.36438
1128.00000000	6.36457
1128.50000000	6.36482
1129.00000000	6.36452
1129.50000000	6.36346
1130.00000000	6.36269
1130.50000000	6.36136
1131.00000000	6.36063
1131.50000000	6.35979
1132.00000000	6.35893
1132.50000000	6.35934
1133.00000000	6.35837
1133.50000000	6.35853
1134.00000000	6.35873
1134.50000000	6.35955
1135.00000000	6.35929
1135.50000000	6.35943
1136.00000000	6.36123
1136.50000000	6.36218
1137.00000000	6.36383
1137.50000000	6.36489
1138.00000000	6.36667
1138.50000000	6.36774
1139.00000000	6.36977
1139.50000000	6.37176
1140.00000000	6.37529
1140.50000000	6.37742
1141.00000000	6.37993
1141.50000000	6.38290
1142.00000000	6.38548
1142.50000000	6.38664
1143.00000000	6.38702
1143.50000000	6.38648
1144.00000000	6.38529
1144.50000000	6.38470
1145.00000000	6.38413
1145.50000000	6.38291
1146.00000000	6.38131
1146.50000000	6.37978
1147.00000000	6.37681
1147.50000000	6.37369
1148.00000000	6.36955
1148.50000000	6.36595
1149.00000000	6.36210
1149.50000000	6.35902
1150.00000000	6.35461
1150.50000000	6.35131
1151.00000000	6.34665
1151.50000000	6.34336
1152.00000000	6.34091
1152.50000000	6.33738
1153.00000000	6.33302
1153.50000000	6.32908
1154.00000000	6.32651
1154.50000000	6.32286
1155.00000000	6.31886
1155.50000000	6.31575
1156.00000000	6.31264
1156.50000000	6.30907
1157.00000000	6.30492
1157.50000000	6.29974
1158.00000000	6.29541
1158.50000000	6.29145
1159.00000000	6.28868
1159.50000000	6.28545
1160.00000000	6.28234
1160.50000000	6.27772
1161.00000000	6.27501
1161.50000000	6.27181
1162.00000000	6.27097
1162.50000000	6.27022
1163.00000000	6.26830
1163.50000000	6.26818
1164.00000000	6.26788
1164.50000000	6.26848
1165.00000000	6.26895
1165.50000000	6.27019
1166.00000000	6.27063
1166.50000000	6.27100
1167.00000000	6.27105
1167.50000000	6.27176
1168.00000000	6.27364
1168.50000000	6.27585
1169.00000000	6.27719
1169.50000000	6.27830
1170.00000000	6.27997
1170.50000000	6.28247
1171.00000000	6.28551
1171.50000000	6.28808
1172.00000000	6.28873
1172.50000000	6.28908
1173.00000000	6.28927
1173.50000000	6.28936
1174.00000000	6.29210
1174.50000000	6.29507
1175.00000000	6.29654
1175.50000000	6.29862
1176.00000000	6.30102
1176.50000000	6.30178
1177.00000000	6.30376
1177.50000000	6.30370
1178.00000000	6.30405
1178.50000000	6.30485
1179.00000000	6.30675
1179.50000000	6.30877
1180.00000000	6.31109
1180.50000000	6.31390
1181.00000000	6.31682
1181.50000000	6.32055
1182.00000000	6.32501
1182.50000000	6.32819
1183.00000000	6.33059
1183.50000000	6.33247
1184.00000000	6.33469
1184.50000000	6.33707
1185.00000000	6.34008
1185.50000000	6.34336
1186.00000000	6.34758
1186.50000000	6.35157
1187.00000000	6.35416
1187.50000000	6.35585
1188.00000000	6.35697
1188.50000000	6.35852
1189.00000000	6.36130
1189.50000000	6.36273
1190.00000000	6.36598
1190.50000000	6.36959
1191.00000000	6.37268
1191.50000000	6.37408
1192.00000000	6.37501
1192.50000000	6.37616
1193.00000000	6.37774
1193.50000000	6.37931
1194.00000000	6.38072
1194.50000000	6.38203
1195.00000000	6.38374
1195.50000000	6.38561
1196.00000000	6.38766
1196.50000000	6.39150
1197.00000000	6.39311
1197.50000000	6.39354
1198.00000000	6.39432
1198.50000000	6.39498
1199.00000000	6.39547
1199.50000000	6.39629
1200.00000000	6.39795
1200.50000000	6.39994
1201.00000000	6.40093
1201.50000000	6.40159
1202.00000000	6.40207
1202.50000000	6.40358
1203.00000000	6.40430
1203.50000000	6.40526
1204.00000000	6.40518
1204.50000000	6.40436
1205.00000000	6.40470
1205.50000000	6.40598
1206.00000000	6.40624
1206.50000000	6.40708
1207.00000000	6.40793
1207.50000000	6.40886
1208.00000000	6.41004
1208.50000000	6.41036
1209.00000000	6.41056
1209.50000000	6.40855
1210.00000000	6.40699
1210.50000000	6.40456
1211.00000000	6.40297
1211.50000000	6.40276
1212.00000000	6.40190
1212.50000000	6.40155
1213.00000000	6.40026
1213.50000000	6.39954
1214.00000000	6.39840
1214.50000000	6.39676
1215.00000000	6.39597
1215.50000000	6.39611
1216.00000000	6.39604
1216.50000000	6.39665
1217.00000000	6.39815
1217.50000000	6.39917
1218.00000000	6.39951
1218.50000000	6.39777
1219.00000000	6.39634
1219.50000000	6.39566
1220.00000000	6.39544
1220.50000000	6.39558
1221.00000000	6.39726
1221.50000000	6.39829
1222.00000000	6.39913
1222.50000000	6.40066
1223.00000000	6.40153
1223.50000000	6.40205
1224.00000000	6.40186
1224.50000000	6.40306
1225.00000000	6.40450
1225.50000000	6.40574
1226.00000000	6.40649
1226.50000000	6.40697
1227.00000000	6.40722
1227.50000000	6.40817
1228.00000000	6.40966
1228.50000000	6.41112
1229.00000000	6.41116
1229.50000000	6.41056
1230.00000000	6.40924
1230.50000000	6.40653
1231.00000000	6.40457
1231.50000000	6.40370
1232.00000000	6.40266
1232.50000000	6.40266
1233.00000000	6.40347
1233.50000000	6.40356
1234.00000000	6.40390
1234.50000000	6.40417
1235.00000000	6.40335
1235.50000000	6.40150
1236.00000000	6.39968
1236.50000000	6.39873
1237.00000000	6.39737
1237.50000000	6.39555
1238.00000000	6.39367
1238.50000000	6.39114
1239.00000000	6.38909
1239.50000000	6.38686
1240.00000000	6.38318
1240.50000000	6.38090
1241.00000000	6.37846
1241.50000000	6.37584
1242.00000000	6.37234
1242.50000000	6.36934
1243.00000000	6.36721
1243.50000000	6.36363
1244.00000000	6.36015
1244.50000000	6.35713
1245.00000000	6.35382
1245.50000000	6.34995
1246.00000000	6.34722
1246.50000000	6.34523
1247.00000000	6.34332
1247.50000000	6.34097
1248.00000000	6.33847
1248.50000000	6.33539
1249.00000000	6.33186
1249.50000000	6.32880
1250.00000000	6.32476
1250.50000000	6.32051
1251.00000000	6.31681
1251.50000000	6.31382
1252.00000000	6.30979
1252.50000000	6.30599
1253.00000000	6.30153
1253.50000000	6.29725
1254.00000000	6.29318
1254.50000000	6.28892
1255.00000000	6.28484
1255.50000000	6.28178
1256.00000000	6.27807
1256.50000000	6.27580
1257.00000000	6.27321
1257.50000000	6.27010
1258.00000000	6.26600
1258.50000000	6.26077
1259.00000000	6.25839
1259.50000000	6.25630
1260.00000000	6.25379
1260.50000000	6.25084
1261.00000000	6.24696
1261.50000000	6.24385
1262.00000000	6.24107
1262.50000000	6.23837
1263.00000000	6.23585
1263.50000000	6.23425
1264.00000000	6.23184
1264.50000000	6.22804
1265.00000000	6.22443
1265.50000000	6.22139
1266.00000000	6.21870
1266.50000000	6.21644
1267.00000000	6.21276
1267.50000000	6.20924
1268.00000000	6.20608
1268.50000000	6.20398
1269.00000000	6.20108
1269.50000000	6.19827
1270.00000000	6.19612
1270.50000000	6.19476
1271.00000000	6.19312
1271.50000000	6.19224
1272.00000000	6.19161
1272.50000000	6.18903
1273.00000000	6.18547
1273.50000000	6.18231
1274.00000000	6.17956
1274.50000000	6.17698
1275.00000000	6.17444
1275.50000000	6.17090
1276.00000000	6.16626
1276.50000000	6.16195
1277.00000000	6.15667
1277.50000000	6.14932
1278.00000000	6.14300
1278.50000000	6.13745
1279.00000000	6.13242
1279.50000000	6.12826
1280.00000000	6.12415
1280.50000000	6.12092
1281.00000000	6.11726
1281.50000000	6.11494
1282.00000000	6.11363
1282.50000000	6.11148
1283.00000000	6.10873
1283.50000000	6.10549
1284.00000000	6.10359
1284.50000000	6.10245
1285.00000000	6.10134
1285.50000000	6.10149
1286.00000000	6.10082
1286.50000000	6.10039
1287.00000000	6.09903
1287.50000000	6.09654
1288.00000000	6.09378
1288.50000000	6.09255
1289.00000000	6.09234
1289.50000000	6.09270
1290.00000000	6.09260
1290.50000000	6.09263
1291.00000000	6.09304
1291.50000000	6.09288
1292.00000000	6.09232
1292.50000000	6.09263
1293.00000000	6.09367
1293.50000000	6.09465
1294.00000000	6.09529
1294.50000000	6.09808
1295.00000000	6.10128
1295.50000000	6.10609
1296.00000000	6.11212
1296.50000000	6.11957
1297.00000000	6.12590
1297.50000000	6.13272
1298.00000000	6.13873
1298.50000000	6.14377
1299.00000000	6.14858
1299.50000000	6.15323
1300.00000000	6.15887
1300.50000000	6.16429
1301.00000000	6.16901
1301.50000000	6.17411
1302.00000000	6.17823
1302.50000000	6.18223
1303.00000000	6.18605
1303.50000000	6.18889
1304.00000000	6.19117
1304.50000000	6.19153
1305.00000000	6.19173
1305.50000000	6.19109
1306.00000000	6.19109
1306.50000000	6.19239
1307.00000000	6.19293
1307.50000000	6.19219
1308.00000000	6.19175
1308.50000000	6.19078
1309.00000000	6.18803
1309.50000000	6.18407
1310.00000000	6.18165
1310.50000000	6.17946
1311.00000000	6.17833
1311.50000000	6.17799
1312.00000000	6.17859
1312.50000000	6.17942
1313.00000000	6.18081
1313.50000000	6.18330
1314.00000000	6.18423
1314.50000000	6.18351
1315.00000000	6.18379
1315.50000000	6.18378
1316.00000000	6.18360
1316.50000000	6.18274
1317.00000000	6.17985
1317.50000000	6.17727
1318.00000000	6.17413
1318.50000000	6.17224
1319.00000000	6.17044
1319.50000000	6.16929
1320.00000000	6.16993
1320.50000000	6.17007
1321.00000000	6.16952
1321.50000000	6.16765
1322.00000000	6.16546
1322.50000000	6.16468
1323.00000000	6.16432
1323.50000000	6.16328
1324.00000000	6.16262
1324.50000000	6.16281
1325.00000000	6.16285
1325.50000000	6.16196
1326.00000000	6.16147
1326.50000000	6.16092
1327.00000000	6.16110
1327.50000000	6.16196
1328.00000000	6.16399
1328.50000000	6.16496
1329.00000000	6.16464
1329.50000000	6.16330
1330.00000000	6.16135
1330.50000000	6.16039
1331.00000000	6.15968
1331.50000000	6.15886
1332.00000000	6.15779
1332.50000000	6.15694
1333.00000000	6.15621
1333.50000000	6.15559
1334.00000000	6.15493
1334.50000000	6.15399
1335.00000000	6.15325
1335.50000000	6.15090
1336.00000000	6.15031
1336.50000000	6.15041
1337.00000000	6.15148
1337.50000000	6.15276
1338.00000000	6.15387
1338.50000000	6.15397
1339.00000000	6.15410
1339.50000000	6.15375
1340.00000000	6.15215
1340.50000000	6.15104
1341.00000000	6.15101
1341.50000000	6.15142
1342.00000000	6.15111
1342.50000000	6.15199
1343.00000000	6.15127
1343.50000000	6.15097
1344.00000000	6.15192
1344.50000000	6.15260
1345.00000000	6.15234
1345.50000000	6.15166
1346.00000000	6.15262
1346.50000000	6.15391
1347.00000000	6.15557
1347.50000000	6.15737
1348.00000000	6.15955
1348.50000000	6.16193
1349.00000000	6.16422
1349.50000000	6.16740
1350.00000000	6.16958
1350.50000000	6.17142
1351.00000000	6.17294
1351.50000000	6.17341
1352.00000000	6.17471
1352.50000000	6.17694
1353.00000000	6.18011
1353.50000000	6.18382
1354.00000000	6.18655
1354.50000000	6.19008
1355.00000000	6.19437
1355.50000000	6.19838
1356.00000000	6.20272
1356.50000000	6.20561
1357.00000000	6.21000
1357.50000000	6.21502
1358.00000000	6.21912
1358.50000000	6.22271
1359.00000000	6.22549
1359.50000000	6.22905
1360.00000000	6.23436
1360.50000000	6.23927
1361.00000000	6.24307
1361.50000000	6.24657
1362.00000000	6.24924
1362.50000000	6.25234
1363.00000000	6.25522
1363.50000000	6.25719
1364.00000000	6.25933
1364.50000000	6.26087
1365.00000000	6.26287
1365.50000000	6.26340
1366.00000000	6.26405
1366.50000000	6.26595
1367.00000000	6.26679
1367.50000000	6.26704
1368.00000000	6.26476
1368.50000000	6.26137
1369.00000000	6.25803
1369.50000000	6.25596
1370.00000000	6.25273
1370.50000000	6.24819
1371.00000000	6.24402
1371.50000000	6.23892
1372.00000000	6.23434
1372.50000000	6.23025
1373.00000000	6.22578
1373.50000000	6.22044
1374.00000000	6.21587
1374.50000000	6.21173
1375.00000000	6.20836
1375.50000000	6.20601
1376.00000000	6.20380
1376.50000000	6.20192
1377.00000000	6.19878
1377.50000000	6.19582
1378.00000000	6.19208
1378.50000000	6.18882
1379.00000000	6.18722
1379.50000000	6.18531
1380.00000000	6.18407
1380.50000000	6.18328
1381.00000000	6.18198
1381.50000000	6.18076
1382.00000000	6.18063
1382.50000000	6.18099
1383.00000000	6.18203
1383.50000000	6.18151
1384.00000000	6.18237
1384.50000000	6.18344
1385.00000000	6.18521
1385.50000000	6.18768
1386.00000000	6.18929
1386.50000000	6.19042
1387.00000000	6.19030
1387.50000000	6.19065
1388.00000000	6.19068
1388.50000000	6.18976
1389.00000000	6.19004
1389.50000000	6.19119
1390.00000000	6.19277
1390.50000000	6.19353
1391.00000000	6.19387
1391.50000000	6.19365
1392.00000000	6.19273
1392.50000000	6.19214
1393.00000000	6.19188
1393.50000000	6.19232
1394.00000000	6.19276
1394.50000000	6.19299
1395.00000000	6.19252
1395.50000000	6.19394
1396.00000000	6.19591
1396.50000000	6.19702
1397.00000000	6.19815
1397.50000000	6.19853
1398.00000000	6.19928
1398.50000000	6.19992
1399.00000000	6.20049
1399.50000000	6.20113
1400.00000000	6.20185
1400.50000000	6.20330
1401.00000000	6.20488
1401.50000000	6.20565
1402.00000000	6.20655
1402.50000000	6.20657
1403.00000000	6.20492
1403.50000000	6.20474
1404.00000000	6.20472
1404.50000000	6.20534
1405.00000000	6.20578
1405.50000000	6.20593
1406.00000000	6.20656
1406.50000000	6.20772
1407.00000000	6.20977
1407.50000000	6.21089
1408.00000000	6.21088
1408.50000000	6.21117
1409.00000000	6.21119
1409.50000000	6.21204
1410.00000000	6.21232
1410.50000000	6.21241
1411.00000000	6.21279
1411.50000000	6.21274
1412.00000000	6.21355
1412.50000000	6.21461
1413.00000000	6.21486
1413.50000000	6.21342
1414.00000000	6.21095
1414.50000000	6.20815
1415.00000000	6.20495
1415.50000000	6.20389
1416.00000000	6.20029
1416.50000000	6.19651
1417.00000000	6.19282
1417.50000000	6.18889
1418.00000000	6.18584
1418.50000000	6.18154
1419.00000000	6.17723
1419.50000000	6.17370
1420.00000000	6.16827
1420.50000000	6.16282
1421.00000000	6.15620
1421.50000000	6.14905
1422.00000000	6.14219
1422.50000000	6.13616
1423.00000000	6.13162
1423.50000000	6.12703
1424.00000000	6.12291
1424.50000000	6.11784
1425.00000000	6.11288
1425.50000000	6.10837
1426.00000000	6.10291
1426.50000000	6.09754
1427.00000000	6.09348
1427.50000000	6.08953
1428.00000000	6.08467
1428.50000000	6.08024
1429.00000000	6.07608
1429.50000000	6.07345
1430.00000000	6.07098
1430.50000000	6.06879
1431.00000000	6.06746
1431.50000000	6.06528
1432.00000000	6.06306
1432.50000000	6.06003
1433.00000000	6.05728
1433.50000000	6.05468
1434.00000000	6.05234
1434.50000000	6.05036
1435.00000000	6.04805
1435.50000000	6.04734
1436.00000000	6.04564
1436.50000000	6.04243
1437.00000000	6.03888
1437.50000000	6.03767
1438.00000000	6.03651
1438.50000000	6.03538
1439.00000000	6.03480
1439.50000000	6.03408
1440.00000000	6.03331
1440.50000000	6.03193
1441.00000000	6.03104
1441.50000000	6.02955
1442.00000000	6.02850
1442.50000000	6.02734
1443.00000000	6.02716
1443.50000000	6.02605
1444.00000000	6.02399
1444.50000000	6.02255
1445.00000000	6.02193
1445.50000000	6.02219
1446.00000000	6.02492
1446.50000000	6.02688
1447.00000000	6.02784
1447.50000000	6.02852
1448.00000000	6.02958
1448.50000000	6.03103
1449.00000000	6.03345
1449.50000000	6.03639
1450.00000000	6.03777
1450.50000000	6.03841
1451.00000000	6.03860
1451.50000000	6.03857
1452.00000000	6.03696
1452.50000000	6.03452
1453.00000000	6.03335
1453.50000000	6.03217
1454.00000000	6.03086
1454.50000000	6.02881
1455.00000000	6.02690
1455.50000000	6.02531
1456.00000000	6.02428
1456.50000000	6.02378
1457.00000000	6.02240
1457.50000000	6.01925
1458.00000000	6.01670
1458.50000000	6.01419
1459.00000000	6.01329
1459.50000000	6.01151
1460.00000000	6.00944
1460.50000000	6.00735
1461.00000000	6.00558
1461.50000000	6.00411
1462.00000000	6.00325
1462.50000000	6.00365
1463.00000000	6.00376
1463.50000000	6.00302
1464.00000000	6.00264
1464.50000000	6.00134
1465.00000000	6.00010
1465.50000000	5.99996
1466.00000000	5.99921
1466.50000000	5.99850
1467.00000000	5.99891
1467.50000000	5.99864
1468.00000000	5.99733
1468.50000000	5.99724
1469.00000000	5.99801
1469.50000000	5.99930
1470.00000000	6.00032
1470.50000000	6.00141
1471.00000000	6.00225
1471.50000000	6.00381
1472.00000000	6.00435
1472.50000000	6.00369
1473.00000000	6.00406
1473.50000000	6.00308
1474.00000000	6.00231
1474.50000000	5.99993
1475.00000000	5.99836
1475.50000000	5.99584
1476.00000000	5.99356
1476.50000000	5.99107
1477.00000000	5.98681
1477.50000000	5.98247
1478.00000000	5.97747
1478.50000000	5.97265
1479.00000000	5.96734
1479.50000000	5.96253
1480.00000000	5.95711
1480.50000000	5.95203
1481.00000000	5.94626
1481.50000000	5.94096
1482.00000000	5.93480
1482.50000000	5.92926
1483.00000000	5.92382
1483.50000000	5.91890
1484.00000000	5.91498
1484.50000000	5.91017
1485.00000000	5.90652
1485.50000000	5.90442
1486.00000000	5.90174
1486.50000000	5.89767
1487.00000000	5.89511
1487.50000000	5.89329
1488.00000000	5.89243
1488.50000000	5.89269
1489.00000000	5.89158
1489.50000000	5.89123
1490.00000000	5.89178
1490.50000000	5.89299
1491.00000000	5.89287
1491.50000000	5.89171
1492.00000000	5.89060
1492.50000000	5.89032
1493.00000000	5.89013
1493.50000000	5.89104
1494.00000000	5.89195
1494.50000000	5.89342
1495.00000000	5.89412
1495.50000000	5.89561
1496.00000000	5.89622
1496.50000000	5.89686
1497.00000000	5.89705
1497.50000000	5.89596
1498.00000000	5.89517
1498.50000000	5.89250
1499.00000000	5.88923
1499.50000000	5.88591
1500.00000000	5.88338
1500.50000000	5.88069
1501.00000000	5.87781
1501.50000000	5.87418
1502.00000000	5.87081
1502.50000000	5.86799
1503.00000000	5.86568
1503.50000000	5.86393
1504.00000000	5.86124
1504.50000000	5.85830
1505.00000000	5.85621
1505.50000000	5.85315
1506.00000000	5.85007
1506.50000000	5.84780
1507.00000000	5.84442
1507.50000000	5.84174
1508.00000000	5.83844
1508.50000000	5.83495
1509.00000000	5.83215
1509.50000000	5.82946
1510.00000000	5.82700
1510.50000000	5.82569
1511.00000000	5.82451
1511.50000000	5.82419
1512.00000000	5.82425
1512.50000000	5.82386
1513.00000000	5.82350
1513.50000000	5.82355
1514.00000000	5.82427
1514.50000000	5.82371
1515.00000000	5.82247
1515.50000000	5.82140
1516.00000000	5.81945
1516.50000000	5.81786
1517.00000000	5.81868
1517.50000000	5.81843
1518.00000000	5.81814
1518.50000000	5.81723
1519.00000000	5.81599
1519.50000000	5.81514
1520.00000000	5.81443
1520.50000000	5.81318
1521.00000000	5.81050
1521.50000000	5.80741
1522.00000000	5.80343
1522.50000000	5.80023
1523.00000000	5.79546
1523.50000000	5.79128
1524.00000000	5.78617
1524.50000000	5.78097
1525.00000000	5.77730
1525.50000000	5.77478
1526.00000000	5.77229
1526.50000000	5.76852
1527.00000000	5.76633
1527.50000000	5.76388
1528.00000000	5.76339
1528.50000000	5.76175
1529.00000000	5.76085
1529.50000000	5.76136
1530.00000000	5.76018
1530.50000000	5.75956
1531.00000000	5.75899
1531.50000000	5.75799
1532.00000000	5.75688
1532.50000000	5.75679
1533.00000000	5.75667
1533.50000000	5.75755
1534.00000000	5.75818
1534.50000000	5.75892
1535.00000000	5.75905
1535.50000000	5.75973
1536.00000000	5.75926
1536.50000000	5.75946
1537.00000000	5.75936
1537.50000000	5.75918
1538.00000000	5.75927
1538.50000000	5.76011
1539.00000000	5.76023
1539.50000000	5.76027
1540.00000000	5.76010
1540.50000000	5.75957
1541.00000000	5.75841
1541.50000000	5.75714
1542.00000000	5.75612
1542.50000000	5.75433
1543.00000000	5.75246
1543.50000000	5.75241
1544.00000000	5.75204
1544.50000000	5.75109
1545.00000000	5.75068
1545.50000000	5.75076
1546.00000000	5.75179
1546.50000000	5.75379
1547.00000000	5.75517
1547.50000000	5.75656
1548.00000000	5.75765
1548.50000000	5.75771
1549.00000000	5.75862
1549.50000000	5.75896
1550.00000000	5.75898
1550.50000000	5.76036
1551.00000000	5.76313
1551.50000000	5.76631
1552.00000000	5.76815
1552.50000000	5.77017
1553.00000000	5.77177
1553.50000000	5.77385
1554.00000000	5.77471
1554.50000000	5.77622
1555.00000000	5.77909
1555.50000000	5.78166
1556.00000000	5.78401
1556.50000000	5.78610
1557.00000000	5.78806
1557.50000000	5.79010
1558.00000000	5.79282
1558.50000000	5.79533
1559.00000000	5.79799
1559.50000000	5.80195
1560.00000000	5.80496
1560.50000000	5.80614
1561.00000000	5.80710
1561.50000000	5.80706
1562.00000000	5.80662
1562.50000000	5.80730
1563.00000000	5.80616
1563.50000000	5.80425
1564.00000000	5.80302
1564.50000000	5.80132
1565.00000000	5.80020
1565.50000000	5.79882
1566.00000000	5.79850
1566.50000000	5.80025
1567.00000000	5.80283
1567.50000000	5.80522
1568.00000000	5.80686
1568.50000000	5.80748
1569.00000000	5.80871
1569.50000000	5.81165
1570.00000000	5.81442
1570.50000000	5.81778
1571.00000000	5.82117
1571.50000000	5.82415
1572.00000000	5.82585
1572.50000000	5.82721
1573.00000000	5.82914
1573.50000000	5.82903
1574.00000000	5.82877
1574.50000000	5.82882
1575.00000000	5.82824
1575.50000000	5.82675
1576.00000000	5.82440
1576.50000000	5.82335
1577.00000000	5.82059
1577.50000000	5.81919
1578.00000000	5.81786
1578.50000000	5.81791
1579.00000000	5.81835
1579.50000000	5.81841
1580.00000000	5.81643
1580.50000000	5.81345
1581.00000000	5.81087
1581.50000000	5.80989
1582.00000000	5.80905
1582.50000000	5.80832
1583.00000000	5.80681
1583.50000000	5.80590
1584.00000000	5.80547
1584.50000000	5.80516
1585.00000000	5.80581
1585.50000000	5.80747
1586.00000000	5.80746
1586.50000000	5.80735
1587.00000000	5.80708
1587.50000000	5.80738
1588.00000000	5.80819
1588.50000000	5.80760
1589.00000000	5.80664
1589.50000000	5.80650
1590.00000000	5.80743
1590.50000000	5.80824
1591.00000000	5.80872
1591.50000000	5.80832
1592.00000000	5.80742
1592.50000000	5.80810
1593.00000000	5.80800
1593.50000000	5.80850
1594.00000000	5.80966
1594.50000000	5.81029
1595.00000000	5.81068
1595.50000000	5.81085
1596.00000000	5.81127
1596.50000000	5.81053
1597.00000000	5.80943
1597.50000000	5.80781
1598.00000000	5.80696
1598.50000000	5.80534
1599.00000000	5.80206
1599.50000000	5.79895
1600.00000000	5.79662
1600.50000000	5.79404
1601.00000000	5.79206
1601.50000000	5.78993
1602.00000000	5.78707
1602.50000000	5.78377
1603.00000000	5.78150
1603.50000000	5.77867
1604.00000000	5.77634
1604.50000000	5.77512
1605.00000000	5.77388
1605.50000000	5.77293
1606.00000000	5.77092
1606.50000000	5.76842
1607.00000000	5.76633
1607.50000000	5.76369
1608.00000000	5.76012
1608.50000000	5.75609
1609.00000000	5.75050
1609.50000000	5.74621
1610.00000000	5.74182
1610.50000000	5.73843
1611.00000000	5.73582
1611.50000000	5.73307
1612.00000000	5.73139
1612.50000000	5.73183
1613.00000000	5.73118
1613.50000000	5.73237
1614.00000000	5.73160
1614.50000000	5.73064
1615.00000000	5.72881
1615.50000000	5.72656
1616.00000000	5.72425
1616.50000000	5.72177
1617.00000000	5.71931
1617.50000000	5.71866
1618.00000000	5.71855
1618.50000000	5.71718
1619.00000000	5.71585
1619.50000000	5.71566
1620.00000000	5.71642
1620.50000000	5.71740
1621.00000000	5.71744
1621.50000000	5.71804
1622.00000000	5.71875
1622.50000000	5.71920
1623.00000000	5.71995
1623.50000000	5.72235
1624.00000000	5.72415
1624.50000000	5.72684
1625.00000000	5.72968
1625.50000000	5.73346
1626.00000000	5.73610
1626.50000000	5.73828
1627.00000000	5.73945
1627.50000000	5.74059
1628.00000000	5.74112
1628.50000000	5.74259
1629.00000000	5.74389
1629.50000000	5.74497
1630.00000000	5.74594
1630.50000000	5.74654
1631.00000000	5.74708
1631.50000000	5.74853
1632.00000000	5.75007
1632.50000000	5.75218
1633.00000000	5.75345
1633.50000000	5.75388
1634.00000000	5.75372
1634.50000000	5.75389
1635.00000000	5.75389
1635.50000000	5.75205
1636.00000000	5.75106
1636.50000000	5.75067
1637.00000000	5.75067
1637.50000000	5.75082
1638.00000000	5.75014
1638.50000000	5.75048
1639.00000000	5.75115
1639.50000000	5.75101
1640.00000000	5.75100
1640.50000000	5.75009
1641.00000000	5.74893
1641.50000000	5.74814
1642.00000000	5.74685
1642.50000000	5.74455
1643.00000000	5.74046
1643.50000000	5.73689
1644.00000000	5.73537
1644.50000000	5.73361
1645.00000000	5.73161
1645.50000000	5.73020
1646.00000000	5.72995
1646.50000000	5.72976
1647.00000000	5.72846
1647.50000000	5.72581
1648.00000000	5.72360
1648.50000000	5.72085
1649.00000000	5.71783
1649.50000000	5.71381
1650.00000000	5.71071
1650.50000000	5.70799
1651.00000000	5.70667
1651.50000000	5.70540
1652.00000000	5.70500
1652.50000000	5.70559
1653.00000000	5.70769
1653.50000000	5.70809
1654.00000000	5.70655
1654.50000000	5.70678
1655.00000000	5.70729
1655.50000000	5.70687
1656.00000000	5.70482
1656.50000000	5.70352
1657.00000000	5.70375
1657.50000000	5.70446
1658.00000000	5.70467
1658.50000000	5.70362
1659.00000000	5.70215
1659.50000000	5.70124
1660.00000000	5.70236
1660.50000000	5.70541
1661.00000000	5.70711
1661.50000000	5.70756
1662.00000000	5.70750
1662.50000000	5.70720
1663.00000000	5.70736
1663.50000000	5.70865
1664.00000000	5.70962
1664.50000000	5.71121
1665.00000000	5.71145
1665.50000000	5.71233
1666.00000000	5.71399
1666.50000000	5.71532
1667.00000000	5.71668
1667.50000000	5.71817
1668.00000000	5.72019
1668.50000000	5.72394
1669.00000000	5.72737
1669.50000000	5.73098
1670.00000000	5.73411
1670.50000000	5.73783
1671.00000000	5.74027
1671.50000000	5.74239
1672.00000000	5.74391
1672.50000000	5.74484
1673.00000000	5.74677
1673.50000000	5.74831
1674.00000000	5.74939
1674.50000000	5.75101
1675.00000000	5.75133
1675.50000000	5.75039
1676.00000000	5.74794
1676.50000000	5.74452
1677.00000000	5.74176
1677.50000000	5.74003
1678.00000000	5.73786
1678.50000000	5.73557
1679.00000000	5.73170
1679.50000000	5.72703
1680.00000000	5.72239
1680.50000000	5.71749
1681.00000000	5.71357
1681.50000000	5.71059
1682.00000000	5.70733
1682.50000000	5.70440
1683.00000000	5.70226
1683.50000000	5.70096
1684.00000000	5.69881
1684.50000000	5.69788
1685.00000000	5.69527
1685.50000000	5.69313
1686.00000000	5.69133
1686.50000000	5.68926
1687.00000000	5.68707
1687.50000000	5.68500
1688.00000000	5.68377
1688.50000000	5.68324
1689.00000000	5.68398
1689.50000000	5.68535
1690.00000000	5.68695
1690.50000000	5.68790
1691.00000000	5.68835
1691.50000000	5.68840
1692.00000000	5.68798
1692.50000000	5.68828
1693.00000000	5.68975
1693.50000000	5.69322
1694.00000000	5.69590
1694.50000000	5.69920
1695.00000000	5.70236
1695.50000000	5.70616
1696.00000000	5.70851
1696.50000000	5.71085
1697.00000000	5.71380
1697.50000000	5.71567
1698.00000000	5.71815
1698.50000000	5.72018
1699.00000000	5.72243
1699.50000000	5.72420
1700.00000000	5.72556
1700.50000000	5.72872
1701.00000000	5.73078
1701.50000000	5.73347
1702.00000000	5.73756
1702.50000000	5.74100
1703.00000000	5.74408
1703.50000000	5.74547
1704.00000000	5.74690
1704.50000000	5.74867
1705.00000000	5.74943
1705.50000000	5.75138
1706.00000000	5.75486
1706.50000000	5.75941
1707.00000000	5.76353
1707.50000000	5.76698
1708.00000000	5.76885
1708.50000000	5.77040
1709.00000000	5.77137
1709.50000000	5.77152
1710.00000000	5.77102
1710.50000000	5.77092
1711.00000000	5.77217
1711.50000000	5.77267
1712.00000000	5.77470
1712.50000000	5.77639
1713.00000000	5.77760
1713.50000000	5.77963
1714.00000000	5.78194
1714.50000000	5.78322
1715.00000000	5.78482
1715.50000000	5.78718
1716.00000000	5.78874
1716.50000000	5.79076
1717.00000000	5.79301
1717.50000000	5.79415
1718.00000000	5.79499
1718.50000000	5.79611
1719.00000000	5.79737
1719.50000000	5.79899
1720.00000000	5.80030
1720.50000000	5.80161
1721.00000000	5.80238
1721.50000000	5.80297
1722.00000000	5.80451
1722.50000000	5.80581
1723.00000000	5.80563
1723.50000000	5.80489
1724.00000000	5.80578
1724.50000000	5.80628
1725.00000000	5.80733
1725.50000000	5.80848
1726.00000000	5.80947
1726.50000000	5.80941
1727.00000000	5.80898
1727.50000000	5.80853
1728.00000000	5.80834
1728.50000000	5.80816
1729.00000000	5.80694
1729.50000000	5.80551
1730.00000000	5.80430
1730.50000000	5.80360
1731.00000000	5.80249
1731.50000000	5.80310
1732.00000000	5.80374
1732.50000000	5.80411
1733.00000000	5.80457
1733.50000000	5.80435
1734.00000000	5.80235
1734.50000000	5.80155
1735.00000000	5.80217
1735.50000000	5.80287
1736.00000000	5.80290
1736.50000000	5.80284
1737.00000000	5.80354
1737.50000000	5.80383
1738.00000000	5.80339
1738.50000000	5.80344
1739.00000000	5.80227
1739.50000000	5.80133
1740.00000000	5.79976
1740.50000000	5.79831
1741.00000000	5.79695
1741.50000000	5.79612
1742.00000000	5.79526
1742.50000000	5.79372
1743.00000000	5.79154
1743.50000000	5.78919
1744.00000000	5.78603
1744.50000000	5.78324
1745.00000000	5.78016
1745.50000000	5.77721
1746.00000000	5.77485
1746.50000000	5.77138
1747.00000000	5.76601
1747.50000000	5.76122
1748.00000000	5.75771
1748.50000000	5.75564
1749.00000000	5.75393
1749.50000000	5.75237
1750.00000000	5.75134
1750.50000000	5.75149
1751.00000000	5.75234
1751.50000000	5.75286
1752.00000000	5.75458
1752.50000000	5.75600
1753.00000000	5.75775
1753.50000000	5.75963
1754.00000000	5.76187
1754.50000000	5.76493
1755.00000000	5.76784
1755.50000000	5.77077
1756.00000000	5.77415
1756.50000000	5.77659
1757.00000000	5.77991
1757.50000000	5.78358
1758.00000000	5.78620
1758.50000000	5.78887
1759.00000000	5.78995
1759.50000000	5.79119
1760.00000000	5.79238
1760.50000000	5.79375
1761.00000000	5.79550
1761.50000000	5.79809
1762.00000000	5.79981
1762.50000000	5.79970
1763.00000000	5.79766
1763.50000000	5.79568
1764.00000000	5.79521
1764.50000000	5.79366
1765.00000000	5.79475
1765.50000000	5.79500
1766.00000000	5.79499
1766.50000000	5.79505
1767.00000000	5.79477
1767.50000000	5.79466
1768.00000000	5.79580
1768.50000000	5.79764
1769.00000000	5.79789
1769.50000000	5.79782
1770.00000000	5.79804
1770.50000000	5.79969
1771.00000000	5.80197
1771.50000000	5.80264
1772.00000000	5.80289
1772.50000000	5.80327
1773.00000000	5.80200
1773.50000000	5.79994
1774.00000000	5.79879
1774.50000000	5.79727
1775.00000000	5.79445
1775.50000000	5.79279
1776.00000000	5.79164
1776.50000000	5.79014
1777.00000000	5.78775
1777.50000000	5.78658
1778.00000000	5.78577
1778.50000000	5.78483
1779.00000000	5.78318
1779.50000000	5.78093
1780.00000000	5.77868
1780.50000000	5.77518
1781.00000000	5.77351
1781.50000000	5.77296
1782.00000000	5.77237
1782.50000000	5.77093
1783.00000000	5.76959
1783.50000000	5.76778
1784.00000000	5.76549
1784.50000000	5.76386
1785.00000000	5.76205
1785.50000000	5.76131
1786.00000000	5.76032
1786.50000000	5.75919
1787.00000000	5.75880
1787.50000000	5.75792
1788.00000000	5.75699
1788.50000000	5.75561
1789.00000000	5.75524
1789.50000000	5.75389
1790.00000000	5.75055
1790.50000000	5.74685
1791.00000000	5.74471
1791.50000000	5.74247
1792.00000000	5.74067
1792.50000000	5.73910
1793.00000000	5.73651
1793.50000000	5.73344
1794.00000000	5.73151
1794.50000000	5.72977
1795.00000000	5.72739
1795.50000000	5.72438
1796.00000000	5.72147
1796.50000000	5.71756
1797.00000000	5.71437
1797.50000000	5.71203
1798.00000000	5.70812
1798.50000000	5.70419
1799.00000000	5.70047
1799.50000000	5.69856
1800.00000000	5.69546
1800.50000000	5.69330
1801.00000000	5.69100
1801.50000000	5.68862
1802.00000000	5.68727
1802.50000000	5.68375
1803.00000000	5.68004
1803.50000000	5.67540
1804.00000000	5.67128
1804.50000000	5.66704
1805.00000000	5.66276
1805.50000000	5.65905
1806.00000000	5.65501
1806.50000000	5.65270
1807.00000000	5.65053
1807.50000000	5.64905
1808.00000000	5.64872
1808.50000000	5.64855
1809.00000000	5.64771
1809.50000000	5.64661
1810.00000000	5.64470
1810.50000000	5.64346
1811.00000000	5.64182
1811.50000000	5.64037
1812.00000000	5.64022
1812.50000000	5.64191
1813.00000000	5.64477
1813.50000000	5.64869
1814.00000000	5.65127
1814.50000000	5.65399
1815.00000000	5.65615
1815.50000000	5.65754
1816.00000000	5.65935
1816.50000000	5.66232
1817.00000000	5.66541
1817.50000000	5.66950
1818.00000000	5.67389
1818.50000000	5.67795
1819.00000000	5.68197
1819.50000000	5.68535
1820.00000000	5.68888
1820.50000000	5.69159
1821.00000000	5.69323
1821.50000000	5.69387
1822.00000000	5.69526
1822.50000000	5.69547
1823.00000000	5.69659
1823.50000000	5.69778
1824.00000000	5.70068
1824.50000000	5.70323
1825.00000000	5.70532
1825.50000000	5.70718
1826.00000000	5.71014
1826.50000000	5.71100
1827.00000000	5.71259
1827.50000000	5.71379
1828.00000000	5.71520
1828.50000000	5.71373
1829.00000000	5.71214
1829.50000000	5.71242
1830.00000000	5.71276
1830.50000000	5.71233
1831.00000000	5.71186
1831.50000000	5.71191
1832.00000000	5.71142
1832.50000000	5.71165
1833.00000000	5.71158
1833.50000000	5.70979
1834.00000000	5.70777
1834.50000000	5.70527
1835.00000000	5.70424
1835.50000000	5.70329
1836.00000000	5.70174
1836.50000000	5.70077
1837.00000000	5.69981
1837.50000000	5.69877
1838.00000000	5.69837
1838.50000000	5.69674
1839.00000000	5.69515
1839.50000000	5.69234
1840.00000000	5.68949
1840.50000000	5.68757
1841.00000000	5.68744
1841.50000000	5.68764
1842.00000000	5.68673
1842.50000000	5.68651
1843.00000000	5.68656
1843.50000000	5.68558
1844.00000000	5.68499
1844.50000000	5.68405
1845.00000000	5.68369
1845.50000000	5.68415
1846.00000000	5.68455
1846.50000000	5.68510
1847.00000000	5.68563
1847.50000000	5.68784
1848.00000000	5.69025
1848.50000000	5.69377
1849.00000000	5.69693
1849.50000000	5.70103
1850.00000000	5.70550
1850.50000000	5.70911
1851.00000000	5.71190
1851.50000000	5.71555
1852.00000000	5.71976
1852.50000000	5.72309
1853.00000000	5.72524
1853.50000000	5.72776
1854.00000000	5.72904
1854.50000000	5.73119
1855.00000000	5.73279
1855.50000000	5.73438
1856.00000000	5.73544
1856.50000000	5.73610
1857.00000000	5.73878
1857.50000000	5.74224
1858.00000000	5.74472
1858.50000000	5.74695
1859.00000000	5.74935
1859.50000000	5.75239
1860.00000000	5.75522
1860.50000000	5.75918
1861.00000000	5.76346
1861.50000000	5.76600
1862.00000000	5.76833
1862.50000000	5.77058
1863.00000000	5.77228
1863.50000000	5.77437
1864.00000000	5.77660
1864.50000000	5.77923
1865.00000000	5.78292
1865.50000000	5.78673
1866.00000000	5.78922
1866.50000000	5.79243
1867.00000000	5.79563
1867.50000000	5.79871
1868.00000000	5.80148
1868.50000000	5.80331
1869.00000000	5.80575
1869.50000000	5.80931
1870.00000000	5.81323
1870.50000000	5.81805
1871.00000000	5.82280
1871.50000000	5.82611
1872.00000000	5.82856
1872.50000000	5.83155
1873.00000000	5.83398
1873.50000000	5.83532
1874.00000000	5.83693
1874.50000000	5.83796
1875.00000000	5.83911
1875.50000000	5.83981
1876.00000000	5.84123
1876.50000000	5.84300
1877.00000000	5.84588
1877.50000000	5.84831
1878.00000000	5.85037
1878.50000000	5.85063
1879.00000000	5.85033
1879.50000000	5.84914
1880.00000000	5.84809
1880.50000000	5.84682
1881.00000000	5.84371
1881.50000000	5.84109
1882.00000000	5.83940
1882.50000000	5.83782
1883.00000000	5.83536
1883.50000000	5.83405
1884.00000000	5.83267
1884.50000000	5.82979
1885.00000000	5.82784
1885.50000000	5.82556
1886.00000000	5.82346
1886.50000000	5.82083
1887.00000000	5.81826
1887.50000000	5.81612
1888.00000000	5.81382
1888.50000000	5.81219
1889.00000000	5.81093
1889.50000000	5.81032
1890.00000000	5.81063
1890.50000000	5.81128
1891.00000000	5.81035
1891.50000000	5.80805
1892.00000000	5.80801
1892.50000000	5.80798
1893.00000000	5.80677
1893.50000000	5.80653
1894.00000000	5.80517
1894.50000000	5.80547
1895.00000000	5.80489
1895.50000000	5.80329
1896.00000000	5.80113
1896.50000000	5.80016
1897.00000000	5.79844
1897.50000000	5.79784
1898.00000000	5.79716
1898.50000000	5.79868
1899.00000000	5.79989
1899.50000000	5.80025
1900.00000000	5.80111
1900.50000000	5.80209
1901.00000000	5.80392
1901.50000000	5.80584
1902.00000000	5.80675
1902.50000000	5.80795
1903.00000000	5.80914
1903.50000000	5.80992
1904.00000000	5.81213
1904.50000000	5.81393
1905.00000000	5.81789
1905.50000000	5.81961
1906.00000000	5.82212
1906.50000000	5.82369
1907.00000000	5.82461
1907.50000000	5.82692
1908.00000000	5.82956
1908.50000000	5.83069
1909.00000000	5.83230
1909.50000000	5.83376
1910.00000000	5.83608
1910.50000000	5.83805
1911.00000000	5.83926
1911.50000000	5.84030
1912.00000000	5.84146
1912.50000000	5.84234
1913.00000000	5.84349
1913.50000000	5.84564
1914.00000000	5.84714
1914.50000000	5.84978
1915.00000000	5.85044
1915.50000000	5.85021
1916.00000000	5.85117
1916.50000000	5.85213
1917.00000000	5.85293
1917.50000000	5.85242
1918.00000000	5.85210
1918.50000000	5.85214
1919.00000000	5.85358
1919.50000000	5.85555
1920.00000000	5.85683
1920.50000000	5.85924
1921.00000000	5.86201
1921.50000000	5.86510
1922.00000000	5.86738
1922.50000000	5.86856
1923.00000000	5.86985
1923.50000000	5.87139
1924.00000000	5.87303
1924.50000000	5.87383
1925.00000000	5.87518
1925.50000000	5.87657
1926.00000000	5.87749
1926.50000000	5.87776
1927.00000000	5.87721
1927.50000000	5.87669
1928.00000000	5.87548
1928.50000000	5.87464
1929.00000000	5.87506
1929.50000000	5.87507
1930.00000000	5.87262
1930.50000000	5.87021
1931.00000000	5.86814
1931.50000000	5.86540
1932.00000000	5.86300
1932.50000000	5.86055
1933.00000000	5.85754
1933.50000000	5.85377
1934.00000000	5.85150
1934.50000000	5.84915
1935.00000000	5.84677
1935.50000000	5.84430
1936.00000000	5.84187
1936.50000000	5.83960
1937.00000000	5.83776
1937.50000000	5.83704
1938.00000000	5.83506
1938.50000000	5.83438
1939.00000000	5.83369
1939.50000000	5.83374
1940.00000000	5.83296
1940.50000000	5.83173
1941.00000000	5.83172
1941.50000000	5.83058
1942.00000000	5.82951
1942.50000000	5.82725
1943.00000000	5.82585
1943.50000000	5.82403
1944.00000000	5.82266
1944.50000000	5.82165
1945.00000000	5.82092
1945.50000000	5.82042
1946.00000000	5.81912
1946.50000000	5.81820
