0.00000000	6.82453
0.50000000	6.82370
1.00000000	6.82299
1.50000000	6.82235
2.00000000	6.82144
2.50000000	6.82055
3.00000000	6.81960
3.50000000	6.81738
4.00000000	6.81509
4.50000000	6.81306
5.00000000	6.81254
5.50000000	6.81312
6.00000000	6.81365
6.50000000	6.81492
7.00000000	6.81550
7.50000000	6.81705
8.00000000	6.81873
8.50000000	6.81921
9.00000000	6.81997
9.50000000	6.82087
10.00000000	6.82176
10.50000000	6.82290
11.00000000	6.82380
11.50000000	6.82563
12.00000000	6.82779
12.50000000	6.83030
13.00000000	6.83243
13.50000000	6.83516
14.00000000	6.83691
14.50000000	6.83797
15.00000000	6.83954
15.50000000	6.84120
16.00000000	6.84369
16.50000000	6.84632
17.00000000	6.84797
17.50000000	6.84977
18.00000000	6.85188
18.50000000	6.85537
19.00000000	6.86045
19.50000000	6.86446
20.00000000	6.86869
20.50000000	6.87322
21.00000000	6.87700
21.50000000	6.88088
22.00000000	6.88523
22.50000000	6.88920
23.00000000	6.89202
23.50000000	6.89597
24.00000000	6.89973
24.50000000	6.90275
25.00000000	6.90548
25.50000000	6.90798
26.00000000	6.90985
26.50000000	6.91186
27.00000000	6.91407
27.50000000	6.91685
28.00000000	6.91844
28.50000000	6.92175
29.00000000	6.92473
29.50000000	6.92707
30.00000000	6.92964
30.50000000	6.93231
31.00000000	6.93682
31.50000000	6.94026
32.00000000	6.94224
32.50000000	6.94368
33.00000000	6.94436
33.50000000	6.94498
34.00000000	6.94481
34.50000000	6.94579
35.00000000	6.94552
35.50000000	6.94586
36.00000000	6.94616
36.50000000	6.94689
37.00000000	6.94872
37.50000000	6.95104
38.00000000	6.95370
38.50000000	6.95472
39.00000000	6.95518
39.50000000	6.95610
40.00000000	6.95578
40.50000000	6.95477
41.00000000	6.95416
41.50000000	6.95425
42.00000000	6.95299
42.50000000	6.95226
43.00000000	6.95247
43.50000000	6.95320
44.00000000	6.95298
44.50000000	6.95386
45.00000000	6.95590
45.50000000	6.95904
46.00000000	6.96247
46.50000000	6.96654
47.00000000	6.97075
47.50000000	6.97452
48.00000000	6.97695
48.50000000	6.97776
49.00000000	6.97866
49.50000000	6.97979
50.00000000	6.98031
50.50000000	6.97992
51.00000000	6.98097
51.50000000	6.98165
52.00000000	6.98191
52.50000000	6.98294
53.00000000	6.98408
53.50000000	6.98422
54.00000000	6.98384
54.50000000	6.98488
55.00000000	6.98478
55.50000000	6.98442
56.00000000	6.98454
56.50000000	6.98418
57.00000000	6.98382
57.50000000	6.98530
58.00000000	6.98703
58.50000000	6.98883
59.00000000	6.99007
59.50000000	6.99054
60.00000000	6.99135
60.50000000	6.99161
61.00000000	6.99243
61.50000000	6.99313
62.00000000	6.99379
62.50000000	6.99578
63.00000000	6.99643
63.50000000	6.99821
64.00000000	7.00003
64.50000000	7.00244
65.00000000	7.00371
65.50000000	7.00534
66.00000000	7.00857
66.50000000	7.01093
67.00000000	7.01390
67.50000000	7.01627
68.00000000	7.01932
68.50000000	7.02161
69.00000000	7.02482
69.50000000	7.02791
70.00000000	7.03250
70.50000000	7.03560
71.00000000	7.03901
71.50000000	7.04283
72.00000000	7.04620
72.50000000	7.04811
73.00000000	7.04918
73.50000000	7.04930
74.00000000	7.04871
74.50000000	7.04869
75.00000000	7.04868
75.50000000	7.04804
76.00000000	7.04703
76.50000000	7.04605
77.00000000	7.04364
77.50000000	7.04105
78.00000000	7.03741
78.50000000	7.03429
79.00000000	7.03089
79.50000000	7.02824
80.00000000	7.02427
80.50000000	7.02145
81.00000000	7.01727
81.50000000	7.01448
82.00000000	7.01259
82.50000000	7.00967
83.00000000	7.00598
83.50000000	7.00276
84.00000000	7.00096
84.50000000	6.99818
85.00000000	6.99507
85.50000000	6.99289
86.00000000	6.99079
86.50000000	6.98822
87.00000000	6.98512
87.50000000	6.98100
88.00000000	6.97771
88.50000000	6.97478
89.00000000	6.97303
89.50000000	6.97085
90.00000000	6.96875
90.50000000	6.96517
91.00000000	6.96346
91.50000000	6.96123
92.00000000	6.96133
92.50000000	6.96150
93.00000000	6.96042
93.50000000	6.96109
94.00000000	6.96157
94.50000000	6.96292
95.00000000	6.96407
95.50000000	6.96597
96.00000000	6.96703
96.50000000	6.96800
97.00000000	6.96862
97.50000000	6.96988
98.00000000	6.97227
98.50000000	6.97499
99.00000000	6.97684
99.50000000	6.97845
100.00000000	6.98064
100.50000000	6.98362
101.00000000	6.98716
101.50000000	6.99023
102.00000000	6.99139
102.50000000	6.99227
103.00000000	6.99303
103.50000000	6.99369
104.00000000	6.99699
104.50000000	7.00056
105.00000000	7.00258
105.50000000	7.00523
106.00000000	7.00822
106.50000000	7.00956
107.00000000	7.01211
107.50000000	7.01258
108.00000000	7.01338
108.50000000	7.01465
109.00000000	7.01702
109.50000000	7.01948
110.00000000	7.02223
110.50000000	7.02546
111.00000000	7.02878
111.50000000	7.03287
112.00000000	7.03762
112.50000000	7.04108
113.00000000	7.04375
113.50000000	7.04588
114.00000000	7.04832
114.50000000	7.05090
115.00000000	7.05413
115.50000000	7.05764
116.00000000	7.06220
116.50000000	7.06658
117.00000000	7.06958
117.50000000	7.07172
118.00000000	7.07332
118.50000000	7.07542
119.00000000	7.07884
119.50000000	7.08096
120.00000000	7.08492
120.50000000	7.08929
121.00000000	7.09320
121.50000000	7.09544
122.00000000	7.09722
122.50000000	7.09921
123.00000000	7.10159
123.50000000	7.10390
124.00000000	7.10600
124.50000000	7.10794
125.00000000	7.11024
125.50000000	7.11268
126.00000000	7.11525
126.50000000	7.11956
127.00000000	7.12156
127.50000000	7.12231
128.00000000	7.12336
128.50000000	7.12427
129.00000000	7.12498
129.50000000	7.12602
130.00000000	7.12790
130.50000000	7.13011
131.00000000	7.13127
131.50000000	7.13208
132.00000000	7.13276
132.50000000	7.13441
133.00000000	7.13528
133.50000000	7.13641
134.00000000	7.13651
134.50000000	7.13591
135.00000000	7.13648
135.50000000	7.13802
136.00000000	7.13856
136.50000000	7.13971
137.00000000	7.14092
137.50000000	7.14224
138.00000000	7.14389
138.50000000	7.14474
139.00000000	7.14551
139.50000000	7.14414
140.00000000	7.14327
140.50000000	7.14154
141.00000000	7.14074
141.50000000	7.14137
142.00000000	7.14137
142.50000000	7.14194
143.00000000	7.14157
143.50000000	7.14177
144.00000000	7.14158
144.50000000	7.14088
145.00000000	7.14099
145.50000000	7.14206
146.00000000	7.14296
146.50000000	7.14458
147.00000000	7.14706
147.50000000	7.14912
148.00000000	7.15059
148.50000000	7.15001
149.00000000	7.14980
149.50000000	7.15032
150.00000000	7.15139
150.50000000	7.15285
151.00000000	7.15591
151.50000000	7.15830
152.00000000	7.16053
152.50000000	7.16354
153.00000000	7.16588
153.50000000	7.16788
154.00000000	7.16915
154.50000000	7.17186
155.00000000	7.17478
155.50000000	7.17750
156.00000000	7.17970
156.50000000	7.18167
157.00000000	7.18340
157.50000000	7.18586
158.00000000	7.18884
158.50000000	7.19182
159.00000000	7.19335
159.50000000	7.19420
160.00000000	7.19431
160.50000000	7.19298
161.00000000	7.19236
161.50000000	7.19289
162.00000000	7.19319
162.50000000	7.19460
163.00000000	7.19675
163.50000000	7.19823
164.00000000	7.19990
164.50000000	7.20150
165.00000000	7.20205
165.50000000	7.20157
166.00000000	7.20111
166.50000000	7.20154
167.00000000	7.20159
167.50000000	7.20114
168.00000000	7.20064
168.50000000	7.19954
169.00000000	7.19890
169.50000000	7.19815
170.00000000	7.19599
170.50000000	7.19526
171.00000000	7.19436
171.50000000	7.19330
172.00000000	7.19135
172.50000000	7.18990
173.00000000	7.18935
173.50000000	7.18738
174.00000000	7.18556
174.50000000	7.18431
175.00000000	7.18281
175.50000000	7.18076
176.00000000	7.17989
176.50000000	7.17978
177.00000000	7.17978
177.50000000	7.17938
178.00000000	7.17879
178.50000000	7.17758
179.00000000	7.17594
179.50000000	7.17475
180.00000000	7.17264
180.50000000	7.17034
181.00000000	7.16863
181.50000000	7.16762
182.00000000	7.16556
182.50000000	7.16377
183.00000000	7.16134
183.50000000	7.15908
184.00000000	7.15702
184.50000000	7.15475
185.00000000	7.15265
185.50000000	7.15156
186.00000000	7.14981
186.50000000	7.14956
187.00000000	7.14897
187.50000000	7.14784
188.00000000	7.14573
188.50000000	7.14248
189.00000000	7.14206
189.50000000	7.14194
190.00000000	7.14138
190.50000000	7.14039
191.00000000	7.13849
191.50000000	7.13727
192.00000000	7.13637
192.50000000	7.13551
193.00000000	7.13472
193.50000000	7.13483
194.00000000	7.13413
194.50000000	7.13200
195.00000000	7.13001
195.50000000	7.12854
196.00000000	7.12729
196.50000000	7.12646
197.00000000	7.12411
197.50000000	7.12181
198.00000000	7.11984
198.50000000	7.11889
199.00000000	7.11709
199.50000000	7.11525
200.00000000	7.11401
200.50000000	7.11353
201.00000000	7.11276
201.50000000	7.11268
202.00000000	7.11280
202.50000000	7.11091
203.00000000	7.10803
203.50000000	7.10551
204.00000000	7.10342
204.50000000	7.10151
205.00000000	7.09962
205.50000000	7.09676
206.00000000	7.09281
206.50000000	7.08925
207.00000000	7.08475
207.50000000	7.07818
208.00000000	7.07265
208.50000000	7.06798
209.00000000	7.06381
209.50000000	7.06043
210.00000000	7.05714
210.50000000	7.05466
211.00000000	7.05177
211.50000000	7.05016
212.00000000	7.04952
212.50000000	7.04799
213.00000000	7.04582
213.50000000	7.04309
214.00000000	7.04169
214.50000000	7.04102
215.00000000	7.04034
215.50000000	7.04089
216.00000000	7.04056
216.50000000	7.04047
217.00000000	7.03944
217.50000000	7.03730
218.00000000	7.03485
218.50000000	7.03391
219.00000000	7.03395
219.50000000	7.03456
220.00000000	7.03468
220.50000000	7.03492
221.00000000	7.03550
221.50000000	7.03555
222.00000000	7.03517
222.50000000	7.03569
223.00000000	7.03689
223.50000000	7.03806
224.00000000	7.03884
224.50000000	7.04176
225.00000000	7.04511
225.50000000	7.05003
226.00000000	7.05618
226.50000000	7.06368
227.00000000	7.07004
227.50000000	7.07689
228.00000000	7.08294
228.50000000	7.08801
229.00000000	7.09284
229.50000000	7.09749
230.00000000	7.10314
230.50000000	7.10855
231.00000000	7.11321
231.50000000	7.11825
232.00000000	7.12228
232.50000000	7.12618
233.00000000	7.12994
233.50000000	7.13276
234.00000000	7.13506
234.50000000	7.13547
235.00000000	7.13579
235.50000000	7.13532
236.00000000	7.13555
236.50000000	7.13714
237.00000000	7.13802
237.50000000	7.13768
238.00000000	7.13769
238.50000000	7.13722
239.00000000	7.13500
239.50000000	7.13165
240.00000000	7.12981
240.50000000	7.12815
241.00000000	7.12751
241.50000000	7.12766
242.00000000	7.12867
242.50000000	7.12987
243.00000000	7.13164
243.50000000	7.13442
244.00000000	7.13566
244.50000000	7.13523
245.00000000	7.13581
245.50000000	7.13611
246.00000000	7.13623
246.50000000	7.13567
247.00000000	7.13308
247.50000000	7.13086
248.00000000	7.12798
248.50000000	7.12636
249.00000000	7.12481
249.50000000	7.12390
250.00000000	7.12475
250.50000000	7.12512
251.00000000	7.12483
251.50000000	7.12323
252.00000000	7.12127
252.50000000	7.12074
253.00000000	7.12062
253.50000000	7.11974
254.00000000	7.11922
254.50000000	7.11952
255.00000000	7.11965
255.50000000	7.11884
256.00000000	7.11841
256.50000000	7.11795
257.00000000	7.11818
257.50000000	7.11902
258.00000000	7.12097
258.50000000	7.12184
259.00000000	7.12141
259.50000000	7.11993
260.00000000	7.11783
260.50000000	7.11669
261.00000000	7.11574
261.50000000	7.11464
262.00000000	7.11327
262.50000000	7.11213
263.00000000	7.11111
263.50000000	7.11022
264.00000000	7.10929
264.50000000	7.10809
265.00000000	7.10710
265.50000000	7.10451
266.00000000	7.10369
266.50000000	7.10355
267.00000000	7.10439
267.50000000	7.10547
268.00000000	7.10644
268.50000000	7.10639
269.00000000	7.10639
269.50000000	7.10594
270.00000000	7.10427
270.50000000	7.10313
271.00000000	7.10312
271.50000000	7.10360
272.00000000	7.10340
272.50000000	7.10438
273.00000000	7.10376
273.50000000	7.10358
274.00000000	7.10469
274.50000000	7.10552
275.00000000	7.10546
275.50000000	7.10499
276.00000000	7.10621
276.50000000	7.10774
277.00000000	7.10967
277.50000000	7.11175
278.00000000	7.11422
278.50000000	7.11690
279.00000000	7.11948
279.50000000	7.12295
280.00000000	7.12542
280.50000000	7.12753
281.00000000	7.12932
281.50000000	7.13002
282.00000000	7.13158
282.50000000	7.13407
283.00000000	7.13749
283.50000000	7.14144
284.00000000	7.14441
284.50000000	7.14818
285.00000000	7.15272
285.50000000	7.15695
286.00000000	7.16150
286.50000000	7.16458
287.00000000	7.16918
287.50000000	7.17441
288.00000000	7.17872
288.50000000	7.18252
289.00000000	7.18550
289.50000000	7.18930
290.00000000	7.19483
290.50000000	7.19995
291.00000000	7.20395
291.50000000	7.20766
292.00000000	7.21057
292.50000000	7.21389
293.00000000	7.21696
293.50000000	7.21911
294.00000000	7.22145
294.50000000	7.22313
295.00000000	7.22527
295.50000000	7.22590
296.00000000	7.22663
296.50000000	7.22856
297.00000000	7.22939
297.50000000	7.22963
298.00000000	7.22728
298.50000000	7.22379
299.00000000	7.22033
299.50000000	7.21812
300.00000000	7.21475
300.50000000	7.21014
301.00000000	7.20590
301.50000000	7.20073
302.00000000	7.19613
302.50000000	7.19204
303.00000000	7.18759
303.50000000	7.18233
304.00000000	7.17786
304.50000000	7.17387
305.00000000	7.17070
305.50000000	7.16859
306.00000000	7.16665
306.50000000	7.16509
307.00000000	7.16230
307.50000000	7.15968
308.00000000	7.15631
308.50000000	7.15345
309.00000000	7.15225
309.50000000	7.15074
310.00000000	7.14992
310.50000000	7.14953
311.00000000	7.14864
311.50000000	7.14784
312.00000000	7.14814
312.50000000	7.14892
313.00000000	7.15033
313.50000000	7.15014
314.00000000	7.15129
314.50000000	7.15262
315.00000000	7.15463
315.50000000	7.15728
316.00000000	7.15903
316.50000000	7.16026
317.00000000	7.16017
317.50000000	7.16052
318.00000000	7.16049
318.50000000	7.15947
319.00000000	7.15960
319.50000000	7.16056
320.00000000	7.16198
320.50000000	7.16256
321.00000000	7.16272
321.50000000	7.16233
322.00000000	7.16121
322.50000000	7.16044
323.00000000	7.16002
323.50000000	7.16032
324.00000000	7.16062
324.50000000	7.16076
325.00000000	7.16024
325.50000000	7.16163
326.00000000	7.16364
326.50000000	7.16484
327.00000000	7.16614
327.50000000	7.16679
328.00000000	7.16782
328.50000000	7.16881
329.00000000	7.16976
329.50000000	7.17080
330.00000000	7.17198
330.50000000	7.17394
331.00000000	7.17606
331.50000000	7.17740
332.00000000	7.17892
332.50000000	7.17958
333.00000000	7.17858
333.50000000	7.17906
334.00000000	7.17968
334.50000000	7.18094
335.00000000	7.18197
335.50000000	7.18270
336.00000000	7.18391
336.50000000	7.18564
337.00000000	7.18822
337.50000000	7.18988
338.00000000	7.19039
338.50000000	7.19119
339.00000000	7.19171
339.50000000	7.19308
340.00000000	7.19391
340.50000000	7.19454
341.00000000	7.19543
341.50000000	7.19589
342.00000000	7.19717
342.50000000	7.19875
343.00000000	7.19952
343.50000000	7.19859
344.00000000	7.19662
344.50000000	7.19436
345.00000000	7.19172
345.50000000	7.19121
346.00000000	7.18816
346.50000000	7.18492
347.00000000	7.18176
347.50000000	7.17838
348.00000000	7.17584
348.50000000	7.17208
349.00000000	7.16833
349.50000000	7.16535
350.00000000	7.16048
350.50000000	7.15561
351.00000000	7.14955
351.50000000	7.14296
352.00000000	7.13666
352.50000000	7.13120
353.00000000	7.12722
353.50000000	7.12321
354.00000000	7.11971
354.50000000	7.11528
355.00000000	7.11097
355.50000000	7.10718
356.00000000	7.10242
356.50000000	7.09779
357.00000000	7.09451
357.50000000	7.09138
358.00000000	7.08735
358.50000000	7.08377
359.00000000	7.08048
359.50000000	7.07868
360.00000000	7.07704
360.50000000	7.07571
361.00000000	7.07524
361.50000000	7.07394
362.00000000	7.07258
362.50000000	7.07041
363.00000000	7.06851
363.50000000	7.06676
364.00000000	7.06530
364.50000000	7.06421
365.00000000	7.06278
365.50000000	7.06292
366.00000000	7.06206
366.50000000	7.05972
367.00000000	7.05704
367.50000000	7.05673
368.00000000	7.05646
368.50000000	7.05620
369.00000000	7.05652
369.50000000	7.05671
370.00000000	7.05683
370.50000000	7.05635
371.00000000	7.05635
371.50000000	7.05573
372.00000000	7.05553
372.50000000	7.05522
373.00000000	7.05587
373.50000000	7.05554
374.00000000	7.05426
374.50000000	7.05355
375.00000000	7.05361
375.50000000	7.05451
376.00000000	7.05784
376.50000000	7.06034
377.00000000	7.06177
377.50000000	7.06289
378.00000000	7.06431
378.50000000	7.06607
379.00000000	7.06875
379.50000000	7.07192
380.00000000	7.07350
380.50000000	7.07431
381.00000000	7.07465
381.50000000	7.07478
382.00000000	7.07330
382.50000000	7.07098
383.00000000	7.06993
383.50000000	7.06887
384.00000000	7.06770
384.50000000	7.06581
385.00000000	7.06408
385.50000000	7.06268
386.00000000	7.06187
386.50000000	7.06160
387.00000000	7.06050
387.50000000	7.05766
388.00000000	7.05549
388.50000000	7.05342
389.00000000	7.05304
389.50000000	7.05186
390.00000000	7.05047
390.50000000	7.04919
391.00000000	7.04830
391.50000000	7.04781
392.00000000	7.04802
392.50000000	7.04960
393.00000000	7.05098
393.50000000	7.05160
394.00000000	7.05266
394.50000000	7.05288
395.00000000	7.05324
395.50000000	7.05481
396.00000000	7.05581
396.50000000	7.05694
397.00000000	7.05923
397.50000000	7.06087
398.00000000	7.06149
398.50000000	7.06336
399.00000000	7.06612
399.50000000	7.06938
400.00000000	7.07240
400.50000000	7.07551
401.00000000	7.07836
401.50000000	7.08194
402.00000000	7.08449
402.50000000	7.08581
403.00000000	7.08810
403.50000000	7.08902
404.00000000	7.09011
404.50000000	7.08954
405.00000000	7.08975
405.50000000	7.08901
406.00000000	7.08850
406.50000000	7.08775
407.00000000	7.08522
407.50000000	7.08262
408.00000000	7.07936
408.50000000	7.07634
409.00000000	7.07285
409.50000000	7.06989
410.00000000	7.06635
410.50000000	7.06317
411.00000000	7.05930
411.50000000	7.05591
412.00000000	7.05166
412.50000000	7.04804
413.00000000	7.04448
413.50000000	7.04140
414.00000000	7.03928
414.50000000	7.03623
415.00000000	7.03432
415.50000000	7.03394
416.00000000	7.03294
416.50000000	7.03055
417.00000000	7.02967
417.50000000	7.02951
418.00000000	7.03032
418.50000000	7.03224
419.00000000	7.03278
419.50000000	7.03409
420.00000000	7.03631
420.50000000	7.03920
421.00000000	7.04074
421.50000000	7.04123
422.00000000	7.04175
422.50000000	7.04308
423.00000000	7.04446
423.50000000	7.04690
424.00000000	7.04928
424.50000000	7.05217
425.00000000	7.05427
425.50000000	7.05711
426.00000000	7.05901
426.50000000	7.06090
427.00000000	7.06230
427.50000000	7.06240
428.00000000	7.06277
428.50000000	7.06124
429.00000000	7.05909
429.50000000	7.05687
430.00000000	7.05542
430.50000000	7.05378
431.00000000	7.05196
431.50000000	7.04936
432.00000000	7.04701
432.50000000	7.04523
433.00000000	7.04395
433.50000000	7.04324
434.00000000	7.04162
434.50000000	7.03972
435.00000000	7.03870
435.50000000	7.03672
436.00000000	7.03474
436.50000000	7.03356
437.00000000	7.03129
437.50000000	7.02976
438.00000000	7.02760
438.50000000	7.02529
439.00000000	7.02368
439.50000000	7.02221
440.00000000	7.02099
440.50000000	7.02097
441.00000000	7.02109
441.50000000	7.02210
442.00000000	7.02352
442.50000000	7.02450
443.00000000	7.02550
443.50000000	7.02694
444.00000000	7.02907
444.50000000	7.02992
445.00000000	7.03011
445.50000000	7.03047
446.00000000	7.02997
446.50000000	7.02982
447.00000000	7.03208
447.50000000	7.03327
448.00000000	7.03443
448.50000000	7.03496
449.00000000	7.03514
449.50000000	7.03569
450.00000000	7.03639
450.50000000	7.03654
451.00000000	7.03522
451.50000000	7.03350
452.00000000	7.03088
452.50000000	7.02901
453.00000000	7.02557
453.50000000	7.02270
454.00000000	7.01892
454.50000000	7.01501
455.00000000	7.01263
455.50000000	7.01137
456.00000000	7.01012
456.50000000	7.00756
457.00000000	7.00657
457.50000000	7.00532
458.00000000	7.00600
458.50000000	7.00552
459.00000000	7.00574
459.50000000	7.00738
460.00000000	7.00730
460.50000000	7.00777
461.00000000	7.00827
461.50000000	7.00832
462.00000000	7.00825
462.50000000	7.00915
463.00000000	7.00999
463.50000000	7.01180
464.00000000	7.01333
464.50000000	7.01491
465.00000000	7.01587
465.50000000	7.01733
466.00000000	7.01761
466.50000000	7.01853
467.00000000	7.01912
467.50000000	7.01961
468.00000000	7.02034
468.50000000	7.02181
469.00000000	7.02256
469.50000000	7.02323
470.00000000	7.02369
470.50000000	7.02381
471.00000000	7.02333
471.50000000	7.02274
472.00000000	7.02242
472.50000000	7.02134
473.00000000	7.02019
473.50000000	7.02088
474.00000000	7.02125
474.50000000	7.02105
475.00000000	7.02140
475.50000000	7.02226
476.00000000	7.02405
476.50000000	7.02682
477.00000000	7.02892
477.50000000	7.03102
478.00000000	7.03278
478.50000000	7.03348
479.00000000	7.03499
479.50000000	7.03591
480.00000000	7.03646
480.50000000	7.03832
481.00000000	7.04153
481.50000000	7.04510
482.00000000	7.04727
482.50000000	7.04960
483.00000000	7.05147
483.50000000	7.05380
484.00000000	7.05488
484.50000000	7.05658
485.00000000	7.05964
485.50000000	7.06238
486.00000000	7.06492
486.50000000	7.06719
487.00000000	7.06935
487.50000000	7.07161
488.00000000	7.07460
488.50000000	7.07740
489.00000000	7.08040
489.50000000	7.08476
490.00000000	7.08820
490.50000000	7.08987
491.00000000	7.09136
491.50000000	7.09189
492.00000000	7.09210
492.50000000	7.09347
493.00000000	7.09307
493.50000000	7.09192
494.00000000	7.09149
494.50000000	7.09062
495.00000000	7.09037
495.50000000	7.08989
496.00000000	7.09052
496.50000000	7.09324
497.00000000	7.09685
497.50000000	7.10029
498.00000000	7.10304
498.50000000	7.10481
499.00000000	7.10721
499.50000000	7.11133
500.00000000	7.11530
500.50000000	7.11989
501.00000000	7.12454
501.50000000	7.12878
502.00000000	7.13178
502.50000000	7.13446
503.00000000	7.13771
503.50000000	7.13894
504.00000000	7.14005
504.50000000	7.14148
505.00000000	7.14232
505.50000000	7.14226
506.00000000	7.14134
506.50000000	7.14176
507.00000000	7.14046
507.50000000	7.14051
508.00000000	7.14064
508.50000000	7.14212
509.00000000	7.14397
509.50000000	7.14546
510.00000000	7.14491
510.50000000	7.14336
511.00000000	7.14221
511.50000000	7.14270
512.00000000	7.14334
512.50000000	7.14413
513.00000000	7.14416
513.50000000	7.14481
514.00000000	7.14598
514.50000000	7.14730
515.00000000	7.14961
515.50000000	7.15298
516.00000000	7.15469
516.50000000	7.15633
517.00000000	7.15782
517.50000000	7.15993
518.00000000	7.16256
518.50000000	7.16380
519.00000000	7.16468
519.50000000	7.16640
520.00000000	7.16921
520.50000000	7.17191
521.00000000	7.17429
521.50000000	7.17579
522.00000000	7.17679
522.50000000	7.17935
523.00000000	7.18110
523.50000000	7.18345
524.00000000	7.18642
524.50000000	7.18884
525.00000000	7.19096
525.50000000	7.19284
526.00000000	7.19493
526.50000000	7.19582
527.00000000	7.19631
527.50000000	7.19626
528.00000000	7.19695
528.50000000	7.19683
529.00000000	7.19501
529.50000000	7.19336
530.00000000	7.19247
530.50000000	7.19132
531.00000000	7.19080
531.50000000	7.19008
532.00000000	7.18866
532.50000000	7.18680
533.00000000	7.18596
533.50000000	7.18458
534.00000000	7.18375
534.50000000	7.18403
535.00000000	7.18431
535.50000000	7.18491
536.00000000	7.18446
536.50000000	7.18356
537.00000000	7.18308
537.50000000	7.18208
538.00000000	7.18021
538.50000000	7.17792
539.00000000	7.17408
539.50000000	7.17161
540.00000000	7.16907
540.50000000	7.16760
541.00000000	7.16692
541.50000000	7.16616
542.00000000	7.16652
542.50000000	7.16900
543.00000000	7.17041
543.50000000	7.17369
544.00000000	7.17502
544.50000000	7.17614
545.00000000	7.17640
545.50000000	7.17622
546.00000000	7.17596
546.50000000	7.17556
547.00000000	7.17515
547.50000000	7.17651
548.00000000	7.17839
548.50000000	7.17900
549.00000000	7.17962
549.50000000	7.18139
550.00000000	7.18411
550.50000000	7.18707
551.00000000	7.18907
551.50000000	7.19160
552.00000000	7.19425
552.50000000	7.19665
553.00000000	7.19935
553.50000000	7.20372
554.00000000	7.20748
554.50000000	7.21212
555.00000000	7.21687
555.50000000	7.22255
556.00000000	7.22705
556.50000000	7.23104
557.00000000	7.23399
557.50000000	7.23682
558.00000000	7.23900
558.50000000	7.24205
559.00000000	7.24489
559.50000000	7.24744
560.00000000	7.24985
560.50000000	7.25185
561.00000000	7.25373
561.50000000	7.25647
562.00000000	7.25923
562.50000000	7.26251
563.00000000	7.26493
563.50000000	7.26646
564.00000000	7.26738
564.50000000	7.26860
565.00000000	7.26963
565.50000000	7.26879
566.00000000	7.26879
566.50000000	7.26938
567.00000000	7.27033
567.50000000	7.27143
568.00000000	7.27173
568.50000000	7.27306
569.00000000	7.27470
569.50000000	7.27555
570.00000000	7.27653
570.50000000	7.27662
571.00000000	7.27645
571.50000000	7.27670
572.00000000	7.27643
572.50000000	7.27518
573.00000000	7.27214
573.50000000	7.26961
574.00000000	7.26915
574.50000000	7.26845
575.00000000	7.26751
575.50000000	7.26720
576.00000000	7.26804
576.50000000	7.26894
577.00000000	7.26873
577.50000000	7.26716
578.00000000	7.26602
578.50000000	7.26436
579.00000000	7.26240
579.50000000	7.25944
580.00000000	7.25741
580.50000000	7.25579
581.00000000	7.25556
581.50000000	7.25542
582.00000000	7.25618
582.50000000	7.25792
583.00000000	7.26120
583.50000000	7.26279
584.00000000	7.26243
584.50000000	7.26385
585.00000000	7.26555
585.50000000	7.26630
586.00000000	7.26540
586.50000000	7.26525
587.00000000	7.26662
587.50000000	7.26843
588.00000000	7.26974
588.50000000	7.26977
589.00000000	7.26939
589.50000000	7.26956
590.00000000	7.27173
590.50000000	7.27583
591.00000000	7.27857
591.50000000	7.28005
592.00000000	7.28100
592.50000000	7.28173
593.00000000	7.28289
593.50000000	7.28521
594.00000000	7.28720
594.50000000	7.28982
595.00000000	7.29111
595.50000000	7.29304
596.00000000	7.29577
596.50000000	7.29819
597.00000000	7.30066
597.50000000	7.30328
598.00000000	7.30645
598.50000000	7.31141
599.00000000	7.31607
599.50000000	7.32097
600.00000000	7.32546
600.50000000	7.33059
601.00000000	7.33450
601.50000000	7.33815
602.00000000	7.34126
602.50000000	7.34381
603.00000000	7.34741
603.50000000	7.35065
604.00000000	7.35347
604.50000000	7.35684
605.00000000	7.35895
605.50000000	7.35980
606.00000000	7.35913
606.50000000	7.35750
607.00000000	7.35653
607.50000000	7.35660
608.00000000	7.35626
608.50000000	7.35582
609.00000000	7.35380
609.50000000	7.35102
610.00000000	7.34829
610.50000000	7.34534
611.00000000	7.34338
611.50000000	7.34238
612.00000000	7.34111
612.50000000	7.34018
613.00000000	7.34004
613.50000000	7.34074
614.00000000	7.34057
614.50000000	7.34158
615.00000000	7.34089
615.50000000	7.34064
616.00000000	7.34066
616.50000000	7.34038
617.00000000	7.33990
617.50000000	7.33947
618.00000000	7.33983
618.50000000	7.34082
619.00000000	7.34301
619.50000000	7.34578
620.00000000	7.34871
620.50000000	7.35094
621.00000000	7.35260
621.50000000	7.35382
622.00000000	7.35455
622.50000000	7.35597
623.00000000	7.35853
623.50000000	7.36305
624.00000000	7.36675
624.50000000	7.37103
625.00000000	7.37514
625.50000000	7.37984
626.00000000	7.38308
626.50000000	7.38625
627.00000000	7.38998
627.50000000	7.39257
628.00000000	7.39571
628.50000000	7.39835
629.00000000	7.40117
629.50000000	7.40345
630.00000000	7.40530
630.50000000	7.40893
631.00000000	7.41145
631.50000000	7.41459
632.00000000	7.41913
632.50000000	7.42301
633.00000000	7.42655
633.50000000	7.42841
634.00000000	7.43036
634.50000000	7.43267
635.00000000	7.43400
635.50000000	7.43655
636.00000000	7.44067
636.50000000	7.44590
637.00000000	7.45071
637.50000000	7.45488
638.00000000	7.45749
638.50000000	7.45980
639.00000000	7.46155
639.50000000	7.46250
640.00000000	7.46280
640.50000000	7.46353
641.00000000	7.46562
641.50000000	7.46696
642.00000000	7.46982
642.50000000	7.47234
643.00000000	7.47437
643.50000000	7.47722
644.00000000	7.48037
644.50000000	7.48248
645.00000000	7.48490
645.50000000	7.48806
646.00000000	7.49040
646.50000000	7.49320
647.00000000	7.49620
647.50000000	7.49810
648.00000000	7.49969
648.50000000	7.50152
649.00000000	7.50351
649.50000000	7.50582
650.00000000	7.50782
650.50000000	7.50979
651.00000000	7.51125
651.50000000	7.51252
652.00000000	7.51472
652.50000000	7.51663
653.00000000	7.51705
653.50000000	7.51693
654.00000000	7.51841
654.50000000	7.51951
655.00000000	7.52117
655.50000000	7.52292
656.00000000	7.52451
656.50000000	7.52508
657.00000000	7.52526
657.50000000	7.52547
658.00000000	7.52597
658.50000000	7.52651
659.00000000	7.52600
659.50000000	7.52528
660.00000000	7.52479
660.50000000	7.52480
661.00000000	7.52440
661.50000000	7.52569
662.00000000	7.52699
662.50000000	7.52803
663.00000000	7.52916
663.50000000	7.52962
664.00000000	7.52828
664.50000000	7.52811
665.00000000	7.52942
665.50000000	7.53080
666.00000000	7.53152
666.50000000	7.53212
667.00000000	7.53347
667.50000000	7.53441
668.00000000	7.53460
668.50000000	7.53530
669.00000000	7.53478
669.50000000	7.53446
670.00000000	7.53352
670.50000000	7.53269
671.00000000	7.53193
671.50000000	7.53173
672.00000000	7.53151
672.50000000	7.53061
673.00000000	7.52913
673.50000000	7.52745
674.00000000	7.52498
674.50000000	7.52286
675.00000000	7.52046
675.50000000	7.51819
676.00000000	7.51657
676.50000000	7.51384
677.00000000	7.50922
677.50000000	7.50519
678.00000000	7.50245
678.50000000	7.50115
679.00000000	7.50027
679.50000000	7.49959
680.00000000	7.49950
680.50000000	7.50062
681.00000000	7.50250
681.50000000	7.50406
682.00000000	7.50689
682.50000000	7.50944
683.00000000	7.51232
683.50000000	7.51535
684.00000000	7.51874
684.50000000	7.52298
685.00000000	7.52704
685.50000000	7.53113
686.00000000	7.53567
686.50000000	7.53925
687.00000000	7.54374
687.50000000	7.54855
688.00000000	7.55229
688.50000000	7.55606
689.00000000	7.55818
689.50000000	7.56045
690.00000000	7.56265
690.50000000	7.56501
691.00000000	7.56767
691.50000000	7.57117
692.00000000	7.57378
692.50000000	7.57453
693.00000000	7.57331
693.50000000	7.57217
694.00000000	7.57253
694.50000000	7.57179
695.00000000	7.57367
695.50000000	7.57471
696.00000000	7.57549
696.50000000	7.57635
697.00000000	7.57687
697.50000000	7.57756
698.00000000	7.57951
698.50000000	7.58218
699.00000000	7.58325
699.50000000	7.58402
700.00000000	7.58509
700.50000000	7.58759
701.00000000	7.59071
701.50000000	7.59221
702.00000000	7.59327
702.50000000	7.59443
703.00000000	7.59393
703.50000000	7.59259
704.00000000	7.59214
704.50000000	7.59130
705.00000000	7.58917
705.50000000	7.58823
706.00000000	7.58779
706.50000000	7.58702
707.00000000	7.58536
707.50000000	7.58497
708.00000000	7.58495
708.50000000	7.58481
709.00000000	7.58396
709.50000000	7.58255
710.00000000	7.58113
710.50000000	7.57851
711.00000000	7.57771
711.50000000	7.57807
712.00000000	7.57843
712.50000000	7.57797
713.00000000	7.57762
713.50000000	7.57684
714.00000000	7.57558
714.50000000	7.57495
715.00000000	7.57413
715.50000000	7.57436
716.00000000	7.57434
716.50000000	7.57414
717.00000000	7.57465
717.50000000	7.57464
718.00000000	7.57452
718.50000000	7.57387
719.00000000	7.57418
719.50000000	7.57348
720.00000000	7.57076
720.50000000	7.56761
721.00000000	7.56601
721.50000000	7.56428
722.00000000	7.56297
722.50000000	7.56185
723.00000000	7.55967
723.50000000	7.55697
724.00000000	7.55541
724.50000000	7.55407
725.00000000	7.55206
725.50000000	7.54941
726.00000000	7.54677
726.50000000	7.54305
727.00000000	7.54002
727.50000000	7.53781
728.00000000	7.53402
728.50000000	7.53017
729.00000000	7.52650
729.50000000	7.52467
730.00000000	7.52166
730.50000000	7.51958
731.00000000	7.51738
731.50000000	7.51511
732.00000000	7.51391
732.50000000	7.51063
733.00000000	7.50722
733.50000000	7.50294
734.00000000	7.49917
734.50000000	7.49534
735.00000000	7.49151
735.50000000	7.48824
736.00000000	7.48471
736.50000000	7.48298
737.00000000	7.48140
737.50000000	7.48050
738.00000000	7.48077
738.50000000	7.48114
739.00000000	7.48089
739.50000000	7.48044
740.00000000	7.47918
740.50000000	7.47862
741.00000000	7.47765
741.50000000	7.47687
742.00000000	7.47739
742.50000000	7.47974
743.00000000	7.48326
743.50000000	7.48791
744.00000000	7.49120
744.50000000	7.49471
745.00000000	7.49762
745.50000000	7.49978
746.00000000	7.50232
746.50000000	7.50602
747.00000000	7.50983
747.50000000	7.51465
748.00000000	7.51977
748.50000000	7.52460
749.00000000	7.52939
749.50000000	7.53352
750.00000000	7.53780
750.50000000	7.54127
751.00000000	7.54360
751.50000000	7.54483
752.00000000	7.54677
752.50000000	7.54752
753.00000000	7.54917
753.50000000	7.55093
754.00000000	7.55441
754.50000000	7.55752
755.00000000	7.56020
755.50000000	7.56264
756.00000000	7.56619
756.50000000	7.56758
757.00000000	7.56972
757.50000000	7.57158
758.00000000	7.57362
758.50000000	7.57277
759.00000000	7.57177
759.50000000	7.57263
760.00000000	7.57354
760.50000000	7.57368
761.00000000	7.57373
761.50000000	7.57432
762.00000000	7.57432
762.50000000	7.57499
763.00000000	7.57539
763.50000000	7.57409
764.00000000	7.57248
764.50000000	7.57036
765.00000000	7.56970
765.50000000	7.56915
766.00000000	7.56799
766.50000000	7.56736
767.00000000	7.56680
767.50000000	7.56616
768.00000000	7.56618
768.50000000	7.56495
769.00000000	7.56372
769.50000000	7.56129
770.00000000	7.55878
770.50000000	7.55722
771.00000000	7.55746
771.50000000	7.55807
772.00000000	7.55764
772.50000000	7.55794
773.00000000	7.55851
773.50000000	7.55802
774.00000000	7.55800
774.50000000	7.55760
775.00000000	7.55776
775.50000000	7.55871
776.00000000	7.55970
776.50000000	7.56080
777.00000000	7.56186
777.50000000	7.56463
778.00000000	7.56759
778.50000000	7.57169
779.00000000	7.57539
779.50000000	7.57998
780.00000000	7.58493
780.50000000	7.58894
781.00000000	7.59209
781.50000000	7.59607
782.00000000	7.60061
782.50000000	7.60432
783.00000000	7.60697
783.50000000	7.60993
784.00000000	7.61170
784.50000000	7.61430
785.00000000	7.61628
785.50000000	7.61823
786.00000000	7.61980
786.50000000	7.62100
787.00000000	7.62424
787.50000000	7.62830
788.00000000	7.63138
788.50000000	7.63419
789.00000000	7.63727
789.50000000	7.64109
790.00000000	7.64474
790.50000000	7.64961
791.00000000	7.65482
791.50000000	7.65830
792.00000000	7.66163
792.50000000	7.66486
793.00000000	7.66748
793.50000000	7.67047
794.00000000	7.67356
794.50000000	7.67710
795.00000000	7.68169
795.50000000	7.68634
796.00000000	7.68980
796.50000000	7.69403
797.00000000	7.69806
797.50000000	7.70194
798.00000000	7.70550
798.50000000	7.70810
799.00000000	7.71128
799.50000000	7.71554
800.00000000	7.72018
800.50000000	7.72567
801.00000000	7.73109
801.50000000	7.73505
802.00000000	7.73808
802.50000000	7.74164
803.00000000	7.74462
803.50000000	7.74647
804.00000000	7.74873
804.50000000	7.75037
805.00000000	7.75216
805.50000000	7.75349
806.00000000	7.75563
806.50000000	7.75803
807.00000000	7.76147
807.50000000	7.76438
808.00000000	7.76693
808.50000000	7.76761
809.00000000	7.76768
809.50000000	7.76682
810.00000000	7.76605
810.50000000	7.76506
811.00000000	7.76221
811.50000000	7.75986
812.00000000	7.75840
812.50000000	7.75695
813.00000000	7.75458
813.50000000	7.75336
814.00000000	7.75207
814.50000000	7.74927
815.00000000	7.74739
815.50000000	7.74527
816.00000000	7.74331
816.50000000	7.74089
817.00000000	7.73860
817.50000000	7.73682
818.00000000	7.73494
818.50000000	7.73376
819.00000000	7.73293
819.50000000	7.73271
820.00000000	7.73335
820.50000000	7.73440
821.00000000	7.73383
821.50000000	7.73191
822.00000000	7.73215
822.50000000	7.73234
823.00000000	7.73145
823.50000000	7.73157
824.00000000	7.73059
824.50000000	7.73123
825.00000000	7.73101
825.50000000	7.72986
826.00000000	7.72820
826.50000000	7.72773
827.00000000	7.72660
827.50000000	7.72670
828.00000000	7.72680
828.50000000	7.72912
829.00000000	7.73111
829.50000000	7.73229
830.00000000	7.73403
830.50000000	7.73583
831.00000000	7.73849
831.50000000	7.74130
832.00000000	7.74313
832.50000000	7.74520
833.00000000	7.74732
833.50000000	7.74904
834.00000000	7.75220
834.50000000	7.75499
835.00000000	7.76000
835.50000000	7.76263
836.00000000	7.76593
836.50000000	7.76830
837.00000000	7.76990
837.50000000	7.77277
838.00000000	7.77609
838.50000000	7.77795
839.00000000	7.78032
839.50000000	7.78254
840.00000000	7.78557
840.50000000	7.78833
841.00000000	7.79034
841.50000000	7.79209
842.00000000	7.79395
842.50000000	7.79554
843.00000000	7.79742
843.50000000	7.80034
844.00000000	7.80260
844.50000000	7.80585
845.00000000	7.80710
845.50000000	7.80742
846.00000000	7.80903
846.50000000	7.81069
847.00000000	7.81220
847.50000000	7.81234
848.00000000	7.81263
848.50000000	7.81338
849.00000000	7.81558
849.50000000	7.81839
850.00000000	7.82049
850.50000000	7.82368
851.00000000	7.82735
851.50000000	7.83135
852.00000000	7.83446
852.50000000	7.83658
853.00000000	7.83880
853.50000000	7.84132
854.00000000	7.84400
854.50000000	7.84580
855.00000000	7.84817
855.50000000	7.85056
856.00000000	7.85245
856.50000000	7.85362
857.00000000	7.85378
857.50000000	7.85399
858.00000000	7.85346
858.50000000	7.85324
859.00000000	7.85425
859.50000000	7.85472
860.00000000	7.85266
860.50000000	7.85064
861.00000000	7.84879
861.50000000	7.84624
862.00000000	7.84402
862.50000000	7.84173
863.00000000	7.83881
863.50000000	7.83501
864.00000000	7.83266
864.50000000	7.83019
865.00000000	7.82771
865.50000000	7.82500
866.00000000	7.82238
866.50000000	7.81991
867.00000000	7.81783
867.50000000	7.81678
868.00000000	7.81439
868.50000000	7.81332
869.00000000	7.81221
869.50000000	7.81182
870.00000000	7.81061
870.50000000	7.80898
871.00000000	7.80840
871.50000000	7.80661
872.00000000	7.80483
872.50000000	7.80187
873.00000000	7.79968
873.50000000	7.79708
874.00000000	7.79497
874.50000000	7.79321
875.00000000	7.79183
875.50000000	7.79068
876.00000000	7.78868
876.50000000	7.78707
877.00000000	7.78624
877.50000000	7.78506
878.00000000	7.78328
878.50000000	7.78175
879.00000000	7.78093
879.50000000	7.78007
880.00000000	7.77920
880.50000000	7.77837
881.00000000	7.77840
881.50000000	7.77936
882.00000000	7.78083
882.50000000	7.78149
883.00000000	7.78111
883.50000000	7.78010
884.00000000	7.78087
884.50000000	7.78266
885.00000000	7.78364
885.50000000	7.78307
886.00000000	7.78213
886.50000000	7.78188
887.00000000	7.78145
887.50000000	7.78044
888.00000000	7.77968
888.50000000	7.77833
889.00000000	7.77738
889.50000000	7.77667
890.00000000	7.77636
890.50000000	7.77597
891.00000000	7.77514
891.50000000	7.77471
892.00000000	7.77386
892.50000000	7.77335
893.00000000	7.77303
893.50000000	7.77263
894.00000000	7.77381
894.50000000	7.77613
895.00000000	7.77654
895.50000000	7.77835
896.00000000	7.78002
896.50000000	7.78118
897.00000000	7.78055
897.50000000	7.78059
898.00000000	7.78034
898.50000000	7.78005
899.00000000	7.77997
899.50000000	7.77914
900.00000000	7.78044
900.50000000	7.78140
901.00000000	7.78289
901.50000000	7.78387
902.00000000	7.78660
902.50000000	7.78941
903.00000000	7.79293
903.50000000	7.79613
904.00000000	7.79930
904.50000000	7.80385
905.00000000	7.80852
905.50000000	7.81358
906.00000000	7.81800
906.50000000	7.82238
907.00000000	7.82607
907.50000000	7.83012
908.00000000	7.83441
908.50000000	7.83708
909.00000000	7.84003
909.50000000	7.84259
910.00000000	7.84654
910.50000000	7.85031
911.00000000	7.85481
911.50000000	7.85951
912.00000000	7.86451
912.50000000	7.86838
913.00000000	7.86990
913.50000000	7.87170
914.00000000	7.87433
914.50000000	7.87516
915.00000000	7.87588
915.50000000	7.87690
916.00000000	7.87641
916.50000000	7.87560
917.00000000	7.87498
917.50000000	7.87522
918.00000000	7.87563
918.50000000	7.87540
919.00000000	7.87510
919.50000000	7.87484
920.00000000	7.87615
920.50000000	7.87774
921.00000000	7.87938
921.50000000	7.88182
922.00000000	7.88463
922.50000000	7.88628
923.00000000	7.88845
923.50000000	7.89163
924.00000000	7.89356
924.50000000	7.89581
925.00000000	7.89865
925.50000000	7.90090
926.00000000	7.90359
926.50000000	7.90488
927.00000000	7.90533
927.50000000	7.90606
928.00000000	7.90469
928.50000000	7.90368
929.00000000	7.90302
929.50000000	7.90078
930.00000000	7.89918
930.50000000	7.89816
931.00000000	7.89639
931.50000000	7.89590
932.00000000	7.89565
932.50000000	7.89529
933.00000000	7.89570
933.50000000	7.89590
934.00000000	7.89470
934.50000000	7.89398
935.00000000	7.89375
935.50000000	7.89369
936.00000000	7.89396
936.50000000	7.89548
937.00000000	7.89763
937.50000000	7.89979
938.00000000	7.90175
938.50000000	7.90171
939.00000000	7.90105
939.50000000	7.89997
940.00000000	7.89920
940.50000000	7.89849
941.00000000	7.89785
941.50000000	7.89719
942.00000000	7.89626
942.50000000	7.89582
943.00000000	7.89688
943.50000000	7.89740
944.00000000	7.89666
944.50000000	7.89588
945.00000000	7.89670
945.50000000	7.89790
946.00000000	7.89917
946.50000000	7.90038
947.00000000	7.90205
947.50000000	7.90467
948.00000000	7.90695
948.50000000	7.90798
949.00000000	7.90760
949.50000000	7.90917
950.00000000	7.90863
950.50000000	7.90645
951.00000000	7.90449
951.50000000	7.90155
952.00000000	7.89946
952.50000000	7.89787
953.00000000	7.89596
953.50000000	7.89611
954.00000000	7.89598
954.50000000	7.89554
955.00000000	7.89533
955.50000000	7.89469
956.00000000	7.89402
956.50000000	7.89223
957.00000000	7.89095
957.50000000	7.88798
958.00000000	7.88507
958.50000000	7.88233
959.00000000	7.87966
959.50000000	7.87686
960.00000000	7.87480
960.50000000	7.87267
961.00000000	7.87116
961.50000000	7.86920
962.00000000	7.86694
962.50000000	7.86548
963.00000000	7.86314
963.50000000	7.86062
964.00000000	7.85717
964.50000000	7.85421
965.00000000	7.85216
965.50000000	7.85121
966.00000000	7.84982
966.50000000	7.84749
967.00000000	7.84524
967.50000000	7.84275
968.00000000	7.83943
968.50000000	7.83727
969.00000000	7.83605
969.50000000	7.83462
970.00000000	7.83326
970.50000000	7.83135
971.00000000	7.83017
971.50000000	7.82863
972.00000000	7.82763
972.50000000	7.82717
973.00000000	7.82614
973.50000000	7.82526
974.00000000	7.82569
974.50000000	7.82751
975.00000000	7.82844
975.50000000	7.82934
976.00000000	7.82942
976.50000000	7.82886
977.00000000	7.82882
977.50000000	7.82797
978.00000000	7.82711
978.50000000	7.82688
979.00000000	7.82594
979.50000000	7.82451
980.00000000	7.82309
980.50000000	7.82083
981.00000000	7.81765
981.50000000	7.81450
982.00000000	7.81185
982.50000000	7.80909
983.00000000	7.80704
983.50000000	7.80409
984.00000000	7.79997
984.50000000	7.79625
985.00000000	7.79239
985.50000000	7.78872
986.00000000	7.78595
986.50000000	7.78365
987.00000000	7.78139
987.50000000	7.78028
988.00000000	7.77773
988.50000000	7.77364
989.00000000	7.77152
989.50000000	7.76897
990.00000000	7.76654
990.50000000	7.76405
991.00000000	7.76194
991.50000000	7.75857
992.00000000	7.75415
992.50000000	7.74951
993.00000000	7.74505
993.50000000	7.74014
994.00000000	7.73636
994.50000000	7.73344
995.00000000	7.73119
995.50000000	7.73004
996.00000000	7.73048
996.50000000	7.72993
997.00000000	7.72854
997.50000000	7.72579
998.00000000	7.72166
998.50000000	7.71820
999.00000000	7.71432
999.50000000	7.71101
1000.00000000	7.70716
1000.50000000	7.70245
1001.00000000	7.69780
1001.50000000	7.69321
1002.00000000	7.68775
1002.50000000	7.68236
1003.00000000	7.67653
1003.50000000	7.67227
1004.00000000	7.66809
1004.50000000	7.66448
1005.00000000	7.66213
1005.50000000	7.66016
1006.00000000	7.65942
1006.50000000	7.65888
1007.00000000	7.65715
1007.50000000	7.65686
1008.00000000	7.65709
1008.50000000	7.65677
1009.00000000	7.65659
1009.50000000	7.65839
1010.00000000	7.65941
1010.50000000	7.65988
1011.00000000	7.66239
1011.50000000	7.66572
1012.00000000	7.66688
1012.50000000	7.66902
1013.00000000	7.67167
1013.50000000	7.67311
1014.00000000	7.67361
1014.50000000	7.67361
1015.00000000	7.67521
1015.50000000	7.67671
1016.00000000	7.67832
1016.50000000	7.67921
1017.00000000	7.67982
1017.50000000	7.68179
1018.00000000	7.68436
1018.50000000	7.68686
1019.00000000	7.68933
1019.50000000	7.69097
1020.00000000	7.69359
1020.50000000	7.69714
1021.00000000	7.70108
1021.50000000	7.70526
1022.00000000	7.70870
1022.50000000	7.71204
1023.00000000	7.71565
1023.50000000	7.71885
1024.00000000	7.72173
1024.50000000	7.72427
1025.00000000	7.72788
1025.50000000	7.73075
1026.00000000	7.73296
1026.50000000	7.73439
1027.00000000	7.73511
1027.50000000	7.73707
1028.00000000	7.73858
1028.50000000	7.73996
1029.00000000	7.74040
1029.50000000	7.74072
1030.00000000	7.74057
1030.50000000	7.74037
1031.00000000	7.73999
1031.50000000	7.73812
1032.00000000	7.73567
1032.50000000	7.73285
1033.00000000	7.73114
1033.50000000	7.72963
1034.00000000	7.72795
1034.50000000	7.72635
1035.00000000	7.72647
1035.50000000	7.72682
1036.00000000	7.72850
1036.50000000	7.73019
1037.00000000	7.73219
1037.50000000	7.73415
1038.00000000	7.73581
1038.50000000	7.73765
1039.00000000	7.73910
1039.50000000	7.74166
1040.00000000	7.74447
1040.50000000	7.74752
1041.00000000	7.74977
1041.50000000	7.75229
1042.00000000	7.75629
1042.50000000	7.76020
1043.00000000	7.76290
1043.50000000	7.76618
1044.00000000	7.76897
1044.50000000	7.77167
1045.00000000	7.77438
1045.50000000	7.77735
1046.00000000	7.78040
1046.50000000	7.78329
1047.00000000	7.78542
1047.50000000	7.78710
1048.00000000	7.78855
1048.50000000	7.78967
1049.00000000	7.78917
1049.50000000	7.78928
1050.00000000	7.78920
1050.50000000	7.79121
1051.00000000	7.79312
1051.50000000	7.79447
1052.00000000	7.79552
1052.50000000	7.79744
1053.00000000	7.79947
1053.50000000	7.80095
1054.00000000	7.80094
1054.50000000	7.80294
1055.00000000	7.80381
1055.50000000	7.80455
1056.00000000	7.80570
1056.50000000	7.80696
1057.00000000	7.80739
1057.50000000	7.80784
1058.00000000	7.80827
1058.50000000	7.80906
1059.00000000	7.81108
1059.50000000	7.81186
1060.00000000	7.81283
1060.50000000	7.81343
1061.00000000	7.81385
1061.50000000	7.81467
1062.00000000	7.81439
1062.50000000	7.81412
1063.00000000	7.81415
1063.50000000	7.81366
1064.00000000	7.81337
1064.50000000	7.81317
1065.00000000	7.81415
1065.50000000	7.81320
1066.00000000	7.81110
1066.50000000	7.80865
1067.00000000	7.80584
1067.50000000	7.80289
1068.00000000	7.79937
1068.50000000	7.79692
1069.00000000	7.79516
1069.50000000	7.79493
1070.00000000	7.79562
1070.50000000	7.79722
1071.00000000	7.79737
1071.50000000	7.79735
1072.00000000	7.79797
1072.50000000	7.79804
1073.00000000	7.79835
1073.50000000	7.79749
1074.00000000	7.79632
1074.50000000	7.79448
1075.00000000	7.79276
1075.50000000	7.79104
1076.00000000	7.78876
1076.50000000	7.78703
1077.00000000	7.78729
1077.50000000	7.78707
1078.00000000	7.78742
1078.50000000	7.78769
1079.00000000	7.78847
1079.50000000	7.79068
1080.00000000	7.79128
1080.50000000	7.79031
1081.00000000	7.78726
1081.50000000	7.78569
1082.00000000	7.78412
1082.50000000	7.78174
1083.00000000	7.77951
1083.50000000	7.77834
1084.00000000	7.77734
1084.50000000	7.77670
1085.00000000	7.77572
1085.50000000	7.77547
1086.00000000	7.77471
1086.50000000	7.77327
1087.00000000	7.77302
1087.50000000	7.77294
1088.00000000	7.77453
1088.50000000	7.77633
1089.00000000	7.77699
1089.50000000	7.77665
1090.00000000	7.77536
1090.50000000	7.77355
1091.00000000	7.77139
1091.50000000	7.76994
1092.00000000	7.76810
1092.50000000	7.76775
1093.00000000	7.76596
1093.50000000	7.76481
1094.00000000	7.76275
1094.50000000	7.76092
1095.00000000	7.75948
1095.50000000	7.75657
1096.00000000	7.75412
1096.50000000	7.75166
1097.00000000	7.74990
1097.50000000	7.74827
1098.00000000	7.74729
1098.50000000	7.74510
1099.00000000	7.74288
1099.50000000	7.73951
1100.00000000	7.73684
1100.50000000	7.73477
1101.00000000	7.73333
1101.50000000	7.73157
1102.00000000	7.72947
1102.50000000	7.72731
1103.00000000	7.72684
1103.50000000	7.72703
1104.00000000	7.72746
1104.50000000	7.72701
1105.00000000	7.72619
1105.50000000	7.72504
1106.00000000	7.72398
1106.50000000	7.72238
1107.00000000	7.72136
1107.50000000	7.72084
1108.00000000	7.72257
1108.50000000	7.72351
1109.00000000	7.72572
1109.50000000	7.72834
1110.00000000	7.73109
1110.50000000	7.73348
1111.00000000	7.73694
1111.50000000	7.74101
1112.00000000	7.74398
1112.50000000	7.74711
1113.00000000	7.75005
1113.50000000	7.75390
1114.00000000	7.75731
1114.50000000	7.76123
1115.00000000	7.76304
1115.50000000	7.76415
1116.00000000	7.76614
1116.50000000	7.76758
1117.00000000	7.76789
1117.50000000	7.76941
1118.00000000	7.76973
1118.50000000	7.76851
1119.00000000	7.76853
1119.50000000	7.76760
1120.00000000	7.76691
1120.50000000	7.76694
1121.00000000	7.76755
1121.50000000	7.76926
1122.00000000	7.76996
1122.50000000	7.77192
1123.00000000	7.77452
1123.50000000	7.77727
1124.00000000	7.77988
1124.50000000	7.78190
1125.00000000	7.78393
1125.50000000	7.78605
1126.00000000	7.78886
1126.50000000	7.79196
1127.00000000	7.79309
1127.50000000	7.79351
1128.00000000	7.79496
1128.50000000	7.79843
1129.00000000	7.80043
1129.50000000	7.80254
1130.00000000	7.80563
1130.50000000	7.81017
1131.00000000	7.81485
1131.50000000	7.81854
1132.00000000	7.82335
1132.50000000	7.82774
1133.00000000	7.83274
1133.50000000	7.83812
1134.00000000	7.84266
1134.50000000	7.84599
1135.00000000	7.84911
1135.50000000	7.85297
1136.00000000	7.85784
1136.50000000	7.86303
1137.00000000	7.86738
1137.50000000	7.87195
1138.00000000	7.87687
1138.50000000	7.88147
1139.00000000	7.88483
1139.50000000	7.88773
1140.00000000	7.89023
1140.50000000	7.89399
1141.00000000	7.89724
1141.50000000	7.90070
1142.00000000	7.90422
1142.50000000	7.90785
1143.00000000	7.91128
1143.50000000	7.91407
1144.00000000	7.91592
1144.50000000	7.91774
1145.00000000	7.91949
1145.50000000	7.92020
1146.00000000	7.92143
1146.50000000	7.92338
1147.00000000	7.92619
1147.50000000	7.92909
1148.00000000	7.93168
1148.50000000	7.93513
1149.00000000	7.93881
1149.50000000	7.94224
1150.00000000	7.94649
1150.50000000	7.95051
1151.00000000	7.95385
1151.50000000	7.95568
1152.00000000	7.95613
1152.50000000	7.95647
1153.00000000	7.95778
1153.50000000	7.95855
1154.00000000	7.95873
1154.50000000	7.96003
1155.00000000	7.96155
1155.50000000	7.96343
1156.00000000	7.96597
1156.50000000	7.96702
1157.00000000	7.96833
1157.50000000	7.96972
1158.00000000	7.97115
1158.50000000	7.97225
1159.00000000	7.97180
1159.50000000	7.97378
1160.00000000	7.97650
1160.50000000	7.97896
1161.00000000	7.98015
1161.50000000	7.98134
1162.00000000	7.98188
1162.50000000	7.98239
1163.00000000	7.98217
1163.50000000	7.98269
1164.00000000	7.98398
1164.50000000	7.98594
1165.00000000	7.98843
1165.50000000	7.99049
1166.00000000	7.99154
1166.50000000	7.99157
1167.00000000	7.99123
1167.50000000	7.99057
1168.00000000	7.99014
1168.50000000	7.99021
1169.00000000	7.99055
1169.50000000	7.99147
1170.00000000	7.99274
1170.50000000	7.99437
1171.00000000	7.99648
1171.50000000	7.99821
1172.00000000	8.00007
1172.50000000	8.00039
1173.00000000	7.99975
1173.50000000	8.00099
1174.00000000	8.00224
1174.50000000	8.00266
1175.00000000	8.00308
1175.50000000	8.00281
1176.00000000	8.00235
1176.50000000	8.00132
1177.00000000	8.00021
1177.50000000	7.99966
1178.00000000	7.99911
1178.50000000	7.99780
1179.00000000	7.99617
1179.50000000	7.99431
1180.00000000	7.99375
1180.50000000	7.99317
1181.00000000	7.99327
1181.50000000	7.99350
1182.00000000	7.99342
1182.50000000	7.99452
1183.00000000	7.99589
1183.50000000	7.99675
1184.00000000	7.99763
1184.50000000	7.99937
1185.00000000	8.00278
1185.50000000	8.00432
1186.00000000	8.00603
1186.50000000	8.00881
1187.00000000	8.01159
1187.50000000	8.01352
1188.00000000	8.01572
1188.50000000	8.01777
1189.00000000	8.01886
1189.50000000	8.02037
1190.00000000	8.02176
1190.50000000	8.02213
1191.00000000	8.02372
1191.50000000	8.02528
1192.00000000	8.02771
1192.50000000	8.02970
1193.00000000	8.03105
1193.50000000	8.03290
1194.00000000	8.03524
1194.50000000	8.03851
1195.00000000	8.04193
1195.50000000	8.04425
1196.00000000	8.04619
1196.50000000	8.04727
1197.00000000	8.04807
1197.50000000	8.04830
1198.00000000	8.04963
1198.50000000	8.05098
1199.00000000	8.05210
1199.50000000	8.05086
1200.00000000	8.04924
1200.50000000	8.04794
1201.00000000	8.04866
1201.50000000	8.05013
1202.00000000	8.05278
1202.50000000	8.05380
1203.00000000	8.05450
1203.50000000	8.05530
1204.00000000	8.05552
1204.50000000	8.05611
1205.00000000	8.05692
1205.50000000	8.05806
1206.00000000	8.06005
1206.50000000	8.06296
1207.00000000	8.06591
1207.50000000	8.06817
1208.00000000	8.07048
1208.50000000	8.07321
1209.00000000	8.07491
1209.50000000	8.07584
1210.00000000	8.07664
1210.50000000	8.07580
1211.00000000	8.07567
1211.50000000	8.07535
1212.00000000	8.07405
1212.50000000	8.07275
1213.00000000	8.07237
1213.50000000	8.07213
1214.00000000	8.07193
1214.50000000	8.07119
1215.00000000	8.06967
1215.50000000	8.06741
1216.00000000	8.06606
1216.50000000	8.06400
1217.00000000	8.06216
1217.50000000	8.06161
1218.00000000	8.06199
1218.50000000	8.06286
1219.00000000	8.06383
1219.50000000	8.06362
1220.00000000	8.06508
1220.50000000	8.06670
1221.00000000	8.06872
1221.50000000	8.06935
1222.00000000	8.06984
1222.50000000	8.06943
1223.00000000	8.06849
1223.50000000	8.06936
1224.00000000	8.06968
1224.50000000	8.06914
1225.00000000	8.06890
1225.50000000	8.06941
1226.00000000	8.07011
1226.50000000	8.07007
1227.00000000	8.07063
1227.50000000	8.07203
1228.00000000	8.07218
1228.50000000	8.07173
1229.00000000	8.07183
1229.50000000	8.06998
1230.00000000	8.06848
1230.50000000	8.06563
1231.00000000	8.06426
1231.50000000	8.06360
1232.00000000	8.06357
1232.50000000	8.06241
1233.00000000	8.06323
1233.50000000	8.06395
1234.00000000	8.06457
1234.50000000	8.06544
1235.00000000	8.06656
1235.50000000	8.06791
1236.00000000	8.06992
1236.50000000	8.07063
1237.00000000	8.07095
1237.50000000	8.07127
1238.00000000	8.07061
1238.50000000	8.07124
1239.00000000	8.07117
1239.50000000	8.06998
1240.00000000	8.06883
1240.50000000	8.06821
1241.00000000	8.06711
1241.50000000	8.06771
1242.00000000	8.06702
1242.50000000	8.06548
1243.00000000	8.06537
1243.50000000	8.06463
1244.00000000	8.06395
1244.50000000	8.06365
1245.00000000	8.06238
1245.50000000	8.06055
1246.00000000	8.05803
1246.50000000	8.05644
1247.00000000	8.05600
1247.50000000	8.05528
1248.00000000	8.05521
1248.50000000	8.05508
1249.00000000	8.05572
1249.50000000	8.05435
1250.00000000	8.05231
1250.50000000	8.05331
1251.00000000	8.05421
1251.50000000	8.05476
1252.00000000	8.05405
1252.50000000	8.05383
1253.00000000	8.05304
1253.50000000	8.05240
1254.00000000	8.05345
1254.50000000	8.05466
1255.00000000	8.05679
1255.50000000	8.05952
1256.00000000	8.06111
1256.50000000	8.06250
1257.00000000	8.06330
1257.50000000	8.06333
1258.00000000	8.06381
1258.50000000	8.06468
1259.00000000	8.06617
1259.50000000	8.06627
1260.00000000	8.06586
1260.50000000	8.06514
1261.00000000	8.06479
1261.50000000	8.06493
1262.00000000	8.06512
1262.50000000	8.06457
1263.00000000	8.06390
1263.50000000	8.06291
1264.00000000	8.06149
1264.50000000	8.06108
1265.00000000	8.06051
1265.50000000	8.05992
1266.00000000	8.05998
1266.50000000	8.06091
1267.00000000	8.06125
1267.50000000	8.06266
1268.00000000	8.06298
1268.50000000	8.06388
1269.00000000	8.06482
1269.50000000	8.06562
1270.00000000	8.06669
1270.50000000	8.06755
1271.00000000	8.06849
1271.50000000	8.06911
1272.00000000	8.06853
1272.50000000	8.06733
1273.00000000	8.06544
1273.50000000	8.06303
1274.00000000	8.06225
1274.50000000	8.06127
1275.00000000	8.05896
1275.50000000	8.05785
1276.00000000	8.05670
1276.50000000	8.05651
1277.00000000	8.05526
1277.50000000	8.05516
1278.00000000	8.05633
1278.50000000	8.05741
1279.00000000	8.05847
1279.50000000	8.05829
1280.00000000	8.05771
1280.50000000	8.05692
1281.00000000	8.05647
1281.50000000	8.05735
1282.00000000	8.05801
1282.50000000	8.05906
1283.00000000	8.06002
1283.50000000	8.06242
1284.00000000	8.06372
1284.50000000	8.06532
1285.00000000	8.06589
1285.50000000	8.06708
1286.00000000	8.06817
1286.50000000	8.07073
1287.00000000	8.07312
1287.50000000	8.07652
1288.00000000	8.08134
1288.50000000	8.08343
1289.00000000	8.08630
1289.50000000	8.08799
1290.00000000	8.08986
1290.50000000	8.09053
1291.00000000	8.09033
1291.50000000	8.08989
1292.00000000	8.08974
1292.50000000	8.09002
1293.00000000	8.08970
1293.50000000	8.09051
1294.00000000	8.09078
1294.50000000	8.09044
1295.00000000	8.09025
1295.50000000	8.09004
1296.00000000	8.08939
1296.50000000	8.09000
1297.00000000	8.09042
1297.50000000	8.09041
1298.00000000	8.08951
1298.50000000	8.08813
1299.00000000	8.08763
1299.50000000	8.08709
1300.00000000	8.08636
1300.50000000	8.08532
1301.00000000	8.08389
1301.50000000	8.08326
1302.00000000	8.08214
1302.50000000	8.08176
1303.00000000	8.08079
1303.50000000	8.07882
1304.00000000	8.07656
1304.50000000	8.07390
1305.00000000	8.07290
1305.50000000	8.07293
1306.00000000	8.07277
1306.50000000	8.07253
1307.00000000	8.07077
1307.50000000	8.06972
1308.00000000	8.06802
1308.50000000	8.06556
1309.00000000	8.06376
1309.50000000	8.06142
1310.00000000	8.05931
1310.50000000	8.05708
1311.00000000	8.05617
1311.50000000	8.05489
1312.00000000	8.05279
1312.50000000	8.05230
1313.00000000	8.05264
1313.50000000	8.05173
1314.00000000	8.05084
1314.50000000	8.04952
1315.00000000	8.04869
1315.50000000	8.04695
1316.00000000	8.04578
1316.50000000	8.04435
1317.00000000	8.04241
1317.50000000	8.04087
1318.00000000	8.03955
1318.50000000	8.03900
1319.00000000	8.03938
1319.50000000	8.03997
1320.00000000	8.04022
1320.50000000	8.04201
1321.00000000	8.04361
1321.50000000	8.04576
1322.00000000	8.04736
1322.50000000	8.04818
1323.00000000	8.04932
1323.50000000	8.05010
1324.00000000	8.05186
1324.50000000	8.05275
1325.00000000	8.05423
1325.50000000	8.05611
1326.00000000	8.05812
1326.50000000	8.05901
1327.00000000	8.05888
1327.50000000	8.05735
1328.00000000	8.05657
1328.50000000	8.05665
1329.00000000	8.05613
1329.50000000	8.05503
1330.00000000	8.05386
1330.50000000	8.05336
1331.00000000	8.05428
1331.50000000	8.05571
1332.00000000	8.05553
1332.50000000	8.05462
1333.00000000	8.05546
1333.50000000	8.05768
1334.00000000	8.05837
1334.50000000	8.05868
1335.00000000	8.05870
1335.50000000	8.05895
1336.00000000	8.05950
1336.50000000	8.05991
1337.00000000	8.05975
1337.50000000	8.05823
1338.00000000	8.05652
1338.50000000	8.05439
1339.00000000	8.05201
1339.50000000	8.04995
1340.00000000	8.04908
1340.50000000	8.04830
1341.00000000	8.04619
1341.50000000	8.04418
1342.00000000	8.04240
1342.50000000	8.04042
1343.00000000	8.03863
1343.50000000	8.03913
1344.00000000	8.03945
1344.50000000	8.03996
1345.00000000	8.04023
1345.50000000	8.03933
1346.00000000	8.03820
1346.50000000	8.03730
1347.00000000	8.03547
1347.50000000	8.03338
1348.00000000	8.03167
1348.50000000	8.03083
1349.00000000	8.03036
1349.50000000	8.03030
1350.00000000	8.03104
1350.50000000	8.03155
1351.00000000	8.02979
1351.50000000	8.02893
1352.00000000	8.02879
1352.50000000	8.02887
1353.00000000	8.02907
1353.50000000	8.03036
1354.00000000	8.03102
1354.50000000	8.03130
1355.00000000	8.03047
1355.50000000	8.02953
1356.00000000	8.03028
1356.50000000	8.03239
1357.00000000	8.03492
1357.50000000	8.03696
1358.00000000	8.03842
1358.50000000	8.03998
1359.00000000	8.04088
1359.50000000	8.04225
1360.00000000	8.04446
1360.50000000	8.04490
1361.00000000	8.04603
1361.50000000	8.04625
1362.00000000	8.04716
1362.50000000	8.04767
1363.00000000	8.04797
1363.50000000	8.04827
1364.00000000	8.04876
1364.50000000	8.04830
1365.00000000	8.04911
1365.50000000	8.05000
1366.00000000	8.04922
1366.50000000	8.04813
1367.00000000	8.04814
1367.50000000	8.04837
1368.00000000	8.04795
1368.50000000	8.04748
1369.00000000	8.04716
1369.50000000	8.04809
1370.00000000	8.04879
1370.50000000	8.04833
1371.00000000	8.04761
1371.50000000	8.04619
1372.00000000	8.04463
1372.50000000	8.04499
1373.00000000	8.04566
1373.50000000	8.04742
1374.00000000	8.04924
1374.50000000	8.05093
1375.00000000	8.05195
1375.50000000	8.05160
1376.00000000	8.05053
1376.50000000	8.05054
1377.00000000	8.05053
1377.50000000	8.05031
1378.00000000	8.04909
1378.50000000	8.04816
1379.00000000	8.04752
1379.50000000	8.04580
1380.00000000	8.04392
1380.50000000	8.04319
1381.00000000	8.04256
1381.50000000	8.04260
1382.00000000	8.04234
1382.50000000	8.04164
1383.00000000	8.03900
1383.50000000	8.03648
1384.00000000	8.03473
1384.50000000	8.03258
1385.00000000	8.02963
1385.50000000	8.02756
1386.00000000	8.02683
1386.50000000	8.02527
1387.00000000	8.02480
1387.50000000	8.02293
1388.00000000	8.02229
1388.50000000	8.02220
1389.00000000	8.02203
1389.50000000	8.02104
1390.00000000	8.01912
1390.50000000	8.01711
1391.00000000	8.01543
1391.50000000	8.01405
1392.00000000	8.01344
1392.50000000	8.01427
1393.00000000	8.01379
1393.50000000	8.01401
1394.00000000	8.01468
1394.50000000	8.01538
1395.00000000	8.01596
1395.50000000	8.01753
1396.00000000	8.01815
1396.50000000	8.01790
1397.00000000	8.01560
1397.50000000	8.01436
1398.00000000	8.01341
1398.50000000	8.01340
1399.00000000	8.01511
1399.50000000	8.01807
1400.00000000	8.02077
1400.50000000	8.02242
1401.00000000	8.02384
1401.50000000	8.02478
1402.00000000	8.02646
1402.50000000	8.02722
1403.00000000	8.02887
1403.50000000	8.03136
1404.00000000	8.03370
1404.50000000	8.03503
1405.00000000	8.03461
1405.50000000	8.03435
1406.00000000	8.03424
1406.50000000	8.03492
1407.00000000	8.03512
1407.50000000	8.03468
1408.00000000	8.03424
1408.50000000	8.03483
1409.00000000	8.03664
1409.50000000	8.03791
1410.00000000	8.03787
1410.50000000	8.03883
1411.00000000	8.03911
1411.50000000	8.03780
1412.00000000	8.03737
1412.50000000	8.03737
1413.00000000	8.03782
1413.50000000	8.03841
1414.00000000	8.03879
1414.50000000	8.03884
1415.00000000	8.04004
1415.50000000	8.04120
1416.00000000	8.04281
1416.50000000	8.04405
1417.00000000	8.04298
1417.50000000	8.04064
1418.00000000	8.03801
1418.50000000	8.03499
1419.00000000	8.03100
1419.50000000	8.02848
1420.00000000	8.02640
1420.50000000	8.02319
1421.00000000	8.02132
1421.50000000	8.02047
1422.00000000	8.01906
1422.50000000	8.01762
1423.00000000	8.01549
1423.50000000	8.01348
1424.00000000	8.01245
1424.50000000	8.01267
1425.00000000	8.01304
1425.50000000	8.01210
1426.00000000	8.01212
1426.50000000	8.01277
1427.00000000	8.01431
1427.50000000	8.01547
1428.00000000	8.01683
1428.50000000	8.01773
1429.00000000	8.01897
1429.50000000	8.02057
1430.00000000	8.02168
1430.50000000	8.02202
1431.00000000	8.02343
1431.50000000	8.02582
1432.00000000	8.02955
1432.50000000	8.03112
1433.00000000	8.03321
1433.50000000	8.03525
1434.00000000	8.03672
1434.50000000	8.03897
1435.00000000	8.04174
1435.50000000	8.04347
1436.00000000	8.04674
1436.50000000	8.05023
1437.00000000	8.05501
1437.50000000	8.05784
1438.00000000	8.06004
1438.50000000	8.06136
1439.00000000	8.06311
1439.50000000	8.06439
1440.00000000	8.06583
1440.50000000	8.06643
1441.00000000	8.06794
1441.50000000	8.07030
1442.00000000	8.07179
1442.50000000	8.07348
1443.00000000	8.07466
1443.50000000	8.07346
1444.00000000	8.07233
1444.50000000	8.07070
1445.00000000	8.06745
1445.50000000	8.06521
1446.00000000	8.06299
1446.50000000	8.06116
1447.00000000	8.05880
1447.50000000	8.05664
1448.00000000	8.05376
1448.50000000	8.05184
1449.00000000	8.04977
1449.50000000	8.04782
1450.00000000	8.04518
1450.50000000	8.04250
1451.00000000	8.03908
1451.50000000	8.03692
1452.00000000	8.03490
1452.50000000	8.03367
1453.00000000	8.03182
1453.50000000	8.02849
1454.00000000	8.02344
1454.50000000	8.01764
1455.00000000	8.01131
1455.50000000	8.00547
1456.00000000	8.00021
1456.50000000	7.99618
1457.00000000	7.99312
1457.50000000	7.99004
1458.00000000	7.98669
1458.50000000	7.98279
1459.00000000	7.97902
1459.50000000	7.97596
1460.00000000	7.97314
1460.50000000	7.97125
1461.00000000	7.96903
1461.50000000	7.96660
1462.00000000	7.96481
1462.50000000	7.96291
1463.00000000	7.96055
1463.50000000	7.95914
1464.00000000	7.95967
1464.50000000	7.95971
1465.00000000	7.95840
1465.50000000	7.95749
1466.00000000	7.95640
1466.50000000	7.95618
1467.00000000	7.95479
1467.50000000	7.95448
1468.00000000	7.95523
1468.50000000	7.95706
1469.00000000	7.95846
1469.50000000	7.95982
1470.00000000	7.96108
1470.50000000	7.96267
1471.00000000	7.96473
1471.50000000	7.96652
1472.00000000	7.96830
1472.50000000	7.97132
1473.00000000	7.97285
1473.50000000	7.97390
1474.00000000	7.97579
1474.50000000	7.97845
1475.00000000	7.98045
1475.50000000	7.98253
1476.00000000	7.98400
1476.50000000	7.98751
1477.00000000	7.99124
1477.50000000	7.99510
1478.00000000	7.99893
1478.50000000	8.00211
1479.00000000	8.00510
1479.50000000	8.00889
1480.00000000	8.01132
1480.50000000	8.01429
1481.00000000	8.01962
1481.50000000	8.02325
1482.00000000	8.02660
1482.50000000	8.02977
1483.00000000	8.03277
1483.50000000	8.03487
1484.00000000	8.03815
1484.50000000	8.04074
1485.00000000	8.04318
1485.50000000	8.04453
1486.00000000	8.04752
1486.50000000	8.04958
1487.00000000	8.05261
1487.50000000	8.05711
1488.00000000	8.06195
1488.50000000	8.06615
1489.00000000	8.07015
1489.50000000	8.07310
1490.00000000	8.07549
1490.50000000	8.07902
1491.00000000	8.08134
1491.50000000	8.08436
1492.00000000	8.08832
1492.50000000	8.09146
1493.00000000	8.09461
1493.50000000	8.09620
1494.00000000	8.09714
1494.50000000	8.09738
1495.00000000	8.09867
1495.50000000	8.09954
1496.00000000	8.09904
1496.50000000	8.09782
1497.00000000	8.09592
1497.50000000	8.09275
1498.00000000	8.09038
1498.50000000	8.08905
1499.00000000	8.08699
1499.50000000	8.08471
1500.00000000	8.08350
1500.50000000	8.08250
1501.00000000	8.08226
1501.50000000	8.08235
1502.00000000	8.08232
1502.50000000	8.08439
1503.00000000	8.08735
1503.50000000	8.08908
1504.00000000	8.08872
1504.50000000	8.08917
1505.00000000	8.08935
1505.50000000	8.09058
1506.00000000	8.09028
1506.50000000	8.08809
1507.00000000	8.08731
1507.50000000	8.08624
1508.00000000	8.08470
1508.50000000	8.08346
1509.00000000	8.08213
1509.50000000	8.08107
1510.00000000	8.08034
1510.50000000	8.08031
1511.00000000	8.08020
1511.50000000	8.07936
1512.00000000	8.07978
1512.50000000	8.08070
1513.00000000	8.08296
1513.50000000	8.08493
1514.00000000	8.08687
1514.50000000	8.08872
1515.00000000	8.08949
1515.50000000	8.09061
1516.00000000	8.09111
1516.50000000	8.09346
1517.00000000	8.09509
1517.50000000	8.09512
1518.00000000	8.09603
1518.50000000	8.09682
1519.00000000	8.09757
1519.50000000	8.09809
1520.00000000	8.09864
1520.50000000	8.09804
1521.00000000	8.09881
1521.50000000	8.09951
1522.00000000	8.09875
1522.50000000	8.09832
1523.00000000	8.09800
1523.50000000	8.09605
1524.00000000	8.09225
1524.50000000	8.08813
1525.00000000	8.08335
1525.50000000	8.07989
1526.00000000	8.07654
1526.50000000	8.07287
1527.00000000	8.06908
1527.50000000	8.06509
1528.00000000	8.06083
1528.50000000	8.05664
1529.00000000	8.05215
1529.50000000	8.04882
1530.00000000	8.04597
1530.50000000	8.04179
1531.00000000	8.03687
1531.50000000	8.03412
1532.00000000	8.03121
1532.50000000	8.02811
1533.00000000	8.02518
1533.50000000	8.02201
1534.00000000	8.02039
1534.50000000	8.01827
1535.00000000	8.01620
1535.50000000	8.01495
1536.00000000	8.01451
1536.50000000	8.01391
1537.00000000	8.01346
1537.50000000	8.01433
1538.00000000	8.01486
1538.50000000	8.01558
1539.00000000	8.01759
1539.50000000	8.01837
1540.00000000	8.01922
1540.50000000	8.01988
1541.00000000	8.01976
1541.50000000	8.01850
1542.00000000	8.01690
1542.50000000	8.01667
1543.00000000	8.01685
1543.50000000	8.01785
1544.00000000	8.01980
1544.50000000	8.02218
1545.00000000	8.02535
1545.50000000	8.02859
1546.00000000	8.03233
1546.50000000	8.03567
1547.00000000	8.03854
1547.50000000	8.04053
1548.00000000	8.04345
1548.50000000	8.04544
1549.00000000	8.04739
1549.50000000	8.04816
1550.00000000	8.04891
1550.50000000	8.04916
1551.00000000	8.04973
1551.50000000	8.05162
1552.00000000	8.05443
1552.50000000	8.05789
1553.00000000	8.06195
1553.50000000	8.06615
1554.00000000	8.06914
1554.50000000	8.07151
1555.00000000	8.07356
1555.50000000	8.07599
1556.00000000	8.07933
1556.50000000	8.08238
1557.00000000	8.08436
1557.50000000	8.08586
1558.00000000	8.08680
1558.50000000	8.08694
1559.00000000	8.08788
1559.50000000	8.08895
1560.00000000	8.08901
1560.50000000	8.08809
1561.00000000	8.08748
1561.50000000	8.08621
1562.00000000	8.08458
1562.50000000	8.08322
1563.00000000	8.08272
1563.50000000	8.08281
1564.00000000	8.08224
1564.50000000	8.08071
1565.00000000	8.07966
1565.50000000	8.07827
1566.00000000	8.07684
1566.50000000	8.07689
1567.00000000	8.07703
1567.50000000	8.07738
1568.00000000	8.07856
1568.50000000	8.07836
1569.00000000	8.07634
1569.50000000	8.07448
1570.00000000	8.07210
1570.50000000	8.06969
1571.00000000	8.06777
1571.50000000	8.06620
1572.00000000	8.06476
1572.50000000	8.06255
1573.00000000	8.06005
1573.50000000	8.05911
1574.00000000	8.05867
1574.50000000	8.05816
1575.00000000	8.05814
1575.50000000	8.05818
1576.00000000	8.05763
1576.50000000	8.05617
1577.00000000	8.05476
1577.50000000	8.05282
1578.00000000	8.05166
1578.50000000	8.05026
1579.00000000	8.04907
1579.50000000	8.04615
1580.00000000	8.04414
1580.50000000	8.04138
1581.00000000	8.03810
1581.50000000	8.03517
1582.00000000	8.03283
1582.50000000	8.03036
1583.00000000	8.02594
1583.50000000	8.02123
1584.00000000	8.01677
1584.50000000	8.01323
1585.00000000	8.01140
1585.50000000	8.00926
1586.00000000	8.00688
1586.50000000	8.00473
1587.00000000	8.00200
1587.50000000	7.99881
1588.00000000	7.99534
1588.50000000	7.99309
1589.00000000	7.99084
1589.50000000	7.98890
1590.00000000	7.98852
1590.50000000	7.98813
1591.00000000	7.98792
