0.00000000	6.36354
0.50000000	6.36655
1.00000000	6.37031
1.50000000	6.37361
2.00000000	6.37756
2.50000000	6.38248
3.00000000	6.38658
3.50000000	6.39038
4.00000000	6.39328
4.50000000	6.39642
5.00000000	6.39812
5.50000000	6.39940
6.00000000	6.40039
6.50000000	6.40161
7.00000000	6.40181
7.50000000	6.40225
8.00000000	6.40440
8.50000000	6.40652
9.00000000	6.40968
9.50000000	6.41286
10.00000000	6.41514
10.50000000	6.41840
11.00000000	6.42112
11.50000000	6.42356
12.00000000	6.42657
12.50000000	6.42952
13.00000000	6.43414
13.50000000	6.43772
14.00000000	6.43927
14.50000000	6.44013
15.00000000	6.44020
15.50000000	6.43975
16.00000000	6.43875
16.50000000	6.43809
17.00000000	6.43728
17.50000000	6.43681
18.00000000	6.43757
18.50000000	6.43738
19.00000000	6.43641
19.50000000	6.43534
20.00000000	6.43499
20.50000000	6.43292
21.00000000	6.43118
21.50000000	6.42889
22.00000000	6.42720
22.50000000	6.42503
23.00000000	6.42368
23.50000000	6.42259
24.00000000	6.42036
24.50000000	6.41899
25.00000000	6.41844
25.50000000	6.41717
26.00000000	6.41710
26.50000000	6.41810
27.00000000	6.41631
27.50000000	6.41367
28.00000000	6.41074
28.50000000	6.40748
29.00000000	6.40570
29.50000000	6.40434
30.00000000	6.40165
30.50000000	6.39891
31.00000000	6.39681
31.50000000	6.39436
32.00000000	6.39176
32.50000000	6.39050
33.00000000	6.38849
33.50000000	6.38609
34.00000000	6.38468
34.50000000	6.38321
35.00000000	6.38326
35.50000000	6.38355
36.00000000	6.38398
36.50000000	6.38589
37.00000000	6.38824
37.50000000	6.39125
38.00000000	6.39416
38.50000000	6.39670
39.00000000	6.39862
39.50000000	6.40009
40.00000000	6.40240
40.50000000	6.40534
41.00000000	6.40636
41.50000000	6.40635
42.00000000	6.40684
42.50000000	6.40703
43.00000000	6.40807
43.50000000	6.40850
44.00000000	6.40926
44.50000000	6.41135
45.00000000	6.41468
45.50000000	6.41847
46.00000000	6.42134
46.50000000	6.42379
47.00000000	6.42607
47.50000000	6.42724
48.00000000	6.42934
48.50000000	6.43085
49.00000000	6.43203
49.50000000	6.43341
50.00000000	6.43526
50.50000000	6.43640
51.00000000	6.43715
51.50000000	6.43738
52.00000000	6.43769
52.50000000	6.43879
53.00000000	6.44035
53.50000000	6.44269
54.00000000	6.44413
54.50000000	6.44565
55.00000000	6.44777
55.50000000	6.44997
56.00000000	6.45272
56.50000000	6.45604
57.00000000	6.45831
57.50000000	6.46109
58.00000000	6.46321
58.50000000	6.46405
59.00000000	6.46397
59.50000000	6.46334
60.00000000	6.46388
60.50000000	6.46421
61.00000000	6.46287
61.50000000	6.46089
62.00000000	6.46002
62.50000000	6.45980
63.00000000	6.46001
63.50000000	6.46052
64.00000000	6.46126
64.50000000	6.46023
65.00000000	6.45984
65.50000000	6.45894
66.00000000	6.45840
66.50000000	6.45756
67.00000000	6.45799
67.50000000	6.45839
68.00000000	6.46064
68.50000000	6.46390
69.00000000	6.46762
69.50000000	6.46988
70.00000000	6.47382
70.50000000	6.47834
71.00000000	6.48306
71.50000000	6.48875
72.00000000	6.49392
72.50000000	6.49888
73.00000000	6.50417
73.50000000	6.50992
74.00000000	6.51529
74.50000000	6.52004
75.00000000	6.52559
75.50000000	6.53173
76.00000000	6.53707
76.50000000	6.54277
77.00000000	6.54754
77.50000000	6.55243
78.00000000	6.55605
78.50000000	6.55916
79.00000000	6.56093
79.50000000	6.56179
80.00000000	6.56283
80.50000000	6.56392
81.00000000	6.56406
81.50000000	6.56491
82.00000000	6.56543
82.50000000	6.56407
83.00000000	6.56147
83.50000000	6.56028
84.00000000	6.55906
84.50000000	6.55866
85.00000000	6.55812
85.50000000	6.55879
86.00000000	6.55817
86.50000000	6.55772
87.00000000	6.55755
87.50000000	6.55724
88.00000000	6.55737
88.50000000	6.55731
89.00000000	6.55780
89.50000000	6.55722
90.00000000	6.55599
90.50000000	6.55511
91.00000000	6.55506
91.50000000	6.55512
92.00000000	6.55443
92.50000000	6.55534
93.00000000	6.55514
93.50000000	6.55694
94.00000000	6.55777
94.50000000	6.55695
95.00000000	6.55472
95.50000000	6.55267
96.00000000	6.55117
96.50000000	6.54936
97.00000000	6.54736
97.50000000	6.54436
98.00000000	6.54247
98.50000000	6.54192
99.00000000	6.54106
99.50000000	6.54052
100.00000000	6.54072
100.50000000	6.54047
101.00000000	6.54024
101.50000000	6.54022
102.00000000	6.53923
102.50000000	6.53965
103.00000000	6.53905
103.50000000	6.53758
104.00000000	6.53624
104.50000000	6.53327
105.00000000	6.52994
105.50000000	6.52576
106.00000000	6.52153
106.50000000	6.51700
107.00000000	6.51142
107.50000000	6.50475
108.00000000	6.49684
108.50000000	6.49014
109.00000000	6.48256
109.50000000	6.47652
110.00000000	6.47067
110.50000000	6.46628
111.00000000	6.46181
111.50000000	6.45735
112.00000000	6.45356
112.50000000	6.45036
113.00000000	6.44638
113.50000000	6.44131
114.00000000	6.43729
114.50000000	6.43264
115.00000000	6.42826
115.50000000	6.42379
116.00000000	6.41914
116.50000000	6.41569
117.00000000	6.41212
117.50000000	6.40896
118.00000000	6.40621
118.50000000	6.40445
119.00000000	6.40291
119.50000000	6.40107
120.00000000	6.39973
120.50000000	6.39871
121.00000000	6.39743
121.50000000	6.39577
122.00000000	6.39507
122.50000000	6.39538
123.00000000	6.39540
123.50000000	6.39428
124.00000000	6.39200
124.50000000	6.39134
125.00000000	6.38993
125.50000000	6.38899
126.00000000	6.38969
126.50000000	6.39115
127.00000000	6.39157
127.50000000	6.39138
128.00000000	6.39190
128.50000000	6.39280
129.00000000	6.39369
129.50000000	6.39468
130.00000000	6.39408
130.50000000	6.39453
131.00000000	6.39556
131.50000000	6.39777
132.00000000	6.40068
132.50000000	6.40223
133.00000000	6.40398
133.50000000	6.40472
134.00000000	6.40607
134.50000000	6.40867
135.00000000	6.41232
135.50000000	6.41410
136.00000000	6.41544
136.50000000	6.41712
137.00000000	6.41908
137.50000000	6.42172
138.00000000	6.42402
138.50000000	6.42507
139.00000000	6.42517
139.50000000	6.42495
140.00000000	6.42523
140.50000000	6.42517
141.00000000	6.42555
141.50000000	6.42629
142.00000000	6.42684
142.50000000	6.42916
143.00000000	6.43014
143.50000000	6.43070
144.00000000	6.43099
144.50000000	6.43116
145.00000000	6.43302
145.50000000	6.43300
146.00000000	6.43377
146.50000000	6.43359
147.00000000	6.43253
147.50000000	6.43260
148.00000000	6.43224
148.50000000	6.43119
149.00000000	6.42955
149.50000000	6.42670
150.00000000	6.42447
150.50000000	6.42285
151.00000000	6.42092
151.50000000	6.41786
152.00000000	6.41464
152.50000000	6.41211
153.00000000	6.40995
153.50000000	6.40882
154.00000000	6.40944
154.50000000	6.40893
155.00000000	6.40949
155.50000000	6.41149
156.00000000	6.41278
156.50000000	6.41427
157.00000000	6.41697
157.50000000	6.41950
158.00000000	6.42155
158.50000000	6.42304
159.00000000	6.42525
159.50000000	6.42771
160.00000000	6.42896
160.50000000	6.43067
161.00000000	6.43268
161.50000000	6.43497
162.00000000	6.43699
162.50000000	6.43784
163.00000000	6.43878
163.50000000	6.43960
164.00000000	6.43911
164.50000000	6.43937
165.00000000	6.44049
165.50000000	6.44041
166.00000000	6.43972
166.50000000	6.43960
167.00000000	6.43713
167.50000000	6.43630
168.00000000	6.43559
168.50000000	6.43503
169.00000000	6.43511
169.50000000	6.43605
170.00000000	6.43752
170.50000000	6.43894
171.00000000	6.43946
171.50000000	6.43981
172.00000000	6.44026
172.50000000	6.44059
173.00000000	6.44001
173.50000000	6.43931
174.00000000	6.44028
174.50000000	6.43993
175.00000000	6.44006
175.50000000	6.43955
176.00000000	6.43971
176.50000000	6.44020
177.00000000	6.44160
177.50000000	6.44271
178.00000000	6.44271
178.50000000	6.44326
179.00000000	6.44322
179.50000000	6.44332
180.00000000	6.44358
180.50000000	6.44335
181.00000000	6.44259
181.50000000	6.44196
182.00000000	6.44114
182.50000000	6.44210
183.00000000	6.44237
183.50000000	6.44346
184.00000000	6.44393
184.50000000	6.44444
185.00000000	6.44384
185.50000000	6.44349
186.00000000	6.44514
186.50000000	6.44603
187.00000000	6.44645
187.50000000	6.44733
188.00000000	6.44845
188.50000000	6.44889
189.00000000	6.44921
189.50000000	6.44870
190.00000000	6.44974
190.50000000	6.45137
191.00000000	6.45214
191.50000000	6.45302
192.00000000	6.45448
192.50000000	6.45651
193.00000000	6.45843
193.50000000	6.46133
194.00000000	6.46507
194.50000000	6.46795
195.00000000	6.47208
195.50000000	6.47440
196.00000000	6.47627
196.50000000	6.47685
197.00000000	6.47764
197.50000000	6.47664
198.00000000	6.47617
198.50000000	6.47394
199.00000000	6.47255
199.50000000	6.47100
200.00000000	6.47077
200.50000000	6.47072
201.00000000	6.47193
201.50000000	6.47270
202.00000000	6.47439
202.50000000	6.47540
203.00000000	6.47573
203.50000000	6.47642
204.00000000	6.47651
204.50000000	6.47734
205.00000000	6.47680
205.50000000	6.47665
206.00000000	6.47691
206.50000000	6.47741
207.00000000	6.47737
207.50000000	6.47677
208.00000000	6.47777
208.50000000	6.47907
209.00000000	6.48081
209.50000000	6.48209
210.00000000	6.48304
210.50000000	6.48386
211.00000000	6.48406
211.50000000	6.48369
212.00000000	6.48292
212.50000000	6.48201
213.00000000	6.48075
213.50000000	6.47985
214.00000000	6.47922
214.50000000	6.47949
215.00000000	6.47888
215.50000000	6.47918
216.00000000	6.48105
216.50000000	6.48358
217.00000000	6.48600
217.50000000	6.48859
218.00000000	6.49101
218.50000000	6.49325
219.00000000	6.49666
219.50000000	6.49932
220.00000000	6.50130
220.50000000	6.50380
221.00000000	6.50567
221.50000000	6.50683
222.00000000	6.50662
222.50000000	6.50668
223.00000000	6.50706
223.50000000	6.50697
224.00000000	6.50722
224.50000000	6.50630
225.00000000	6.50581
225.50000000	6.50692
226.00000000	6.50845
226.50000000	6.50976
227.00000000	6.51050
227.50000000	6.51076
228.00000000	6.50983
228.50000000	6.51056
229.00000000	6.51056
229.50000000	6.51157
230.00000000	6.51184
230.50000000	6.51192
231.00000000	6.51261
231.50000000	6.51306
232.00000000	6.51164
232.50000000	6.51157
233.00000000	6.51166
233.50000000	6.51139
234.00000000	6.51103
234.50000000	6.51116
235.00000000	6.51044
235.50000000	6.50844
236.00000000	6.50645
236.50000000	6.50520
237.00000000	6.50368
237.50000000	6.50087
238.00000000	6.49748
238.50000000	6.49444
239.00000000	6.49199
239.50000000	6.48937
240.00000000	6.48716
240.50000000	6.48456
241.00000000	6.48288
241.50000000	6.48144
242.00000000	6.47927
242.50000000	6.47905
243.00000000	6.47873
243.50000000	6.47905
244.00000000	6.47736
244.50000000	6.47606
245.00000000	6.47512
245.50000000	6.47404
246.00000000	6.47187
246.50000000	6.47012
247.00000000	6.46593
247.50000000	6.46186
248.00000000	6.45960
248.50000000	6.45695
249.00000000	6.45463
249.50000000	6.45230
250.00000000	6.45108
250.50000000	6.45100
251.00000000	6.45081
251.50000000	6.45042
252.00000000	6.45051
252.50000000	6.45029
253.00000000	6.44949
253.50000000	6.44814
254.00000000	6.44712
254.50000000	6.44713
255.00000000	6.44680
255.50000000	6.44619
256.00000000	6.44561
256.50000000	6.44434
257.00000000	6.44299
257.50000000	6.44136
258.00000000	6.43844
258.50000000	6.43497
259.00000000	6.42983
259.50000000	6.42540
260.00000000	6.42182
260.50000000	6.41822
261.00000000	6.41388
261.50000000	6.41010
262.00000000	6.40520
262.50000000	6.40118
263.00000000	6.39686
263.50000000	6.39120
264.00000000	6.38647
264.50000000	6.38109
265.00000000	6.37658
265.50000000	6.37385
266.00000000	6.37189
266.50000000	6.37084
267.00000000	6.36954
267.50000000	6.36787
268.00000000	6.36711
268.50000000	6.36536
269.00000000	6.36258
269.50000000	6.36025
270.00000000	6.35834
270.50000000	6.35451
271.00000000	6.35006
271.50000000	6.34613
272.00000000	6.34157
272.50000000	6.33831
273.00000000	6.33488
273.50000000	6.33060
274.00000000	6.32674
274.50000000	6.32272
275.00000000	6.31905
275.50000000	6.31829
276.00000000	6.31828
276.50000000	6.31503
277.00000000	6.31127
277.50000000	6.30756
278.00000000	6.30537
278.50000000	6.30314
279.00000000	6.30119
279.50000000	6.29949
280.00000000	6.29697
280.50000000	6.29447
281.00000000	6.29308
281.50000000	6.29259
282.00000000	6.29231
282.50000000	6.29163
283.00000000	6.28906
283.50000000	6.28785
284.00000000	6.28503
284.50000000	6.28283
285.00000000	6.28009
285.50000000	6.27743
286.00000000	6.27523
286.50000000	6.27475
287.00000000	6.27525
287.50000000	6.27468
288.00000000	6.27492
288.50000000	6.27606
289.00000000	6.27746
289.50000000	6.27917
290.00000000	6.28001
290.50000000	6.28038
291.00000000	6.28024
291.50000000	6.27927
292.00000000	6.27797
292.50000000	6.27801
293.00000000	6.27780
293.50000000	6.27731
294.00000000	6.27599
294.50000000	6.27363
295.00000000	6.27171
295.50000000	6.26996
296.00000000	6.26817
296.50000000	6.26553
297.00000000	6.26427
297.50000000	6.26372
298.00000000	6.26451
298.50000000	6.26471
299.00000000	6.26502
299.50000000	6.26324
300.00000000	6.26144
300.50000000	6.26017
301.00000000	6.25920
301.50000000	6.25832
302.00000000	6.25729
302.50000000	6.25779
303.00000000	6.25756
303.50000000	6.25701
304.00000000	6.25954
304.50000000	6.26214
305.00000000	6.26400
305.50000000	6.26608
306.00000000	6.26796
306.50000000	6.27020
307.00000000	6.27314
307.50000000	6.27622
308.00000000	6.27811
308.50000000	6.27857
309.00000000	6.27846
309.50000000	6.27890
310.00000000	6.28044
310.50000000	6.28151
311.00000000	6.28312
311.50000000	6.28512
312.00000000	6.28743
312.50000000	6.28907
313.00000000	6.29159
313.50000000	6.29385
314.00000000	6.29606
314.50000000	6.29864
315.00000000	6.30032
315.50000000	6.30281
316.00000000	6.30447
316.50000000	6.30611
317.00000000	6.30629
317.50000000	6.30523
318.00000000	6.30559
318.50000000	6.30657
319.00000000	6.30833
319.50000000	6.31028
320.00000000	6.31145
320.50000000	6.31265
321.00000000	6.31407
321.50000000	6.31513
322.00000000	6.31589
322.50000000	6.31606
323.00000000	6.31687
323.50000000	6.31829
324.00000000	6.32045
324.50000000	6.32271
325.00000000	6.32519
325.50000000	6.32768
326.00000000	6.32925
326.50000000	6.32968
327.00000000	6.33074
327.50000000	6.32891
328.00000000	6.32677
328.50000000	6.32371
329.00000000	6.32195
329.50000000	6.32106
330.00000000	6.32021
330.50000000	6.31949
331.00000000	6.31848
331.50000000	6.31757
332.00000000	6.31612
332.50000000	6.31479
333.00000000	6.31339
333.50000000	6.31287
334.00000000	6.31100
334.50000000	6.30956
335.00000000	6.30847
335.50000000	6.30715
336.00000000	6.30728
336.50000000	6.30873
337.00000000	6.31017
337.50000000	6.31198
338.00000000	6.31461
338.50000000	6.31760
339.00000000	6.31934
339.50000000	6.32134
340.00000000	6.32399
340.50000000	6.32653
341.00000000	6.32911
341.50000000	6.33150
342.00000000	6.33283
342.50000000	6.33465
343.00000000	6.33574
343.50000000	6.33631
344.00000000	6.33777
344.50000000	6.33909
345.00000000	6.33875
345.50000000	6.33843
346.00000000	6.33878
346.50000000	6.33846
347.00000000	6.33896
347.50000000	6.33777
348.00000000	6.33583
348.50000000	6.33366
349.00000000	6.33111
349.50000000	6.32967
350.00000000	6.32884
350.50000000	6.32772
351.00000000	6.32592
351.50000000	6.32510
352.00000000	6.32444
352.50000000	6.32449
353.00000000	6.32301
353.50000000	6.32247
354.00000000	6.32080
354.50000000	6.31913
355.00000000	6.31753
355.50000000	6.31599
356.00000000	6.31434
356.50000000	6.31326
357.00000000	6.31266
357.50000000	6.31235
358.00000000	6.31336
358.50000000	6.31488
359.00000000	6.31600
359.50000000	6.31739
360.00000000	6.31873
360.50000000	6.32217
361.00000000	6.32581
361.50000000	6.32878
362.00000000	6.33172
362.50000000	6.33501
363.00000000	6.33844
363.50000000	6.34085
364.00000000	6.34456
364.50000000	6.34911
365.00000000	6.35352
365.50000000	6.35895
366.00000000	6.36287
366.50000000	6.36773
367.00000000	6.37343
367.50000000	6.37987
368.00000000	6.38525
368.50000000	6.38991
369.00000000	6.39453
369.50000000	6.39883
370.00000000	6.40442
370.50000000	6.40799
371.00000000	6.41104
371.50000000	6.41414
372.00000000	6.41723
372.50000000	6.42100
373.00000000	6.42518
373.50000000	6.43036
374.00000000	6.43497
374.50000000	6.43709
375.00000000	6.43779
375.50000000	6.43745
376.00000000	6.43640
376.50000000	6.43464
377.00000000	6.43386
377.50000000	6.43257
378.00000000	6.43027
378.50000000	6.42843
379.00000000	6.42639
379.50000000	6.42457
380.00000000	6.42211
380.50000000	6.41826
381.00000000	6.41640
381.50000000	6.41345
382.00000000	6.41151
382.50000000	6.40941
383.00000000	6.40580
383.50000000	6.40148
384.00000000	6.39763
384.50000000	6.39372
385.00000000	6.39021
385.50000000	6.38645
386.00000000	6.38329
386.50000000	6.38064
387.00000000	6.37736
387.50000000	6.37491
388.00000000	6.37112
388.50000000	6.36736
389.00000000	6.36445
389.50000000	6.36174
390.00000000	6.35942
390.50000000	6.35680
391.00000000	6.35298
391.50000000	6.35126
392.00000000	6.34832
392.50000000	6.34411
393.00000000	6.33943
393.50000000	6.33462
394.00000000	6.32951
394.50000000	6.32311
395.00000000	6.31623
395.50000000	6.31034
396.00000000	6.30417
396.50000000	6.29777
397.00000000	6.29192
397.50000000	6.28695
398.00000000	6.28329
398.50000000	6.28006
399.00000000	6.27671
399.50000000	6.27493
400.00000000	6.27226
400.50000000	6.26803
401.00000000	6.26352
401.50000000	6.25974
402.00000000	6.25425
402.50000000	6.24922
403.00000000	6.24433
403.50000000	6.23897
404.00000000	6.23358
404.50000000	6.22940
405.00000000	6.22523
405.50000000	6.22189
406.00000000	6.21907
406.50000000	6.21726
407.00000000	6.21571
407.50000000	6.21583
408.00000000	6.21453
408.50000000	6.21424
409.00000000	6.21369
409.50000000	6.21287
410.00000000	6.21354
410.50000000	6.21363
411.00000000	6.21325
411.50000000	6.21318
412.00000000	6.21320
412.50000000	6.21290
413.00000000	6.21184
413.50000000	6.21178
414.00000000	6.21159
414.50000000	6.21183
415.00000000	6.21119
415.50000000	6.21089
416.00000000	6.21060
416.50000000	6.20980
417.00000000	6.20946
417.50000000	6.21019
418.00000000	6.21168
418.50000000	6.21274
419.00000000	6.21383
419.50000000	6.21582
420.00000000	6.21679
420.50000000	6.21712
421.00000000	6.21736
421.50000000	6.21695
422.00000000	6.21708
422.50000000	6.21646
423.00000000	6.21445
423.50000000	6.21234
424.00000000	6.20965
424.50000000	6.20631
425.00000000	6.20172
425.50000000	6.19794
426.00000000	6.19409
426.50000000	6.19016
427.00000000	6.18688
427.50000000	6.18504
428.00000000	6.18180
428.50000000	6.17777
429.00000000	6.17437
429.50000000	6.17112
430.00000000	6.16770
430.50000000	6.16466
431.00000000	6.16289
431.50000000	6.16154
432.00000000	6.15897
432.50000000	6.15633
433.00000000	6.15357
433.50000000	6.15014
434.00000000	6.14882
434.50000000	6.14811
435.00000000	6.14775
435.50000000	6.14714
436.00000000	6.14556
436.50000000	6.14556
437.00000000	6.14501
437.50000000	6.14448
438.00000000	6.14388
438.50000000	6.14426
439.00000000	6.14453
439.50000000	6.14462
440.00000000	6.14524
440.50000000	6.14663
441.00000000	6.14855
441.50000000	6.14911
442.00000000	6.14877
442.50000000	6.14909
443.00000000	6.14903
443.50000000	6.14750
444.00000000	6.14645
444.50000000	6.14609
445.00000000	6.14645
445.50000000	6.14746
446.00000000	6.14897
446.50000000	6.14999
447.00000000	6.15091
447.50000000	6.15178
448.00000000	6.15311
448.50000000	6.15314
449.00000000	6.15252
449.50000000	6.15210
450.00000000	6.15260
450.50000000	6.15303
451.00000000	6.15248
451.50000000	6.15135
452.00000000	6.15094
452.50000000	6.15059
453.00000000	6.14909
453.50000000	6.14760
454.00000000	6.14683
454.50000000	6.14640
455.00000000	6.14560
455.50000000	6.14455
456.00000000	6.14221
456.50000000	6.14010
457.00000000	6.13803
457.50000000	6.13534
458.00000000	6.13279
458.50000000	6.13073
459.00000000	6.12815
459.50000000	6.12594
460.00000000	6.12410
460.50000000	6.12290
461.00000000	6.12215
461.50000000	6.12226
462.00000000	6.12211
462.50000000	6.12138
463.00000000	6.12228
463.50000000	6.12339
464.00000000	6.12377
464.50000000	6.12522
465.00000000	6.12699
465.50000000	6.12895
466.00000000	6.13028
466.50000000	6.13092
467.00000000	6.13130
467.50000000	6.13149
468.00000000	6.13137
468.50000000	6.13175
469.00000000	6.13338
469.50000000	6.13641
470.00000000	6.13986
470.50000000	6.14371
471.00000000	6.14702
471.50000000	6.14984
472.00000000	6.15225
472.50000000	6.15524
473.00000000	6.15669
473.50000000	6.15728
474.00000000	6.15618
474.50000000	6.15496
475.00000000	6.15514
475.50000000	6.15461
476.00000000	6.15346
476.50000000	6.15166
477.00000000	6.14951
477.50000000	6.14649
478.00000000	6.14484
478.50000000	6.14193
479.00000000	6.13776
479.50000000	6.13312
480.00000000	6.12911
480.50000000	6.12503
481.00000000	6.12013
481.50000000	6.11540
482.00000000	6.11058
482.50000000	6.10488
483.00000000	6.09773
483.50000000	6.09139
484.00000000	6.08547
484.50000000	6.08084
485.00000000	6.07796
485.50000000	6.07508
486.00000000	6.07311
486.50000000	6.07119
487.00000000	6.06927
487.50000000	6.06756
488.00000000	6.06614
488.50000000	6.06360
489.00000000	6.06129
489.50000000	6.06018
490.00000000	6.05767
490.50000000	6.05577
491.00000000	6.05479
491.50000000	6.05503
492.00000000	6.05665
492.50000000	6.05935
493.00000000	6.06374
493.50000000	6.06786
494.00000000	6.07150
494.50000000	6.07578
495.00000000	6.08017
495.50000000	6.08312
496.00000000	6.08471
496.50000000	6.08532
497.00000000	6.08537
497.50000000	6.08577
498.00000000	6.08544
498.50000000	6.08733
499.00000000	6.08913
499.50000000	6.09092
500.00000000	6.09171
500.50000000	6.09326
501.00000000	6.09580
501.50000000	6.09636
502.00000000	6.09810
502.50000000	6.10039
503.00000000	6.10388
503.50000000	6.10627
504.00000000	6.10813
504.50000000	6.11212
505.00000000	6.11570
505.50000000	6.12027
506.00000000	6.12406
506.50000000	6.12874
507.00000000	6.13091
507.50000000	6.13286
508.00000000	6.13446
508.50000000	6.13601
509.00000000	6.13700
509.50000000	6.13753
510.00000000	6.13904
510.50000000	6.14048
511.00000000	6.14208
511.50000000	6.14252
512.00000000	6.14282
512.50000000	6.14324
513.00000000	6.14265
513.50000000	6.14214
514.00000000	6.14074
514.50000000	6.13936
515.00000000	6.13751
515.50000000	6.13407
516.00000000	6.12918
516.50000000	6.12382
517.00000000	6.11982
517.50000000	6.11597
518.00000000	6.11283
518.50000000	6.10981
519.00000000	6.10655
519.50000000	6.10361
520.00000000	6.09991
520.50000000	6.09545
521.00000000	6.09177
521.50000000	6.08784
522.00000000	6.08493
522.50000000	6.08176
523.00000000	6.07898
523.50000000	6.07441
524.00000000	6.07054
524.50000000	6.06690
525.00000000	6.06306
525.50000000	6.06024
526.00000000	6.05918
526.50000000	6.05810
527.00000000	6.05703
527.50000000	6.05756
528.00000000	6.05765
528.50000000	6.05678
529.00000000	6.05519
529.50000000	6.05487
530.00000000	6.05484
530.50000000	6.05561
531.00000000	6.05664
531.50000000	6.05749
532.00000000	6.05848
532.50000000	6.05945
533.00000000	6.06032
533.50000000	6.06151
534.00000000	6.06193
534.50000000	6.06091
535.00000000	6.06087
535.50000000	6.06089
536.00000000	6.06092
536.50000000	6.06225
537.00000000	6.06371
537.50000000	6.06405
538.00000000	6.06500
538.50000000	6.06581
539.00000000	6.06789
539.50000000	6.06825
540.00000000	6.06895
540.50000000	6.06882
541.00000000	6.06825
541.50000000	6.06870
542.00000000	6.06926
542.50000000	6.06955
543.00000000	6.07023
543.50000000	6.07112
544.00000000	6.07125
544.50000000	6.07176
545.00000000	6.07369
545.50000000	6.07480
546.00000000	6.07771
546.50000000	6.07989
547.00000000	6.08124
547.50000000	6.08283
548.00000000	6.08566
548.50000000	6.08869
549.00000000	6.09276
549.50000000	6.09664
550.00000000	6.10210
550.50000000	6.10707
551.00000000	6.11174
551.50000000	6.11678
552.00000000	6.12188
552.50000000	6.12635
553.00000000	6.12977
553.50000000	6.13266
554.00000000	6.13551
554.50000000	6.13968
555.00000000	6.14387
555.50000000	6.14656
556.00000000	6.14990
556.50000000	6.15320
557.00000000	6.15586
557.50000000	6.15936
558.00000000	6.16303
558.50000000	6.16576
559.00000000	6.16798
559.50000000	6.17020
560.00000000	6.17372
560.50000000	6.17680
561.00000000	6.18032
561.50000000	6.18386
562.00000000	6.18820
562.50000000	6.19302
563.00000000	6.19672
563.50000000	6.20070
564.00000000	6.20314
564.50000000	6.20644
565.00000000	6.20885
565.50000000	6.21084
566.00000000	6.21259
566.50000000	6.21547
567.00000000	6.21800
567.50000000	6.22014
568.00000000	6.22191
568.50000000	6.22469
569.00000000	6.22631
569.50000000	6.22876
570.00000000	6.23160
570.50000000	6.23306
571.00000000	6.23439
571.50000000	6.23437
572.00000000	6.23421
572.50000000	6.23495
573.00000000	6.23544
573.50000000	6.23633
574.00000000	6.23731
574.50000000	6.23793
575.00000000	6.23758
575.50000000	6.23708
576.00000000	6.23681
576.50000000	6.23687
577.00000000	6.23701
577.50000000	6.23661
578.00000000	6.23613
578.50000000	6.23554
579.00000000	6.23375
579.50000000	6.23269
580.00000000	6.23288
580.50000000	6.23399
581.00000000	6.23473
581.50000000	6.23558
582.00000000	6.23619
582.50000000	6.23717
583.00000000	6.23835
583.50000000	6.23968
584.00000000	6.24031
584.50000000	6.24184
585.00000000	6.24420
585.50000000	6.24484
586.00000000	6.24506
586.50000000	6.24564
587.00000000	6.24676
587.50000000	6.24615
588.00000000	6.24629
588.50000000	6.24560
589.00000000	6.24387
589.50000000	6.24204
590.00000000	6.23979
590.50000000	6.23918
591.00000000	6.23913
591.50000000	6.23838
592.00000000	6.23684
592.50000000	6.23426
593.00000000	6.23250
593.50000000	6.23300
594.00000000	6.23285
594.50000000	6.23461
595.00000000	6.23572
595.50000000	6.23716
596.00000000	6.23924
596.50000000	6.24071
597.00000000	6.24262
597.50000000	6.24406
598.00000000	6.24511
598.50000000	6.24595
599.00000000	6.24742
599.50000000	6.24884
600.00000000	6.25142
600.50000000	6.25313
601.00000000	6.25453
601.50000000	6.25615
602.00000000	6.25708
602.50000000	6.25772
603.00000000	6.25940
603.50000000	6.26089
604.00000000	6.26302
604.50000000	6.26598
605.00000000	6.26863
605.50000000	6.27053
606.00000000	6.27280
606.50000000	6.27544
607.00000000	6.27642
607.50000000	6.27919
608.00000000	6.28118
608.50000000	6.28436
609.00000000	6.28714
609.50000000	6.28978
610.00000000	6.29242
610.50000000	6.29430
611.00000000	6.29636
611.50000000	6.29867
612.00000000	6.30102
612.50000000	6.30415
613.00000000	6.30839
613.50000000	6.31102
614.00000000	6.31382
614.50000000	6.31575
615.00000000	6.31665
615.50000000	6.31802
616.00000000	6.31912
616.50000000	6.32014
617.00000000	6.32224
617.50000000	6.32388
618.00000000	6.32691
618.50000000	6.32923
619.00000000	6.33138
619.50000000	6.33236
620.00000000	6.33341
620.50000000	6.33504
621.00000000	6.33701
621.50000000	6.33842
622.00000000	6.33984
622.50000000	6.34106
623.00000000	6.34236
623.50000000	6.34247
624.00000000	6.34338
624.50000000	6.34393
625.00000000	6.34501
625.50000000	6.34578
626.00000000	6.34695
626.50000000	6.34759
627.00000000	6.34983
627.50000000	6.35129
628.00000000	6.35308
628.50000000	6.35588
629.00000000	6.35719
629.50000000	6.35770
630.00000000	6.35720
630.50000000	6.35704
631.00000000	6.35711
631.50000000	6.35792
632.00000000	6.36011
632.50000000	6.36190
633.00000000	6.36316
633.50000000	6.36353
634.00000000	6.36536
634.50000000	6.36773
635.00000000	6.37137
635.50000000	6.37530
636.00000000	6.38008
636.50000000	6.38453
637.00000000	6.38802
637.50000000	6.39256
638.00000000	6.39513
638.50000000	6.39717
639.00000000	6.39913
639.50000000	6.40168
640.00000000	6.40520
640.50000000	6.41013
641.00000000	6.41438
641.50000000	6.41764
642.00000000	6.42212
642.50000000	6.42656
643.00000000	6.42960
643.50000000	6.43254
644.00000000	6.43562
644.50000000	6.43751
645.00000000	6.43929
645.50000000	6.44015
646.00000000	6.44104
646.50000000	6.44103
647.00000000	6.44034
647.50000000	6.44053
648.00000000	6.44126
648.50000000	6.44085
649.00000000	6.44079
649.50000000	6.44076
650.00000000	6.44096
650.50000000	6.44207
651.00000000	6.44226
651.50000000	6.44202
652.00000000	6.44048
652.50000000	6.43773
653.00000000	6.43489
653.50000000	6.43400
654.00000000	6.43427
654.50000000	6.43316
655.00000000	6.43278
655.50000000	6.43286
656.00000000	6.43354
656.50000000	6.43341
657.00000000	6.43251
657.50000000	6.43237
658.00000000	6.43334
658.50000000	6.43419
659.00000000	6.43482
659.50000000	6.43672
660.00000000	6.43881
660.50000000	6.44116
661.00000000	6.44290
661.50000000	6.44497
662.00000000	6.44812
662.50000000	6.45148
663.00000000	6.45387
663.50000000	6.45429
664.00000000	6.45489
664.50000000	6.45362
665.00000000	6.45189
665.50000000	6.45030
666.00000000	6.44900
666.50000000	6.44902
667.00000000	6.44945
667.50000000	6.45145
668.00000000	6.45286
668.50000000	6.45285
669.00000000	6.45315
669.50000000	6.45335
670.00000000	6.45275
670.50000000	6.45119
671.00000000	6.44916
671.50000000	6.44859
672.00000000	6.44782
672.50000000	6.44615
673.00000000	6.44565
673.50000000	6.44356
674.00000000	6.44167
674.50000000	6.43914
675.00000000	6.43786
675.50000000	6.43798
676.00000000	6.43904
676.50000000	6.43871
677.00000000	6.43728
677.50000000	6.43704
678.00000000	6.43636
678.50000000	6.43651
679.00000000	6.43778
679.50000000	6.43722
680.00000000	6.43743
680.50000000	6.43938
681.00000000	6.44036
681.50000000	6.44109
682.00000000	6.44030
682.50000000	6.43934
683.00000000	6.43886
683.50000000	6.44136
684.00000000	6.44422
684.50000000	6.44845
685.00000000	6.45028
685.50000000	6.45259
686.00000000	6.45306
686.50000000	6.45278
687.00000000	6.45136
687.50000000	6.45038
688.00000000	6.44836
688.50000000	6.44638
689.00000000	6.44385
689.50000000	6.44214
690.00000000	6.43884
690.50000000	6.43575
691.00000000	6.43363
691.50000000	6.43195
692.00000000	6.42977
692.50000000	6.42705
693.00000000	6.42396
693.50000000	6.42222
694.00000000	6.41995
694.50000000	6.41723
695.00000000	6.41645
695.50000000	6.41647
696.00000000	6.41587
696.50000000	6.41586
697.00000000	6.41800
697.50000000	6.41840
698.00000000	6.41832
698.50000000	6.41845
699.00000000	6.41896
699.50000000	6.42029
700.00000000	6.42120
700.50000000	6.42262
701.00000000	6.42368
701.50000000	6.42514
702.00000000	6.42739
702.50000000	6.42964
703.00000000	6.43100
703.50000000	6.43331
704.00000000	6.43436
704.50000000	6.43583
705.00000000	6.43772
705.50000000	6.43957
706.00000000	6.43964
706.50000000	6.43902
707.00000000	6.43870
707.50000000	6.43920
708.00000000	6.44105
708.50000000	6.44347
709.00000000	6.44449
709.50000000	6.44540
710.00000000	6.44657
710.50000000	6.44827
711.00000000	6.45056
711.50000000	6.45437
712.00000000	6.45707
712.50000000	6.46188
713.00000000	6.46656
713.50000000	6.47077
714.00000000	6.47500
714.50000000	6.47792
715.00000000	6.48073
715.50000000	6.48275
716.00000000	6.48461
716.50000000	6.48553
717.00000000	6.48603
717.50000000	6.48760
718.00000000	6.48942
718.50000000	6.49149
719.00000000	6.49343
719.50000000	6.49731
720.00000000	6.50143
720.50000000	6.50396
721.00000000	6.50589
721.50000000	6.50735
722.00000000	6.50809
722.50000000	6.50906
723.00000000	6.51070
723.50000000	6.51095
724.00000000	6.51031
724.50000000	6.50833
725.00000000	6.50741
725.50000000	6.50650
726.00000000	6.50699
726.50000000	6.50739
727.00000000	6.50764
727.50000000	6.50612
728.00000000	6.50398
728.50000000	6.50270
729.00000000	6.50273
729.50000000	6.50257
730.00000000	6.50304
730.50000000	6.50254
731.00000000	6.50110
731.50000000	6.49843
732.00000000	6.49588
732.50000000	6.49373
733.00000000	6.49121
733.50000000	6.48938