0.00000000	5.45663
0.50000000	5.45799
1.00000000	5.46010
1.50000000	5.46168
2.00000000	5.46222
2.50000000	5.46228
3.00000000	5.46136
3.50000000	5.46165
4.00000000	5.46233
4.50000000	5.46273
5.00000000	5.46386
5.50000000	5.46442
6.00000000	5.46546
6.50000000	5.46631
7.00000000	5.46752
7.50000000	5.46853
8.00000000	5.47011
8.50000000	5.47286
9.00000000	5.47716
9.50000000	5.48137
10.00000000	5.48527
10.50000000	5.48846
11.00000000	5.48987
11.50000000	5.49272
12.00000000	5.49551
12.50000000	5.49856
13.00000000	5.50227
13.50000000	5.50669
14.00000000	5.51109
14.50000000	5.51502
15.00000000	5.51724
15.50000000	5.52072
16.00000000	5.52296
16.50000000	5.52473
17.00000000	5.52638
17.50000000	5.52727
18.00000000	5.52940
18.50000000	5.53124
19.00000000	5.53397
19.50000000	5.53659
20.00000000	5.53803
20.50000000	5.53862
21.00000000	5.53960
21.50000000	5.54094
22.00000000	5.54381
22.50000000	5.54722
23.00000000	5.55095
23.50000000	5.55565
24.00000000	5.55983
24.50000000	5.56375
25.00000000	5.56677
25.50000000	5.56932
26.00000000	5.57019
26.50000000	5.57028
27.00000000	5.57042
27.50000000	5.57036
28.00000000	5.56946
28.50000000	5.56937
29.00000000	5.56899
29.50000000	5.56712
30.00000000	5.56597
30.50000000	5.56439
31.00000000	5.56245
31.50000000	5.56025
32.00000000	5.55886
32.50000000	5.55884
33.00000000	5.55904
33.50000000	5.55824
34.00000000	5.55643
34.50000000	5.55629
35.00000000	5.55618
35.50000000	5.55645
36.00000000	5.55826
36.50000000	5.56047
37.00000000	5.56254
37.50000000	5.56291
38.00000000	5.56163
38.50000000	5.55996
39.00000000	5.55804
39.50000000	5.55710
40.00000000	5.55482
40.50000000	5.55135
41.00000000	5.54929
41.50000000	5.54844
42.00000000	5.54746
42.50000000	5.54707
43.00000000	5.54703
43.50000000	5.54710
44.00000000	5.54564
44.50000000	5.54374
45.00000000	5.54229
45.50000000	5.54100
46.00000000	5.54022
46.50000000	5.54111
47.00000000	5.54277
47.50000000	5.54480
48.00000000	5.54631
48.50000000	5.54827
49.00000000	5.54800
49.50000000	5.54763
50.00000000	5.54764
50.50000000	5.54683
51.00000000	5.54628
51.50000000	5.54575
52.00000000	5.54591
52.50000000	5.54705
53.00000000	5.54801
53.50000000	5.54840
54.00000000	5.54839
54.50000000	5.54846
55.00000000	5.54770
55.50000000	5.54842
56.00000000	5.55051
56.50000000	5.55291
57.00000000	5.55510
57.50000000	5.55745
58.00000000	5.55970
58.50000000	5.56199
59.00000000	5.56421
59.50000000	5.56629
60.00000000	5.56815
60.50000000	5.57056
61.00000000	5.57282
61.50000000	5.57375
62.00000000	5.57340
62.50000000	5.57188
63.00000000	5.57076
63.50000000	5.57109
64.00000000	5.57137
64.50000000	5.57203
65.00000000	5.57368
65.50000000	5.57486
66.00000000	5.57648
66.50000000	5.57717
67.00000000	5.57770
67.50000000	5.57688
68.00000000	5.57658
68.50000000	5.57725
69.00000000	5.57785
69.50000000	5.57855
70.00000000	5.57832
70.50000000	5.57862
71.00000000	5.57803
71.50000000	5.57634
72.00000000	5.57544
72.50000000	5.57381
73.00000000	5.57199
73.50000000	5.57145
74.00000000	5.57067
74.50000000	5.57142
75.00000000	5.57318
75.50000000	5.57522
76.00000000	5.57751
76.50000000	5.58076
77.00000000	5.58239
77.50000000	5.58370
78.00000000	5.58730
78.50000000	5.59069
79.00000000	5.59489
79.50000000	5.60043
80.00000000	5.60675
80.50000000	5.61232
81.00000000	5.61861
81.50000000	5.62434
82.00000000	5.63040
82.50000000	5.63690
83.00000000	5.64593
83.50000000	5.65449
84.00000000	5.66223
84.50000000	5.66973
85.00000000	5.67623
85.50000000	5.68176
86.00000000	5.68729
86.50000000	5.69219
87.00000000	5.69650
87.50000000	5.69995
88.00000000	5.70333
88.50000000	5.70625
89.00000000	5.71049
89.50000000	5.71537
90.00000000	5.71849
90.50000000	5.72276
91.00000000	5.72686
91.50000000	5.73012
92.00000000	5.73319
92.50000000	5.73719
93.00000000	5.74070
93.50000000	5.74420
94.00000000	5.74630
94.50000000	5.74742
95.00000000	5.74840
95.50000000	5.74990
96.00000000	5.75252
96.50000000	5.75423
97.00000000	5.75570
97.50000000	5.75694
98.00000000	5.75677
98.50000000	5.75578
99.00000000	5.75426
99.50000000	5.75252
100.00000000	5.75047
100.50000000	5.74939
101.00000000	5.74874
101.50000000	5.74872
102.00000000	5.74909
102.50000000	5.74877
103.00000000	5.74743
103.50000000	5.74684
104.00000000	5.74659
104.50000000	5.74670
105.00000000	5.74627
105.50000000	5.74574
106.00000000	5.74707
106.50000000	5.74788
107.00000000	5.74912
107.50000000	5.75215
108.00000000	5.75578
108.50000000	5.76035
109.00000000	5.76344
109.50000000	5.76631
110.00000000	5.76837
110.50000000	5.77138
111.00000000	5.77607
111.50000000	5.78149
112.00000000	5.78686
112.50000000	5.79215
113.00000000	5.79858
113.50000000	5.80402
114.00000000	5.80906
114.50000000	5.81300
115.00000000	5.81931
115.50000000	5.82589
116.00000000	5.83305
116.50000000	5.83866
117.00000000	5.84468
117.50000000	5.85027
118.00000000	5.85719
118.50000000	5.86429
119.00000000	5.87271
119.50000000	5.87929
120.00000000	5.88549
120.50000000	5.89248
121.00000000	5.89936
121.50000000	5.90634
122.00000000	5.91165
122.50000000	5.91669
123.00000000	5.92154
123.50000000	5.92594
124.00000000	5.92868
124.50000000	5.93217
125.00000000	5.93732
125.50000000	5.94278
126.00000000	5.94773
126.50000000	5.95332
127.00000000	5.95763
127.50000000	5.96100
128.00000000	5.96485
128.50000000	5.96924
129.00000000	5.97392
129.50000000	5.97930
130.00000000	5.98347
130.50000000	5.98817
131.00000000	5.99293
131.50000000	5.99792
132.00000000	6.00218
132.50000000	6.00682
133.00000000	6.01217
133.50000000	6.01758
134.00000000	6.02257
134.50000000	6.02824
135.00000000	6.03214
135.50000000	6.03560
136.00000000	6.03811
136.50000000	6.04169
137.00000000	6.04542
137.50000000	6.04997
138.00000000	6.05354
138.50000000	6.05800
139.00000000	6.06289
139.50000000	6.06680
140.00000000	6.06940
140.50000000	6.07196
141.00000000	6.07525
141.50000000	6.07913
142.00000000	6.08093
142.50000000	6.08213
143.00000000	6.08349
143.50000000	6.08487
144.00000000	6.08699
144.50000000	6.08955
145.00000000	6.08942
145.50000000	6.09118
146.00000000	6.09348
146.50000000	6.09665
147.00000000	6.09816
147.50000000	6.10019
148.00000000	6.10240
148.50000000	6.10409
149.00000000	6.10500
149.50000000	6.10720
150.00000000	6.10734
150.50000000	6.10755
151.00000000	6.10685
151.50000000	6.10544
152.00000000	6.10558
152.50000000	6.10453
153.00000000	6.10433
153.50000000	6.10580
154.00000000	6.10702
154.50000000	6.10909
155.00000000	6.10958
155.50000000	6.11050
156.00000000	6.11306
156.50000000	6.11573
157.00000000	6.11836
157.50000000	6.12047
158.00000000	6.12229
158.50000000	6.12275
159.00000000	6.12208
159.50000000	6.12137
160.00000000	6.12008
160.50000000	6.11870
161.00000000	6.11752
161.50000000	6.11588
162.00000000	6.11338
162.50000000	6.11136
163.00000000	6.10962
163.50000000	6.10688
164.00000000	6.10461
164.50000000	6.10474
165.00000000	6.10428
165.50000000	6.10406
166.00000000	6.10287
166.50000000	6.10172
167.00000000	6.09955
167.50000000	6.09842
168.00000000	6.09801
168.50000000	6.09944
169.00000000	6.10040
169.50000000	6.09930
170.00000000	6.09592
170.50000000	6.09319
171.00000000	6.09076
171.50000000	6.08694
172.00000000	6.08404
172.50000000	6.08107
173.00000000	6.07899
173.50000000	6.07827
174.00000000	6.07693
174.50000000	6.07680
175.00000000	6.07732
175.50000000	6.07652
176.00000000	6.07603
176.50000000	6.07442
177.00000000	6.07323
177.50000000	6.07206
178.00000000	6.07025
178.50000000	6.06874
179.00000000	6.06819
179.50000000	6.06690
180.00000000	6.06628
180.50000000	6.06540
181.00000000	6.06434
181.50000000	6.06209
182.00000000	6.05900
182.50000000	6.05618
183.00000000	6.05514
183.50000000	6.05387
184.00000000	6.05385
184.50000000	6.05244
185.00000000	6.05232
185.50000000	6.05195
186.00000000	6.05069
186.50000000	6.04904
187.00000000	6.04674
187.50000000	6.04430
188.00000000	6.04299
188.50000000	6.03921
189.00000000	6.03496
189.50000000	6.03037
190.00000000	6.02630
190.50000000	6.02247
191.00000000	6.01696
191.50000000	6.01185
192.00000000	6.00705
192.50000000	6.00302
193.00000000	5.99809
193.50000000	5.99473
194.00000000	5.99051
194.50000000	5.98605
195.00000000	5.98245
195.50000000	5.98013
196.00000000	5.97771
196.50000000	5.97647
197.00000000	5.97686
197.50000000	5.97722
198.00000000	5.97550
198.50000000	5.97322
199.00000000	5.97099
199.50000000	5.96922
200.00000000	5.96933
200.50000000	5.96987
201.00000000	5.96916
201.50000000	5.96808
202.00000000	5.96724
202.50000000	5.96650
203.00000000	5.96637
203.50000000	5.96636
204.00000000	5.96578
204.50000000	5.96441
205.00000000	5.96181
205.50000000	5.95862
206.00000000	5.95660
206.50000000	5.95424
207.00000000	5.95108
207.50000000	5.94762
208.00000000	5.94386
208.50000000	5.94004
209.00000000	5.93585
209.50000000	5.93282
210.00000000	5.92898
210.50000000	5.92575
211.00000000	5.92212
211.50000000	5.91943
212.00000000	5.91637
212.50000000	5.91319
213.00000000	5.90883
213.50000000	5.90422
214.00000000	5.89875
214.50000000	5.89426
215.00000000	5.89196
215.50000000	5.88959
216.00000000	5.88781
216.50000000	5.88629
217.00000000	5.88351
217.50000000	5.87992
218.00000000	5.87691
218.50000000	5.87360
219.00000000	5.87172
219.50000000	5.86955
220.00000000	5.86694
220.50000000	5.86500
221.00000000	5.86255
221.50000000	5.85958
222.00000000	5.85617
222.50000000	5.85424
223.00000000	5.85187
223.50000000	5.85035
224.00000000	5.84967
224.50000000	5.84802
225.00000000	5.84677
225.50000000	5.84644
226.00000000	5.84713
226.50000000	5.85007
227.00000000	5.85106
227.50000000	5.85244
228.00000000	5.85532
228.50000000	5.85795
229.00000000	5.86072
229.50000000	5.86284
230.00000000	5.86462
230.50000000	5.86660
231.00000000	5.86917
231.50000000	5.87177
232.00000000	5.87292
232.50000000	5.87447
233.00000000	5.87447
233.50000000	5.87564
234.00000000	5.87557
234.50000000	5.87638
235.00000000	5.87642
235.50000000	5.87679
236.00000000	5.87652
236.50000000	5.87645
237.00000000	5.87569
237.50000000	5.87414
238.00000000	5.87231
238.50000000	5.87003
239.00000000	5.86840
239.50000000	5.86557
240.00000000	5.86339
240.50000000	5.86292
241.00000000	5.86214
241.50000000	5.86198
242.00000000	5.86210
242.50000000	5.86101
243.00000000	5.86053
243.50000000	5.85799
244.00000000	5.85584
