2300.00000000	5.84247
2300.50000000	5.83974
2301.00000000	5.83846
2301.50000000	5.83785
2302.00000000	5.83794
2302.50000000	5.83685
2303.00000000	5.83788
2303.50000000	5.83886
2304.00000000	5.83966
2304.50000000	5.84072
2305.00000000	5.84203
2305.50000000	5.84357
2306.00000000	5.84583
2306.50000000	5.84672
2307.00000000	5.84723
2307.50000000	5.84784
2308.00000000	5.84741
2308.50000000	5.84832
2309.00000000	5.84849
2309.50000000	5.84749
2310.00000000	5.84653
2310.50000000	5.84611
2311.00000000	5.84522
2311.50000000	5.84602
2312.00000000	5.84550
2312.50000000	5.84412
2313.00000000	5.84420
2313.50000000	5.84364
2314.00000000	5.84310
2314.50000000	5.84291
2315.00000000	5.84165
2315.50000000	5.83984
2316.00000000	5.83725
2316.50000000	5.83549
2317.00000000	5.83499
2317.50000000	5.83416
2318.00000000	5.83397
2318.50000000	5.83375
2319.00000000	5.83419
2319.50000000	5.83267
2320.00000000	5.83052
2320.50000000	5.83144
2321.00000000	5.83226
2321.50000000	5.83268
2322.00000000	5.83190
2322.50000000	5.83171
2323.00000000	5.83108
2323.50000000	5.83067
2324.00000000	5.83199
2324.50000000	5.83350
2325.00000000	5.83590
2325.50000000	5.83896
2326.00000000	5.84089
2326.50000000	5.84256
2327.00000000	5.84360
2327.50000000	5.84383
2328.00000000	5.84454
2328.50000000	5.84570
2329.00000000	5.84744
2329.50000000	5.84773
2330.00000000	5.84756
2330.50000000	5.84715
2331.00000000	5.84717
2331.50000000	5.84764
2332.00000000	5.84824
2332.50000000	5.84813
2333.00000000	5.84794
2333.50000000	5.84750
2334.00000000	5.84664
2334.50000000	5.84681
2335.00000000	5.84687
2335.50000000	5.84691
2336.00000000	5.84769
2336.50000000	5.84933
2337.00000000	5.85042
2337.50000000	5.85260
2338.00000000	5.85364
2338.50000000	5.85518
2339.00000000	5.85675
2339.50000000	5.85828
2340.00000000	5.86007
2340.50000000	5.86168
2341.00000000	5.86342
2341.50000000	5.86491
2342.00000000	5.86521
2342.50000000	5.86499
2343.00000000	5.86404
2343.50000000	5.86264
2344.00000000	5.86288
2344.50000000	5.86280
2345.00000000	5.86138
2345.50000000	5.86107
2346.00000000	5.86073
2346.50000000	5.86138
2347.00000000	5.86106
2347.50000000	5.86194
2348.00000000	5.86409
2348.50000000	5.86618
2349.00000000	5.86831
2349.50000000	5.86923
2350.00000000	5.86972
2350.50000000	5.86992
2351.00000000	5.87038
2351.50000000	5.87214
2352.00000000	5.87361
2352.50000000	5.87537
2353.00000000	5.87703
2353.50000000	5.88006
2354.00000000	5.88194
2354.50000000	5.88406
2355.00000000	5.88515
2355.50000000	5.88685
2356.00000000	5.88843
2356.50000000	5.89146
2357.00000000	5.89431
2357.50000000	5.89806
2358.00000000	5.90337
2358.50000000	5.90596
2359.00000000	5.90931
2359.50000000	5.91142
2360.00000000	5.91377
2360.50000000	5.91505
2361.00000000	5.91543
2361.50000000	5.91559
2362.00000000	5.91609
2362.50000000	5.91709
2363.00000000	5.91739
2363.50000000	5.91879
2364.00000000	5.91971
2364.50000000	5.92001
2365.00000000	5.92044
2365.50000000	5.92083
2366.00000000	5.92082
2366.50000000	5.92209
2367.00000000	5.92316
2367.50000000	5.92382
2368.00000000	5.92360
2368.50000000	5.92275
2369.00000000	5.92279
2369.50000000	5.92273
2370.00000000	5.92245
2370.50000000	5.92173
2371.00000000	5.92067
2371.50000000	5.92028
2372.00000000	5.91943
2372.50000000	5.91930
2373.00000000	5.91865
2373.50000000	5.91711
2374.00000000	5.91525
2374.50000000	5.91288
2375.00000000	5.91224
2375.50000000	5.91263
2376.00000000	5.91284
2376.50000000	5.91300
2377.00000000	5.91165
2377.50000000	5.91103
2378.00000000	5.90975
2378.50000000	5.90768
2379.00000000	5.90630
2379.50000000	5.90431
2380.00000000	5.90249
2380.50000000	5.90059
2381.00000000	5.89996
2381.50000000	5.89891
2382.00000000	5.89707
2382.50000000	5.89677
2383.00000000	5.89739
2383.50000000	5.89675
2384.00000000	5.89616
2384.50000000	5.89522
2385.00000000	5.89480
2385.50000000	5.89348
2386.00000000	5.89272
2386.50000000	5.89179
2387.00000000	5.89035
2387.50000000	5.88933
2388.00000000	5.88855
2388.50000000	5.88850
2389.00000000	5.88936
2389.50000000	5.89046
2390.00000000	5.89127
2390.50000000	5.89362
2391.00000000	5.89586
2391.50000000	5.89865
2392.00000000	5.90082
2392.50000000	5.90219
2393.00000000	5.90391
2393.50000000	5.90521
2394.00000000	5.90752
2394.50000000	5.90901
2395.00000000	5.91104
2395.50000000	5.91351
2396.00000000	5.91613
2396.50000000	5.91768
2397.00000000	5.91820
2397.50000000	5.91730
2398.00000000	5.91711
2398.50000000	5.91791
2399.00000000	5.91814
2399.50000000	5.91780
2400.00000000	5.91741
2400.50000000	5.91774
2401.00000000	5.91955
2401.50000000	5.92200
2402.00000000	5.92291
2402.50000000	5.92310
2403.00000000	5.92505
2403.50000000	5.92853
2404.00000000	5.93049
2404.50000000	5.93203
2405.00000000	5.93329
2405.50000000	5.93482
2406.00000000	5.93659
2406.50000000	5.93819
2407.00000000	5.93919
2407.50000000	5.93876
2408.00000000	5.93809
2408.50000000	5.93702
2409.00000000	5.93571
2409.50000000	5.93474
2410.00000000	5.93495
2410.50000000	5.93536
2411.00000000	5.93441
2411.50000000	5.93349
2412.00000000	5.93277
2412.50000000	5.93185
2413.00000000	5.93106
2413.50000000	5.93263
2414.00000000	5.93392
2414.50000000	5.93535
2415.00000000	5.93647
2415.50000000	5.93637
2416.00000000	5.93600
2416.50000000	5.93575
2417.00000000	5.93454
2417.50000000	5.93298
2418.00000000	5.93176
2418.50000000	5.93138
2419.00000000	5.93132
2419.50000000	5.93170
2420.00000000	5.93280
2420.50000000	5.93366
2421.00000000	5.93221
2421.50000000	5.93173
2422.00000000	5.93200
2422.50000000	5.93256
2423.00000000	5.93329
2423.50000000	5.93510
2424.00000000	5.93638
2424.50000000	5.93728
2425.00000000	5.93700
2425.50000000	5.93671
2426.00000000	5.93806
2426.50000000	5.94078
2427.00000000	5.94389
2427.50000000	5.94663
2428.00000000	5.94882
2428.50000000	5.95116
2429.00000000	5.95287
2429.50000000	5.95508
2430.00000000	5.95817
2430.50000000	5.95947
2431.00000000	5.96147
2431.50000000	5.96264
2432.00000000	5.96455
2432.50000000	5.96597
2433.00000000	5.96717
2433.50000000	5.96838
2434.00000000	5.96974
2434.50000000	5.97012
2435.00000000	5.97177
2435.50000000	5.97342
2436.00000000	5.97336
2436.50000000	5.97298
2437.00000000	5.97373
2437.50000000	5.97463
2438.00000000	5.97493
2438.50000000	5.97520
2439.00000000	5.97558
2439.50000000	5.97723
2440.00000000	5.97865
2440.50000000	5.97892
2441.00000000	5.97887
2441.50000000	5.97809
2442.00000000	5.97709
2442.50000000	5.97800
2443.00000000	5.97923
2443.50000000	5.98146
2444.00000000	5.98374
2444.50000000	5.98593
2445.00000000	5.98749
2445.50000000	5.98761
2446.00000000	5.98692
2446.50000000	5.98724
2447.00000000	5.98749
2447.50000000	5.98751
2448.00000000	5.98649
2448.50000000	5.98576
2449.00000000	5.98534
2449.50000000	5.98393
2450.00000000	5.98240
2450.50000000	5.98203
2451.00000000	5.98171
2451.50000000	5.98200
2452.00000000	5.98191
2452.50000000	5.98138
2453.00000000	5.97891
2453.50000000	5.97661
2454.00000000	5.97502
2454.50000000	5.97300
2455.00000000	5.97027
2455.50000000	5.96851
2456.00000000	5.96815
2456.50000000	5.96686
2457.00000000	5.96666
2457.50000000	5.96509
2458.00000000	5.96470
2458.50000000	5.96480
2459.00000000	5.96478
2459.50000000	5.96398
2460.00000000	5.96212
2460.50000000	5.96016
2461.00000000	5.95852
2461.50000000	5.95721
2462.00000000	5.95667
2462.50000000	5.95767
2463.00000000	5.95735
2463.50000000	5.95781
2464.00000000	5.95871
2464.50000000	5.95968
2465.00000000	5.96052
2465.50000000	5.96238
2466.00000000	5.96334
2466.50000000	5.96350
2467.00000000	5.96170
2467.50000000	5.96107
2468.00000000	5.96076
2468.50000000	5.96142
2469.00000000	5.96386
2469.50000000	5.96761
2470.00000000	5.97120
2470.50000000	5.97372
2471.00000000	5.97602
2471.50000000	5.97783
2472.00000000	5.98034
2472.50000000	5.98197
2473.00000000	5.98444
2473.50000000	5.98776
2474.00000000	5.99093
2474.50000000	5.99310
2475.00000000	5.99351
2475.50000000	5.99399
2476.00000000	5.99463
2476.50000000	5.99607
2477.00000000	5.99702
2477.50000000	5.99724
2478.00000000	5.99740
2478.50000000	5.99854
2479.00000000	6.00092
2479.50000000	6.00262
2480.00000000	6.00298
2480.50000000	6.00437
2481.00000000	6.00511
2481.50000000	6.00423
2482.00000000	6.00427
2482.50000000	6.00471
2483.00000000	6.00550
2483.50000000	6.00650
2484.00000000	6.00739
2484.50000000	6.00797
2485.00000000	6.00974
2485.50000000	6.01148
2486.00000000	6.01367
2486.50000000	6.01553
2487.00000000	6.01511
2487.50000000	6.01351
2488.00000000	6.01167
2488.50000000	6.00948
2489.00000000	6.00641
2489.50000000	6.00477
2490.00000000	6.00356
2490.50000000	6.00123
2491.00000000	6.00027
2491.50000000	6.00038
2492.00000000	5.99997
2492.50000000	5.99952
2493.00000000	5.99837
2493.50000000	5.99735
2494.00000000	5.99734
2494.50000000	5.99858
2495.00000000	5.99996
2495.50000000	5.99995
2496.00000000	6.00079
2496.50000000	6.00224
2497.00000000	6.00456
2497.50000000	6.00657
2498.00000000	6.00870
2498.50000000	6.01024
2499.00000000	6.01206
2499.50000000	6.01422
2500.00000000	6.01584
2500.50000000	6.01659
2501.00000000	6.01843
2501.50000000	6.02124
2502.00000000	6.02541
2502.50000000	6.02730
2503.00000000	6.02971
2503.50000000	6.03208
2504.00000000	6.03379
2504.50000000	6.03623
2505.00000000	6.03918
2505.50000000	6.04111
2506.00000000	6.04468
2506.50000000	6.04848
2507.00000000	6.05369
2507.50000000	6.05700
2508.00000000	6.05978
2508.50000000	6.06171
2509.00000000	6.06401
2509.50000000	6.06587
2510.00000000	6.06799
2510.50000000	6.06935
2511.00000000	6.07160
2511.50000000	6.07473
2512.00000000	6.07701
2512.50000000	6.07953
2513.00000000	6.08161
2513.50000000	6.08136
2514.00000000	6.08122
2514.50000000	6.08066
2515.00000000	6.07846
2515.50000000	6.07728
2516.00000000	6.07615
2516.50000000	6.07542
2517.00000000	6.07421
2517.50000000	6.07315
2518.00000000	6.07134
2518.50000000	6.07054
2519.00000000	6.06959
2519.50000000	6.06872
2520.00000000	6.06719
2520.50000000	6.06557
2521.00000000	6.06324
2521.50000000	6.06212
2522.00000000	6.06108
2522.50000000	6.06069
2523.00000000	6.05973
2523.50000000	6.05734
2524.00000000	6.05309
2524.50000000	6.04810
2525.00000000	6.04249
2525.50000000	6.03735
2526.00000000	6.03280
2526.50000000	6.02941
2527.00000000	6.02700
2527.50000000	6.02446
2528.00000000	6.02162
2528.50000000	6.01809
2529.00000000	6.01472
2529.50000000	6.01204
2530.00000000	6.00957
2530.50000000	6.00793
2531.00000000	6.00589
2531.50000000	6.00360
2532.00000000	6.00195
2532.50000000	6.00013
2533.00000000	5.99776
2533.50000000	5.99624
2534.00000000	5.99660
2534.50000000	5.99645
2535.00000000	5.99498
2535.50000000	5.99396
2536.00000000	5.99291
2536.50000000	5.99275
2537.00000000	5.99141
2537.50000000	5.99109
2538.00000000	5.99192
2538.50000000	5.99383
2539.00000000	5.99540
2539.50000000	5.99702
2540.00000000	5.99852
2540.50000000	6.00036
2541.00000000	6.00278
2541.50000000	6.00495
2542.00000000	6.00728
2542.50000000	6.01082
2543.00000000	6.01302
2543.50000000	6.01470
2544.00000000	6.01726
2544.50000000	6.02053
2545.00000000	6.02319
2545.50000000	6.02608
2546.00000000	6.02835
2546.50000000	6.03269
2547.00000000	6.03745
2547.50000000	6.04221
2548.00000000	6.04710
2548.50000000	6.05142
2549.00000000	6.05555
2549.50000000	6.06053
2550.00000000	6.06442
2550.50000000	6.06880
2551.00000000	6.07550
2551.50000000	6.08058
2552.00000000	6.08545
2552.50000000	6.09021
2553.00000000	6.09498
2553.50000000	6.09889
2554.00000000	6.10402
2554.50000000	6.10843
2555.00000000	6.11261
2555.50000000	6.11579
2556.00000000	6.12055
2556.50000000	6.12435
2557.00000000	6.12904
2557.50000000	6.13508
2558.00000000	6.14151
2558.50000000	6.14729
2559.00000000	6.15284
2559.50000000	6.15733
2560.00000000	6.16138
2560.50000000	6.16671
2561.00000000	6.17088
2561.50000000	6.17568
2562.00000000	6.18147
2562.50000000	6.18648
2563.00000000	6.19151
2563.50000000	6.19502
2564.00000000	6.19796
2564.50000000	6.20020
2565.00000000	6.20349
2565.50000000	6.20626
2566.00000000	6.20770
2566.50000000	6.20839
2567.00000000	6.20832
2567.50000000	6.20685
2568.00000000	6.20612
2568.50000000	6.20649
2569.00000000	6.20611
2569.50000000	6.20549
2570.00000000	6.20574
2570.50000000	6.20623
2571.00000000	6.20749
2571.50000000	6.20900
2572.00000000	6.21040
2572.50000000	6.21391
2573.00000000	6.21828
2573.50000000	6.22141
2574.00000000	6.22242
2574.50000000	6.22432
2575.00000000	6.22586
2575.50000000	6.22837
2576.00000000	6.22929
2576.50000000	6.22836
2577.00000000	6.22868
2577.50000000	6.22884
2578.00000000	6.22857
2578.50000000	6.22844
2579.00000000	6.22804
2579.50000000	6.22794
2580.00000000	6.22813
2580.50000000	6.22889
2581.00000000	6.22945
2581.50000000	6.22924
2582.00000000	6.23030
2582.50000000	6.23185
2583.00000000	6.23480
2583.50000000	6.23738
2584.00000000	6.23977
2584.50000000	6.24208
2585.00000000	6.24320
2585.50000000	6.24468
2586.00000000	6.24548
2586.50000000	6.24814
2587.00000000	6.25010
2587.50000000	6.25045
2588.00000000	6.25180
2588.50000000	6.25310
2589.00000000	6.25442
2589.50000000	6.25563
2590.00000000	6.25675
2590.50000000	6.25664
2591.00000000	6.25778
2591.50000000	6.25866
2592.00000000	6.25814
2592.50000000	6.25781
2593.00000000	6.25752
2593.50000000	6.25567
2594.00000000	6.25200
2594.50000000	6.24794
2595.00000000	6.24319
2595.50000000	6.23981
2596.00000000	6.23647
2596.50000000	6.23277
2597.00000000	6.22895
2597.50000000	6.22496
2598.00000000	6.22065
2598.50000000	6.21644
2599.00000000	6.21191
2599.50000000	6.20869
2600.00000000	6.20603
2600.50000000	6.20201
2601.00000000	6.19743
2601.50000000	6.19492
2602.00000000	6.19223
2602.50000000	6.18934
2603.00000000	6.18668
2603.50000000	6.18372
2604.00000000	6.18245
2604.50000000	6.18087
2605.00000000	6.17926
2605.50000000	6.17842
2606.00000000	6.17835
2606.50000000	6.17820
2607.00000000	6.17814
2607.50000000	6.17941
2608.00000000	6.18032
2608.50000000	6.18145
2609.00000000	6.18391
2609.50000000	6.18503
2610.00000000	6.18627
2610.50000000	6.18731
2611.00000000	6.18769
2611.50000000	6.18685
2612.00000000	6.18566
2612.50000000	6.18581
2613.00000000	6.18641
2613.50000000	6.18775
2614.00000000	6.19004
2614.50000000	6.19274
2615.00000000	6.19624
2615.50000000	6.19989
2616.00000000	6.20417
2616.50000000	6.20803
2617.00000000	6.21138
2617.50000000	6.21381
2618.00000000	6.21730
2618.50000000	6.22002
2619.00000000	6.22261
2619.50000000	6.22408
2620.00000000	6.22556
2620.50000000	6.22666
2621.00000000	6.22809
2621.50000000	6.23074
2622.00000000	6.23445
2622.50000000	6.23875
2623.00000000	6.24356
2623.50000000	6.24857
2624.00000000	6.25237
2624.50000000	6.25564
2625.00000000	6.25860
2625.50000000	6.26199
2626.00000000	6.26623
2626.50000000	6.27000
2627.00000000	6.27281
2627.50000000	6.27513
2628.00000000	6.27708
2628.50000000	6.27821
2629.00000000	6.28012
2629.50000000	6.28224
2630.00000000	6.28342
2630.50000000	6.28365
2631.00000000	6.28414
2631.50000000	6.28411
2632.00000000	6.28387
2632.50000000	6.28391
2633.00000000	6.28489
2633.50000000	6.28646
2634.00000000	6.28729
2634.50000000	6.28715
2635.00000000	6.28742
2635.50000000	6.28720
2636.00000000	6.28686
2636.50000000	6.28804
2637.00000000	6.28926
2637.50000000	6.29052
2638.00000000	6.29254
2638.50000000	6.29322
2639.00000000	6.29195
2639.50000000	6.29097
2640.00000000	6.28945
2640.50000000	6.28787
2641.00000000	6.28661
2641.50000000	6.28576
2642.00000000	6.28510
2642.50000000	6.28373
2643.00000000	6.28196
2643.50000000	6.28172
2644.00000000	6.28194
2644.50000000	6.28212
2645.00000000	6.28272
2645.50000000	6.28344
2646.00000000	6.28359
2646.50000000	6.28264
2647.00000000	6.28167
2647.50000000	6.28016
2648.00000000	6.27943
2648.50000000	6.27858
2649.00000000	6.27788
2649.50000000	6.27553
2650.00000000	6.27394
2650.50000000	6.27163
2651.00000000	6.26891
2651.50000000	6.26663
2652.00000000	6.26487
2652.50000000	6.26286
2653.00000000	6.25897
2653.50000000	6.25480
2654.00000000	6.25082
2654.50000000	6.24795
2655.00000000	6.24692
2655.50000000	6.24569
2656.00000000	6.24444
2656.50000000	6.24333
2657.00000000	6.24175
2657.50000000	6.23982
2658.00000000	6.23752
2658.50000000	6.23655
2659.00000000	6.23552
2659.50000000	6.23476
2660.00000000	6.23554
2660.50000000	6.23626
2661.00000000	6.23704
2661.50000000	6.23781
2662.00000000	6.23758
2662.50000000	6.23801
2663.00000000	6.23941
2663.50000000	6.24102
2664.00000000	6.24431
2664.50000000	6.24680
2665.00000000	6.25042
2665.50000000	6.25398
2666.00000000	6.25696
2666.50000000	6.26069
2667.00000000	6.26527
2667.50000000	6.26983
2668.00000000	6.27458
2668.50000000	6.27931
2669.00000000	6.28428
2669.50000000	6.28958
2670.00000000	6.29298
2670.50000000	6.29624
2671.00000000	6.30080
2671.50000000	6.30519
2672.00000000	6.30886
2672.50000000	6.31329
2673.00000000	6.31986
2673.50000000	6.32581
2674.00000000	6.33068
2674.50000000	6.33577
2675.00000000	6.34152
2675.50000000	6.34544
2676.00000000	6.34826
2676.50000000	6.35154
2677.00000000	6.35329
2677.50000000	6.35435
2678.00000000	6.35537
2678.50000000	6.35523
2679.00000000	6.35602
2679.50000000	6.35854
2680.00000000	6.36177
2680.50000000	6.36503
2681.00000000	6.36714
2681.50000000	6.36918
2682.00000000	6.37209
2682.50000000	6.37449
2683.00000000	6.37727
2683.50000000	6.37752
2684.00000000	6.37624
2684.50000000	6.37395
2685.00000000	6.37204
2685.50000000	6.36970
2686.00000000	6.36682
2686.50000000	6.36321
2687.00000000	6.35855
2687.50000000	6.35392
2688.00000000	6.34968
2688.50000000	6.34492
2689.00000000	6.34114
2689.50000000	6.33692
2690.00000000	6.33262
2690.50000000	6.32963
2691.00000000	6.32894
2691.50000000	6.32867
2692.00000000	6.32803
2692.50000000	6.32708
2693.00000000	6.32660
2693.50000000	6.32561
2694.00000000	6.32514
2694.50000000	6.32503
2695.00000000	6.32573
2695.50000000	6.32490
2696.00000000	6.32471
2696.50000000	6.32490
2697.00000000	6.32423
2697.50000000	6.32290
2698.00000000	6.32079
2698.50000000	6.32060
2699.00000000	6.32171
2699.50000000	6.32272
2700.00000000	6.32295
2700.50000000	6.32390
2701.00000000	6.32414
2701.50000000	6.32479
2702.00000000	6.32579
2702.50000000	6.32748
2703.00000000	6.32922
2703.50000000	6.33124
2704.00000000	6.33405
2704.50000000	6.33601
2705.00000000	6.33823
2705.50000000	6.34060
2706.00000000	6.34308
2706.50000000	6.34529
2707.00000000	6.34743
2707.50000000	6.34873
2708.00000000	6.34998
2708.50000000	6.35160
2709.00000000	6.35339
2709.50000000	6.35496
2710.00000000	6.35670
2710.50000000	6.35983
2711.00000000	6.36105
2711.50000000	6.36127
2712.00000000	6.36147
2712.50000000	6.36202
2713.00000000	6.36246
2713.50000000	6.36335
2714.00000000	6.36462
2714.50000000	6.36641
2715.00000000	6.36876
2715.50000000	6.37035
2716.00000000	6.37002
2716.50000000	6.37110
2717.00000000	6.37136
2717.50000000	6.37239
2718.00000000	6.37350
2718.50000000	6.37439
2719.00000000	6.37503
2719.50000000	6.37533
2720.00000000	6.37527
2720.50000000	6.37464
2721.00000000	6.37400
2721.50000000	6.37489
2722.00000000	6.37414
2722.50000000	6.37355
2723.00000000	6.37216
2723.50000000	6.37249
2724.00000000	6.37360
2724.50000000	6.37445
2725.00000000	6.37416
2725.50000000	6.37375
2726.00000000	6.37228
2726.50000000	6.37038
2727.00000000	6.36799
2727.50000000	6.36674
2728.00000000	6.36738
2728.50000000	6.36811
2729.00000000	6.36739
2729.50000000	6.36466
2730.00000000	6.36186
2730.50000000	6.35996
2731.00000000	6.35808
2731.50000000	6.35653
2732.00000000	6.35543
2732.50000000	6.35382
2733.00000000	6.35240
2733.50000000	6.35049
2734.00000000	6.34900
2734.50000000	6.34895
2735.00000000	6.35048
2735.50000000	6.35113
2736.00000000	6.35122
2736.50000000	6.35284
2737.00000000	6.35453
2737.50000000	6.35530
2738.00000000	6.35515
2738.50000000	6.35516
2739.00000000	6.35446
2739.50000000	6.35344
2740.00000000	6.35275
2740.50000000	6.35089
2741.00000000	6.34889
2741.50000000	6.34822
2742.00000000	6.34788
2742.50000000	6.34541
2743.00000000	6.34312
2743.50000000	6.34055
2744.00000000	6.33821
2744.50000000	6.33590
2745.00000000	6.33308
2745.50000000	6.33258
2746.00000000	6.33091
2746.50000000	6.33021
2747.00000000	6.32978
2747.50000000	6.33045
2748.00000000	6.33093
2748.50000000	6.33098
2749.00000000	6.32945
2749.50000000	6.32809
2750.00000000	6.32650
2750.50000000	6.32523
2751.00000000	6.32237
2751.50000000	6.32138
2752.00000000	6.31905
2752.50000000	6.31786
2753.00000000	6.31842
2753.50000000	6.31821
2754.00000000	6.31738
2754.50000000	6.31779
2755.00000000	6.31800
2755.50000000	6.31709
2756.00000000	6.31701
2756.50000000	6.31688
2757.00000000	6.31882
2757.50000000	6.32011
2758.00000000	6.32162
2758.50000000	6.32307
2759.00000000	6.32343
2759.50000000	6.32519
2760.00000000	6.32659
2760.50000000	6.32846
2761.00000000	6.33040
2761.50000000	6.33161
2762.00000000	6.33283
2762.50000000	6.33271
2763.00000000	6.33156
2763.50000000	6.33008
2764.00000000	6.32806
2764.50000000	6.32672
2765.00000000	6.32689
2765.50000000	6.32730
2766.00000000	6.32691
2766.50000000	6.32579
2767.00000000	6.32424
2767.50000000	6.32347
2768.00000000	6.32184
2768.50000000	6.32061
2769.00000000	6.31916
2769.50000000	6.31843
2770.00000000	6.31736
2770.50000000	6.31705
2771.00000000	6.31616
2771.50000000	6.31663
2772.00000000	6.31802
2772.50000000	6.31967
2773.00000000	6.32111
2773.50000000	6.32354
2774.00000000	6.32597
2774.50000000	6.32818
2775.00000000	6.33145
2775.50000000	6.33447
2776.00000000	6.33785
2776.50000000	6.34047
2777.00000000	6.34285
2777.50000000	6.34470
2778.00000000	6.34628
2778.50000000	6.34852
2779.00000000	6.35008
2779.50000000	6.35151
2780.00000000	6.35315
2780.50000000	6.35456
2781.00000000	6.35680
2781.50000000	6.36013
2782.00000000	6.36217
2782.50000000	6.36369
2783.00000000	6.36524
2783.50000000	6.36657
2784.00000000	6.36787
2784.50000000	6.36723
2785.00000000	6.36613
2785.50000000	6.36368
2786.00000000	6.36280
2786.50000000	6.36210
2787.00000000	6.36123
2787.50000000	6.36090
2788.00000000	6.36119
2788.50000000	6.35951
2789.00000000	6.35879
2789.50000000	6.35807
2790.00000000	6.35840
2790.50000000	6.35755
2791.00000000	6.35597
2791.50000000	6.35442
2792.00000000	6.35388
2792.50000000	6.35225
2793.00000000	6.35080
2793.50000000	6.35023
2794.00000000	6.35057
2794.50000000	6.35052
2795.00000000	6.35035
2795.50000000	6.34962
2796.00000000	6.35011
2796.50000000	6.35010
2797.00000000	6.35083
2797.50000000	6.35139
2798.00000000	6.35196
2798.50000000	6.35155
2799.00000000	6.35099
2799.50000000	6.35053
2800.00000000	6.34964
2800.50000000	6.34822
2801.00000000	6.34735
2801.50000000	6.34676
2802.00000000	6.34709
2802.50000000	6.34908
2803.00000000	6.34966
2803.50000000	6.34906
2804.00000000	6.34863
2804.50000000	6.34883
2805.00000000	6.34922
2805.50000000	6.34875
2806.00000000	6.34926
2806.50000000	6.34998
2807.00000000	6.34952
2807.50000000	6.34939
2808.00000000	6.34838
2808.50000000	6.34725
2809.00000000	6.34681
2809.50000000	6.34679
2810.00000000	6.34749
2810.50000000	6.34752
2811.00000000	6.34739
2811.50000000	6.34721
2812.00000000	6.34574
2812.50000000	6.34529
2813.00000000	6.34638
2813.50000000	6.34761
2814.00000000	6.34902
2814.50000000	6.35020
2815.00000000	6.35160
2815.50000000	6.35253
2816.00000000	6.35380
2816.50000000	6.35512
2817.00000000	6.35736
2817.50000000	6.35982
2818.00000000	6.36269
2818.50000000	6.36549
2819.00000000	6.36824
2819.50000000	6.37045
2820.00000000	6.37483
2820.50000000	6.37712
2821.00000000	6.37856
2821.50000000	6.37886
2822.00000000	6.37744
2822.50000000	6.37512
2823.00000000	6.37302
2823.50000000	6.37151
2824.00000000	6.36987
2824.50000000	6.36848
2825.00000000	6.36742
2825.50000000	6.36469
2826.00000000	6.36157
2826.50000000	6.35884
2827.00000000	6.35680
2827.50000000	6.35461
2828.00000000	6.35245
2828.50000000	6.35052
2829.00000000	6.35026
2829.50000000	6.34949
2830.00000000	6.34802
2830.50000000	6.34774
2831.00000000	6.34681
2831.50000000	6.34508
2832.00000000	6.34396
2832.50000000	6.34462
2833.00000000	6.34567
2833.50000000	6.34637
2834.00000000	6.34863
2834.50000000	6.35008
2835.00000000	6.35299
2835.50000000	6.35555
2836.00000000	6.35675
2836.50000000	6.35766
2837.00000000	6.35869
2837.50000000	6.35994
2838.00000000	6.36158
2838.50000000	6.36245
2839.00000000	6.36391
2839.50000000	6.36434
2840.00000000	6.36424
2840.50000000	6.36405
2841.00000000	6.36350
2841.50000000	6.36208
2842.00000000	6.36098
2842.50000000	6.36089
2843.00000000	6.36067
2843.50000000	6.36037
2844.00000000	6.35855
2844.50000000	6.35707
2845.00000000	6.35496
2845.50000000	6.35225
2846.00000000	6.34916
2846.50000000	6.34713
2847.00000000	6.34528
2847.50000000	6.34394
2848.00000000	6.34115
2848.50000000	6.33912
2849.00000000	6.33740
2849.50000000	6.33599
2850.00000000	6.33429
2850.50000000	6.33300
2851.00000000	6.33247
2851.50000000	6.33227
2852.00000000	6.33111
2852.50000000	6.32963
2853.00000000	6.32867
2853.50000000	6.32844
2854.00000000	6.32940
2854.50000000	6.32997
2855.00000000	6.32940
2855.50000000	6.32812
2856.00000000	6.32763
2856.50000000	6.32830
2857.00000000	6.32880
2857.50000000	6.32741
2858.00000000	6.32736
2858.50000000	6.32866
2859.00000000	6.32914
2859.50000000	6.33022
2860.00000000	6.33034
2860.50000000	6.32888
2861.00000000	6.32659
2861.50000000	6.32523
2862.00000000	6.32583
2862.50000000	6.32647
2863.00000000	6.32692
2863.50000000	6.32794
2864.00000000	6.32806
2864.50000000	6.32799
2865.00000000	6.32942
2865.50000000	6.33126
2866.00000000	6.33305
2866.50000000	6.33375
2867.00000000	6.33455
2867.50000000	6.33466
2868.00000000	6.33426
2868.50000000	6.33372
2869.00000000	6.33326
2869.50000000	6.33342
2870.00000000	6.33365
2870.50000000	6.33486
2871.00000000	6.33529
2871.50000000	6.33520
2872.00000000	6.33495
2872.50000000	6.33598
2873.00000000	6.33700
2873.50000000	6.33926
2874.00000000	6.34002
2874.50000000	6.34064
2875.00000000	6.34085
2875.50000000	6.34086
2876.00000000	6.34179
2876.50000000	6.34199
2877.00000000	6.34202
2877.50000000	6.34076
2878.00000000	6.33970
2878.50000000	6.33947
2879.00000000	6.33866
2879.50000000	6.33869
2880.00000000	6.33708
2880.50000000	6.33565
2881.00000000	6.33569
2881.50000000	6.33546
2882.00000000	6.33539
2882.50000000	6.33661
2883.00000000	6.33848
2883.50000000	6.34151
2884.00000000	6.34373
2884.50000000	6.34581
2885.00000000	6.34731
2885.50000000	6.34973
2886.00000000	6.35011
2886.50000000	6.35224
2887.00000000	6.35318
2887.50000000	6.35342
2888.00000000	6.35243
2888.50000000	6.35108
2889.00000000	6.35008
2889.50000000	6.34951
2890.00000000	6.34915
2890.50000000	6.34901
2891.00000000	6.34934
2891.50000000	6.35020
2892.00000000	6.35124
2892.50000000	6.35222
2893.00000000	6.35206
2893.50000000	6.35281
2894.00000000	6.35228
2894.50000000	6.35174
2895.00000000	6.35126
2895.50000000	6.35010
2896.00000000	6.35076
2896.50000000	6.35169
2897.00000000	6.35307
2897.50000000	6.35462
2898.00000000	6.35607
2898.50000000	6.35725
2899.00000000	6.35815
2899.50000000	6.35968
2900.00000000	6.36081
2900.50000000	6.36108
2901.00000000	6.36206
2901.50000000	6.36430
2902.00000000	6.36570
2902.50000000	6.36814
2903.00000000	6.37051
2903.50000000	6.37380
2904.00000000	6.37595
2904.50000000	6.37895
2905.00000000	6.38145
2905.50000000	6.38550
2906.00000000	6.38876
2906.50000000	6.39233
2907.00000000	6.39496
2907.50000000	6.39688
2908.00000000	6.39856
2908.50000000	6.40019
2909.00000000	6.40339
2909.50000000	6.40775
2910.00000000	6.41264
2910.50000000	6.41751
2911.00000000	6.42113
2911.50000000	6.42487
2912.00000000	6.43008
2912.50000000	6.43481
2913.00000000	6.44004
2913.50000000	6.44460
2914.00000000	6.45019
2914.50000000	6.45498
2915.00000000	6.45943
2915.50000000	6.46357
2916.00000000	6.46759
2916.50000000	6.47178
2917.00000000	6.47661
2917.50000000	6.48124
2918.00000000	6.48464
2918.50000000	6.48893
2919.00000000	6.49370
2919.50000000	6.49779
2920.00000000	6.50091
2920.50000000	6.50286
2921.00000000	6.50444
2921.50000000	6.50605
2922.00000000	6.50770
2922.50000000	6.50981
2923.00000000	6.51242
2923.50000000	6.51500
2924.00000000	6.51832
2924.50000000	6.52136
2925.00000000	6.52268
2925.50000000	6.52356
2926.00000000	6.52377
2926.50000000	6.52306
2927.00000000	6.52176
2927.50000000	6.52162
2928.00000000	6.52034
2928.50000000	6.51830
2929.00000000	6.51540
2929.50000000	6.51233
2930.00000000	6.50987
2930.50000000	6.50695
2931.00000000	6.50512
2931.50000000	6.50355
2932.00000000	6.50216
2932.50000000	6.50074
2933.00000000	6.50047
2933.50000000	6.49920
2934.00000000	6.49786
2934.50000000	6.49521
2935.00000000	6.49225
2935.50000000	6.48940
2936.00000000	6.48758
2936.50000000	6.48567
2937.00000000	6.48369
2937.50000000	6.48174
2938.00000000	6.47985
2938.50000000	6.47763
2939.00000000	6.47371
2939.50000000	6.47077
2940.00000000	6.46827
2940.50000000	6.46690
2941.00000000	6.46528
2941.50000000	6.46354
2942.00000000	6.46092
2942.50000000	6.45864
2943.00000000	6.45603
2943.50000000	6.45417
2944.00000000	6.45255
2944.50000000	6.45085
2945.00000000	6.44953
2945.50000000	6.44683
2946.00000000	6.44483
2946.50000000	6.44297
2947.00000000	6.44130
2947.50000000	6.43978
2948.00000000	6.43792
2948.50000000	6.43524
2949.00000000	6.43256
2949.50000000	6.43070
2950.00000000	6.42688
2950.50000000	6.42493
2951.00000000	6.42224
2951.50000000	6.41895
2952.00000000	6.41605
2952.50000000	6.41347
2953.00000000	6.41208
2953.50000000	6.41146
2954.00000000	6.41033
2954.50000000	6.40933
2955.00000000	6.40804
2955.50000000	6.40571
2956.00000000	6.40316
2956.50000000	6.39979
2957.00000000	6.39711
2957.50000000	6.39386
2958.00000000	6.39220
2958.50000000	6.39090
2959.00000000	6.39019
2959.50000000	6.38875
2960.00000000	6.38865
2960.50000000	6.38894
2961.00000000	6.38935
2961.50000000	6.38980
2962.00000000	6.39139
2962.50000000	6.39250
2963.00000000	6.39349
2963.50000000	6.39313
2964.00000000	6.39193
2964.50000000	6.38933
2965.00000000	6.38735
2965.50000000	6.38617
2966.00000000	6.38576
2966.50000000	6.38526
2967.00000000	6.38300
2967.50000000	6.38083
2968.00000000	6.37901
2968.50000000	6.37791
2969.00000000	6.37842
2969.50000000	6.37923
2970.00000000	6.37940
2970.50000000	6.38061
2971.00000000	6.38104
2971.50000000	6.37927
2972.00000000	6.37927
2972.50000000	6.37913
2973.00000000	6.38022
2973.50000000	6.38238
2974.00000000	6.38467
2974.50000000	6.38674
2975.00000000	6.38933
2975.50000000	6.39154
2976.00000000	6.39324
2976.50000000	6.39519
2977.00000000	6.39826
2977.50000000	6.40079
2978.00000000	6.40279
2978.50000000	6.40526
2979.00000000	6.40743
2979.50000000	6.41004
2980.00000000	6.41423
2980.50000000	6.41835
2981.00000000	6.42256
2981.50000000	6.42637
2982.00000000	6.43039
2982.50000000	6.43655
2983.00000000	6.44224
2983.50000000	6.44637
2984.00000000	6.45056
2984.50000000	6.45314
2985.00000000	6.45630
2985.50000000	6.46007
2986.00000000	6.46358
2986.50000000	6.46568
2987.00000000	6.46844
2987.50000000	6.47041
2988.00000000	6.47387
2988.50000000	6.47640
2989.00000000	6.47844
2989.50000000	6.48110
2990.00000000	6.48253
2990.50000000	6.48296
2991.00000000	6.48424
2991.50000000	6.48479
2992.00000000	6.48539
2992.50000000	6.48586
2993.00000000	6.48693
2993.50000000	6.48684
2994.00000000	6.48818
2994.50000000	6.48805
2995.00000000	6.48837
2995.50000000	6.48895
2996.00000000	6.48923
2996.50000000	6.49055
2997.00000000	6.49098
2997.50000000	6.49042
2998.00000000	6.49075
2998.50000000	6.49125
2999.00000000	6.49303
2999.50000000	6.49378
3000.00000000	6.49356
3000.50000000	6.49254
3001.00000000	6.49260
3001.50000000	6.49227
3002.00000000	6.49184
3002.50000000	6.49120
3003.00000000	6.48938
3003.50000000	6.48788
3004.00000000	6.48643
3004.50000000	6.48476
3005.00000000	6.48237
3005.50000000	6.48095
3006.00000000	6.47953
3006.50000000	6.47923
3007.00000000	6.47864
3007.50000000	6.47808
3008.00000000	6.47719
3008.50000000	6.47505
3009.00000000	6.47320
3009.50000000	6.47165
3010.00000000	6.46942
3010.50000000	6.46768
3011.00000000	6.46735
3011.50000000	6.46663
3012.00000000	6.46680
3012.50000000	6.46697
3013.00000000	6.46728
3013.50000000	6.46880
3014.00000000	6.47205
3014.50000000	6.47550
3015.00000000	6.47854
3015.50000000	6.48007
3016.00000000	6.48029
3016.50000000	6.47926
3017.00000000	6.47823
3017.50000000	6.47776
3018.00000000	6.47633
3018.50000000	6.47571
3019.00000000	6.47557
3019.50000000	6.47492
3020.00000000	6.47485
3020.50000000	6.47322
3021.00000000	6.47165
3021.50000000	6.47046
3022.00000000	6.46984
3022.50000000	6.46919
3023.00000000	6.46868
3023.50000000	6.46815
3024.00000000	6.46820
3024.50000000	6.46842
3025.00000000	6.46908
3025.50000000	6.46905
3026.00000000	6.46786
3026.50000000	6.46636
3027.00000000	6.46608
3027.50000000	6.46472
3028.00000000	6.46265
3028.50000000	6.46035
3029.00000000	6.45748
3029.50000000	6.45407
3030.00000000	6.45129
3030.50000000	6.44866
3031.00000000	6.44576
3031.50000000	6.44323
3032.00000000	6.44041
3032.50000000	6.43768
3033.00000000	6.43607
3033.50000000	6.43431
3034.00000000	6.43174
3034.50000000	6.42970
3035.00000000	6.42700
3035.50000000	6.42394
3036.00000000	6.42180
3036.50000000	6.42057
3037.00000000	6.41933
3037.50000000	6.41829
3038.00000000	6.41765
3038.50000000	6.41821
3039.00000000	6.41953
3039.50000000	6.41997
3040.00000000	6.42062
3040.50000000	6.42136
3041.00000000	6.42206
3041.50000000	6.42239
3042.00000000	6.42387
3042.50000000	6.42616
3043.00000000	6.42845
3043.50000000	6.43250
3044.00000000	6.43655
3044.50000000	6.43994
3045.00000000	6.44250
3045.50000000	6.44454
3046.00000000	6.44638
3046.50000000	6.44703
3047.00000000	6.44695
3047.50000000	6.44717
3048.00000000	6.44889
3048.50000000	6.44950
3049.00000000	6.45046
3049.50000000	6.44920
3050.00000000	6.44753
3050.50000000	6.44611
3051.00000000	6.44584
3051.50000000	6.44643
3052.00000000	6.44623
3052.50000000	6.44674
3053.00000000	6.44744
3053.50000000	6.44732
3054.00000000	6.44738
3054.50000000	6.44897
3055.00000000	6.45060
3055.50000000	6.45184
3056.00000000	6.45121
3056.50000000	6.45125
3057.00000000	6.45145
3057.50000000	6.45090
3058.00000000	6.44842
3058.50000000	6.44559
3059.00000000	6.44271
3059.50000000	6.44022
3060.00000000	6.43706
3060.50000000	6.43394
3061.00000000	6.42974
3061.50000000	6.42683
3062.00000000	6.42602
3062.50000000	6.42525
3063.00000000	6.42601
3063.50000000	6.42594
3064.00000000	6.42544
3064.50000000	6.42485
3065.00000000	6.42346
3065.50000000	6.42186
3066.00000000	6.41981
3066.50000000	6.41770
3067.00000000	6.41636
3067.50000000	6.41562
3068.00000000	6.41434
3068.50000000	6.41310
3069.00000000	6.41197
3069.50000000	6.41127
3070.00000000	6.41065
3070.50000000	6.40916
3071.00000000	6.40866
3071.50000000	6.40884
3072.00000000	6.40871
3072.50000000	6.40922
3073.00000000	6.41059
3073.50000000	6.41051
3074.00000000	6.41070
3074.50000000	6.41090
3075.00000000	6.41048
3075.50000000	6.40975
3076.00000000	6.40831
3076.50000000	6.40740
3077.00000000	6.40655
3077.50000000	6.40380
3078.00000000	6.40096
3078.50000000	6.39788
3079.00000000	6.39466
3079.50000000	6.39283
3080.00000000	6.39066
3080.50000000	6.38763
3081.00000000	6.38676
3081.50000000	6.38594
3082.00000000	6.38381
3082.50000000	6.38111
3083.00000000	6.37931
3083.50000000	6.37681
3084.00000000	6.37450
3084.50000000	6.37173
3085.00000000	6.36967
3085.50000000	6.36989
3086.00000000	6.36924
3086.50000000	6.36784
3087.00000000	6.36710
3087.50000000	6.36559
3088.00000000	6.36204
3088.50000000	6.35933
3089.00000000	6.35899
3089.50000000	6.35969
