3080.00000000	6.39066
3080.50000000	6.38763
3081.00000000	6.38676
3081.50000000	6.38594
3082.00000000	6.38381
3082.50000000	6.38111
3083.00000000	6.37931
3083.50000000	6.37681
3084.00000000	6.37450
3084.50000000	6.37173
3085.00000000	6.36967
3085.50000000	6.36989
3086.00000000	6.36924
3086.50000000	6.36784
3087.00000000	6.36710
3087.50000000	6.36559
3088.00000000	6.36204
3088.50000000	6.35933
3089.00000000	6.35899
3089.50000000	6.35969
3090.00000000	6.35952
3090.50000000	6.35954
3091.00000000	6.35965
3091.50000000	6.35946
3092.00000000	6.35886
3092.50000000	6.35835
3093.00000000	6.35773
3093.50000000	6.35739
3094.00000000	6.35653
3094.50000000	6.35407
3095.00000000	6.35204
3095.50000000	6.35019
3096.00000000	6.34796
3096.50000000	6.34752
3097.00000000	6.34766
3097.50000000	6.34829
3098.00000000	6.34971
3098.50000000	6.35195
3099.00000000	6.35515
3099.50000000	6.35779
3100.00000000	6.36137
3100.50000000	6.36471
3101.00000000	6.36824
3101.50000000	6.37159
3102.00000000	6.37428
3102.50000000	6.37539
3103.00000000	6.37571
3103.50000000	6.37469
3104.00000000	6.37451
3104.50000000	6.37413
3105.00000000	6.37369
3105.50000000	6.37296
3106.00000000	6.37398
3106.50000000	6.37525
3107.00000000	6.37632
3107.50000000	6.37830
3108.00000000	6.38147
3108.50000000	6.38413
3109.00000000	6.38679
3109.50000000	6.38828
3110.00000000	6.39019
3110.50000000	6.39097
3111.00000000	6.39170
3111.50000000	6.39250
3112.00000000	6.39361
3112.50000000	6.39430
3113.00000000	6.39473
3113.50000000	6.39515
3114.00000000	6.39571
3114.50000000	6.39613
3115.00000000	6.39524
3115.50000000	6.39515
3116.00000000	6.39389
3116.50000000	6.39296
3117.00000000	6.39257
3117.50000000	6.39143
3118.00000000	6.39047
3118.50000000	6.38980
3119.00000000	6.38966
3119.50000000	6.38924
3120.00000000	6.39002
3120.50000000	6.39028
3121.00000000	6.39113
3121.50000000	6.39135
3122.00000000	6.39011
3122.50000000	6.38811
3123.00000000	6.38535
3123.50000000	6.38276
3124.00000000	6.37823
3124.50000000	6.37362
3125.00000000	6.36929
3125.50000000	6.36626
3126.00000000	6.36295
3126.50000000	6.35984
3127.00000000	6.35606
3127.50000000	6.35216
3128.00000000	6.34756
3128.50000000	6.34253
3129.00000000	6.33940
3129.50000000	6.33725
3130.00000000	6.33585
3130.50000000	6.33402
3131.00000000	6.33258
3131.50000000	6.33058
3132.00000000	6.32770
3132.50000000	6.32481
3133.00000000	6.32209
3133.50000000	6.31962
3134.00000000	6.31671
3134.50000000	6.31551
3135.00000000	6.31374
3135.50000000	6.31186
3136.00000000	6.31007
3136.50000000	6.30837
3137.00000000	6.30702
3137.50000000	6.30641
3138.00000000	6.30520
3138.50000000	6.30283
3139.00000000	6.30059
3139.50000000	6.29902
3140.00000000	6.29847
3140.50000000	6.29758
3141.00000000	6.29730
3141.50000000	6.29687
3142.00000000	6.29741
3142.50000000	6.29742
3143.00000000	6.29780
3143.50000000	6.29822
3144.00000000	6.29759
3144.50000000	6.29805
3145.00000000	6.29904
3145.50000000	6.29889
3146.00000000	6.30019
3146.50000000	6.30019
3147.00000000	6.30107
3147.50000000	6.30107
3148.00000000	6.30111
3148.50000000	6.30137
3149.00000000	6.30150
3149.50000000	6.30141
3150.00000000	6.30093
3150.50000000	6.30157
3151.00000000	6.30346
3151.50000000	6.30449
3152.00000000	6.30543
3152.50000000	6.30778
3153.00000000	6.31085
3153.50000000	6.31479
3154.00000000	6.31799
3154.50000000	6.32125
3155.00000000	6.32349
3155.50000000	6.32510
3156.00000000	6.32663
3156.50000000	6.32909
3157.00000000	6.33135
3157.50000000	6.33477
3158.00000000	6.33705
3158.50000000	6.33860
3159.00000000	6.33873
3159.50000000	6.33929
3160.00000000	6.34002
3160.50000000	6.34033
3161.00000000	6.33973
3161.50000000	6.33983
3162.00000000	6.34029
3162.50000000	6.34060
3163.00000000	6.34070
3163.50000000	6.33904
3164.00000000	6.33832
3164.50000000	6.33784
3165.00000000	6.33593
3165.50000000	6.33316
3166.00000000	6.33126
3166.50000000	6.32899
3167.00000000	6.32748
3167.50000000	6.32630
3168.00000000	6.32479
3168.50000000	6.32474
3169.00000000	6.32445
3169.50000000	6.32404
3170.00000000	6.32364
3170.50000000	6.32268
3171.00000000	6.32189
3171.50000000	6.32159
3172.00000000	6.32295
3172.50000000	6.32355
3173.00000000	6.32480
3173.50000000	6.32836
3174.00000000	6.33071
3174.50000000	6.33300
3175.00000000	6.33607
3175.50000000	6.33843
3176.00000000	6.34046
3176.50000000	6.34281
3177.00000000	6.34351
3177.50000000	6.34473
3178.00000000	6.34467
3178.50000000	6.34554
3179.00000000	6.34805
3179.50000000	6.34899
3180.00000000	6.34970
3180.50000000	6.35158
3181.00000000	6.35306
3181.50000000	6.35555
3182.00000000	6.35509
3182.50000000	6.35376
3183.00000000	6.35354
3183.50000000	6.35459
3184.00000000	6.35615
3184.50000000	6.35843
3185.00000000	6.36072
3185.50000000	6.36178
3186.00000000	6.36386
3186.50000000	6.36648
3187.00000000	6.36839
3187.50000000	6.36996
3188.00000000	6.36998
3188.50000000	6.36984
3189.00000000	6.36993
3189.50000000	6.36988
3190.00000000	6.36705
3190.50000000	6.36388
3191.00000000	6.35938
3191.50000000	6.35594
3192.00000000	6.35376
3192.50000000	6.35236
3193.00000000	6.35104
3193.50000000	6.34946
3194.00000000	6.34722
3194.50000000	6.34413
3195.00000000	6.34211
3195.50000000	6.34036
3196.00000000	6.33755
3196.50000000	6.33573
3197.00000000	6.33268
3197.50000000	6.33174
3198.00000000	6.32920
3198.50000000	6.32642
3199.00000000	6.32318
3199.50000000	6.32012
3200.00000000	6.31842
3200.50000000	6.31627
3201.00000000	6.31154
3201.50000000	6.30623
3202.00000000	6.30366
3202.50000000	6.29987
3203.00000000	6.29654
3203.50000000	6.29393
3204.00000000	6.29148
3204.50000000	6.28907
3205.00000000	6.28615
3205.50000000	6.28351
3206.00000000	6.27949
3206.50000000	6.27549
3207.00000000	6.27341
3207.50000000	6.27149
3208.00000000	6.26966
3208.50000000	6.26757
3209.00000000	6.26632
3209.50000000	6.26550
3210.00000000	6.26653
3210.50000000	6.26687
3211.00000000	6.26820
3211.50000000	6.26984
3212.00000000	6.27270
3212.50000000	6.27619
3213.00000000	6.27979
3213.50000000	6.28465
3214.00000000	6.28854
3214.50000000	6.29273
3215.00000000	6.29681
3215.50000000	6.30115
3216.00000000	6.30594
3216.50000000	6.30983
3217.00000000	6.31326
3217.50000000	6.31686
3218.00000000	6.31971
3218.50000000	6.32408
3219.00000000	6.32814
3219.50000000	6.33198
3220.00000000	6.33667
3220.50000000	6.34024
3221.00000000	6.34393
3221.50000000	6.34700
3222.00000000	6.34992
3222.50000000	6.35298
3223.00000000	6.35538
3223.50000000	6.35715
3224.00000000	6.35940
3224.50000000	6.36180
3225.00000000	6.36355
3225.50000000	6.36442
3226.00000000	6.36568
3226.50000000	6.36795
3227.00000000	6.36945
3227.50000000	6.36972
3228.00000000	6.36965
3228.50000000	6.36896
3229.00000000	6.36847
3229.50000000	6.36809
3230.00000000	6.36806
3230.50000000	6.36766
3231.00000000	6.36756
3231.50000000	6.36695
3232.00000000	6.36817
3232.50000000	6.36963
3233.00000000	6.37021
3233.50000000	6.37203
3234.00000000	6.37403
3234.50000000	6.37510
3235.00000000	6.37589
3235.50000000	6.37537
3236.00000000	6.37383
3236.50000000	6.37165
3237.00000000	6.36977
3237.50000000	6.36948
3238.00000000	6.36993
3238.50000000	6.37134
3239.00000000	6.37185
3239.50000000	6.37321
3240.00000000	6.37419
3240.50000000	6.37458
3241.00000000	6.37494
3241.50000000	6.37520
3242.00000000	6.37558
3242.50000000	6.37468
3243.00000000	6.37356
3243.50000000	6.37307
3244.00000000	6.37262
3244.50000000	6.37127
3245.00000000	6.36978
3245.50000000	6.36752
3246.00000000	6.36544
3246.50000000	6.36437
3247.00000000	6.36275
3247.50000000	6.36002
3248.00000000	6.35793
3248.50000000	6.35698
3249.00000000	6.35474
3249.50000000	6.35203
3250.00000000	6.34954
3250.50000000	6.34895
3251.00000000	6.34754
3251.50000000	6.34582
3252.00000000	6.34575
3252.50000000	6.34596
3253.00000000	6.34620
3253.50000000	6.34786
3254.00000000	6.34983
3254.50000000	6.35245
3255.00000000	6.35424
3255.50000000	6.35571
3256.00000000	6.35724
3256.50000000	6.35961
3257.00000000	6.36099
3257.50000000	6.36324
3258.00000000	6.36466
3258.50000000	6.36581
3259.00000000	6.36793
3259.50000000	6.36951
3260.00000000	6.37045
3260.50000000	6.37136
3261.00000000	6.37213
3261.50000000	6.37296
3262.00000000	6.37303
3262.50000000	6.37281
3263.00000000	6.37359
3263.50000000	6.37513
3264.00000000	6.37645
3264.50000000	6.37644
3265.00000000	6.37629
3265.50000000	6.37723
3266.00000000	6.37849
3266.50000000	6.37825
3267.00000000	6.37778
3267.50000000	6.37536
3268.00000000	6.37376
3268.50000000	6.37224
3269.00000000	6.37126
3269.50000000	6.37087
3270.00000000	6.37146
3270.50000000	6.37124
3271.00000000	6.37126
3271.50000000	6.37122
3272.00000000	6.37101
3272.50000000	6.36977
3273.00000000	6.36937
3273.50000000	6.36845
3274.00000000	6.36701
3274.50000000	6.36590
3275.00000000	6.36482
3275.50000000	6.36471
3276.00000000	6.36387
3276.50000000	6.36402
3277.00000000	6.36414
3277.50000000	6.36371
3278.00000000	6.36388
3278.50000000	6.36449
3279.00000000	6.36506
3279.50000000	6.36581
3280.00000000	6.36690
3280.50000000	6.36721
3281.00000000	6.36751
3281.50000000	6.36795
3282.00000000	6.36811
3282.50000000	6.36828
3283.00000000	6.36921
3283.50000000	6.36938
3284.00000000	6.36990
3284.50000000	6.36899
3285.00000000	6.36941
3285.50000000	6.37123
3286.00000000	6.37313
3286.50000000	6.37483
3287.00000000	6.37774
3287.50000000	6.37968
3288.00000000	6.38091
3288.50000000	6.38352
3289.00000000	6.38514
3289.50000000	6.38636
3290.00000000	6.38796
3290.50000000	6.39021
3291.00000000	6.39286
3291.50000000	6.39482
3292.00000000	6.39517
3292.50000000	6.39681
3293.00000000	6.39670
3293.50000000	6.39550
3294.00000000	6.39417
3294.50000000	6.39107
3295.00000000	6.38812
3295.50000000	6.38512
3296.00000000	6.38082
3296.50000000	6.37687
3297.00000000	6.37253
3297.50000000	6.36798
3298.00000000	6.36400
3298.50000000	6.36014
3299.00000000	6.35567
3299.50000000	6.35154
3300.00000000	6.34879
3300.50000000	6.34675
3301.00000000	6.34494
3301.50000000	6.34296
3302.00000000	6.34025
3302.50000000	6.33722
3303.00000000	6.33581
3303.50000000	6.33523
3304.00000000	6.33521
3304.50000000	6.33463
3305.00000000	6.33408
3305.50000000	6.33318
3306.00000000	6.33438
3306.50000000	6.33608
3307.00000000	6.33838
3307.50000000	6.34066
3308.00000000	6.34360
3308.50000000	6.34609
3309.00000000	6.34961
3309.50000000	6.35281
3310.00000000	6.35484
3310.50000000	6.35878
3311.00000000	6.36209
3311.50000000	6.36482
3312.00000000	6.36854
3312.50000000	6.37380
3313.00000000	6.37872
3313.50000000	6.38367
3314.00000000	6.38676
3314.50000000	6.38993
3315.00000000	6.39177
3315.50000000	6.39475
3316.00000000	6.39831
3316.50000000	6.40227
3317.00000000	6.40672
3317.50000000	6.41035
3318.00000000	6.41424
3318.50000000	6.41807
3319.00000000	6.42063
3319.50000000	6.42208
3320.00000000	6.42466
3320.50000000	6.42617
3321.00000000	6.42706
3321.50000000	6.42911
3322.00000000	6.42987
3322.50000000	6.42915
3323.00000000	6.42776
3323.50000000	6.42418
3324.00000000	6.42131
3324.50000000	6.41834
3325.00000000	6.41600
3325.50000000	6.41314
3326.00000000	6.41087
3326.50000000	6.40837
3327.00000000	6.40559
3327.50000000	6.40317
3328.00000000	6.40166
3328.50000000	6.39982
3329.00000000	6.39758
3329.50000000	6.39541
3330.00000000	6.39453
3330.50000000	6.39385
3331.00000000	6.39215
3331.50000000	6.38916
3332.00000000	6.38477
3332.50000000	6.38117
3333.00000000	6.37787
3333.50000000	6.37382
3334.00000000	6.37011
3334.50000000	6.36563
3335.00000000	6.36066
3335.50000000	6.35633
3336.00000000	6.35180
3336.50000000	6.34663
3337.00000000	6.34264
3337.50000000	6.33863
3338.00000000	6.33510
3338.50000000	6.33126
3339.00000000	6.32741
3339.50000000	6.32553
3340.00000000	6.32325
3340.50000000	6.31801
3341.00000000	6.31368
3341.50000000	6.31127
3342.00000000	6.30857
3342.50000000	6.30547
3343.00000000	6.30252
3343.50000000	6.30101
3344.00000000	6.30079
3344.50000000	6.30096
3345.00000000	6.30237
3345.50000000	6.30310
3346.00000000	6.30212
3346.50000000	6.30116
3347.00000000	6.29985
3347.50000000	6.29845
3348.00000000	6.29670
3348.50000000	6.29575
3349.00000000	6.29542
3349.50000000	6.29572
3350.00000000	6.29635
3350.50000000	6.29683
3351.00000000	6.29684
3351.50000000	6.29669
3352.00000000	6.29869
3352.50000000	6.29858
3353.00000000	6.29852
3353.50000000	6.29782
3354.00000000	6.29758
3354.50000000	6.29738
3355.00000000	6.29639
3355.50000000	6.29638
3356.00000000	6.29715
3356.50000000	6.29748
3357.00000000	6.29861
3357.50000000	6.30025
3358.00000000	6.30164
3358.50000000	6.30316
3359.00000000	6.30528
3359.50000000	6.30768
3360.00000000	6.30962
3360.50000000	6.31132
3361.00000000	6.31171
3361.50000000	6.31167
3362.00000000	6.31294
3362.50000000	6.31364
3363.00000000	6.31376
3363.50000000	6.31502
3364.00000000	6.31696
3364.50000000	6.31808
3365.00000000	6.32161
3365.50000000	6.32343
3366.00000000	6.32658
3366.50000000	6.32946
3367.00000000	6.33118
3367.50000000	6.33346
3368.00000000	6.33648
3368.50000000	6.33905
3369.00000000	6.34271
3369.50000000	6.34593
3370.00000000	6.34853
3370.50000000	6.35172
3371.00000000	6.35497
3371.50000000	6.35782
3372.00000000	6.36165
3372.50000000	6.36513
3373.00000000	6.36881
3373.50000000	6.36962
3374.00000000	6.36990
3374.50000000	6.37010
3375.00000000	6.36906
3375.50000000	6.36834
3376.00000000	6.36669
3376.50000000	6.36566
3377.00000000	6.36437
3377.50000000	6.36350
3378.00000000	6.36421
3378.50000000	6.36499
3379.00000000	6.36678
3379.50000000	6.36891
3380.00000000	6.37105
3380.50000000	6.37383
3381.00000000	6.37497
3381.50000000	6.37633
3382.00000000	6.37726
3382.50000000	6.37889
3383.00000000	6.38041
3383.50000000	6.38170
3384.00000000	6.38413
3384.50000000	6.38801
3385.00000000	6.39166
3385.50000000	6.39471
3386.00000000	6.39824
3386.50000000	6.40174
3387.00000000	6.40485
3387.50000000	6.40799
3388.00000000	6.40957
3388.50000000	6.41246
3389.00000000	6.41442
3389.50000000	6.41521
3390.00000000	6.41529
3390.50000000	6.41558
3391.00000000	6.41518
3391.50000000	6.41437
3392.00000000	6.41386
3392.50000000	6.41323
3393.00000000	6.41073
3393.50000000	6.40949
3394.00000000	6.40851
3394.50000000	6.40686
3395.00000000	6.40600
3395.50000000	6.40460
3396.00000000	6.40422
3396.50000000	6.40254
3397.00000000	6.40152
3397.50000000	6.39903
3398.00000000	6.39807
3398.50000000	6.39697
3399.00000000	6.39551
3399.50000000	6.39473
3400.00000000	6.39262
3400.50000000	6.39025
3401.00000000	6.38872
3401.50000000	6.38737
3402.00000000	6.38653
3402.50000000	6.38403
3403.00000000	6.38198
3403.50000000	6.37971
3404.00000000	6.37946
3404.50000000	6.38068
3405.00000000	6.38258
3405.50000000	6.38472
3406.00000000	6.38655
3406.50000000	6.38740
3407.00000000	6.38731
3407.50000000	6.38667
3408.00000000	6.38503
3408.50000000	6.38271
3409.00000000	6.38131
3409.50000000	6.37915
3410.00000000	6.37684
3410.50000000	6.37519
3411.00000000	6.37432
3411.50000000	6.37367
3412.00000000	6.37202
3412.50000000	6.37002
3413.00000000	6.36684
3413.50000000	6.36549
3414.00000000	6.36415
3414.50000000	6.36514
3415.00000000	6.36694
3415.50000000	6.36839
3416.00000000	6.36846
3416.50000000	6.36789
3417.00000000	6.36724
3417.50000000	6.36663
3418.00000000	6.36712
3418.50000000	6.36804
3419.00000000	6.37063
3419.50000000	6.37416
3420.00000000	6.37698
3420.50000000	6.37955
3421.00000000	6.38173
3421.50000000	6.38415
3422.00000000	6.38629
3422.50000000	6.38838
3423.00000000	6.38788
3423.50000000	6.38792
3424.00000000	6.38772
3424.50000000	6.38708
3425.00000000	6.38677
3425.50000000	6.38559
3426.00000000	6.38412
3426.50000000	6.38340
3427.00000000	6.38169
3427.50000000	6.37958
3428.00000000	6.37780
3428.50000000	6.37612
3429.00000000	6.37495
3429.50000000	6.37488
3430.00000000	6.37448
3430.50000000	6.37371
3431.00000000	6.37291
3431.50000000	6.37205
3432.00000000	6.37116
3432.50000000	6.37050
3433.00000000	6.36923
3433.50000000	6.36914
3434.00000000	6.36978
3434.50000000	6.36924
3435.00000000	6.37005
3435.50000000	6.37258
3436.00000000	6.37568
3436.50000000	6.37675
3437.00000000	6.37790
3437.50000000	6.37860
3438.00000000	6.38052
3438.50000000	6.38154
3439.00000000	6.38244
3439.50000000	6.38321
3440.00000000	6.38453
3440.50000000	6.38667
3441.00000000	6.38998
3441.50000000	6.39359
3442.00000000	6.39708
3442.50000000	6.39888
3443.00000000	6.40106
3443.50000000	6.40359
3444.00000000	6.40550
3444.50000000	6.40654
3445.00000000	6.40734
3445.50000000	6.40903
3446.00000000	6.41242
3446.50000000	6.41569
3447.00000000	6.41872
3447.50000000	6.42232
3448.00000000	6.42596
3448.50000000	6.42971
3449.00000000	6.43304
3449.50000000	6.43492
3450.00000000	6.43607
3450.50000000	6.43784
3451.00000000	6.43931
3451.50000000	6.44213
3452.00000000	6.44378
3452.50000000	6.44405
3453.00000000	6.44473
3453.50000000	6.44551
3454.00000000	6.44553
3454.50000000	6.44492
3455.00000000	6.44442
3455.50000000	6.44347
3456.00000000	6.44180
3456.50000000	6.44171
3457.00000000	6.44127
3457.50000000	6.43858
3458.00000000	6.43650
3458.50000000	6.43524
3459.00000000	6.43533
3459.50000000	6.43528
3460.00000000	6.43598
3460.50000000	6.43577
3461.00000000	6.43587
3461.50000000	6.43545
3462.00000000	6.43354
3462.50000000	6.43227
3463.00000000	6.43080
3463.50000000	6.43141
3464.00000000	6.43206
3464.50000000	6.43171
3465.00000000	6.43205
3465.50000000	6.43247
3466.00000000	6.43137
3466.50000000	6.42991
3467.00000000	6.42760
3467.50000000	6.42595
3468.00000000	6.42474
3468.50000000	6.42353
3469.00000000	6.42422
3469.50000000	6.42526
3470.00000000	6.42589
3470.50000000	6.42671
3471.00000000	6.42790
3471.50000000	6.42967
3472.00000000	6.43185
3472.50000000	6.43451
3473.00000000	6.43856
3473.50000000	6.44199
3474.00000000	6.44453
3474.50000000	6.44715
3475.00000000	6.45043
3475.50000000	6.45349
3476.00000000	6.45759
3476.50000000	6.46062
3477.00000000	6.46374
3477.50000000	6.46604
3478.00000000	6.46751
3478.50000000	6.46818
3479.00000000	6.46957
3479.50000000	6.47119
3480.00000000	6.47189
3480.50000000	6.47327
3481.00000000	6.47357
3481.50000000	6.47407
3482.00000000	6.47428
3482.50000000	6.47391
3483.00000000	6.47249
3483.50000000	6.46969
3484.00000000	6.46793
3484.50000000	6.46724
3485.00000000	6.46608
3485.50000000	6.46402
3486.00000000	6.46156
3486.50000000	6.46059
3487.00000000	6.46040
3487.50000000	6.45974
3488.00000000	6.45904
3488.50000000	6.45760
3489.00000000	6.45645
3489.50000000	6.45537
3490.00000000	6.45342
3490.50000000	6.45229
3491.00000000	6.45144
3491.50000000	6.44960
3492.00000000	6.44767
3492.50000000	6.44606
3493.00000000	6.44528
3493.50000000	6.44513
3494.00000000	6.44506
3494.50000000	6.44652
3495.00000000	6.44691
3495.50000000	6.44746
3496.00000000	6.44874
3496.50000000	6.45021
3497.00000000	6.45192
3497.50000000	6.45297
3498.00000000	6.45373
3498.50000000	6.45449
3499.00000000	6.45572
3499.50000000	6.45647
3500.00000000	6.45756
3500.50000000	6.45810
3501.00000000	6.45872
3501.50000000	6.45949
3502.00000000	6.46066
3502.50000000	6.46104
3503.00000000	6.46276
3503.50000000	6.46478
3504.00000000	6.46673
3504.50000000	6.46898
3505.00000000	6.47005
3505.50000000	6.47263
3506.00000000	6.47419
3506.50000000	6.47605
3507.00000000	6.47805
3507.50000000	6.47907
3508.00000000	6.47876
3508.50000000	6.48056
3509.00000000	6.48262
3509.50000000	6.48544
3510.00000000	6.48856
3510.50000000	6.49100
3511.00000000	6.49233
3511.50000000	6.49266
3512.00000000	6.49305
3512.50000000	6.49392
3513.00000000	6.49555
3513.50000000	6.49704
3514.00000000	6.49754
3514.50000000	6.49900
3515.00000000	6.50061
3515.50000000	6.50325
3516.00000000	6.50374
3516.50000000	6.50418
3517.00000000	6.50476
3517.50000000	6.50599
3518.00000000	6.50735
3518.50000000	6.50868
3519.00000000	6.50964
3519.50000000	6.51087
3520.00000000	6.51249
3520.50000000	6.51562
3521.00000000	6.51915
3521.50000000	6.52288
3522.00000000	6.52583
3522.50000000	6.52935
3523.00000000	6.53224
3523.50000000	6.53567
3524.00000000	6.53821
3524.50000000	6.54006
3525.00000000	6.54184
3525.50000000	6.54358
3526.00000000	6.54655
3526.50000000	6.54870
3527.00000000	6.55059
3527.50000000	6.55181
3528.00000000	6.55323
3528.50000000	6.55505
3529.00000000	6.55646
3529.50000000	6.55765
3530.00000000	6.55934
3530.50000000	6.56033
3531.00000000	6.56251
3531.50000000	6.56439
3532.00000000	6.56673
3532.50000000	6.56972
3533.00000000	6.57237
3533.50000000	6.57555
3534.00000000	6.57811
3534.50000000	6.58065
3535.00000000	6.58255
3535.50000000	6.58509
3536.00000000	6.58674
3536.50000000	6.58948
3537.00000000	6.59248
3537.50000000	6.59463
3538.00000000	6.59709
3538.50000000	6.60025
3539.00000000	6.60327
3539.50000000	6.60643
3540.00000000	6.61032
3540.50000000	6.61470
3541.00000000	6.61812
3541.50000000	6.62124
3542.00000000	6.62390
3542.50000000	6.62595
3543.00000000	6.62751
3543.50000000	6.62840
3544.00000000	6.62844
3544.50000000	6.62962
3545.00000000	6.63084
3545.50000000	6.63329
3546.00000000	6.63535
3546.50000000	6.63678
3547.00000000	6.63794
3547.50000000	6.63816
3548.00000000	6.63804
3548.50000000	6.63812
3549.00000000	6.63908
3549.50000000	6.64053
3550.00000000	6.64190
3550.50000000	6.64272
3551.00000000	6.64343
3551.50000000	6.64292
3552.00000000	6.64286
3552.50000000	6.64309
3553.00000000	6.64439
3553.50000000	6.64476
3554.00000000	6.64539
3554.50000000	6.64594
3555.00000000	6.64826
3555.50000000	6.65198
3556.00000000	6.65584
3556.50000000	6.65755
3557.00000000	6.66055
3557.50000000	6.66337
3558.00000000	6.66494
3558.50000000	6.66657
3559.00000000	6.66752
3559.50000000	6.66875
3560.00000000	6.66882
3560.50000000	6.66805
3561.00000000	6.66786
3561.50000000	6.66810
3562.00000000	6.66796
3562.50000000	6.66745
3563.00000000	6.66858
3563.50000000	6.67090
3564.00000000	6.67184
3564.50000000	6.67330
3565.00000000	6.67357
3565.50000000	6.67491
3566.00000000	6.67568
3566.50000000	6.67668
3567.00000000	6.67735
3567.50000000	6.67872
3568.00000000	6.68122
3568.50000000	6.68453
3569.00000000	6.68628
3569.50000000	6.68755
3570.00000000	6.68827
3570.50000000	6.68773
3571.00000000	6.68815
3571.50000000	6.68734
3572.00000000	6.68749
3572.50000000	6.68738
3573.00000000	6.68731
3573.50000000	6.68762
3574.00000000	6.68606
3574.50000000	6.68249
3575.00000000	6.67832
3575.50000000	6.67476
3576.00000000	6.67029
3576.50000000	6.66660
3577.00000000	6.66314
3577.50000000	6.65936
3578.00000000	6.65572
3578.50000000	6.65225
3579.00000000	6.64745
3579.50000000	6.64201
3580.00000000	6.63682
3580.50000000	6.63225
3581.00000000	6.62813
3581.50000000	6.62483
3582.00000000	6.62149
3582.50000000	6.61852
3583.00000000	6.61573
3583.50000000	6.61339
3584.00000000	6.61079
3584.50000000	6.60824
3585.00000000	6.60549
3585.50000000	6.60234
3586.00000000	6.59886
3586.50000000	6.59665
3587.00000000	6.59460
3587.50000000	6.59273
3588.00000000	6.59169
3588.50000000	6.59158
3589.00000000	6.59123
3589.50000000	6.59089
3590.00000000	6.59013
3590.50000000	6.58733
3591.00000000	6.58469
3591.50000000	6.58123
3592.00000000	6.57944
3592.50000000	6.57690
3593.00000000	6.57452
3593.50000000	6.57283
3594.00000000	6.57229
3594.50000000	6.57170
3595.00000000	6.57191
3595.50000000	6.57253
3596.00000000	6.57273
3596.50000000	6.57234
3597.00000000	6.57061
3597.50000000	6.56796
3598.00000000	6.56441
3598.50000000	6.55987
3599.00000000	6.55591
3599.50000000	6.55160
3600.00000000	6.54864
3600.50000000	6.54654
3601.00000000	6.54566
3601.50000000	6.54482
3602.00000000	6.54348
3602.50000000	6.54304
3603.00000000	6.54386
3603.50000000	6.54394
3604.00000000	6.54555
3604.50000000	6.54743
3605.00000000	6.54995
3605.50000000	6.55200
3606.00000000	6.55391
3606.50000000	6.55466
3607.00000000	6.55457
3607.50000000	6.55598
3608.00000000	6.55698
3608.50000000	6.55703
3609.00000000	6.55759
3609.50000000	6.55810
3610.00000000	6.55815
3610.50000000	6.55832
3611.00000000	6.55848
3611.50000000	6.55837
3612.00000000	6.55764
3612.50000000	6.55649
3613.00000000	6.55407
3613.50000000	6.55279
3614.00000000	6.55328
3614.50000000	6.55426
3615.00000000	6.55513
3615.50000000	6.55566
3616.00000000	6.55617
3616.50000000	6.55635
3617.00000000	6.55659
3617.50000000	6.55631
3618.00000000	6.55539
3618.50000000	6.55425
3619.00000000	6.55466
3619.50000000	6.55435
3620.00000000	6.55445
3620.50000000	6.55367
3621.00000000	6.55320
3621.50000000	6.55226
3622.00000000	6.55152
3622.50000000	6.55135
3623.00000000	6.55258
3623.50000000	6.55301
3624.00000000	6.55180
3624.50000000	6.55008
3625.00000000	6.54717
3625.50000000	6.54349
3626.00000000	6.53986
3626.50000000	6.53567
3627.00000000	6.53213
3627.50000000	6.53022
3628.00000000	6.52938
3628.50000000	6.52902
3629.00000000	6.52900
3629.50000000	6.52831
3630.00000000	6.52730
3630.50000000	6.52628
3631.00000000	6.52565
3631.50000000	6.52664
3632.00000000	6.52859
3632.50000000	6.53140
3633.00000000	6.53494
3633.50000000	6.53910
3634.00000000	6.54343
3634.50000000	6.54649
3635.00000000	6.55000
3635.50000000	6.55359
3636.00000000	6.55791
3636.50000000	6.56062
3637.00000000	6.56321
3637.50000000	6.56457
3638.00000000	6.56502
3638.50000000	6.56618
3639.00000000	6.56766
3639.50000000	6.56911
3640.00000000	6.56926
3640.50000000	6.56930
3641.00000000	6.57012
3641.50000000	6.57033
3642.00000000	6.57093
3642.50000000	6.57004
3643.00000000	6.56936
3643.50000000	6.56872
3644.00000000	6.56753
3644.50000000	6.56557
3645.00000000	6.56361
3645.50000000	6.56130
3646.00000000	6.55873
3646.50000000	6.55703
3647.00000000	6.55621
3647.50000000	6.55374
3648.00000000	6.55075
3648.50000000	6.54712
3649.00000000	6.54356
3649.50000000	6.54013
3650.00000000	6.53655
3650.50000000	6.53384
3651.00000000	6.53129
3651.50000000	6.53001
3652.00000000	6.52756
3652.50000000	6.52557
3653.00000000	6.52324
3653.50000000	6.52150
3654.00000000	6.51947
3654.50000000	6.51693
3655.00000000	6.51467
3655.50000000	6.51145
3656.00000000	6.50914
3656.50000000	6.50732
3657.00000000	6.50473
3657.50000000	6.50368
3658.00000000	6.50215
3658.50000000	6.50021
3659.00000000	6.49703
3659.50000000	6.49506
3660.00000000	6.49337
3660.50000000	6.49218
3661.00000000	6.48969
3661.50000000	6.48802
3662.00000000	6.48727
3662.50000000	6.48617
3663.00000000	6.48524
3663.50000000	6.48355
3664.00000000	6.48197
3664.50000000	6.47963
3665.00000000	6.47698
3665.50000000	6.47435
3666.00000000	6.47114
3666.50000000	6.46687
3667.00000000	6.46210
3667.50000000	6.45860
3668.00000000	6.45563
3668.50000000	6.45313
3669.00000000	6.44983
3669.50000000	6.44629
3670.00000000	6.44475
3670.50000000	6.44262
3671.00000000	6.44079
3671.50000000	6.44017
3672.00000000	6.43973
3672.50000000	6.43979
3673.00000000	6.43870
3673.50000000	6.43789
3674.00000000	6.43752
3674.50000000	6.43674
3675.00000000	6.43534
3675.50000000	6.43396
3676.00000000	6.43307
3676.50000000	6.43260
3677.00000000	6.43020
3677.50000000	6.42825
3678.00000000	6.42613
3678.50000000	6.42323
3679.00000000	6.42002
3679.50000000	6.41613
3680.00000000	6.41220
3680.50000000	6.40910
3681.00000000	6.40621
3681.50000000	6.40384
3682.00000000	6.40077
3682.50000000	6.39729
3683.00000000	6.39309
3683.50000000	6.38884
3684.00000000	6.38519
3684.50000000	6.38180
3685.00000000	6.37714
3685.50000000	6.37166
3686.00000000	6.36570
3686.50000000	6.35999
3687.00000000	6.35393
3687.50000000	6.34863
3688.00000000	6.34335
3688.50000000	6.33964
3689.00000000	6.33438
3689.50000000	6.32864
3690.00000000	6.32260
3690.50000000	6.31684
3691.00000000	6.31166
3691.50000000	6.30612
3692.00000000	6.30161
3692.50000000	6.29665
3693.00000000	6.29110
3693.50000000	6.28542
3694.00000000	6.28035
3694.50000000	6.27474
3695.00000000	6.27027
3695.50000000	6.26571
3696.00000000	6.26072
3696.50000000	6.25580
3697.00000000	6.25150
3697.50000000	6.24779
3698.00000000	6.24229
3698.50000000	6.23614
3699.00000000	6.23049
3699.50000000	6.22457
3700.00000000	6.22054
3700.50000000	6.21631
3701.00000000	6.21273
3701.50000000	6.20960
3702.00000000	6.20675
3702.50000000	6.20466
3703.00000000	6.20457
3703.50000000	6.20432
3704.00000000	6.20429
3704.50000000	6.20255
3705.00000000	6.19966
3705.50000000	6.19635
3706.00000000	6.19284
3706.50000000	6.18947
3707.00000000	6.18653
3707.50000000	6.18326
3708.00000000	6.18055
3708.50000000	6.17652
3709.00000000	6.17351
3709.50000000	6.16913
3710.00000000	6.16459
3710.50000000	6.15797
3711.00000000	6.15128
3711.50000000	6.14481
3712.00000000	6.13932
3712.50000000	6.13430
3713.00000000	6.12992
3713.50000000	6.12501
3714.00000000	6.12061
3714.50000000	6.11695
3715.00000000	6.11292
3715.50000000	6.10940
3716.00000000	6.10628
3716.50000000	6.10270
3717.00000000	6.09882
3717.50000000	6.09403
3718.00000000	6.09063
3718.50000000	6.08783
3719.00000000	6.08382
3719.50000000	6.07943
3720.00000000	6.07518
3720.50000000	6.07121
3721.00000000	6.06859
3721.50000000	6.06684
3722.00000000	6.06568
3722.50000000	6.06480
3723.00000000	6.06417
3723.50000000	6.06269
3724.00000000	6.06196
3724.50000000	6.06127
3725.00000000	6.05915
3725.50000000	6.05617
3726.00000000	6.05343
3726.50000000	6.05082
3727.00000000	6.04953
3727.50000000	6.04819
3728.00000000	6.04765
3728.50000000	6.04898
3729.00000000	6.05102
3729.50000000	6.05387
3730.00000000	6.05802
3730.50000000	6.06233
3731.00000000	6.06607
3731.50000000	6.07061
3732.00000000	6.07643
3732.50000000	6.08196
3733.00000000	6.08829
3733.50000000	6.09332
3734.00000000	6.09891
3734.50000000	6.10315
3735.00000000	6.10715
3735.50000000	6.11201
3736.00000000	6.11534
3736.50000000	6.11778
3737.00000000	6.12042
3737.50000000	6.12321
3738.00000000	6.12744
3738.50000000	6.13093
3739.00000000	6.13390
3739.50000000	6.13686
3740.00000000	6.14051
3740.50000000	6.14490
3741.00000000	6.14856
3741.50000000	6.15092
3742.00000000	6.15330
3742.50000000	6.15438
3743.00000000	6.15659
3743.50000000	6.15810
3744.00000000	6.15834
3744.50000000	6.15817
3745.00000000	6.15702
3745.50000000	6.15524
3746.00000000	6.15205
3746.50000000	6.15036
3747.00000000	6.14781
3747.50000000	6.14461
3748.00000000	6.14169
3748.50000000	6.13804
3749.00000000	6.13554
3749.50000000	6.13181
3750.00000000	6.12889
3750.50000000	6.12578
3751.00000000	6.12441
3751.50000000	6.12180
3752.00000000	6.11882
3752.50000000	6.11534
3753.00000000	6.11267
3753.50000000	6.11032
3754.00000000	6.10763
3754.50000000	6.10497
3755.00000000	6.10392
3755.50000000	6.10269
3756.00000000	6.10191
3756.50000000	6.10006
3757.00000000	6.09890
3757.50000000	6.09748
3758.00000000	6.09551
3758.50000000	6.09458
3759.00000000	6.09422
3759.50000000	6.09361
3760.00000000	6.09286
3760.50000000	6.09218
3761.00000000	6.09162
3761.50000000	6.09167
3762.00000000	6.09172
3762.50000000	6.09176
3763.00000000	6.09344
3763.50000000	6.09598
3764.00000000	6.09875
3764.50000000	6.10144
3765.00000000	6.10561
3765.50000000	6.11018
3766.00000000	6.11607
3766.50000000	6.12219
3767.00000000	6.12710
3767.50000000	6.13149
3768.00000000	6.13426
3768.50000000	6.13642
3769.00000000	6.13932
3769.50000000	6.14142
3770.00000000	6.14246
3770.50000000	6.14369
3771.00000000	6.14546
3771.50000000	6.14730
3772.00000000	6.14880
3772.50000000	6.15169
3773.00000000	6.15284
3773.50000000	6.15316
3774.00000000	6.15294
3774.50000000	6.15246
3775.00000000	6.15169
3775.50000000	6.15134
3776.00000000	6.15120
3776.50000000	6.15046
3777.00000000	6.15065
3777.50000000	6.15093
3778.00000000	6.15148
3778.50000000	6.15245
3779.00000000	6.15395
3779.50000000	6.15611
3780.00000000	6.15838
3780.50000000	6.16006
3781.00000000	6.16256
3781.50000000	6.16515
3782.00000000	6.16627
3782.50000000	6.16780
3783.00000000	6.16967
3783.50000000	6.17170
3784.00000000	6.17387
3784.50000000	6.17517
3785.00000000	6.17669
3785.50000000	6.17732
3786.00000000	6.17822
3786.50000000	6.17970
3787.00000000	6.18191
3787.50000000	6.18318
3788.00000000	6.18448
3788.50000000	6.18691
3789.00000000	6.18943
3789.50000000	6.19111
3790.00000000	6.19341
3790.50000000	6.19538
3791.00000000	6.19673
3791.50000000	6.19951
3792.00000000	6.20237
3792.50000000	6.20491
3793.00000000	6.20676
3793.50000000	6.20860
3794.00000000	6.21048
3794.50000000	6.21081
3795.00000000	6.20998
3795.50000000	6.20849
3796.00000000	6.20834
3796.50000000	6.20858
3797.00000000	6.20908
3797.50000000	6.21108
3798.00000000	6.21433
3798.50000000	6.21770
3799.00000000	6.22211
3799.50000000	6.22628
3800.00000000	6.22967
3800.50000000	6.23238
3801.00000000	6.23555
3801.50000000	6.23858
3802.00000000	6.24024
3802.50000000	6.24144
3803.00000000	6.24189
3803.50000000	6.24384
3804.00000000	6.24489
3804.50000000	6.24504
3805.00000000	6.24670
3805.50000000	6.24967
3806.00000000	6.25177
3806.50000000	6.25310
3807.00000000	6.25445
3807.50000000	6.25548
3808.00000000	6.25652
3808.50000000	6.25765
3809.00000000	6.25667
3809.50000000	6.25706
3810.00000000	6.25856
3810.50000000	6.25860
3811.00000000	6.25838
3811.50000000	6.25890
3812.00000000	6.25881
3812.50000000	6.25816
3813.00000000	6.25765
3813.50000000	6.25822
3814.00000000	6.25897
3814.50000000	6.25956
3815.00000000	6.26017
3815.50000000	6.25863
3816.00000000	6.25690
3816.50000000	6.25562
3817.00000000	6.25400
3817.50000000	6.25310
3818.00000000	6.25126
3818.50000000	6.24965
3819.00000000	6.24809
3819.50000000	6.24640
3820.00000000	6.24430
3820.50000000	6.24242
3821.00000000	6.24000
3821.50000000	6.23932
3822.00000000	6.23984
3822.50000000	6.23927
3823.00000000	6.23707
3823.50000000	6.23571
3824.00000000	6.23455
3824.50000000	6.23441
3825.00000000	6.23347
3825.50000000	6.23366
3826.00000000	6.23421
3826.50000000	6.23392
3827.00000000	6.23450
3827.50000000	6.23614
3828.00000000	6.23894
3828.50000000	6.24121
3829.00000000	6.24364
3829.50000000	6.24478
3830.00000000	6.24521
3830.50000000	6.24552
3831.00000000	6.24497
3831.50000000	6.24626
3832.00000000	6.24709
3832.50000000	6.24693
3833.00000000	6.24876
3833.50000000	6.25127
3834.00000000	6.25519
3834.50000000	6.25743
3835.00000000	6.25893
3835.50000000	6.26093
3836.00000000	6.26306
3836.50000000	6.26369
3837.00000000	6.26581
3837.50000000	6.26870
3838.00000000	6.27305
3838.50000000	6.27934
3839.00000000	6.28441
3839.50000000	6.28915
3840.00000000	6.29507
3840.50000000	6.29967
3841.00000000	6.30355
3841.50000000	6.30607
3842.00000000	6.30929
3842.50000000	6.31231
3843.00000000	6.31651
3843.50000000	6.32017
3844.00000000	6.32383
3844.50000000	6.32617
3845.00000000	6.32833
3845.50000000	6.33054
3846.00000000	6.33313
3846.50000000	6.33689
3847.00000000	6.33946
3847.50000000	6.34112
3848.00000000	6.34189
3848.50000000	6.34122
3849.00000000	6.33904
3849.50000000	6.33762
3850.00000000	6.33658
3850.50000000	6.33479
3851.00000000	6.33225
3851.50000000	6.32893
3852.00000000	6.32705
3852.50000000	6.32377
3853.00000000	6.31981
3853.50000000	6.31609
3854.00000000	6.31189
3854.50000000	6.30981
3855.00000000	6.30799
3855.50000000	6.30649
3856.00000000	6.30327
3856.50000000	6.30042
3857.00000000	6.29694
3857.50000000	6.29434
3858.00000000	6.29109
3858.50000000	6.28724
3859.00000000	6.28447
3859.50000000	6.28290
3860.00000000	6.28049
3860.50000000	6.27772
3861.00000000	6.27572
3861.50000000	6.27393
3862.00000000	6.27276
3862.50000000	6.27273
3863.00000000	6.27341
3863.50000000	6.27416
3864.00000000	6.27499
3864.50000000	6.27532
3865.00000000	6.27548
3865.50000000	6.27590
3866.00000000	6.27667
3866.50000000	6.27870
3867.00000000	6.28138
3867.50000000	6.28462
3868.00000000	6.28797
3868.50000000	6.29063
3869.00000000	6.29377
3869.50000000	6.29757
3870.00000000	6.30132
3870.50000000	6.30259
3871.00000000	6.30320
3871.50000000	6.30438
3872.00000000	6.30524
3872.50000000	6.30581
3873.00000000	6.30754
3873.50000000	6.30832
3874.00000000	6.30894
3874.50000000	6.30771
3875.00000000	6.30593
3875.50000000	6.30397
3876.00000000	6.30136
3876.50000000	6.29857
3877.00000000	6.29414
3877.50000000	6.29154
3878.00000000	6.28894
3878.50000000	6.28760
3879.00000000	6.28662
3879.50000000	6.28452
3880.00000000	6.28209
3880.50000000	6.28017
3881.00000000	6.27974
3881.50000000	6.28064
3882.00000000	6.28087
3882.50000000	6.28073
3883.00000000	6.27837
3883.50000000	6.27601
3884.00000000	6.27359
3884.50000000	6.26972
3885.00000000	6.26582
3885.50000000	6.26201
3886.00000000	6.25865
3886.50000000	6.25604
3887.00000000	6.25377
3887.50000000	6.25171
3888.00000000	6.25086
3888.50000000	6.25018
3889.00000000	6.24991
3889.50000000	6.24932
3890.00000000	6.24743
3890.50000000	6.24639
3891.00000000	6.24552
3891.50000000	6.24455
3892.00000000	6.24451
3892.50000000	6.24542
3893.00000000	6.24662
3893.50000000	6.24720
3894.00000000	6.24671
3894.50000000	6.24614
3895.00000000	6.24643
3895.50000000	6.24618
3896.00000000	6.24542
3896.50000000	6.24317
3897.00000000	6.24191
3897.50000000	6.24199
3898.00000000	6.24398
3898.50000000	6.24559
3899.00000000	6.24837
3899.50000000	6.25111
3900.00000000	6.25339
3900.50000000	6.25617
3901.00000000	6.25945
3901.50000000	6.26314
3902.00000000	6.26708
3902.50000000	6.27037
3903.00000000	6.27301
3903.50000000	6.27447
3904.00000000	6.27594
3904.50000000	6.27758
3905.00000000	6.28065
3905.50000000	6.28370
3906.00000000	6.28737
3906.50000000	6.29152
3907.00000000	6.29422
3907.50000000	6.29794
3908.00000000	6.30068
3908.50000000	6.30492
3909.00000000	6.30769
3909.50000000	6.30958
3910.00000000	6.31229
3910.50000000	6.31421
3911.00000000	6.31705
3911.50000000	6.31860
3912.00000000	6.32108
3912.50000000	6.32501
3913.00000000	6.33111
3913.50000000	6.33707
3914.00000000	6.34258
3914.50000000	6.34685
3915.00000000	6.35008
3915.50000000	6.35300
3916.00000000	6.35740
3916.50000000	6.36217
3917.00000000	6.36727
3917.50000000	6.37253
3918.00000000	6.37715
3918.50000000	6.38243
3919.00000000	6.38689
3919.50000000	6.39127
3920.00000000	6.39591
3920.50000000	6.40051
3921.00000000	6.40549
3921.50000000	6.41051
3922.00000000	6.41494
3922.50000000	6.42025
3923.00000000	6.42505
3923.50000000	6.42882
3924.00000000	6.43030
3924.50000000	6.43209
3925.00000000	6.43357
3925.50000000	6.43381
3926.00000000	6.43490
3926.50000000	6.43743
3927.00000000	6.44002
3927.50000000	6.44168
3928.00000000	6.44327
3928.50000000	6.44568
3929.00000000	6.44729
3929.50000000	6.44979
3930.00000000	6.45270
3930.50000000	6.45536
3931.00000000	6.45781
3931.50000000	6.46038
3932.00000000	6.46240
3932.50000000	6.46429
3933.00000000	6.46712
3933.50000000	6.46999
3934.00000000	6.47179
3934.50000000	6.47409
3935.00000000	6.47635
3935.50000000	6.47897
3936.00000000	6.48292
3936.50000000	6.48672
3937.00000000	6.49035
3937.50000000	6.49303
3938.00000000	6.49527
3938.50000000	6.49672
3939.00000000	6.49802
3939.50000000	6.49979
3940.00000000	6.50134
3940.50000000	6.50362
3941.00000000	6.50608
3941.50000000	6.50886
3942.00000000	6.51037
3942.50000000	6.51145
3943.00000000	6.51502
3943.50000000	6.51605
3944.00000000	6.51714
3944.50000000	6.51694
3945.00000000	6.51703
3945.50000000	6.51689
3946.00000000	6.51605
3946.50000000	6.51538
3947.00000000	6.51648
3947.50000000	6.51737
3948.00000000	6.51786
3948.50000000	6.51833
3949.00000000	6.51992
3949.50000000	6.52200
3950.00000000	6.52335
3950.50000000	6.52436
3951.00000000	6.52494
3951.50000000	6.52505
3952.00000000	6.52564
3952.50000000	6.52654
3953.00000000	6.52763
3953.50000000	6.52857
3954.00000000	6.52795
3954.50000000	6.52706
3955.00000000	6.52839
3955.50000000	6.52964
3956.00000000	6.52995
3956.50000000	6.52957
3957.00000000	6.52937
3957.50000000	6.52846
3958.00000000	6.52752
3958.50000000	6.52514
3959.00000000	6.52246
3959.50000000	6.51935
3960.00000000	6.51496
3960.50000000	6.51166
3961.00000000	6.50788
3961.50000000	6.50528
3962.00000000	6.50307
3962.50000000	6.50214
3963.00000000	6.50132
3963.50000000	6.50157
3964.00000000	6.50015
3964.50000000	6.49797
3965.00000000	6.49599
3965.50000000	6.49552
3966.00000000	6.49461
3966.50000000	6.49374
3967.00000000	6.49225
3967.50000000	6.49145
3968.00000000	6.48942
3968.50000000	6.48770
3969.00000000	6.48638
3969.50000000	6.48636
3970.00000000	6.48653
3970.50000000	6.48798
3971.00000000	6.48873
3971.50000000	6.48891
3972.00000000	6.48972
3972.50000000	6.48984
3973.00000000	6.49127
3973.50000000	6.49095
3974.00000000	6.49046
3974.50000000	6.49046
3975.00000000	6.49107
3975.50000000	6.49130
3976.00000000	6.49119
3976.50000000	6.49205
3977.00000000	6.49388
3977.50000000	6.49612
3978.00000000	6.49667
3978.50000000	6.49776
3979.00000000	6.49992
3979.50000000	6.50124
3980.00000000	6.50226
3980.50000000	6.50194
3981.00000000	6.50145
3981.50000000	6.49933
3982.00000000	6.49668
3982.50000000	6.49398
3983.00000000	6.49232
3983.50000000	6.48994
3984.00000000	6.48796
3984.50000000	6.48500
3985.00000000	6.48279
3985.50000000	6.48061
3986.00000000	6.47838
3986.50000000	6.47629
3987.00000000	6.47543
3987.50000000	6.47612
3988.00000000	6.47774
3988.50000000	6.47781
3989.00000000	6.47838
3989.50000000	6.47733
3990.00000000	6.47573
3990.50000000	6.47453
3991.00000000	6.47428
3991.50000000	6.47340
3992.00000000	6.47160
3992.50000000	6.46974
3993.00000000	6.46823
3993.50000000	6.46679
3994.00000000	6.46398
3994.50000000	6.46137
3995.00000000	6.46018
3995.50000000	6.45795
3996.00000000	6.45421
3996.50000000	6.44928
3997.00000000	6.44400
3997.50000000	6.43902
3998.00000000	6.43353
3998.50000000	6.42912
3999.00000000	6.42554
3999.50000000	6.42166
4000.00000000	6.41802
4000.50000000	6.41373
4001.00000000	6.40947
4001.50000000	6.40394
4002.00000000	6.39936
4002.50000000	6.39552
4003.00000000	6.39243
4003.50000000	6.38822
4004.00000000	6.38489
4004.50000000	6.38240
4005.00000000	6.38001
4005.50000000	6.37817
4006.00000000	6.37743
4006.50000000	6.37660
4007.00000000	6.37574
4007.50000000	6.37574
4008.00000000	6.37643
4008.50000000	6.37677
4009.00000000	6.37833
4009.50000000	6.38099
4010.00000000	6.38275
4010.50000000	6.38402
4011.00000000	6.38479
4011.50000000	6.38632
4012.00000000	6.38807
4012.50000000	6.39008
4013.00000000	6.39160
4013.50000000	6.39398
4014.00000000	6.39540
4014.50000000	6.39677
4015.00000000	6.39916
4015.50000000	6.40107
4016.00000000	6.40237
4016.50000000	6.40339
4017.00000000	6.40457
4017.50000000	6.40563
4018.00000000	6.40615
4018.50000000	6.40716
4019.00000000	6.40779
4019.50000000	6.40912
4020.00000000	6.41107
4020.50000000	6.41374
4021.00000000	6.41592
4021.50000000	6.41840
4022.00000000	6.41962
4022.50000000	6.42137
4023.00000000	6.42168
4023.50000000	6.42216
4024.00000000	6.42179
4024.50000000	6.42099
4025.00000000	6.41839
4025.50000000	6.41592
4026.00000000	6.41346
4026.50000000	6.41132
4027.00000000	6.40987
4027.50000000	6.40752
4028.00000000	6.40340
4028.50000000	6.39744
4029.00000000	6.39052
4029.50000000	6.38470
4030.00000000	6.37972
4030.50000000	6.37594
4031.00000000	6.37174
4031.50000000	6.36663
4032.00000000	6.36206
4032.50000000	6.35698
4033.00000000	6.35193
4033.50000000	6.34796
4034.00000000	6.34516
4034.50000000	6.34334
4035.00000000	6.34079
4035.50000000	6.33757
4036.00000000	6.33424
4036.50000000	6.33042
4037.00000000	6.32673
4037.50000000	6.32288
4038.00000000	6.32062
4038.50000000	6.31893
4039.00000000	6.31666
4039.50000000	6.31694
4040.00000000	6.31729
4040.50000000	6.31749
4041.00000000	6.31697
4041.50000000	6.31545
4042.00000000	6.31388
4042.50000000	6.31334
4043.00000000	6.31407
4043.50000000	6.31396
4044.00000000	6.31445
4044.50000000	6.31490
4045.00000000	6.31499
4045.50000000	6.31426
4046.00000000	6.31271
4046.50000000	6.31099
4047.00000000	6.30775
4047.50000000	6.30441
4048.00000000	6.30204
4048.50000000	6.30040
4049.00000000	6.29870
4049.50000000	6.29813
4050.00000000	6.29740
4050.50000000	6.29643
4051.00000000	6.29503
4051.50000000	6.29361
4052.00000000	6.29180
4052.50000000	6.29043
4053.00000000	6.28857
4053.50000000	6.28774
4054.00000000	6.28768
4054.50000000	6.28835
4055.00000000	6.29001
4055.50000000	6.28968
4056.00000000	6.28869
4056.50000000	6.28751
4057.00000000	6.28714
4057.50000000	6.28584
4058.00000000	6.28268
4058.50000000	6.27962
4059.00000000	6.27697
4059.50000000	6.27498
4060.00000000	6.27347
4060.50000000	6.27237
4061.00000000	6.27120
4061.50000000	6.27033
4062.00000000	6.26953
4062.50000000	6.26824
4063.00000000	6.26623
4063.50000000	6.26425
4064.00000000	6.26274
4064.50000000	6.26266
4065.00000000	6.26141
4065.50000000	6.26009
4066.00000000	6.25961
4066.50000000	6.25823
4067.00000000	6.25546
4067.50000000	6.25395
4068.00000000	6.25252
4068.50000000	6.25135
4069.00000000	6.24995
4069.50000000	6.24827
4070.00000000	6.24675
4070.50000000	6.24605
4071.00000000	6.24452
4071.50000000	6.24319
4072.00000000	6.24166
4072.50000000	6.24074
4073.00000000	6.23992
4073.50000000	6.24005
4074.00000000	6.23967
4074.50000000	6.23904
4075.00000000	6.23868
4075.50000000	6.23777
4076.00000000	6.23740
4076.50000000	6.23619
4077.00000000	6.23550
4077.50000000	6.23355
4078.00000000	6.23160
4078.50000000	6.23088
4079.00000000	6.22998
4079.50000000	6.22823
4080.00000000	6.22733
4080.50000000	6.22815
4081.00000000	6.22913
4081.50000000	6.22897
4082.00000000	6.22866
4082.50000000	6.22714
4083.00000000	6.22644
4083.50000000	6.22614
4084.00000000	6.22537
4084.50000000	6.22493
4085.00000000	6.22408
4085.50000000	6.22365
4086.00000000	6.22521
4086.50000000	6.22666
4087.00000000	6.23010
4087.50000000	6.23269
4088.00000000	6.23456
4088.50000000	6.23588
4089.00000000	6.23635
4089.50000000	6.23692
4090.00000000	6.23869
4090.50000000	6.23945
4091.00000000	6.24027
4091.50000000	6.24149
4092.00000000	6.24461
4092.50000000	6.24657
4093.00000000	6.24839
4093.50000000	6.25078
4094.00000000	6.25359
4094.50000000	6.25479
4095.00000000	6.25650
4095.50000000	6.25849
4096.00000000	6.26028
4096.50000000	6.26415
4097.00000000	6.26810
4097.50000000	6.26956
4098.00000000	6.27214
4098.50000000	6.27264
4099.00000000	6.27394
4099.50000000	6.27644
4100.00000000	6.27923
4100.50000000	6.28184
4101.00000000	6.28470
4101.50000000	6.28657
4102.00000000	6.28868
4102.50000000	6.29004
4103.00000000	6.29085
4103.50000000	6.29097
4104.00000000	6.29042
4104.50000000	6.28918
4105.00000000	6.28669
4105.50000000	6.28497
4106.00000000	6.28424
4106.50000000	6.28293
4107.00000000	6.28247
4107.50000000	6.28229
4108.00000000	6.28208
4108.50000000	6.28102
4109.00000000	6.28034
4109.50000000	6.28022
4110.00000000	6.28047
4110.50000000	6.28044
4111.00000000	6.27956
4111.50000000	6.27791
4112.00000000	6.27608
4112.50000000	6.27499
4113.00000000	6.27516
4113.50000000	6.27491
4114.00000000	6.27455
4114.50000000	6.27293
4115.00000000	6.27074
4115.50000000	6.26872
4116.00000000	6.26741
4116.50000000	6.26701
4117.00000000	6.26600
4117.50000000	6.26580
4118.00000000	6.26560
4118.50000000	6.26702
4119.00000000	6.26817
4119.50000000	6.26837
4120.00000000	6.26878
4120.50000000	6.26929
4121.00000000	6.26973
4121.50000000	6.27090
4122.00000000	6.27203
4122.50000000	6.27382
4123.00000000	6.27543
4123.50000000	6.27484
4124.00000000	6.27349
4124.50000000	6.27131
4125.00000000	6.26997
4125.50000000	6.26895
4126.00000000	6.26705
4126.50000000	6.26679
4127.00000000	6.26770
4127.50000000	6.26832
4128.00000000	6.26899
4128.50000000	6.27181
4129.00000000	6.27432
4129.50000000	6.27863
4130.00000000	6.28404
4130.50000000	6.29039
4131.00000000	6.29817
4131.50000000	6.30455
4132.00000000	6.31197
4132.50000000	6.31861
4133.00000000	6.32418
4133.50000000	6.32823
4134.00000000	6.33042
4134.50000000	6.33380
4135.00000000	6.33732
4135.50000000	6.34185
4136.00000000	6.34408
4136.50000000	6.34663
4137.00000000	6.34995
4137.50000000	6.35221
4138.00000000	6.35406
4138.50000000	6.35739
4139.00000000	6.36044
4139.50000000	6.36310
4140.00000000	6.36632
4140.50000000	6.36885
4141.00000000	6.37191
4141.50000000	6.37398
4142.00000000	6.37619
4142.50000000	6.37845
4143.00000000	6.38076
4143.50000000	6.38289
4144.00000000	6.38495
4144.50000000	6.38570
4145.00000000	6.38609
4145.50000000	6.38705
4146.00000000	6.38788
4146.50000000	6.38789
4147.00000000	6.38890
4147.50000000	6.39034
4148.00000000	6.39148
4148.50000000	6.39195
4149.00000000	6.39281
4149.50000000	6.39396
4150.00000000	6.39523
4150.50000000	6.39816
4151.00000000	6.40113
4151.50000000	6.40460
4152.00000000	6.40702
4152.50000000	6.40947
4153.00000000	6.41214
4153.50000000	6.41339
4154.00000000	6.41526
4154.50000000	6.41768
4155.00000000	6.41873
4155.50000000	6.41935
4156.00000000	6.42155
4156.50000000	6.42410
4157.00000000	6.42826
4157.50000000	6.43077
4158.00000000	6.43120
4158.50000000	6.43241
4159.00000000	6.43316
4159.50000000	6.43412
4160.00000000	6.43546
4160.50000000	6.43766
4161.00000000	6.43979
4161.50000000	6.44143
4162.00000000	6.44229
4162.50000000	6.44281
4163.00000000	6.44461
4163.50000000	6.44628
4164.00000000	6.44790
4164.50000000	6.44823
4165.00000000	6.44765
4165.50000000	6.44823
4166.00000000	6.44866
4166.50000000	6.44941
4167.00000000	6.44904
4167.50000000	6.44909
4168.00000000	6.44836
4168.50000000	6.44656
4169.00000000	6.44517
4169.50000000	6.44473
4170.00000000	6.44596
4170.50000000	6.44771
4171.00000000	6.44982
4171.50000000	6.45111
4172.00000000	6.45302
4172.50000000	6.45566
4173.00000000	6.45856
4173.50000000	6.45985
4174.00000000	6.46029
4174.50000000	6.46085
4175.00000000	6.46141
4175.50000000	6.46327
4176.00000000	6.46509
4176.50000000	6.46685
4177.00000000	6.46695
4177.50000000	6.46695
4178.00000000	6.46741
4178.50000000	6.46864
4179.00000000	6.46935
4179.50000000	6.47149
4180.00000000	6.47260
4180.50000000	6.47270
4181.00000000	6.47333
4181.50000000	6.47342
4182.00000000	6.47307
4182.50000000	6.47388
4183.00000000	6.47511
4183.50000000	6.47734
4184.00000000	6.47888
4184.50000000	6.47903
4185.00000000	6.47899
4185.50000000	6.47821
4186.00000000	6.47829
4186.50000000	6.47784
4187.00000000	6.47798
4187.50000000	6.47800
4188.00000000	6.47916
4188.50000000	6.48046
4189.00000000	6.48146
4189.50000000	6.48343
4190.00000000	6.48659
4190.50000000	6.49115
4191.00000000	6.49416
4191.50000000	6.49717
4192.00000000	6.49942
4192.50000000	6.50102
4193.00000000	6.50347
4193.50000000	6.50530
4194.00000000	6.50692
4194.50000000	6.50842
4195.00000000	6.50856
4195.50000000	6.50847
4196.00000000	6.50888
4196.50000000	6.50968
4197.00000000	6.51137
4197.50000000	6.51341
4198.00000000	6.51518
4198.50000000	6.51625
4199.00000000	6.51589
4199.50000000	6.51631
4200.00000000	6.51601
4200.50000000	6.51554
4201.00000000	6.51611
4201.50000000	6.51712
4202.00000000	6.51786
4202.50000000	6.52103
4203.00000000	6.52309
4203.50000000	6.52432
4204.00000000	6.52594
4204.50000000	6.52608
4205.00000000	6.52581
4205.50000000	6.52594
4206.00000000	6.52719
4206.50000000	6.52839
4207.00000000	6.52866
4207.50000000	6.52871
4208.00000000	6.52963
4208.50000000	6.53154
4209.00000000	6.53463
4209.50000000	6.53754
4210.00000000	6.54014
4210.50000000	6.54133
4211.00000000	6.54332
4211.50000000	6.54570
4212.00000000	6.54715
4212.50000000	6.54794
4213.00000000	6.54836
4213.50000000	6.54912
4214.00000000	6.54989
4214.50000000	6.55186
4215.00000000	6.55397
4215.50000000	6.55510
4216.00000000	6.55597
4216.50000000	6.55642
4217.00000000	6.55756
4217.50000000	6.55694
4218.00000000	6.55827
4218.50000000	6.56010
4219.00000000	6.56216
4219.50000000	6.56370
4220.00000000	6.56481
4220.50000000	6.56623
4221.00000000	6.56881
4221.50000000	6.57074
4222.00000000	6.57254
4222.50000000	6.57357
4223.00000000	6.57514
4223.50000000	6.57699
4224.00000000	6.57802
4224.50000000	6.57936
4225.00000000	6.58060
4225.50000000	6.58047
4226.00000000	6.58069
4226.50000000	6.58144
4227.00000000	6.58273
4227.50000000	6.58439
4228.00000000	6.58768
4228.50000000	6.58923
4229.00000000	6.59044
4229.50000000	6.59069
4230.00000000	6.59087
4230.50000000	6.59033
4231.00000000	6.58944
4231.50000000	6.58711
4232.00000000	6.58364
4232.50000000	6.58144
4233.00000000	6.57896
4233.50000000	6.57785
4234.00000000	6.57671
4234.50000000	6.57608
4235.00000000	6.57502
4235.50000000	6.57369
4236.00000000	6.57173
4236.50000000	6.57045
4237.00000000	6.56892
4237.50000000	6.56788
4238.00000000	6.56636
4238.50000000	6.56533
4239.00000000	6.56323
4239.50000000	6.56158
4240.00000000	6.55948
4240.50000000	6.55663
4241.00000000	6.55448
4241.50000000	6.55268
4242.00000000	6.55235
4242.50000000	6.55131
4243.00000000	6.55009
4243.50000000	6.54896
4244.00000000	6.54798
4244.50000000	6.54681
4245.00000000	6.54532
4245.50000000	6.54440
4246.00000000	6.54452
4246.50000000	6.54318
4247.00000000	6.54356
4247.50000000	6.54551
4248.00000000	6.54778
4248.50000000	6.54896
4249.00000000	6.55103
4249.50000000	6.55214
4250.00000000	6.55285
4250.50000000	6.55432
4251.00000000	6.55637
4251.50000000	6.55857
4252.00000000	6.55907
4252.50000000	6.55886
4253.00000000	6.55819
4253.50000000	6.55731
4254.00000000	6.55714
4254.50000000	6.55660
4255.00000000	6.55752
4255.50000000	6.55906
4256.00000000	6.55982
4256.50000000	6.56054
4257.00000000	6.56054
4257.50000000	6.56124
4258.00000000	6.56058
4258.50000000	6.56101
4259.00000000	6.56201
4259.50000000	6.56310
4260.00000000	6.56444
4260.50000000	6.56647
4261.00000000	6.56884
4261.50000000	6.57143
4262.00000000	6.57234
4262.50000000	6.57356
4263.00000000	6.57412
4263.50000000	6.57587
4264.00000000	6.57697
4264.50000000	6.57693
4265.00000000	6.57651
4265.50000000	6.57579
4266.00000000	6.57599
4266.50000000	6.57523
4267.00000000	6.57489
4267.50000000	6.57482
4268.00000000	6.57422
4268.50000000	6.57383
4269.00000000	6.57352
4269.50000000	6.57352
4270.00000000	6.57403
4270.50000000	6.57532
4271.00000000	6.57563
4271.50000000	6.57528
4272.00000000	6.57462
4272.50000000	6.57456
4273.00000000	6.57443
4273.50000000	6.57442
4274.00000000	6.57512
4274.50000000	6.57443
4275.00000000	6.57392
4275.50000000	6.57433
4276.00000000	6.57517
4276.50000000	6.57392
4277.00000000	6.57140
4277.50000000	6.56826
4278.00000000	6.56617
4278.50000000	6.56332
4279.00000000	6.56142
4279.50000000	6.55984
4280.00000000	6.55898
4280.50000000	6.55810
4281.00000000	6.55632
4281.50000000	6.55505
4282.00000000	6.55406
4282.50000000	6.55296
4283.00000000	6.55179
4283.50000000	6.55109
4284.00000000	6.54955
4284.50000000	6.54950
4285.00000000	6.55111
4285.50000000	6.55235
4286.00000000	6.55358
4286.50000000	6.55477
4287.00000000	6.55396
4287.50000000	6.55433
4288.00000000	6.55367
4288.50000000	6.55352
4289.00000000	6.55361
4289.50000000	6.55283
4290.00000000	6.55167
4290.50000000	6.55026
4291.00000000	6.54943
4291.50000000	6.54919
4292.00000000	6.54827
4292.50000000	6.54722
4293.00000000	6.54649
4293.50000000	6.54640
4294.00000000	6.54631
4294.50000000	6.54682
4295.00000000	6.54687
4295.50000000	6.54798
4296.00000000	6.55052
4296.50000000	6.55143
4297.00000000	6.55112
4297.50000000	6.55087
4298.00000000	6.55022
4298.50000000	6.55043
4299.00000000	6.55203
4299.50000000	6.55484
4300.00000000	6.55783
4300.50000000	6.55997
4301.00000000	6.56228
4301.50000000	6.56379
4302.00000000	6.56619
4302.50000000	6.56825
4303.00000000	6.56939
4303.50000000	6.57042
4304.00000000	6.56920
4304.50000000	6.56908
4305.00000000	6.56939
4305.50000000	6.56936
4306.00000000	6.56904
4306.50000000	6.56696
4307.00000000	6.56502
4307.50000000	6.56467
4308.00000000	6.56437
4308.50000000	6.56303
4309.00000000	6.56277
4309.50000000	6.56247
4310.00000000	6.56222
4310.50000000	6.56067
4311.00000000	6.55848
4311.50000000	6.55673
4312.00000000	6.55481
4312.50000000	6.55408
4313.00000000	6.55352
4313.50000000	6.55432
4314.00000000	6.55563
4314.50000000	6.55686
4315.00000000	6.55722
4315.50000000	6.55842
4316.00000000	6.55881
4316.50000000	6.55857
4317.00000000	6.55894
4317.50000000	6.55749
4318.00000000	6.55686
4318.50000000	6.55746
4319.00000000	6.55850
4319.50000000	6.56123
4320.00000000	6.56457
4320.50000000	6.56784
4321.00000000	6.57160
4321.50000000	6.57408
4322.00000000	6.57662
4322.50000000	6.57800
4323.00000000	6.58046
4323.50000000	6.58185
4324.00000000	6.58524
4324.50000000	6.58744
4325.00000000	6.59017
4325.50000000	6.59173
4326.00000000	6.59378
4326.50000000	6.59473
4327.00000000	6.59428
4327.50000000	6.59350
4328.00000000	6.59212
4328.50000000	6.59085
4329.00000000	6.58887
4329.50000000	6.58829
4330.00000000	6.58613
4330.50000000	6.58465
4331.00000000	6.58291
4331.50000000	6.58102
4332.00000000	6.57935
4332.50000000	6.57674
4333.00000000	6.57398
4333.50000000	6.57055
4334.00000000	6.56689
4334.50000000	6.56329
4335.00000000	6.56176
4335.50000000	6.56210
4336.00000000	6.56226
4336.50000000	6.56292
4337.00000000	6.56474
4337.50000000	6.56786
4338.00000000	6.57007
4338.50000000	6.57202
4339.00000000	6.57294
4339.50000000	6.57267
4340.00000000	6.57264
4340.50000000	6.57307
4341.00000000	6.57246
4341.50000000	6.57089
4342.00000000	6.57012
4342.50000000	6.57068
4343.00000000	6.57095
4343.50000000	6.57106
4344.00000000	6.57153
4344.50000000	6.57174
4345.00000000	6.57084
4345.50000000	6.56931
4346.00000000	6.56912
4346.50000000	6.56935
4347.00000000	6.57002
4347.50000000	6.57062
4348.00000000	6.57285
4348.50000000	6.57475
4349.00000000	6.57659
4349.50000000	6.58002
4350.00000000	6.58349
4350.50000000	6.58697
4351.00000000	6.59079
4351.50000000	6.59355
4352.00000000	6.59602
4352.50000000	6.59757
4353.00000000	6.59924
4353.50000000	6.60059
4354.00000000	6.60153
4354.50000000	6.60127
4355.00000000	6.60110
4355.50000000	6.60162
4356.00000000	6.60382
4356.50000000	6.60654
4357.00000000	6.60919
4357.50000000	6.61236
4358.00000000	6.61542
4358.50000000	6.61717
4359.00000000	6.62018
4359.50000000	6.62260
4360.00000000	6.62540
4360.50000000	6.62798
4361.00000000	6.63127
4361.50000000	6.63567
4362.00000000	6.64067
4362.50000000	6.64534
4363.00000000	6.64871
4363.50000000	6.65373
4364.00000000	6.65873
4364.50000000	6.66302
4365.00000000	6.66697
4365.50000000	6.67005
4366.00000000	6.67380
4366.50000000	6.67793
4367.00000000	6.68120
4367.50000000	6.68466
4368.00000000	6.68864
4368.50000000	6.69231
4369.00000000	6.69620
4369.50000000	6.69982
4370.00000000	6.70292
4370.50000000	6.70508
4371.00000000	6.70684
4371.50000000	6.70846
4372.00000000	6.71079
4372.50000000	6.71137
4373.00000000	6.71104
4373.50000000	6.71158
4374.00000000	6.71429
4374.50000000	6.71832
4375.00000000	6.72183
4375.50000000	6.72495
4376.00000000	6.72804
4376.50000000	6.73088
4377.00000000	6.73408
4377.50000000	6.73624
4378.00000000	6.73858
4378.50000000	6.74122
4379.00000000	6.74365
4379.50000000	6.74503
4380.00000000	6.74694
4380.50000000	6.74818
4381.00000000	6.74862
4381.50000000	6.75114
4382.00000000	6.75337
4382.50000000	6.75451
4383.00000000	6.75497
4383.50000000	6.75556
4384.00000000	6.75666
4384.50000000	6.75817
4385.00000000	6.76023
4385.50000000	6.76163
4386.00000000	6.76193
4386.50000000	6.76245
4387.00000000	6.76367
4387.50000000	6.76430
4388.00000000	6.76530
4388.50000000	6.76688
4389.00000000	6.76903
4389.50000000	6.77045
4390.00000000	6.77133
4390.50000000	6.77333
4391.00000000	6.77502
4391.50000000	6.77779
4392.00000000	6.78025
4392.50000000	6.78265
4393.00000000	6.78436
4393.50000000	6.78780
4394.00000000	6.79034
4394.50000000	6.79181
4395.00000000	6.79324
4395.50000000	6.79470
4396.00000000	6.79435
4396.50000000	6.79333
4397.00000000	6.79236
4397.50000000	6.79069
4398.00000000	6.78934
4398.50000000	6.78894
4399.00000000	6.78867
4399.50000000	6.78733
4400.00000000	6.78613
4400.50000000	6.78368
4401.00000000	6.78222
4401.50000000	6.77939
4402.00000000	6.77816
4402.50000000	6.77761
4403.00000000	6.77836
4403.50000000	6.77888
4404.00000000	6.77974
4404.50000000	6.78014
4405.00000000	6.78127
4405.50000000	6.78251
4406.00000000	6.78441
4406.50000000	6.78699
4407.00000000	6.78872
4407.50000000	6.78940
4408.00000000	6.78964
4408.50000000	6.78953
4409.00000000	6.78986
4409.50000000	6.78909
4410.00000000	6.78811
4410.50000000	6.78879
4411.00000000	6.78912
4411.50000000	6.78972
4412.00000000	6.78889
4412.50000000	6.78785
4413.00000000	6.78752
4413.50000000	6.78740
4414.00000000	6.78740
4414.50000000	6.78716
4415.00000000	6.78646
4415.50000000	6.78589
4416.00000000	6.78665
4416.50000000	6.78764
4417.00000000	6.78850
4417.50000000	6.78966
4418.00000000	6.79197
4418.50000000	6.79425
4419.00000000	6.79492
4419.50000000	6.79556
4420.00000000	6.79448
4420.50000000	6.79468
4421.00000000	6.79522
4421.50000000	6.79596
4422.00000000	6.79665
4422.50000000	6.79679
4423.00000000	6.79542
4423.50000000	6.79496
4424.00000000	6.79520
4424.50000000	6.79496
4425.00000000	6.79396
4425.50000000	6.79264
4426.00000000	6.79088
4426.50000000	6.78877
4427.00000000	6.78621
4427.50000000	6.78445
4428.00000000	6.78267
4428.50000000	6.78085
4429.00000000	6.77994
4429.50000000	6.77967
4430.00000000	6.78064
4430.50000000	6.78206
4431.00000000	6.78390
4431.50000000	6.78574
4432.00000000	6.78838
4432.50000000	6.78998
4433.00000000	6.79240
4433.50000000	6.79450
4434.00000000	6.79513
4434.50000000	6.79647
4435.00000000	6.79888
4435.50000000	6.80132
4436.00000000	6.80273
4436.50000000	6.80342
4437.00000000	6.80430
4437.50000000	6.80511
4438.00000000	6.80568
4438.50000000	6.80593
4439.00000000	6.80633
4439.50000000	6.80629
4440.00000000	6.80464
4440.50000000	6.80388
4441.00000000	6.80361
4441.50000000	6.80311
4442.00000000	6.80305
4442.50000000	6.80340
4443.00000000	6.80241
4443.50000000	6.80186
4444.00000000	6.80105
4444.50000000	6.79849
4445.00000000	6.79602
4445.50000000	6.79343
4446.00000000	6.78987
4446.50000000	6.78685
4447.00000000	6.78353
4447.50000000	6.78131
4448.00000000	6.77974
4448.50000000	6.77794
4449.00000000	6.77569
4449.50000000	6.77404
4450.00000000	6.77309
4450.50000000	6.77356
4451.00000000	6.77386
4451.50000000	6.77375
4452.00000000	6.77556
4452.50000000	6.77759
4453.00000000	6.78097
4453.50000000	6.78452
4454.00000000	6.78828
4454.50000000	6.79137
4455.00000000	6.79206
4455.50000000	6.79190
4456.00000000	6.79206
4456.50000000	6.79152
4457.00000000	6.79068
4457.50000000	6.79065
4458.00000000	6.79205
4458.50000000	6.79408
4459.00000000	6.79527
4459.50000000	6.79823
4460.00000000	6.80205
4460.50000000	6.80630
4461.00000000	6.80999
4461.50000000	6.81324
4462.00000000	6.81573
4462.50000000	6.81813
4463.00000000	6.82184
4463.50000000	6.82602
4464.00000000	6.82821
4464.50000000	6.83105
4465.00000000	6.83455
4465.50000000	6.83747
4466.00000000	6.84024
4466.50000000	6.84155
4467.00000000	6.84279
4467.50000000	6.84547
4468.00000000	6.84860
4468.50000000	6.85273
4469.00000000	6.85532
4469.50000000	6.85737
4470.00000000	6.85805
4470.50000000	6.85796
4471.00000000	6.85772
4471.50000000	6.85754
4472.00000000	6.85858
4472.50000000	6.86029
4473.00000000	6.86174
4473.50000000	6.86380
4474.00000000	6.86525
4474.50000000	6.86760
4475.00000000	6.86951
4475.50000000	6.87128
4476.00000000	6.87260
4476.50000000	6.87272
4477.00000000	6.87262
4477.50000000	6.87219
4478.00000000	6.87237
4478.50000000	6.87283
4479.00000000	6.87196
4479.50000000	6.87026
4480.00000000	6.86941
4480.50000000	6.86899
4481.00000000	6.86903
4481.50000000	6.86786
4482.00000000	6.86703
4482.50000000	6.86635
4483.00000000	6.86516
4483.50000000	6.86334
4484.00000000	6.86068
4484.50000000	6.85783
4485.00000000	6.85592
4485.50000000	6.85436
4486.00000000	6.85237
4486.50000000	6.85008
4487.00000000	6.84624
4487.50000000	6.84152
4488.00000000	6.83850
4488.50000000	6.83844
4489.00000000	6.83746
4489.50000000	6.83708
4490.00000000	6.83554
4490.50000000	6.83399
4491.00000000	6.83130
4491.50000000	6.82948
4492.00000000	6.82885
4492.50000000	6.82746
4493.00000000	6.82649
4493.50000000	6.82620
4494.00000000	6.82610
4494.50000000	6.82622
4495.00000000	6.82813
4495.50000000	6.82981
4496.00000000	6.83142
4496.50000000	6.83357
4497.00000000	6.83568
4497.50000000	6.83771
4498.00000000	6.84005
4498.50000000	6.84253
4499.00000000	6.84440
4499.50000000	6.84509
4500.00000000	6.84445
4500.50000000	6.84301
4501.00000000	6.84127
4501.50000000	6.84053
4502.00000000	6.83911
4502.50000000	6.83742
4503.00000000	6.83604
4503.50000000	6.83571
4504.00000000	6.83565
4504.50000000	6.83396
4505.00000000	6.83152
4505.50000000	6.82990
4506.00000000	6.82901
4506.50000000	6.82837
4507.00000000	6.82937
4507.50000000	6.83016
4508.00000000	6.83043
4508.50000000	6.83125
4509.00000000	6.83217
4509.50000000	6.83382
4510.00000000	6.83480
4510.50000000	6.83465
4511.00000000	6.83499
4511.50000000	6.83451
4512.00000000	6.83518
4512.50000000	6.83593
4513.00000000	6.83611
4513.50000000	6.83580
4514.00000000	6.83577
4514.50000000	6.83509
4515.00000000	6.83440
4515.50000000	6.83493
4516.00000000	6.83547
4516.50000000	6.83594
4517.00000000	6.83611
4517.50000000	6.83581
4518.00000000	6.83634
4518.50000000	6.83711
4519.00000000	6.83862
4519.50000000	6.83888
4520.00000000	6.83997
4520.50000000	6.84142
4521.00000000	6.84226
4521.50000000	6.84297
4522.00000000	6.84309
4522.50000000	6.84246
4523.00000000	6.84096
4523.50000000	6.84040
4524.00000000	6.83856
4524.50000000	6.83672
4525.00000000	6.83498
4525.50000000	6.83437
4526.00000000	6.83361
4526.50000000	6.83360
4527.00000000	6.83321
4527.50000000	6.83290
4528.00000000	6.83277
4528.50000000	6.83188
4529.00000000	6.83071
4529.50000000	6.83097
4530.00000000	6.83120
4530.50000000	6.83246
4531.00000000	6.83531
4531.50000000	6.83926
4532.00000000	6.84356
4532.50000000	6.84639
4533.00000000	6.84806
4533.50000000	6.84931
4534.00000000	6.85023
4534.50000000	6.85031
4535.00000000	6.85030
4535.50000000	6.85000
4536.00000000	6.84823
4536.50000000	6.84605
4537.00000000	6.84447
4537.50000000	6.84406
4538.00000000	6.84304
4538.50000000	6.84249
4539.00000000	6.84360
4539.50000000	6.84460
4540.00000000	6.84707
4540.50000000	6.84906
4541.00000000	6.85114
4541.50000000	6.85234
4542.00000000	6.85390
4542.50000000	6.85484
4543.00000000	6.85533
4543.50000000	6.85478
4544.00000000	6.85387
4544.50000000	6.85403
4545.00000000	6.85371
4545.50000000	6.85152
4546.00000000	6.84878
4546.50000000	6.84561
4547.00000000	6.84374
4547.50000000	6.84152
4548.00000000	6.84126
4548.50000000	6.84107
4549.00000000	6.84095
4549.50000000	6.84057
4550.00000000	6.83998
4550.50000000	6.83958
4551.00000000	6.83790
4551.50000000	6.83758
4552.00000000	6.83532
4552.50000000	6.83290
4553.00000000	6.83128
4553.50000000	6.82967
4554.00000000	6.82715
4554.50000000	6.82400
4555.00000000	6.82317
4555.50000000	6.82162
4556.00000000	6.81944
4556.50000000	6.81663
4557.00000000	6.81240
4557.50000000	6.80956
4558.00000000	6.80700
4558.50000000	6.80542
4559.00000000	6.80371
4559.50000000	6.80235
4560.00000000	6.80154
4560.50000000	6.80040
4561.00000000	6.79893
4561.50000000	6.79959
4562.00000000	6.79814
4562.50000000	6.79687
4563.00000000	6.79627
4563.50000000	6.79478
4564.00000000	6.79415
4564.50000000	6.79228
4565.00000000	6.79101
4565.50000000	6.79021
4566.00000000	6.78920
4566.50000000	6.78735
4567.00000000	6.78476
4567.50000000	6.78304
4568.00000000	6.78180
4568.50000000	6.77979
4569.00000000	6.77837
4569.50000000	6.77658
4570.00000000	6.77276
4570.50000000	6.76879
4571.00000000	6.76699
4571.50000000	6.76627
4572.00000000	6.76474
4572.50000000	6.76322
4573.00000000	6.76059
