5.5391900000000005	0.000892507	5.669180633
5.530959999999999	0.000892507	5.669180633
5.51566	0.000892507	5.669180633
5.51996	0.000892507	5.669180633
5.52961	0.000892507	5.669180633
5.52912	0.000892507	5.669180633
5.50858	0.000892507	5.669180633
5.48989	0.000892507	5.669180633
5.4817599999999995	0.000892507	5.669180633
5.488630000000001	0.000892507	5.669180633
5.49242	0.000892507	5.669180633
5.48735	0.000892507	5.669180633
5.4884900000000005	0.000892507	5.669180633
5.49324	0.000892507	5.669180633
5.48989	0.000892507	5.669180633
5.49713	0.000892507	5.669180633
5.51641	0.000892507	5.669180633
5.54622	0.000892507	5.669180633
5.5779	0.000892507	5.669180633
5.61452	0.000892507	5.669180633
5.63975	0.000892507	5.669180633
5.66671	0.000892507	5.669180633
5.6831	0.000892507	5.669180633
5.70784	0.000892507	5.669180633
5.73426	0.000892507	5.669180633
5.75319	0.000892507	5.669180633
5.7737099999999995	0.000892507	5.669180633
5.79009	0.000892507	5.669180633
5.8136	0.000892507	5.669180633
5.83472	0.000892507	5.669180633
5.855630000000001	0.000892507	5.669180633
5.87565	0.000892507	5.669180633
5.88933	0.000892507	5.669180633
5.88464	0.000892507	5.669180633
5.88561	0.000892507	5.669180633
5.89341	0.000892507	5.669180633
5.88968	0.000892507	5.669180633
5.89585	0.000892507	5.669180633
5.90608	0.000892507	5.669180633
5.9050199999999995	0.000892507	5.669180633
5.90905	0.000892507	5.669180633
5.91568	0.000892507	5.669180633
5.92964	0.000892507	5.669180633
5.94187	0.000892507	5.669180633
5.96214	0.000892507	5.669180633
5.98156	0.000892507	5.669180633
5.99714	0.000892507	5.669180633
6.0164599999999995	0.000892507	5.669180633
6.0259599999999995	0.000892507	5.669180633
6.031540000000001	0.000892507	5.669180633
6.04101	0.000892507	5.669180633
6.05005	0.000892507	5.669180633
6.05815	0.000892507	5.669180633
6.0663	0.000892507	5.669180633
6.06191	0.000892507	5.669180633
6.05295	0.000892507	5.669180633
6.048080000000001	0.000892507	5.669180633
6.04195	0.000892507	5.669180633
6.02201	0.000892507	5.669180633
5.98508	0.000892507	5.669180633
5.94761	0.000892507	5.669180633
5.90731	0.000892507	5.669180633
5.86871	0.000892507	5.669180633
5.84351	0.000892507	5.669180633
5.826890000000001	0.000892507	5.669180633
5.815519999999999	0.000892507	5.669180633
5.80819	0.000892507	5.669180633
5.78771	0.000892507	5.669180633
5.76507	0.000892507	5.669180633
5.74751	0.000892507	5.669180633
5.7359599999999995	0.000892507	5.669180633
5.71021	0.000892507	5.669180633
5.68199	0.000892507	5.669180633
5.66657	0.000892507	5.669180633
5.66501	0.000892507	5.669180633
5.65505	0.000892507	5.669180633
5.633030000000001	0.000892507	5.669180633
5.625430000000001	0.000892507	5.669180633
5.6102300000000005	0.000892507	5.669180633
5.58259	0.000892507	5.669180633
5.562790000000001	0.000892507	5.669180633
5.55894	0.000892507	5.669180633
5.5591099999999996	0.000892507	5.669180633
5.55475	0.000892507	5.669180633
5.55863	0.000892507	5.669180633
5.5492099999999995	0.000892507	5.669180633
5.533	0.000892507	5.669180633
5.531630000000001	0.000892507	5.669180633
5.52495	0.000892507	5.669180633
5.52208	0.000892507	5.669180633
5.50925	0.000892507	5.669180633
5.50675	0.000892507	5.669180633
5.5065800000000005	0.000892507	5.669180633
5.50213	0.000892507	5.669180633
5.502619999999999	0.000892507	5.669180633
5.50596	0.000892507	5.669180633
5.51253	0.000892507	5.669180633
5.51762	0.000892507	5.669180633
5.5168	0.000892507	5.669180633
5.51848	0.000892507	5.669180633
5.51043	0.000892507	5.669180633
5.50362	0.000892507	5.669180633
5.504630000000001	0.000892507	5.669180633
5.50216	0.000892507	5.669180633
5.49149	0.000892507	5.669180633
5.48003	0.000892507	5.669180633
5.47849	0.000892507	5.669180633
5.482419999999999	0.000892507	5.669180633
5.487480000000001	0.000892507	5.669180633
5.48945	0.000892507	5.669180633
5.494730000000001	0.000892507	5.669180633
5.50788	0.000892507	5.669180633
5.50662	0.000892507	5.669180633
5.5094	0.000892507	5.669180633
5.52016	0.000892507	5.669180633
5.53092	0.000892507	5.669180633
5.5419	0.000892507	5.669180633
5.543019999999999	0.000892507	5.669180633
5.54042	0.000892507	5.669180633
5.54756	0.000892507	5.669180633
5.55295	0.000892507	5.669180633
5.55541	0.000892507	5.669180633
5.55168	0.000892507	5.669180633
5.54295	0.000892507	5.669180633
5.536980000000001	0.000892507	5.669180633
5.52704	0.000892507	5.669180633
5.51708	0.000892507	5.669180633
5.49977	0.000892507	5.669180633
5.48746	0.000892507	5.669180633
5.46727	0.000892507	5.669180633
5.45335	0.000892507	5.669180633
5.4398	0.000892507	5.669180633
5.4362	0.000892507	5.669180633
5.44148	0.000892507	5.669180633
5.44215	0.000892507	5.669180633
5.4307099999999995	0.000892507	5.669180633
5.4173800000000005	0.000892507	5.669180633
5.40954	0.000892507	5.669180633
5.39543	0.000892507	5.669180633
5.368040000000001	0.000892507	5.669180633
5.3554900000000005	0.000892507	5.669180633
5.34176	0.000892507	5.669180633
5.34031	0.000892507	5.669180633
5.3434099999999995	0.000892507	5.669180633
5.3419099999999995	0.000892507	5.669180633
5.34807	0.000892507	5.669180633
5.34883	0.000892507	5.669180633
5.34684	0.000892507	5.669180633
5.34657	0.000892507	5.669180633
5.35272	0.000892507	5.669180633
5.35492	0.000892507	5.669180633
5.34505	0.000892507	5.669180633
5.34472	0.000892507	5.669180633
5.35421	0.000892507	5.669180633
5.35877	0.000892507	5.669180633
5.36891	0.000892507	5.669180633
5.38614	0.000892507	5.669180633
5.40666	0.000892507	5.669180633
5.4275400000000005	0.000892507	5.669180633
5.43494	0.000892507	5.669180633
5.44572	0.000892507	5.669180633
5.4526699999999995	0.000892507	5.669180633
5.46629	0.000892507	5.669180633
5.47613	0.000892507	5.669180633
5.50016	0.000892507	5.669180633
5.5126800000000005	0.000892507	5.669180633
5.50908	0.000892507	5.669180633
5.51229	0.000892507	5.669180633
5.51771	0.000892507	5.669180633
5.524430000000001	0.000892507	5.669180633
5.5206	0.000892507	5.669180633
5.516769999999999	0.000892507	5.669180633
5.5361199999999995	0.000892507	5.669180633
5.5532	0.000892507	5.669180633
5.56722	0.000892507	5.669180633
5.59925	0.000892507	5.669180633
5.63548	0.000892507	5.669180633
5.6634400000000005	0.000892507	5.669180633
5.69652	0.000892507	5.669180633
5.7244	0.000892507	5.669180633
5.755809999999999	0.000892507	5.669180633
5.79128	0.000892507	5.669180633
5.82375	0.000892507	5.669180633
5.8516699999999995	0.000892507	5.669180633
5.88404	0.000892507	5.669180633
5.91854	0.000892507	5.669180633
5.94602	0.000892507	5.669180633
5.97035	0.000892507	5.669180633
5.98539	0.000892507	5.669180633
5.99426	0.000892507	5.669180633
6.00418	0.000892507	5.669180633
6.01126	0.000892507	5.669180633
6.02134	0.000892507	5.669180633
6.03081	0.000892507	5.669180633
6.01895	0.000892507	5.669180633
5.9971	0.000892507	5.669180633
5.97881	0.000892507	5.669180633
5.951280000000001	0.000892507	5.669180633
5.92751	0.000892507	5.669180633
5.9097	0.000892507	5.669180633
5.90041	0.000892507	5.669180633
5.8998	0.000892507	5.669180633
5.894819999999999	0.000892507	5.669180633
5.8868599999999995	0.000892507	5.669180633
5.87954	0.000892507	5.669180633
5.87772	0.000892507	5.669180633
5.87962	0.000892507	5.669180633
5.87892	0.000892507	5.669180633
5.8815800000000005	0.000892507	5.669180633
5.88663	0.000892507	5.669180633
5.88507	0.000892507	5.669180633
5.88887	0.000892507	5.669180633
5.88804	0.000892507	5.669180633
5.8846099999999995	0.000892507	5.669180633
5.87287	0.000892507	5.669180633
5.85309	0.000892507	5.669180633
5.83867	0.000892507	5.669180633
5.83818	0.000892507	5.669180633
5.83035	0.000892507	5.669180633
5.8131900000000005	0.000892507	5.669180633
5.78448	0.000892507	5.669180633
5.75176	0.000892507	5.669180633
5.7276	0.000892507	5.669180633
5.70516	0.000892507	5.669180633
5.69262	0.000892507	5.669180633
5.67354	0.000892507	5.669180633
5.65831	0.000892507	5.669180633
5.6374699999999995	0.000892507	5.669180633
5.6258099999999995	0.000892507	5.669180633
5.61026	0.000892507	5.669180633
5.5944199999999995	0.000892507	5.669180633
5.57671	0.000892507	5.669180633
5.55513	0.000892507	5.669180633
5.53097	0.000892507	5.669180633
5.51584	0.000892507	5.669180633
5.5023	0.000892507	5.669180633
5.50035	0.000892507	5.669180633
5.48654	0.000892507	5.669180633
5.47492	0.000892507	5.669180633
5.45121	0.000892507	5.669180633
5.42269	0.000892507	5.669180633
5.40166	0.000892507	5.669180633
5.38769	0.000892507	5.669180633
5.378	0.000892507	5.669180633
5.369190000000001	0.000892507	5.669180633
5.3703199999999995	0.000892507	5.669180633
5.37615	0.000892507	5.669180633
5.380730000000001	0.000892507	5.669180633
5.36866	0.000892507	5.669180633
5.35166	0.000892507	5.669180633
5.33481	0.000892507	5.669180633
5.30529	0.000892507	5.669180633
5.2739	0.000892507	5.669180633
5.2502699999999995	0.000892507	5.669180633
5.24287	0.000892507	5.669180633
5.231990000000001	0.000892507	5.669180633
5.24067	0.000892507	5.669180633
5.23816	0.000892507	5.669180633
5.24423	0.000892507	5.669180633
5.25381	0.000892507	5.669180633
5.25852	0.000892507	5.669180633
5.2536	0.000892507	5.669180633
5.24341	0.000892507	5.669180633
5.2362400000000004	0.000892507	5.669180633
5.22419	0.000892507	5.669180633
5.21352	0.000892507	5.669180633
5.18971	0.000892507	5.669180633
5.18115	0.000892507	5.669180633
5.16374	0.000892507	5.669180633
5.14427	0.000892507	5.669180633
5.12616	0.000892507	5.669180633
5.11934	0.000892507	5.669180633
5.09976	0.000892507	5.669180633
5.08242	0.000892507	5.669180633
5.06548	0.000892507	5.669180633
5.05359	0.000892507	5.669180633
5.04445	0.000892507	5.669180633
5.02611	0.000892507	5.669180633
5.00734	0.000892507	5.669180633
4.9844800000000005	0.000892507	5.669180633
4.97848	0.000892507	5.669180633
4.97215	0.000892507	5.669180633
4.96296	0.000892507	5.669180633
4.96047	0.000892507	5.669180633
4.94785	0.000892507	5.669180633
4.93734	0.000892507	5.669180633
4.92847	0.000892507	5.669180633
4.92715	0.000892507	5.669180633
4.92352	0.000892507	5.669180633
4.92661	0.000892507	5.669180633
4.92289	0.000892507	5.669180633
4.91121	0.000892507	5.669180633
4.9023900000000005	0.000892507	5.669180633
4.88537	0.000892507	5.669180633
4.86655	0.000892507	5.669180633
4.84094	0.000892507	5.669180633
4.82281	0.000892507	5.669180633
4.803030000000001	0.000892507	5.669180633
4.78584	0.000892507	5.669180633
4.7809800000000005	0.000892507	5.669180633
4.77656	0.000892507	5.669180633
4.7862	0.000892507	5.669180633
4.77809	0.000892507	5.669180633
4.77155	0.000892507	5.669180633
4.76654	0.000892507	5.669180633
4.75759	0.000892507	5.669180633
4.7537400000000005	0.000892507	5.669180633
4.76219	0.000892507	5.669180633
4.7651699999999995	0.000892507	5.669180633
4.7705	0.000892507	5.669180633
4.77773	0.000892507	5.669180633
4.79379	0.000892507	5.669180633
4.80384	0.000892507	5.669180633
4.80523	0.000892507	5.669180633
4.80788	0.000892507	5.669180633
4.82225	0.000892507	5.669180633
4.82876	0.000892507	5.669180633
4.84505	0.000892507	5.669180633
4.8639	0.000892507	5.669180633
4.87784	0.000892507	5.669180633
4.88806	0.000892507	5.669180633
4.91236	0.000892507	5.669180633
4.94011	0.000892507	5.669180633
4.96397	0.000892507	5.669180633
4.98717	0.000892507	5.669180633
5.01043	0.000892507	5.669180633
5.0320599999999995	0.000892507	5.669180633
5.05738	0.000892507	5.669180633
5.09172	0.000892507	5.669180633
5.12755	0.000892507	5.669180633
5.16913	0.000892507	5.669180633
5.20235	0.000892507	5.669180633
5.23298	0.000892507	5.669180633
5.2549	0.000892507	5.669180633
5.26484	0.000892507	5.669180633
5.26135	0.000892507	5.669180633
5.2630300000000005	0.000892507	5.669180633
5.27104	0.000892507	5.669180633
5.27761	0.000892507	5.669180633
5.29213	0.000892507	5.669180633
5.30825	0.000892507	5.669180633
5.31706	0.000892507	5.669180633
5.307259999999999	0.000892507	5.669180633
5.29631	0.000892507	5.669180633
5.28069	0.000892507	5.669180633
5.25058	0.000892507	5.669180633
5.22282	0.000892507	5.669180633
5.18889	0.000892507	5.669180633
5.16781	0.000892507	5.669180633
5.1483300000000005	0.000892507	5.669180633
5.12317	0.000892507	5.669180633
5.10431	0.000892507	5.669180633
5.0819	0.000892507	5.669180633
5.06056	0.000892507	5.669180633
5.04493	0.000892507	5.669180633
5.03279	0.000892507	5.669180633
5.02077	0.000892507	5.669180633
5.0119	0.000892507	5.669180633
5.0160800000000005	0.000892507	5.669180633
5.02426	0.000892507	5.669180633
5.03245	0.000892507	5.669180633
5.0273699999999995	0.000892507	5.669180633
5.04087	0.000892507	5.669180633
5.0502400000000005	0.000892507	5.669180633
5.053730000000001	0.000892507	5.669180633
5.06541	0.000892507	5.669180633
5.08279	0.000892507	5.669180633
5.094869999999999	0.000892507	5.669180633
5.103280000000001	0.000892507	5.669180633
5.12001	0.000892507	5.669180633
5.12809	0.000892507	5.669180633
5.13215	0.000892507	5.669180633
5.14768	0.000892507	5.669180633
5.16058	0.000892507	5.669180633
5.17357	0.000892507	5.669180633
5.18958	0.000892507	5.669180633
5.20949	0.000892507	5.669180633
5.2377199999999995	0.000892507	5.669180633
5.26572	0.000892507	5.669180633
5.2914900000000005	0.000892507	5.669180633
5.32165	0.000892507	5.669180633
5.34061	0.000892507	5.669180633
5.35619	0.000892507	5.669180633
5.38239	0.000892507	5.669180633
5.40444	0.000892507	5.669180633
5.43916	0.000892507	5.669180633
5.46057	0.000892507	5.669180633
5.47382	0.000892507	5.669180633
5.4873400000000006	0.000892507	5.669180633
5.50075	0.000892507	5.669180633
5.5166900000000005	0.000892507	5.669180633
5.54258	0.000892507	5.669180633
5.55065	0.000892507	5.669180633
5.553380000000001	0.000892507	5.669180633
5.5527	0.000892507	5.669180633
5.54915	0.000892507	5.669180633
5.55817	0.000892507	5.669180633
5.55675	0.000892507	5.669180633
5.54524	0.000892507	5.669180633
5.5275099999999995	0.000892507	5.669180633
5.51432	0.000892507	5.669180633
5.50162	0.000892507	5.669180633
5.479830000000001	0.000892507	5.669180633
5.46438	0.000892507	5.669180633
5.449669999999999	0.000892507	5.669180633
5.4284099999999995	0.000892507	5.669180633
5.39958	0.000892507	5.669180633
5.37269	0.000892507	5.669180633
5.35405	0.000892507	5.669180633
5.3422	0.000892507	5.669180633
5.310630000000001	0.000892507	5.669180633
5.27575	0.000892507	5.669180633
5.24421	0.000892507	5.669180633
5.21125	0.000892507	5.669180633
5.18081	0.000892507	5.669180633
5.14775	0.000892507	5.669180633
5.1118	0.000892507	5.669180633
5.08471	0.000892507	5.669180633
5.06575	0.000892507	5.669180633
5.04547	0.000892507	5.669180633
5.02158	0.000892507	5.669180633
4.99254	0.000892507	5.669180633
4.9600800000000005	0.000892507	5.669180633
4.94187	0.000892507	5.669180633
4.92589	0.000892507	5.669180633
4.902430000000001	0.000892507	5.669180633
4.8878699999999995	0.000892507	5.669180633
4.88628	0.000892507	5.669180633
4.88598	0.000892507	5.669180633
4.87852	0.000892507	5.669180633
4.86843	0.000892507	5.669180633
4.84954	0.000892507	5.669180633
4.8374	0.000892507	5.669180633
4.83065	0.000892507	5.669180633
4.81464	0.000892507	5.669180633
4.79386	0.000892507	5.669180633
4.772480000000001	0.000892507	5.669180633
4.74739	0.000892507	5.669180633
4.7291099999999995	0.000892507	5.669180633
4.71735	0.000892507	5.669180633
4.71226	0.000892507	5.669180633
4.703869999999999	0.000892507	5.669180633
4.68752	0.000892507	5.669180633
4.67347	0.000892507	5.669180633
4.66441	0.000892507	5.669180633
4.65451	0.000892507	5.669180633
4.650530000000001	0.000892507	5.669180633
4.64222	0.000892507	5.669180633
4.63269	0.000892507	5.669180633
4.63441	0.000892507	5.669180633
4.63826	0.000892507	5.669180633
4.64607	0.000892507	5.669180633
4.65393	0.000892507	5.669180633
4.6534	0.000892507	5.669180633
4.64923	0.000892507	5.669180633
4.64058	0.000892507	5.669180633
4.64323	0.000892507	5.669180633
4.65719	0.000892507	5.669180633
4.65859	0.000892507	5.669180633
4.65935	0.000892507	5.669180633
4.65257	0.000892507	5.669180633
4.6393	0.000892507	5.669180633
4.62514	0.000892507	5.669180633
4.60925	0.000892507	5.669180633
4.59515	0.000892507	5.669180633
4.57958	0.000892507	5.669180633
4.56013	0.000892507	5.669180633
4.53608	0.000892507	5.669180633
4.50534	0.000892507	5.669180633
4.4827699999999995	0.000892507	5.669180633
4.44763	0.000892507	5.669180633
4.41019	0.000892507	5.669180633
4.38261	0.000892507	5.669180633
4.356330000000001	0.000892507	5.669180633
4.334280000000001	0.000892507	5.669180633
4.3228800000000005	0.000892507	5.669180633
4.31029	0.000892507	5.669180633
4.2946	0.000892507	5.669180633
4.28986	0.000892507	5.669180633
4.29066	0.000892507	5.669180633
4.27682	0.000892507	5.669180633
4.26117	0.000892507	5.669180633
4.2387	0.000892507	5.669180633
4.22405	0.000892507	5.669180633
4.2089099999999995	0.000892507	5.669180633
4.1790199999999995	0.000892507	5.669180633
4.16047	0.000892507	5.669180633
4.14461	0.000892507	5.669180633
4.1274	0.000892507	5.669180633
4.10849	0.000892507	5.669180633
4.08982	0.000892507	5.669180633
4.06942	0.000892507	5.669180633
4.06404	0.000892507	5.669180633
4.06251	0.000892507	5.669180633
4.06142	0.000892507	5.669180633
4.0558	0.000892507	5.669180633
4.04727	0.000892507	5.669180633
4.05395	0.000892507	5.669180633
4.056690000000001	0.000892507	5.669180633
4.04603	0.000892507	5.669180633
4.0309800000000005	0.000892507	5.669180633
4.01411	0.000892507	5.669180633
4.0107	0.000892507	5.669180633
4.00453	0.000892507	5.669180633
4.00798	0.000892507	5.669180633
4.011769999999999	0.000892507	5.669180633
4.01627	0.000892507	5.669180633
4.0254900000000005	0.000892507	5.669180633
4.045059999999999	0.000892507	5.669180633
4.05825	0.000892507	5.669180633
4.0628400000000005	0.000892507	5.669180633
4.06805	0.000892507	5.669180633
4.07483	0.000892507	5.669180633
4.0843300000000005	0.000892507	5.669180633
4.08096	0.000892507	5.669180633
4.0759099999999995	0.000892507	5.669180633
4.06771	0.000892507	5.669180633
4.0612	0.000892507	5.669180633
4.0481	0.000892507	5.669180633
4.03452	0.000892507	5.669180633
4.027480000000001	0.000892507	5.669180633
4.0219	0.000892507	5.669180633
4.02526	0.000892507	5.669180633
4.02033	0.000892507	5.669180633
4.01146	0.000892507	5.669180633
4.0095	0.000892507	5.669180633
4.021809999999999	0.000892507	5.669180633
4.0328	0.000892507	5.669180633
4.04629	0.000892507	5.669180633
4.06795	0.000892507	5.669180633
4.0817	0.000892507	5.669180633
4.10606	0.000892507	5.669180633
4.13526	0.000892507	5.669180633
4.16426	0.000892507	5.669180633
4.1887099999999995	0.000892507	5.669180633
4.2108099999999995	0.000892507	5.669180633
4.22208	0.000892507	5.669180633
4.22905	0.000892507	5.669180633
4.24257	0.000892507	5.669180633
4.255240000000001	0.000892507	5.669180633
4.27155	0.000892507	5.669180633
4.28287	0.000892507	5.669180633
4.29654	0.000892507	5.669180633
4.31404	0.000892507	5.669180633
4.326969999999999	0.000892507	5.669180633
4.34462	0.000892507	5.669180633
4.3570400000000005	0.000892507	5.669180633
4.3920900000000005	0.000892507	5.669180633
4.43714	0.000892507	5.669180633
4.47727	0.000892507	5.669180633
4.510730000000001	0.000892507	5.669180633
4.54146	0.000892507	5.669180633
4.56544	0.000892507	5.669180633
4.58622	0.000892507	5.669180633
4.6112400000000004	0.000892507	5.669180633
4.6487300000000005	0.000892507	5.669180633
4.67737	0.000892507	5.669180633
4.71318	0.000892507	5.669180633
4.7436300000000005	0.000892507	5.669180633
4.76777	0.000892507	5.669180633
4.79177	0.000892507	5.669180633
4.80384	0.000892507	5.669180633
4.8044199999999995	0.000892507	5.669180633
4.81084	0.000892507	5.669180633
4.81113	0.000892507	5.669180633
4.807169999999999	0.000892507	5.669180633
4.79439	0.000892507	5.669180633
4.79039	0.000892507	5.669180633
4.7693	0.000892507	5.669180633
4.75995	0.000892507	5.669180633
4.7525699999999995	0.000892507	5.669180633
4.74667	0.000892507	5.669180633
4.7331900000000005	0.000892507	5.669180633
4.72829	0.000892507	5.669180633
4.72475	0.000892507	5.669180633
4.70489	0.000892507	5.669180633
4.690980000000001	0.000892507	5.669180633
4.6845300000000005	0.000892507	5.669180633
4.66978	0.000892507	5.669180633
4.65523	0.000892507	5.669180633
4.64309	0.000892507	5.669180633
4.6299	0.000892507	5.669180633
4.62101	0.000892507	5.669180633
4.60406	0.000892507	5.669180633
4.59657	0.000892507	5.669180633
4.59598	0.000892507	5.669180633
4.59235	0.000892507	5.669180633
4.58311	0.000892507	5.669180633
4.55399	0.000892507	5.669180633
4.51668	0.000892507	5.669180633
4.49911	0.000892507	5.669180633
4.48756	0.000892507	5.669180633
4.49033	0.000892507	5.669180633
4.48292	0.000892507	5.669180633
4.46035	0.000892507	5.669180633
4.43495	0.000892507	5.669180633
4.40298	0.000892507	5.669180633
4.39222	0.000892507	5.669180633
4.38375	0.000892507	5.669180633
4.378909999999999	0.000892507	5.669180633
4.36948	0.000892507	5.669180633
4.35987	0.000892507	5.669180633
4.36816	0.000892507	5.669180633
4.3714900000000005	0.000892507	5.669180633
4.3783	0.000892507	5.669180633
4.39159	0.000892507	5.669180633
4.401330000000001	0.000892507	5.669180633
4.41375	0.000892507	5.669180633
4.419169999999999	0.000892507	5.669180633
4.4317	0.000892507	5.669180633
4.453119999999999	0.000892507	5.669180633
4.47114	0.000892507	5.669180633
4.48822	0.000892507	5.669180633
4.51246	0.000892507	5.669180633
4.5319199999999995	0.000892507	5.669180633
4.54332	0.000892507	5.669180633
4.56891	0.000892507	5.669180633
4.58434	0.000892507	5.669180633
4.58394	0.000892507	5.669180633
4.5948	0.000892507	5.669180633
4.60206	0.000892507	5.669180633
4.61744	0.000892507	5.669180633
4.62381	0.000892507	5.669180633
4.6406	0.000892507	5.669180633
4.65453	0.000892507	5.669180633
4.66695	0.000892507	5.669180633
4.6822099999999995	0.000892507	5.669180633
4.69362	0.000892507	5.669180633
4.70779	0.000892507	5.669180633
4.7146099999999995	0.000892507	5.669180633
4.71391	0.000892507	5.669180633
4.71591	0.000892507	5.669180633
4.7245800000000004	0.000892507	5.669180633
4.73082	0.000892507	5.669180633
4.73618	0.000892507	5.669180633
4.73771	0.000892507	5.669180633
4.733219999999999	0.000892507	5.669180633
4.72331	0.000892507	5.669180633
4.70104	0.000892507	5.669180633
4.6859	0.000892507	5.669180633
4.66409	0.000892507	5.669180633
4.65128	0.000892507	5.669180633
4.65203	0.000892507	5.669180633
4.664280000000001	0.000892507	5.669180633
4.67819	0.000892507	5.669180633
4.689769999999999	0.000892507	5.669180633
4.70284	0.000892507	5.669180633
4.72064	0.000892507	5.669180633
4.72695	0.000892507	5.669180633
4.73833	0.000892507	5.669180633
4.736219999999999	0.000892507	5.669180633
4.7304	0.000892507	5.669180633
4.7301	0.000892507	5.669180633
4.7207099999999995	0.000892507	5.669180633
4.7245	0.000892507	5.669180633
4.72165	0.000892507	5.669180633
4.71517	0.000892507	5.669180633
4.69601	0.000892507	5.669180633
4.67178	0.000892507	5.669180633
4.65524	0.000892507	5.669180633
4.63661	0.000892507	5.669180633
4.61849	0.000892507	5.669180633
4.5997699999999995	0.000892507	5.669180633
4.57557	0.000892507	5.669180633
4.549580000000001	0.000892507	5.669180633
4.52953	0.000892507	5.669180633
4.51478	0.000892507	5.669180633
4.5126599999999994	0.000892507	5.669180633
4.51082	0.000892507	5.669180633
4.51011	0.000892507	5.669180633
4.50252	0.000892507	5.669180633
4.49907	0.000892507	5.669180633
4.49739	0.000892507	5.669180633
4.50865	0.000892507	5.669180633
4.511369999999999	0.000892507	5.669180633
4.5137599999999996	0.000892507	5.669180633
4.52505	0.000892507	5.669180633
4.52267	0.000892507	5.669180633
4.50949	0.000892507	5.669180633
4.50723	0.000892507	5.669180633
4.502269999999999	0.000892507	5.669180633
4.5063699999999995	0.000892507	5.669180633
4.509869999999999	0.000892507	5.669180633
4.5178199999999995	0.000892507	5.669180633
4.5219	0.000892507	5.669180633
4.52033	0.000892507	5.669180633
4.51674	0.000892507	5.669180633
4.5145800000000005	0.000892507	5.669180633
4.51826	0.000892507	5.669180633
4.52188	0.000892507	5.669180633
4.52839	0.000892507	5.669180633
4.53753	0.000892507	5.669180633
4.5471699999999995	0.000892507	5.669180633
4.55957	0.000892507	5.669180633
4.57782	0.000892507	5.669180633
4.59844	0.000892507	5.669180633
4.607419999999999	0.000892507	5.669180633
4.61632	0.000892507	5.669180633
4.61597	0.000892507	5.669180633
4.62062	0.000892507	5.669180633
4.61369	0.000892507	5.669180633
4.6108199999999995	0.000892507	5.669180633
4.60663	0.000892507	5.669180633
4.60696	0.000892507	5.669180633
4.6043199999999995	0.000892507	5.669180633
4.59184	0.000892507	5.669180633
4.59056	0.000892507	5.669180633
4.57704	0.000892507	5.669180633
4.575130000000001	0.000892507	5.669180633
4.55007	0.000892507	5.669180633
4.52977	0.000892507	5.669180633
4.51564	0.000892507	5.669180633
4.491569999999999	0.000892507	5.669180633
4.45868	0.000892507	5.669180633
4.43321	0.000892507	5.669180633
4.42055	0.000892507	5.669180633
4.40158	0.000892507	5.669180633
4.3836900000000005	0.000892507	5.669180633
4.36659	0.000892507	5.669180633
4.35679	0.000892507	5.669180633
4.33322	0.000892507	5.669180633
4.32261	0.000892507	5.669180633
4.3169900000000005	0.000892507	5.669180633
4.30451	0.000892507	5.669180633
4.2863	0.000892507	5.669180633
4.27642	0.000892507	5.669180633
4.26196	0.000892507	5.669180633
4.24571	0.000892507	5.669180633
4.22865	0.000892507	5.669180633
4.21617	0.000892507	5.669180633
4.1988900000000005	0.000892507	5.669180633
4.17703	0.000892507	5.669180633
4.163	0.000892507	5.669180633
4.16125	0.000892507	5.669180633
4.1656699999999995	0.000892507	5.669180633
4.15878	0.000892507	5.669180633
4.15057	0.000892507	5.669180633
4.13269	0.000892507	5.669180633
4.11143	0.000892507	5.669180633
4.08609	0.000892507	5.669180633
4.06989	0.000892507	5.669180633
4.0647199999999994	0.000892507	5.669180633
4.0650900000000005	0.000892507	5.669180633
4.06754	0.000892507	5.669180633
4.06255	0.000892507	5.669180633
4.0647400000000005	0.000892507	5.669180633
4.0730900000000005	0.000892507	5.669180633
4.08063	0.000892507	5.669180633
4.0887	0.000892507	5.669180633
4.1002	0.000892507	5.669180633
4.10646	0.000892507	5.669180633
4.10618	0.000892507	5.669180633
4.104080000000001	0.000892507	5.669180633
4.11327	0.000892507	5.669180633
4.12498	0.000892507	5.669180633
4.13745	0.000892507	5.669180633
4.15027	0.000892507	5.669180633
4.1624300000000005	0.000892507	5.669180633
4.1739	0.000892507	5.669180633
4.17432	0.000892507	5.669180633
4.1673599999999995	0.000892507	5.669180633
4.1734800000000005	0.000892507	5.669180633
4.1851199999999995	0.000892507	5.669180633
4.18904	0.000892507	5.669180633
4.18574	0.000892507	5.669180633
4.1843	0.000892507	5.669180633
4.18034	0.000892507	5.669180633
4.18947	0.000892507	5.669180633
4.19295	0.000892507	5.669180633
4.19308	0.000892507	5.669180633
4.19499	0.000892507	5.669180633
4.1891300000000005	0.000892507	5.669180633
4.185230000000001	0.000892507	5.669180633
4.18445	0.000892507	5.669180633
4.17975	0.000892507	5.669180633
4.15911	0.000892507	5.669180633
4.13698	0.000892507	5.669180633
4.11207	0.000892507	5.669180633
4.0894699999999995	0.000892507	5.669180633
4.0654699999999995	0.000892507	5.669180633
4.04875	0.000892507	5.669180633
4.03871	0.000892507	5.669180633
4.02572	0.000892507	5.669180633
4.01242	0.000892507	5.669180633
4.003019999999999	0.000892507	5.669180633
3.98982	0.000892507	5.669180633
3.98901	0.000892507	5.669180633
3.9920199999999997	0.000892507	5.669180633
3.98925	0.000892507	5.669180633
3.98066	0.000892507	5.669180633
3.98274	0.000892507	5.669180633
3.9835300000000005	0.000892507	5.669180633
3.9919	0.000892507	5.669180633
3.9887699999999997	0.000892507	5.669180633
3.98182	0.000892507	5.669180633
3.9801	0.000892507	5.669180633
3.97574	0.000892507	5.669180633
3.98684	0.000892507	5.669180633
3.98262	0.000892507	5.669180633
3.98021	0.000892507	5.669180633
3.9855400000000003	0.000892507	5.669180633
3.98495	0.000892507	5.669180633
3.98383	0.000892507	5.669180633
3.99137	0.000892507	5.669180633
3.99946	0.000892507	5.669180633
4.002	0.000892507	5.669180633
4.0009	0.000892507	5.669180633
4.0042800000000005	0.000892507	5.669180633
4.004	0.000892507	5.669180633
4.00692	0.000892507	5.669180633
4.0182400000000005	0.000892507	5.669180633
4.026669999999999	0.000892507	5.669180633
4.03294	0.000892507	5.669180633
4.03008	0.000892507	5.669180633
4.03345	0.000892507	5.669180633
4.03848	0.000892507	5.669180633
4.03831	0.000892507	5.669180633
4.03899	0.000892507	5.669180633
4.03915	0.000892507	5.669180633
4.0376199999999995	0.000892507	5.669180633
4.03923	0.000892507	5.669180633
4.04082	0.000892507	5.669180633
4.04168	0.000892507	5.669180633
4.04409	0.000892507	5.669180633
4.0585	0.000892507	5.669180633
4.08303	0.000892507	5.669180633
4.10839	0.000892507	5.669180633
4.12303	0.000892507	5.669180633
4.13813	0.000892507	5.669180633
4.14719	0.000892507	5.669180633
4.15843	0.000892507	5.669180633
4.1630199999999995	0.000892507	5.669180633
4.1741	0.000892507	5.669180633
4.18655	0.000892507	5.669180633
4.18615	0.000892507	5.669180633
4.190980000000001	0.000892507	5.669180633
4.1906	0.000892507	5.669180633
4.18475	0.000892507	5.669180633
4.19097	0.000892507	5.669180633
4.19423	0.000892507	5.669180633
4.20646	0.000892507	5.669180633
4.2081599999999995	0.000892507	5.669180633
4.21254	0.000892507	5.669180633
4.22066	0.000892507	5.669180633
4.21931	0.000892507	5.669180633
4.21598	0.000892507	5.669180633
4.21068	0.000892507	5.669180633
4.20167	0.000892507	5.669180633
4.18547	0.000892507	5.669180633
4.173780000000001	0.000892507	5.669180633
4.16656	0.000892507	5.669180633
4.1695400000000005	0.000892507	5.669180633
4.18155	0.000892507	5.669180633
4.18675	0.000892507	5.669180633
4.18886	0.000892507	5.669180633
4.2007	0.000892507	5.669180633
4.20334	0.000892507	5.669180633
4.20695	0.000892507	5.669180633
4.21456	0.000892507	5.669180633
4.224	0.000892507	5.669180633
4.2317599999999995	0.000892507	5.669180633
4.2531	0.000892507	5.669180633
4.26075	0.000892507	5.669180633
4.26317	0.000892507	5.669180633
4.2733099999999995	0.000892507	5.669180633
4.28902	0.000892507	5.669180633
4.31387	0.000892507	5.669180633
4.33319	0.000892507	5.669180633
4.3618	0.000892507	5.669180633
4.381530000000001	0.000892507	5.669180633
4.3998099999999996	0.000892507	5.669180633
4.414969999999999	0.000892507	5.669180633
4.43269	0.000892507	5.669180633
4.446680000000001	0.000892507	5.669180633
4.4440800000000005	0.000892507	5.669180633
4.45025	0.000892507	5.669180633
4.45121	0.000892507	5.669180633
4.46214	0.000892507	5.669180633
4.4686900000000005	0.000892507	5.669180633
4.47198	0.000892507	5.669180633
4.47729	0.000892507	5.669180633
4.4871	0.000892507	5.669180633
4.49615	0.000892507	5.669180633
4.52165	0.000892507	5.669180633
4.54413	0.000892507	5.669180633
4.54597	0.000892507	5.669180633
4.5343	0.000892507	5.669180633
4.533580000000001	0.000892507	5.669180633
4.546209999999999	0.000892507	5.669180633
4.55828	0.000892507	5.669180633
4.56424	0.000892507	5.669180633
4.57615	0.000892507	5.669180633
4.58263	0.000892507	5.669180633
4.59101	0.000892507	5.669180633
4.59722	0.000892507	5.669180633
4.60562	0.000892507	5.669180633
4.61714	0.000892507	5.669180633
4.626530000000001	0.000892507	5.669180633
4.63181	0.000892507	5.669180633
4.64299	0.000892507	5.669180633
4.6448	0.000892507	5.669180633
4.66504	0.000892507	5.669180633
4.67349	0.000892507	5.669180633
4.6864300000000005	0.000892507	5.669180633
4.6863	0.000892507	5.669180633
4.67771	0.000892507	5.669180633
4.67512	0.000892507	5.669180633
4.690169999999999	0.000892507	5.669180633
4.69399	0.000892507	5.669180633
4.69955	0.000892507	5.669180633
4.70363	0.000892507	5.669180633
4.71181	0.000892507	5.669180633
4.72931	0.000892507	5.669180633
4.74751	0.000892507	5.669180633
4.75645	0.000892507	5.669180633
4.7662	0.000892507	5.669180633
4.77424	0.000892507	5.669180633
4.77121	0.000892507	5.669180633
4.76661	0.000892507	5.669180633
4.76478	0.000892507	5.669180633
4.77816	0.000892507	5.669180633
4.7897300000000005	0.000892507	5.669180633
4.79475	0.000892507	5.669180633
4.80377	0.000892507	5.669180633
4.82491	0.000892507	5.669180633
4.845619999999999	0.000892507	5.669180633
4.87355	0.000892507	5.669180633
4.89766	0.000892507	5.669180633
4.91132	0.000892507	5.669180633
4.92202	0.000892507	5.669180633
4.933680000000001	0.000892507	5.669180633
4.95787	0.000892507	5.669180633
4.9827	0.000892507	5.669180633
5.0183599999999995	0.000892507	5.669180633
5.04945	0.000892507	5.669180633
5.07402	0.000892507	5.669180633
5.0965	0.000892507	5.669180633
5.11514	0.000892507	5.669180633
5.130719999999999	0.000892507	5.669180633
5.1493400000000005	0.000892507	5.669180633
5.15972	0.000892507	5.669180633
5.17528	0.000892507	5.669180633
5.185980000000001	0.000892507	5.669180633
5.18662	0.000892507	5.669180633
5.19043	0.000892507	5.669180633
5.19189	0.000892507	5.669180633
5.1893400000000005	0.000892507	5.669180633
5.19597	0.000892507	5.669180633
5.20411	0.000892507	5.669180633
5.2143	0.000892507	5.669180633
5.22312	0.000892507	5.669180633
5.23266	0.000892507	5.669180633
5.23601	0.000892507	5.669180633
5.23134	0.000892507	5.669180633
5.22285	0.000892507	5.669180633
5.21801	0.000892507	5.669180633
5.22286	0.000892507	5.669180633
5.23217	0.000892507	5.669180633
5.2391	0.000892507	5.669180633
5.22663	0.000892507	5.669180633
5.21657	0.000892507	5.669180633
5.19943	0.000892507	5.669180633
5.18994	0.000892507	5.669180633
5.1852800000000006	0.000892507	5.669180633
5.17425	0.000892507	5.669180633
5.16362	0.000892507	5.669180633
5.14329	0.000892507	5.669180633
5.11986	0.000892507	5.669180633
5.09695	0.000892507	5.669180633
5.07431	0.000892507	5.669180633
5.03609	0.000892507	5.669180633
5.0084599999999995	0.000892507	5.669180633
4.98669	0.000892507	5.669180633
4.9491	0.000892507	5.669180633
4.90599	0.000892507	5.669180633
4.87113	0.000892507	5.669180633
4.84626	0.000892507	5.669180633
4.81974	0.000892507	5.669180633
4.79657	0.000892507	5.669180633
4.7701400000000005	0.000892507	5.669180633
4.7447	0.000892507	5.669180633
4.7146099999999995	0.000892507	5.669180633
4.68329	0.000892507	5.669180633
4.65785	0.000892507	5.669180633
4.6365099999999995	0.000892507	5.669180633
4.61935	0.000892507	5.669180633
4.60647	0.000892507	5.669180633
4.578180000000001	0.000892507	5.669180633
4.54903	0.000892507	5.669180633
4.51613	0.000892507	5.669180633
4.48921	0.000892507	5.669180633
4.45953	0.000892507	5.669180633
4.42964	0.000892507	5.669180633
4.40405	0.000892507	5.669180633
4.38151	0.000892507	5.669180633
4.35511	0.000892507	5.669180633
4.34095	0.000892507	5.669180633
4.32541	0.000892507	5.669180633
4.31045	0.000892507	5.669180633
4.293740000000001	0.000892507	5.669180633
4.27685	0.000892507	5.669180633
4.26812	0.000892507	5.669180633
4.25137	0.000892507	5.669180633
4.25148	0.000892507	5.669180633
4.25711	0.000892507	5.669180633
4.25764	0.000892507	5.669180633
4.26837	0.000892507	5.669180633
4.28903	0.000892507	5.669180633
4.30128	0.000892507	5.669180633
4.3076300000000005	0.000892507	5.669180633
4.31695	0.000892507	5.669180633
4.31881	0.000892507	5.669180633
4.3221	0.000892507	5.669180633
4.32589	0.000892507	5.669180633
4.32196	0.000892507	5.669180633
4.33004	0.000892507	5.669180633
4.33712	0.000892507	5.669180633
4.35004	0.000892507	5.669180633
4.36444	0.000892507	5.669180633
4.3735	0.000892507	5.669180633
4.39387	0.000892507	5.669180633
4.40495	0.000892507	5.669180633
4.419569999999999	0.000892507	5.669180633
4.4211	0.000892507	5.669180633
4.43288	0.000892507	5.669180633
4.43396	0.000892507	5.669180633
4.42906	0.000892507	5.669180633
4.43719	0.000892507	5.669180633
4.4530199999999995	0.000892507	5.669180633
4.46835	0.000892507	5.669180633
4.47831	0.000892507	5.669180633
4.48988	0.000892507	5.669180633
4.503419999999999	0.000892507	5.669180633
4.5037199999999995	0.000892507	5.669180633
4.50045	0.000892507	5.669180633
4.49979	0.000892507	5.669180633
4.491969999999999	0.000892507	5.669180633
4.4917300000000004	0.000892507	5.669180633
4.49036	0.000892507	5.669180633
4.481	0.000892507	5.669180633
4.48192	0.000892507	5.669180633
4.47679	0.000892507	5.669180633
4.47235	0.000892507	5.669180633
4.47589	0.000892507	5.669180633
4.48185	0.000892507	5.669180633
4.49526	0.000892507	5.669180633
4.51791	0.000892507	5.669180633
4.52912	0.000892507	5.669180633
4.54418	0.000892507	5.669180633
4.551819999999999	0.000892507	5.669180633
4.56038	0.000892507	5.669180633
4.57379	0.000892507	5.669180633
4.59551	0.000892507	5.669180633
4.60859	0.000892507	5.669180633
4.61375	0.000892507	5.669180633
4.6220099999999995	0.000892507	5.669180633
4.6310400000000005	0.000892507	5.669180633
4.63849	0.000892507	5.669180633
4.6485	0.000892507	5.669180633
4.65451	0.000892507	5.669180633
4.67068	0.000892507	5.669180633
4.6942699999999995	0.000892507	5.669180633
4.70569	0.000892507	5.669180633
4.72957	0.000892507	5.669180633
4.74969	0.000892507	5.669180633
4.76969	0.000892507	5.669180633
4.79739	0.000892507	5.669180633
4.83648	0.000892507	5.669180633
4.86977	0.000892507	5.669180633
4.896669999999999	0.000892507	5.669180633
4.924980000000001	0.000892507	5.669180633
4.95584	0.000892507	5.669180633
4.99584	0.000892507	5.669180633
5.02872	0.000892507	5.669180633
5.05711	0.000892507	5.669180633
5.08009	0.000892507	5.669180633
5.10993	0.000892507	5.669180633
5.13707	0.000892507	5.669180633
5.15739	0.000892507	5.669180633
5.1715599999999995	0.000892507	5.669180633
5.18631	0.000892507	5.669180633
5.18815	0.000892507	5.669180633
5.2045	0.000892507	5.669180633
5.22336	0.000892507	5.669180633
5.24563	0.000892507	5.669180633
5.25761	0.000892507	5.669180633
5.2622599999999995	0.000892507	5.669180633
5.26505	0.000892507	5.669180633
5.26732	0.000892507	5.669180633
5.2636	0.000892507	5.669180633
5.24594	0.000892507	5.669180633
5.220619999999999	0.000892507	5.669180633
5.20169	0.000892507	5.669180633
5.190930000000001	0.000892507	5.669180633
5.17748	0.000892507	5.669180633
5.15956	0.000892507	5.669180633
5.13629	0.000892507	5.669180633
5.12078	0.000892507	5.669180633
5.11016	0.000892507	5.669180633
5.09985	0.000892507	5.669180633
5.09368	0.000892507	5.669180633
5.09103	0.000892507	5.669180633
5.07869	0.000892507	5.669180633
5.05925	0.000892507	5.669180633
5.03348	0.000892507	5.669180633
5.00518	0.000892507	5.669180633
4.97994	0.000892507	5.669180633
4.959280000000001	0.000892507	5.669180633
4.93879	0.000892507	5.669180633
4.9305699999999995	0.000892507	5.669180633
4.90798	0.000892507	5.669180633
4.89869	0.000892507	5.669180633
4.88253	0.000892507	5.669180633
4.85576	0.000892507	5.669180633
4.83916	0.000892507	5.669180633
4.8181	0.000892507	5.669180633
4.79349	0.000892507	5.669180633
4.790690000000001	0.000892507	5.669180633
4.783580000000001	0.000892507	5.669180633
4.7807	0.000892507	5.669180633
4.77174	0.000892507	5.669180633
4.75561	0.000892507	5.669180633
4.74291	0.000892507	5.669180633
4.73102	0.000892507	5.669180633
4.724530000000001	0.000892507	5.669180633
4.71694	0.000892507	5.669180633
4.71042	0.000892507	5.669180633
4.69228	0.000892507	5.669180633
4.67044	0.000892507	5.669180633
4.64436	0.000892507	5.669180633
4.6218699999999995	0.000892507	5.669180633
4.6038	0.000892507	5.669180633
4.58845	0.000892507	5.669180633
4.57646	0.000892507	5.669180633
4.55375	0.000892507	5.669180633
4.52416	0.000892507	5.669180633
4.49404	0.000892507	5.669180633
4.46206	0.000892507	5.669180633
4.4267900000000004	0.000892507	5.669180633
4.3903	0.000892507	5.669180633
4.36068	0.000892507	5.669180633
4.3435	0.000892507	5.669180633
4.32707	0.000892507	5.669180633
4.317080000000001	0.000892507	5.669180633
4.307869999999999	0.000892507	5.669180633
4.298	0.000892507	5.669180633
4.28297	0.000892507	5.669180633
4.27809	0.000892507	5.669180633
4.26759	0.000892507	5.669180633
4.26651	0.000892507	5.669180633
4.26283	0.000892507	5.669180633
4.2575199999999995	0.000892507	5.669180633
4.2541199999999995	0.000892507	5.669180633
4.24984	0.000892507	5.669180633
4.23359	0.000892507	5.669180633
4.22801	0.000892507	5.669180633
4.22585	0.000892507	5.669180633
4.21858	0.000892507	5.669180633
4.23109	0.000892507	5.669180633
4.22877	0.000892507	5.669180633
4.22283	0.000892507	5.669180633
4.23048	0.000892507	5.669180633
4.23767	0.000892507	5.669180633
4.25194	0.000892507	5.669180633
4.27171	0.000892507	5.669180633
4.28987	0.000892507	5.669180633
4.30189	0.000892507	5.669180633
4.32351	0.000892507	5.669180633
4.33164	0.000892507	5.669180633
4.34472	0.000892507	5.669180633
4.36014	0.000892507	5.669180633
4.362419999999999	0.000892507	5.669180633
4.36902	0.000892507	5.669180633
4.37434	0.000892507	5.669180633
4.389869999999999	0.000892507	5.669180633
4.41615	0.000892507	5.669180633
4.43996	0.000892507	5.669180633
4.48316	0.000892507	5.669180633
4.51794	0.000892507	5.669180633
4.56111	0.000892507	5.669180633
4.59525	0.000892507	5.669180633
4.62526	0.000892507	5.669180633
4.6555	0.000892507	5.669180633
4.69701	0.000892507	5.669180633
4.72823	0.000892507	5.669180633
4.76462	0.000892507	5.669180633
4.8044	0.000892507	5.669180633
4.83751	0.000892507	5.669180633
4.86525	0.000892507	5.669180633
4.89621	0.000892507	5.669180633
4.93323	0.000892507	5.669180633
4.96465	0.000892507	5.669180633
4.98986	0.000892507	5.669180633
5.00329	0.000892507	5.669180633
5.01916	0.000892507	5.669180633
5.0433699999999995	0.000892507	5.669180633
5.07037	0.000892507	5.669180633
5.10107	0.000892507	5.669180633
5.12467	0.000892507	5.669180633
5.1388	0.000892507	5.669180633
5.1460300000000005	0.000892507	5.669180633
5.16375	0.000892507	5.669180633
5.1941	0.000892507	5.669180633
5.21471	0.000892507	5.669180633
5.23006	0.000892507	5.669180633
5.23765	0.000892507	5.669180633
5.25245	0.000892507	5.669180633
5.26485	0.000892507	5.669180633
5.27359	0.000892507	5.669180633
5.27489	0.000892507	5.669180633
5.27524	0.000892507	5.669180633
5.2806	0.000892507	5.669180633
5.29713	0.000892507	5.669180633
5.32048	0.000892507	5.669180633
5.33971	0.000892507	5.669180633
5.35634	0.000892507	5.669180633
5.3684199999999995	0.000892507	5.669180633
5.38711	0.000892507	5.669180633
5.40885	0.000892507	5.669180633
5.41715	0.000892507	5.669180633
5.43	0.000892507	5.669180633
5.42992	0.000892507	5.669180633
5.4307099999999995	0.000892507	5.669180633
5.43815	0.000892507	5.669180633
5.44957	0.000892507	5.669180633
5.4446	0.000892507	5.669180633
5.43561	0.000892507	5.669180633
5.41956	0.000892507	5.669180633
5.40802	0.000892507	5.669180633
5.394369999999999	0.000892507	5.669180633
5.37704	0.000892507	5.669180633
5.36611	0.000892507	5.669180633
5.35161	0.000892507	5.669180633
5.34256	0.000892507	5.669180633
5.32235	0.000892507	5.669180633
5.303	0.000892507	5.669180633
5.27223	0.000892507	5.669180633
5.24634	0.000892507	5.669180633
5.22532	0.000892507	5.669180633
5.20406	0.000892507	5.669180633
5.1761800000000004	0.000892507	5.669180633
5.15319	0.000892507	5.669180633
5.13162	0.000892507	5.669180633
5.11471	0.000892507	5.669180633
5.10384	0.000892507	5.669180633
5.08674	0.000892507	5.669180633
5.08461	0.000892507	5.669180633
5.07609	0.000892507	5.669180633
5.078069999999999	0.000892507	5.669180633
5.07336	0.000892507	5.669180633
5.07041	0.000892507	5.669180633
5.06433	0.000892507	5.669180633
5.06344	0.000892507	5.669180633
5.05642	0.000892507	5.669180633
5.03911	0.000892507	5.669180633
5.02762	0.000892507	5.669180633
5.02936	0.000892507	5.669180633
5.02499	0.000892507	5.669180633
5.01267	0.000892507	5.669180633
5.01693	0.000892507	5.669180633
5.021669999999999	0.000892507	5.669180633
5.02314	0.000892507	5.669180633
5.02912	0.000892507	5.669180633
5.01906	0.000892507	5.669180633
5.0167	0.000892507	5.669180633
5.00845	0.000892507	5.669180633
5.0126599999999994	0.000892507	5.669180633
5.008030000000001	0.000892507	5.669180633
5.01567	0.000892507	5.669180633
5.00464	0.000892507	5.669180633
4.98775	0.000892507	5.669180633
4.96545	0.000892507	5.669180633
4.94642	0.000892507	5.669180633
4.93751	0.000892507	5.669180633
4.93248	0.000892507	5.669180633
4.932519999999999	0.000892507	5.669180633
4.91934	0.000892507	5.669180633
4.902	0.000892507	5.669180633
4.8932	0.000892507	5.669180633
4.87329	0.000892507	5.669180633
4.8623400000000006	0.000892507	5.669180633
4.86634	0.000892507	5.669180633
4.85452	0.000892507	5.669180633
4.84276	0.000892507	5.669180633
4.82941	0.000892507	5.669180633
4.81455	0.000892507	5.669180633
4.79638	0.000892507	5.669180633
4.77665	0.000892507	5.669180633
4.7725599999999995	0.000892507	5.669180633
4.77034	0.000892507	5.669180633
4.77306	0.000892507	5.669180633
4.7718300000000005	0.000892507	5.669180633
4.774780000000001	0.000892507	5.669180633
4.76978	0.000892507	5.669180633
4.76602	0.000892507	5.669180633
4.76507	0.000892507	5.669180633
4.76459	0.000892507	5.669180633
4.7645	0.000892507	5.669180633
4.74288	0.000892507	5.669180633
4.72005	0.000892507	5.669180633
4.70006	0.000892507	5.669180633
4.68508	0.000892507	5.669180633
4.66134	0.000892507	5.669180633
4.64594	0.000892507	5.669180633
4.62817	0.000892507	5.669180633
4.5965300000000004	0.000892507	5.669180633
4.57091	0.000892507	5.669180633
4.54176	0.000892507	5.669180633
4.510280000000001	0.000892507	5.669180633
4.48002	0.000892507	5.669180633
4.45568	0.000892507	5.669180633
4.43332	0.000892507	5.669180633
4.41306	0.000892507	5.669180633
4.39823	0.000892507	5.669180633
4.38385	0.000892507	5.669180633
4.3716	0.000892507	5.669180633
4.35694	0.000892507	5.669180633
4.33979	0.000892507	5.669180633
4.332409999999999	0.000892507	5.669180633
4.32963	0.000892507	5.669180633
4.332269999999999	0.000892507	5.669180633
4.32734	0.000892507	5.669180633
4.3099300000000005	0.000892507	5.669180633
4.2926400000000005	0.000892507	5.669180633
4.27161	0.000892507	5.669180633
4.25065	0.000892507	5.669180633
4.2375300000000005	0.000892507	5.669180633
4.22461	0.000892507	5.669180633
4.223	0.000892507	5.669180633
4.2262900000000005	0.000892507	5.669180633
4.23036	0.000892507	5.669180633
4.22866	0.000892507	5.669180633
4.23884	0.000892507	5.669180633
4.25055	0.000892507	5.669180633
4.2702599999999995	0.000892507	5.669180633
4.2729800000000004	0.000892507	5.669180633
4.27246	0.000892507	5.669180633
4.27859	0.000892507	5.669180633
4.29488	0.000892507	5.669180633
4.29831	0.000892507	5.669180633
4.306030000000001	0.000892507	5.669180633
4.31623	0.000892507	5.669180633
4.32315	0.000892507	5.669180633
4.33151	0.000892507	5.669180633
4.34746	0.000892507	5.669180633
4.36515	0.000892507	5.669180633
4.37465	0.000892507	5.669180633
4.38011	0.000892507	5.669180633
4.37615	0.000892507	5.669180633
4.36247	0.000892507	5.669180633
4.35639	0.000892507	5.669180633
4.34684	0.000892507	5.669180633
4.34152	0.000892507	5.669180633
4.3560099999999995	0.000892507	5.669180633
4.36978	0.000892507	5.669180633
4.38548	0.000892507	5.669180633
4.405959999999999	0.000892507	5.669180633
4.41305	0.000892507	5.669180633
4.42997	0.000892507	5.669180633
4.44346	0.000892507	5.669180633
4.45262	0.000892507	5.669180633
4.46291	0.000892507	5.669180633
4.47551	0.000892507	5.669180633
4.4968900000000005	0.000892507	5.669180633
4.50959	0.000892507	5.669180633
4.5196	0.000892507	5.669180633
4.5349900000000005	0.000892507	5.669180633
4.55129	0.000892507	5.669180633
4.57447	0.000892507	5.669180633
4.59705	0.000892507	5.669180633
4.61881	0.000892507	5.669180633
4.64422	0.000892507	5.669180633
4.66686	0.000892507	5.669180633
4.69054	0.000892507	5.669180633
4.71622	0.000892507	5.669180633
4.7401	0.000892507	5.669180633
4.74641	0.000892507	5.669180633
4.75889	0.000892507	5.669180633
4.7647699999999995	0.000892507	5.669180633
4.7705400000000004	0.000892507	5.669180633
4.78109	0.000892507	5.669180633
4.7901	0.000892507	5.669180633
4.79799	0.000892507	5.669180633
4.8150699999999995	0.000892507	5.669180633
4.830430000000001	0.000892507	5.669180633
4.84112	0.000892507	5.669180633
4.85689	0.000892507	5.669180633
4.85745	0.000892507	5.669180633
4.8576	0.000892507	5.669180633
4.86573	0.000892507	5.669180633
4.86599	0.000892507	5.669180633
4.860869999999999	0.000892507	5.669180633
4.84912	0.000892507	5.669180633
4.84245	0.000892507	5.669180633
4.83669	0.000892507	5.669180633
4.83823	0.000892507	5.669180633
4.83654	0.000892507	5.669180633
4.8394900000000005	0.000892507	5.669180633
4.83166	0.000892507	5.669180633
4.8156300000000005	0.000892507	5.669180633
4.80294	0.000892507	5.669180633
4.78641	0.000892507	5.669180633
4.77378	0.000892507	5.669180633
4.76064	0.000892507	5.669180633
4.74708	0.000892507	5.669180633
4.73262	0.000892507	5.669180633
4.71978	0.000892507	5.669180633
4.70265	0.000892507	5.669180633
4.69038	0.000892507	5.669180633
4.68035	0.000892507	5.669180633
4.676019999999999	0.000892507	5.669180633
4.65373	0.000892507	5.669180633
4.637630000000001	0.000892507	5.669180633
4.6273599999999995	0.000892507	5.669180633
4.61445	0.000892507	5.669180633
4.60281	0.000892507	5.669180633
4.59132	0.000892507	5.669180633
4.57377	0.000892507	5.669180633
4.55429	0.000892507	5.669180633
4.53268	0.000892507	5.669180633
4.50523	0.000892507	5.669180633
4.4832	0.000892507	5.669180633
4.47008	0.000892507	5.669180633
4.44974	0.000892507	5.669180633
4.43936	0.000892507	5.669180633
4.44311	0.000892507	5.669180633
4.43963	0.000892507	5.669180633
4.42885	0.000892507	5.669180633
4.42525	0.000892507	5.669180633
4.42401	0.000892507	5.669180633
4.40792	0.000892507	5.669180633
4.39374	0.000892507	5.669180633
4.37231	0.000892507	5.669180633
4.35503	0.000892507	5.669180633
4.32672	0.000892507	5.669180633
4.31401	0.000892507	5.669180633
4.30624	0.000892507	5.669180633
4.30495	0.000892507	5.669180633
4.29863	0.000892507	5.669180633
4.29624	0.000892507	5.669180633
4.3022	0.000892507	5.669180633
4.31445	0.000892507	5.669180633
4.32452	0.000892507	5.669180633
4.33933	0.000892507	5.669180633
4.35813	0.000892507	5.669180633
4.37991	0.000892507	5.669180633
4.39888	0.000892507	5.669180633
4.41212	0.000892507	5.669180633
4.41801	0.000892507	5.669180633
4.41263	0.000892507	5.669180633
4.41812	0.000892507	5.669180633
4.42283	0.000892507	5.669180633
4.41528	0.000892507	5.669180633
4.42094	0.000892507	5.669180633
4.42898	0.000892507	5.669180633
4.43618	0.000892507	5.669180633
4.43018	0.000892507	5.669180633
4.44115	0.000892507	5.669180633
4.44211	0.000892507	5.669180633
4.445180000000001	0.000892507	5.669180633
4.448869999999999	0.000892507	5.669180633
4.444380000000001	0.000892507	5.669180633
4.44495	0.000892507	5.669180633
4.44265	0.000892507	5.669180633
4.443169999999999	0.000892507	5.669180633
4.43995	0.000892507	5.669180633
4.4532300000000005	0.000892507	5.669180633
4.46978	0.000892507	5.669180633
4.48359	0.000892507	5.669180633
4.50649	0.000892507	5.669180633
4.52762	0.000892507	5.669180633
4.54156	0.000892507	5.669180633
4.5539	0.000892507	5.669180633
4.569380000000001	0.000892507	5.669180633
4.583819999999999	0.000892507	5.669180633
4.59515	0.000892507	5.669180633
4.5957099999999995	0.000892507	5.669180633
4.61661	0.000892507	5.669180633
4.62328	0.000892507	5.669180633
4.63595	0.000892507	5.669180633
4.64623	0.000892507	5.669180633
4.6426099999999995	0.000892507	5.669180633
4.63615	0.000892507	5.669180633
4.64001	0.000892507	5.669180633
4.63713	0.000892507	5.669180633
4.64014	0.000892507	5.669180633
4.63671	0.000892507	5.669180633
4.6313	0.000892507	5.669180633
4.630730000000001	0.000892507	5.669180633
4.628769999999999	0.000892507	5.669180633
4.63615	0.000892507	5.669180633
4.63455	0.000892507	5.669180633
4.6316	0.000892507	5.669180633
4.61984	0.000892507	5.669180633
4.608169999999999	0.000892507	5.669180633
4.60386	0.000892507	5.669180633
4.60586	0.000892507	5.669180633
4.6076	0.000892507	5.669180633
4.604769999999999	0.000892507	5.669180633
4.61941	0.000892507	5.669180633
4.64224	0.000892507	5.669180633
4.65594	0.000892507	5.669180633
4.6745	0.000892507	5.669180633
4.6915	0.000892507	5.669180633
4.70559	0.000892507	5.669180633
4.70706	0.000892507	5.669180633
4.70711	0.000892507	5.669180633
4.70055	0.000892507	5.669180633
4.6974800000000005	0.000892507	5.669180633
4.6897	0.000892507	5.669180633
4.69393	0.000892507	5.669180633
4.6863	0.000892507	5.669180633
4.65941	0.000892507	5.669180633
4.63457	0.000892507	5.669180633
4.617369999999999	0.000892507	5.669180633
4.6018	0.000892507	5.669180633
4.59445	0.000892507	5.669180633
4.57191	0.000892507	5.669180633
4.54896	0.000892507	5.669180633
4.5294	0.000892507	5.669180633
4.51995	0.000892507	5.669180633
4.50756	0.000892507	5.669180633
4.50627	0.000892507	5.669180633
4.4951	0.000892507	5.669180633
4.47502	0.000892507	5.669180633
4.45316	0.000892507	5.669180633
4.44304	0.000892507	5.669180633
4.43271	0.000892507	5.669180633
4.42939	0.000892507	5.669180633
4.41789	0.000892507	5.669180633
4.41695	0.000892507	5.669180633
4.4173	0.000892507	5.669180633
4.41087	0.000892507	5.669180633
4.41188	0.000892507	5.669180633
4.41918	0.000892507	5.669180633
4.4206199999999995	0.000892507	5.669180633
4.40369	0.000892507	5.669180633
4.39463	0.000892507	5.669180633
4.381069999999999	0.000892507	5.669180633
4.36341	0.000892507	5.669180633
4.35114	0.000892507	5.669180633
4.35131	0.000892507	5.669180633
4.36003	0.000892507	5.669180633
4.36499	0.000892507	5.669180633
4.3794	0.000892507	5.669180633
4.38656	0.000892507	5.669180633
4.39265	0.000892507	5.669180633
4.41086	0.000892507	5.669180633
4.417730000000001	0.000892507	5.669180633
4.42432	0.000892507	5.669180633
4.435919999999999	0.000892507	5.669180633
4.44714	0.000892507	5.669180633
4.46225	0.000892507	5.669180633
4.47576	0.000892507	5.669180633
4.49392	0.000892507	5.669180633
4.50985	0.000892507	5.669180633
4.53136	0.000892507	5.669180633
4.54737	0.000892507	5.669180633
4.55309	0.000892507	5.669180633
4.5658	0.000892507	5.669180633
4.57682	0.000892507	5.669180633
4.59307	0.000892507	5.669180633
4.602069999999999	0.000892507	5.669180633
4.61735	0.000892507	5.669180633
4.62193	0.000892507	5.669180633
4.63465	0.000892507	5.669180633
4.634869999999999	0.000892507	5.669180633
4.63716	0.000892507	5.669180633
4.6459	0.000892507	5.669180633
4.66552	0.000892507	5.669180633
4.68818	0.000892507	5.669180633
4.71703	0.000892507	5.669180633
4.74046	0.000892507	5.669180633
4.7746900000000005	0.000892507	5.669180633
4.80505	0.000892507	5.669180633
4.82576	0.000892507	5.669180633
4.85612	0.000892507	5.669180633
4.88132	0.000892507	5.669180633
4.89313	0.000892507	5.669180633
4.90865	0.000892507	5.669180633
4.90285	0.000892507	5.669180633
4.90204	0.000892507	5.669180633
4.903980000000001	0.000892507	5.669180633
4.920319999999999	0.000892507	5.669180633
4.93168	0.000892507	5.669180633
4.94421	0.000892507	5.669180633
4.95646	0.000892507	5.669180633
4.96065	0.000892507	5.669180633
4.9541699999999995	0.000892507	5.669180633
4.94822	0.000892507	5.669180633
4.953069999999999	0.000892507	5.669180633
4.9467	0.000892507	5.669180633
4.95035	0.000892507	5.669180633
4.96092	0.000892507	5.669180633
4.981319999999999	0.000892507	5.669180633
4.99564	0.000892507	5.669180633
5.01086	0.000892507	5.669180633
5.01828	0.000892507	5.669180633
5.02846	0.000892507	5.669180633
5.03522	0.000892507	5.669180633
5.02771	0.000892507	5.669180633
5.01903	0.000892507	5.669180633
5.01325	0.000892507	5.669180633
5.00247	0.000892507	5.669180633
4.9903	0.000892507	5.669180633
4.98911	0.000892507	5.669180633
4.9787	0.000892507	5.669180633
4.97211	0.000892507	5.669180633
4.9634599999999995	0.000892507	5.669180633
4.95624	0.000892507	5.669180633
4.9448099999999995	0.000892507	5.669180633
4.93423	0.000892507	5.669180633
4.9305	0.000892507	5.669180633
4.931369999999999	0.000892507	5.669180633
4.93898	0.000892507	5.669180633
4.94574	0.000892507	5.669180633
4.94004	0.000892507	5.669180633
4.9366699999999994	0.000892507	5.669180633
4.9249	0.000892507	5.669180633
4.91706	0.000892507	5.669180633
4.91749	0.000892507	5.669180633
4.90988	0.000892507	5.669180633
4.903169999999999	0.000892507	5.669180633
4.8920900000000005	0.000892507	5.669180633
4.8764400000000006	0.000892507	5.669180633
4.86116	0.000892507	5.669180633
4.84255	0.000892507	5.669180633
4.83024	0.000892507	5.669180633
4.81084	0.000892507	5.669180633
4.79335	0.000892507	5.669180633
4.76921	0.000892507	5.669180633
4.75204	0.000892507	5.669180633
4.73646	0.000892507	5.669180633
4.723380000000001	0.000892507	5.669180633
4.71215	0.000892507	5.669180633
4.69995	0.000892507	5.669180633
4.68042	0.000892507	5.669180633
4.65459	0.000892507	5.669180633
4.653230000000001	0.000892507	5.669180633
4.66017	0.000892507	5.669180633
4.65775	0.000892507	5.669180633
4.6554199999999994	0.000892507	5.669180633
4.6504	0.000892507	5.669180633
4.649030000000001	0.000892507	5.669180633
4.6454	0.000892507	5.669180633
4.64762	0.000892507	5.669180633
4.656619999999999	0.000892507	5.669180633
4.66573	0.000892507	5.669180633
4.66702	0.000892507	5.669180633
4.676419999999999	0.000892507	5.669180633
4.67909	0.000892507	5.669180633
4.6769300000000005	0.000892507	5.669180633
4.67224	0.000892507	5.669180633
4.6603	0.000892507	5.669180633
4.64628	0.000892507	5.669180633
4.63085	0.000892507	5.669180633
4.62124	0.000892507	5.669180633
4.59938	0.000892507	5.669180633
4.58093	0.000892507	5.669180633
4.5721300000000005	0.000892507	5.669180633
4.5608	0.000892507	5.669180633
4.5528699999999995	0.000892507	5.669180633
4.54721	0.000892507	5.669180633
4.5492300000000006	0.000892507	5.669180633
4.548769999999999	0.000892507	5.669180633
4.54841	0.000892507	5.669180633
4.55192	0.000892507	5.669180633
4.5567400000000005	0.000892507	5.669180633
4.5652	0.000892507	5.669180633
4.58036	0.000892507	5.669180633
4.5957300000000005	0.000892507	5.669180633
4.61744	0.000892507	5.669180633
4.639480000000001	0.000892507	5.669180633
4.6679900000000005	0.000892507	5.669180633
4.692880000000001	0.000892507	5.669180633
4.70525	0.000892507	5.669180633
4.7159699999999996	0.000892507	5.669180633
4.72227	0.000892507	5.669180633
4.724069999999999	0.000892507	5.669180633
4.7317599999999995	0.000892507	5.669180633
4.735130000000001	0.000892507	5.669180633
4.73739	0.000892507	5.669180633
4.74245	0.000892507	5.669180633
4.73801	0.000892507	5.669180633
4.747730000000001	0.000892507	5.669180633
4.75149	0.000892507	5.669180633
4.76645	0.000892507	5.669180633
4.77324	0.000892507	5.669180633
4.78407	0.000892507	5.669180633
4.79063	0.000892507	5.669180633
4.7902	0.000892507	5.669180633
4.79821	0.000892507	5.669180633
4.81493	0.000892507	5.669180633
4.82602	0.000892507	5.669180633
4.8177900000000005	0.000892507	5.669180633
4.81853	0.000892507	5.669180633
4.81911	0.000892507	5.669180633
4.81722	0.000892507	5.669180633
4.80387	0.000892507	5.669180633
4.78934	0.000892507	5.669180633
4.77166	0.000892507	5.669180633
4.77024	0.000892507	5.669180633
4.77679	0.000892507	5.669180633
4.78953	0.000892507	5.669180633
4.80071	0.000892507	5.669180633
4.82338	0.000892507	5.669180633
4.83059	0.000892507	5.669180633
4.84806	0.000892507	5.669180633
4.85838	0.000892507	5.669180633
4.86545	0.000892507	5.669180633
4.86733	0.000892507	5.669180633
4.87254	0.000892507	5.669180633
4.87895	0.000892507	5.669180633
4.87115	0.000892507	5.669180633
4.86228	0.000892507	5.669180633
4.85246	0.000892507	5.669180633
4.84809	0.000892507	5.669180633
4.84079	0.000892507	5.669180633
4.83465	0.000892507	5.669180633
4.82112	0.000892507	5.669180633
4.79212	0.000892507	5.669180633
4.75143	0.000892507	5.669180633
4.71826	0.000892507	5.669180633
4.69781	0.000892507	5.669180633
4.67157	0.000892507	5.669180633
4.65238	0.000892507	5.669180633
4.6365	0.000892507	5.669180633
4.612	0.000892507	5.669180633
4.59805	0.000892507	5.669180633
4.58129	0.000892507	5.669180633
4.58132	0.000892507	5.669180633
4.5755300000000005	0.000892507	5.669180633
4.55967	0.000892507	5.669180633
4.54355	0.000892507	5.669180633
4.5229099999999995	0.000892507	5.669180633
4.50975	0.000892507	5.669180633
4.50345	0.000892507	5.669180633
4.50462	0.000892507	5.669180633
4.505380000000001	0.000892507	5.669180633
4.50214	0.000892507	5.669180633
4.49458	0.000892507	5.669180633
4.48313	0.000892507	5.669180633
4.4794599999999996	0.000892507	5.669180633
4.4717400000000005	0.000892507	5.669180633
4.4583	0.000892507	5.669180633
4.448230000000001	0.000892507	5.669180633
4.43485	0.000892507	5.669180633
4.42242	0.000892507	5.669180633
4.40618	0.000892507	5.669180633
4.38836	0.000892507	5.669180633
4.36911	0.000892507	5.669180633
4.34445	0.000892507	5.669180633
4.31979	0.000892507	5.669180633
4.2962	0.000892507	5.669180633
4.27867	0.000892507	5.669180633
4.26328	0.000892507	5.669180633
4.24675	0.000892507	5.669180633
4.236280000000001	0.000892507	5.669180633
4.23604	0.000892507	5.669180633
4.23931	0.000892507	5.669180633
4.2477599999999995	0.000892507	5.669180633
4.25446	0.000892507	5.669180633
4.24915	0.000892507	5.669180633
4.24316	0.000892507	5.669180633
4.2470099999999995	0.000892507	5.669180633
4.26096	0.000892507	5.669180633
4.28249	0.000892507	5.669180633
4.30399	0.000892507	5.669180633
4.31235	0.000892507	5.669180633
4.31629	0.000892507	5.669180633
4.3219	0.000892507	5.669180633
4.33298	0.000892507	5.669180633
4.34234	0.000892507	5.669180633
4.34748	0.000892507	5.669180633
4.35577	0.000892507	5.669180633
4.36693	0.000892507	5.669180633
4.38565	0.000892507	5.669180633
4.38735	0.000892507	5.669180633
4.40324	0.000892507	5.669180633
4.41056	0.000892507	5.669180633
4.42178	0.000892507	5.669180633
4.42676	0.000892507	5.669180633
4.43906	0.000892507	5.669180633
4.44727	0.000892507	5.669180633
4.4486300000000005	0.000892507	5.669180633
4.4589300000000005	0.000892507	5.669180633
4.46957	0.000892507	5.669180633
4.48108	0.000892507	5.669180633
4.4936	0.000892507	5.669180633
4.51085	0.000892507	5.669180633
4.5229	0.000892507	5.669180633
4.53787	0.000892507	5.669180633
4.55234	0.000892507	5.669180633
4.5797	0.000892507	5.669180633
4.59565	0.000892507	5.669180633
4.611330000000001	0.000892507	5.669180633
4.62421	0.000892507	5.669180633
4.62343	0.000892507	5.669180633
4.6196	0.000892507	5.669180633
4.623819999999999	0.000892507	5.669180633
4.632	0.000892507	5.669180633
4.63275	0.000892507	5.669180633
4.65085	0.000892507	5.669180633
4.66268	0.000892507	5.669180633
4.6691400000000005	0.000892507	5.669180633
4.6830300000000005	0.000892507	5.669180633
4.698169999999999	0.000892507	5.669180633
4.69939	0.000892507	5.669180633
4.698580000000001	0.000892507	5.669180633
4.70063	0.000892507	5.669180633
4.69961	0.000892507	5.669180633
4.70522	0.000892507	5.669180633
4.714	0.000892507	5.669180633
4.71971	0.000892507	5.669180633
4.72516	0.000892507	5.669180633
4.735119999999999	0.000892507	5.669180633
4.75609	0.000892507	5.669180633
4.76478	0.000892507	5.669180633
4.76837	0.000892507	5.669180633
4.7660599999999995	0.000892507	5.669180633
4.7599599999999995	0.000892507	5.669180633
4.75626	0.000892507	5.669180633
4.75036	0.000892507	5.669180633
4.74616	0.000892507	5.669180633
4.74761	0.000892507	5.669180633
4.750290000000001	0.000892507	5.669180633
4.76203	0.000892507	5.669180633
4.767180000000001	0.000892507	5.669180633
4.7740800000000005	0.000892507	5.669180633
4.77957	0.000892507	5.669180633
4.77769	0.000892507	5.669180633
4.77796	0.000892507	5.669180633
4.7714300000000005	0.000892507	5.669180633
4.7727900000000005	0.000892507	5.669180633
4.7790300000000006	0.000892507	5.669180633
4.79415	0.000892507	5.669180633
4.81539	0.000892507	5.669180633
4.82289	0.000892507	5.669180633
4.82764	0.000892507	5.669180633
4.8289800000000005	0.000892507	5.669180633
4.82976	0.000892507	5.669180633
4.82141	0.000892507	5.669180633
4.81459	0.000892507	5.669180633
4.82094	0.000892507	5.669180633
4.82745	0.000892507	5.669180633
4.82841	0.000892507	5.669180633
4.81687	0.000892507	5.669180633
4.8141	0.000892507	5.669180633
4.81198	0.000892507	5.669180633
4.80845	0.000892507	5.669180633
4.8086199999999995	0.000892507	5.669180633
4.80904	0.000892507	5.669180633
4.80202	0.000892507	5.669180633
4.79395	0.000892507	5.669180633
4.80872	0.000892507	5.669180633
4.82086	0.000892507	5.669180633
4.82523	0.000892507	5.669180633
4.83207	0.000892507	5.669180633
4.84497	0.000892507	5.669180633
4.8544	0.000892507	5.669180633
4.85799	0.000892507	5.669180633
4.85475	0.000892507	5.669180633
4.8566199999999995	0.000892507	5.669180633
4.8587	0.000892507	5.669180633
4.85125	0.000892507	5.669180633
4.84074	0.000892507	5.669180633
4.8288400000000005	0.000892507	5.669180633
4.82768	0.000892507	5.669180633
4.8332	0.000892507	5.669180633
4.8249	0.000892507	5.669180633
4.82101	0.000892507	5.669180633
4.81719	0.000892507	5.669180633
4.81186	0.000892507	5.669180633
4.81119	0.000892507	5.669180633
4.80486	0.000892507	5.669180633
4.80272	0.000892507	5.669180633
4.79798	0.000892507	5.669180633
4.78945	0.000892507	5.669180633
4.78134	0.000892507	5.669180633
4.770969999999999	0.000892507	5.669180633
4.76856	0.000892507	5.669180633
4.76955	0.000892507	5.669180633
4.76814	0.000892507	5.669180633
4.76535	0.000892507	5.669180633
4.76715	0.000892507	5.669180633
4.77879	0.000892507	5.669180633
4.79025	0.000892507	5.669180633
4.790430000000001	0.000892507	5.669180633
4.79446	0.000892507	5.669180633
4.79965	0.000892507	5.669180633
4.80307	0.000892507	5.669180633
4.80877	0.000892507	5.669180633
4.80451	0.000892507	5.669180633
4.81348	0.000892507	5.669180633
4.82215	0.000892507	5.669180633
4.83124	0.000892507	5.669180633
4.84176	0.000892507	5.669180633
4.853940000000001	0.000892507	5.669180633
4.86434	0.000892507	5.669180633
4.88165	0.000892507	5.669180633
4.905930000000001	0.000892507	5.669180633
4.92635	0.000892507	5.669180633
4.944030000000001	0.000892507	5.669180633
4.962680000000001	0.000892507	5.669180633
4.97912	0.000892507	5.669180633
5.01047	0.000892507	5.669180633
5.0451	0.000892507	5.669180633
5.0632	0.000892507	5.669180633
5.07616	0.000892507	5.669180633
5.09074	0.000892507	5.669180633
5.10974	0.000892507	5.669180633
5.12425	0.000892507	5.669180633
5.13625	0.000892507	5.669180633
5.15356	0.000892507	5.669180633
5.17431	0.000892507	5.669180633
5.19591	0.000892507	5.669180633
5.21097	0.000892507	5.669180633
5.23727	0.000892507	5.669180633
5.26081	0.000892507	5.669180633
5.28512	0.000892507	5.669180633
5.29823	0.000892507	5.669180633
5.31965	0.000892507	5.669180633
5.34425	0.000892507	5.669180633
5.3685	0.000892507	5.669180633
5.3985	0.000892507	5.669180633
5.40649	0.000892507	5.669180633
5.405819999999999	0.000892507	5.669180633
5.40194	0.000892507	5.669180633
5.40651	0.000892507	5.669180633
5.39722	0.000892507	5.669180633
5.39311	0.000892507	5.669180633
5.3970199999999995	0.000892507	5.669180633
5.39749	0.000892507	5.669180633
5.39952	0.000892507	5.669180633
5.39191	0.000892507	5.669180633
5.39309	0.000892507	5.669180633
5.40379	0.000892507	5.669180633
5.40183	0.000892507	5.669180633
5.39886	0.000892507	5.669180633
5.4149199999999995	0.000892507	5.669180633
5.4337800000000005	0.000892507	5.669180633
5.44462	0.000892507	5.669180633
5.45751	0.000892507	5.669180633
5.47307	0.000892507	5.669180633
5.48654	0.000892507	5.669180633
5.50517	0.000892507	5.669180633
5.523569999999999	0.000892507	5.669180633
5.54502	0.000892507	5.669180633
5.55896	0.000892507	5.669180633
5.56268	0.000892507	5.669180633
5.5599	0.000892507	5.669180633
5.5627	0.000892507	5.669180633
5.57445	0.000892507	5.669180633
5.57402	0.000892507	5.669180633
5.579969999999999	0.000892507	5.669180633
5.56844	0.000892507	5.669180633
5.56621	0.000892507	5.669180633
5.559740000000001	0.000892507	5.669180633
5.55731	0.000892507	5.669180633
5.543819999999999	0.000892507	5.669180633
5.52931	0.000892507	5.669180633
5.5042800000000005	0.000892507	5.669180633
5.4884	0.000892507	5.669180633
5.48796	0.000892507	5.669180633
5.47994	0.000892507	5.669180633
5.47213	0.000892507	5.669180633
5.45894	0.000892507	5.669180633
5.44609	0.000892507	5.669180633
5.43749	0.000892507	5.669180633
5.423780000000001	0.000892507	5.669180633
5.40247	0.000892507	5.669180633
5.39127	0.000892507	5.669180633
5.38615	0.000892507	5.669180633
5.37979	0.000892507	5.669180633
5.35952	0.000892507	5.669180633
5.33195	0.000892507	5.669180633
5.31391	0.000892507	5.669180633
5.29218	0.000892507	5.669180633
5.27021	0.000892507	5.669180633
5.25599	0.000892507	5.669180633
5.2371	0.000892507	5.669180633
5.23497	0.000892507	5.669180633
5.22584	0.000892507	5.669180633
5.2071	0.000892507	5.669180633
5.1914	0.000892507	5.669180633
5.1673	0.000892507	5.669180633
5.15888	0.000892507	5.669180633
5.15756	0.000892507	5.669180633
5.15528	0.000892507	5.669180633
5.163	0.000892507	5.669180633
5.16402	0.000892507	5.669180633
5.15683	0.000892507	5.669180633
5.150180000000001	0.000892507	5.669180633
5.1357800000000005	0.000892507	5.669180633
5.12496	0.000892507	5.669180633
5.11535	0.000892507	5.669180633
5.10695	0.000892507	5.669180633
5.09261	0.000892507	5.669180633
5.08368	0.000892507	5.669180633
5.06901	0.000892507	5.669180633
5.04981	0.000892507	5.669180633
5.03587	0.000892507	5.669180633
5.02318	0.000892507	5.669180633
5.00294	0.000892507	5.669180633
4.9972900000000005	0.000892507	5.669180633
4.98727	0.000892507	5.669180633
4.9882599999999995	0.000892507	5.669180633
4.99641	0.000892507	5.669180633
4.99038	0.000892507	5.669180633
4.99108	0.000892507	5.669180633
4.9882599999999995	0.000892507	5.669180633
4.98626	0.000892507	5.669180633
4.96857	0.000892507	5.669180633
4.95447	0.000892507	5.669180633
4.94559	0.000892507	5.669180633
4.9366699999999994	0.000892507	5.669180633
4.934159999999999	0.000892507	5.669180633
4.92929	0.000892507	5.669180633
4.93025	0.000892507	5.669180633
4.9276800000000005	0.000892507	5.669180633
4.91898	0.000892507	5.669180633
4.90639	0.000892507	5.669180633
4.8898	0.000892507	5.669180633
4.88535	0.000892507	5.669180633
4.88207	0.000892507	5.669180633
4.88274	0.000892507	5.669180633
4.87613	0.000892507	5.669180633
4.868	0.000892507	5.669180633
4.8566199999999995	0.000892507	5.669180633
4.8506599999999995	0.000892507	5.669180633
4.84324	0.000892507	5.669180633
4.8413	0.000892507	5.669180633
4.84342	0.000892507	5.669180633
4.8396300000000005	0.000892507	5.669180633
4.84106	0.000892507	5.669180633
4.8417900000000005	0.000892507	5.669180633
4.84053	0.000892507	5.669180633
4.84123	0.000892507	5.669180633
4.83447	0.000892507	5.669180633
4.83908	0.000892507	5.669180633
4.85385	0.000892507	5.669180633
4.8570199999999994	0.000892507	5.669180633
4.8552800000000005	0.000892507	5.669180633
4.85176	0.000892507	5.669180633
4.84636	0.000892507	5.669180633
4.84361	0.000892507	5.669180633
4.83675	0.000892507	5.669180633
4.83413	0.000892507	5.669180633
4.85126	0.000892507	5.669180633
4.86696	0.000892507	5.669180633
4.88152	0.000892507	5.669180633
4.888719999999999	0.000892507	5.669180633
4.90131	0.000892507	5.669180633
4.90822	0.000892507	5.669180633
4.91063	0.000892507	5.669180633
4.92295	0.000892507	5.669180633
4.94137	0.000892507	5.669180633
4.950480000000001	0.000892507	5.669180633
4.949730000000001	0.000892507	5.669180633
4.94538	0.000892507	5.669180633
4.94065	0.000892507	5.669180633
4.9301699999999995	0.000892507	5.669180633
4.93277	0.000892507	5.669180633
4.93122	0.000892507	5.669180633
4.92079	0.000892507	5.669180633
4.90409	0.000892507	5.669180633
4.894080000000001	0.000892507	5.669180633
4.86984	0.000892507	5.669180633
4.85621	0.000892507	5.669180633
4.85527	0.000892507	5.669180633
4.85099	0.000892507	5.669180633
4.84882	0.000892507	5.669180633
4.83887	0.000892507	5.669180633
4.852119999999999	0.000892507	5.669180633
4.86146	0.000892507	5.669180633
4.871180000000001	0.000892507	5.669180633
4.8727	0.000892507	5.669180633
4.86601	0.000892507	5.669180633
4.84903	0.000892507	5.669180633
4.83821	0.000892507	5.669180633
4.83663	0.000892507	5.669180633
4.83775	0.000892507	5.669180633
4.82793	0.000892507	5.669180633
4.82124	0.000892507	5.669180633
4.807	0.000892507	5.669180633
4.7895900000000005	0.000892507	5.669180633
4.77879	0.000892507	5.669180633
4.77212	0.000892507	5.669180633
4.76216	0.000892507	5.669180633
4.76208	0.000892507	5.669180633
4.7534	0.000892507	5.669180633
4.73364	0.000892507	5.669180633
4.716419999999999	0.000892507	5.669180633
4.690930000000001	0.000892507	5.669180633
4.67076	0.000892507	5.669180633
4.64584	0.000892507	5.669180633
4.62467	0.000892507	5.669180633
4.61315	0.000892507	5.669180633
4.5913699999999995	0.000892507	5.669180633
4.56461	0.000892507	5.669180633
4.5525199999999995	0.000892507	5.669180633
4.52366	0.000892507	5.669180633
4.50317	0.000892507	5.669180633
4.49052	0.000892507	5.669180633
4.48441	0.000892507	5.669180633
4.470680000000001	0.000892507	5.669180633
4.46557	0.000892507	5.669180633
4.4531	0.000892507	5.669180633
4.45346	0.000892507	5.669180633
4.4501599999999994	0.000892507	5.669180633
4.44373	0.000892507	5.669180633
4.43887	0.000892507	5.669180633
4.4353	0.000892507	5.669180633
4.437130000000001	0.000892507	5.669180633
4.43039	0.000892507	5.669180633
4.428719999999999	0.000892507	5.669180633
4.4268	0.000892507	5.669180633
4.4252400000000005	0.000892507	5.669180633
4.42631	0.000892507	5.669180633
4.44554	0.000892507	5.669180633
4.4525	0.000892507	5.669180633
4.45553	0.000892507	5.669180633
4.46445	0.000892507	5.669180633
4.47182	0.000892507	5.669180633
4.47545	0.000892507	5.669180633
4.4631	0.000892507	5.669180633
4.4644	0.000892507	5.669180633
4.4698	0.000892507	5.669180633
4.4867	0.000892507	5.669180633
4.49525	0.000892507	5.669180633
4.50582	0.000892507	5.669180633
4.51825	0.000892507	5.669180633
4.52682	0.000892507	5.669180633
4.52391	0.000892507	5.669180633
4.50732	0.000892507	5.669180633
4.49221	0.000892507	5.669180633
4.49086	0.000892507	5.669180633
4.49202	0.000892507	5.669180633
4.4907	0.000892507	5.669180633
4.4823699999999995	0.000892507	5.669180633
4.47926	0.000892507	5.669180633
4.4789699999999995	0.000892507	5.669180633
4.494730000000001	0.000892507	5.669180633
4.50287	0.000892507	5.669180633
4.49792	0.000892507	5.669180633
4.48756	0.000892507	5.669180633
4.485	0.000892507	5.669180633
4.48824	0.000892507	5.669180633
4.49832	0.000892507	5.669180633
4.5061599999999995	0.000892507	5.669180633
4.50665	0.000892507	5.669180633
4.50506	0.000892507	5.669180633
4.50324	0.000892507	5.669180633
4.50991	0.000892507	5.669180633
4.51234	0.000892507	5.669180633
4.51778	0.000892507	5.669180633
4.51786	0.000892507	5.669180633
4.51323	0.000892507	5.669180633
4.5115300000000005	0.000892507	5.669180633
4.49587	0.000892507	5.669180633
4.484430000000001	0.000892507	5.669180633
4.47368	0.000892507	5.669180633
4.47495	0.000892507	5.669180633
4.47593	0.000892507	5.669180633
4.47371	0.000892507	5.669180633
4.47024	0.000892507	5.669180633
4.44989	0.000892507	5.669180633
4.43412	0.000892507	5.669180633
4.41434	0.000892507	5.669180633
4.3861099999999995	0.000892507	5.669180633
4.35885	0.000892507	5.669180633
4.32217	0.000892507	5.669180633
4.29401	0.000892507	5.669180633
4.28791	0.000892507	5.669180633
4.27968	0.000892507	5.669180633
4.2790099999999995	0.000892507	5.669180633
4.27182	0.000892507	5.669180633
4.26465	0.000892507	5.669180633
4.25482	0.000892507	5.669180633
4.26396	0.000892507	5.669180633
4.266369999999999	0.000892507	5.669180633
4.26256	0.000892507	5.669180633
4.26342	0.000892507	5.669180633
4.2748800000000005	0.000892507	5.669180633
4.2754199999999996	0.000892507	5.669180633
4.27922	0.000892507	5.669180633
4.28505	0.000892507	5.669180633
4.29761	0.000892507	5.669180633
4.295640000000001	0.000892507	5.669180633
4.29231	0.000892507	5.669180633
4.29057	0.000892507	5.669180633
4.28901	0.000892507	5.669180633
4.27891	0.000892507	5.669180633
4.2720400000000005	0.000892507	5.669180633
4.26433	0.000892507	5.669180633
4.254659999999999	0.000892507	5.669180633
4.24536	0.000892507	5.669180633
4.23537	0.000892507	5.669180633
4.22888	0.000892507	5.669180633
4.22356	0.000892507	5.669180633
4.21014	0.000892507	5.669180633
4.1900900000000005	0.000892507	5.669180633
4.18314	0.000892507	5.669180633
4.17466	0.000892507	5.669180633
4.17224	0.000892507	5.669180633
4.16528	0.000892507	5.669180633
4.16175	0.000892507	5.669180633
4.15981	0.000892507	5.669180633
4.15775	0.000892507	5.669180633
4.15685	0.000892507	5.669180633
4.16132	0.000892507	5.669180633
4.15695	0.000892507	5.669180633
4.1654	0.000892507	5.669180633
4.16643	0.000892507	5.669180633
4.15108	0.000892507	5.669180633
4.13821	0.000892507	5.669180633
4.12405	0.000892507	5.669180633
4.11596	0.000892507	5.669180633
4.12557	0.000892507	5.669180633
4.1276	0.000892507	5.669180633
4.12085	0.000892507	5.669180633
4.11979	0.000892507	5.669180633
4.10799	0.000892507	5.669180633
4.09396	0.000892507	5.669180633
4.08778	0.000892507	5.669180633
4.094930000000001	0.000892507	5.669180633
4.11069	0.000892507	5.669180633
4.13152	0.000892507	5.669180633
4.141780000000001	0.000892507	5.669180633
4.1535	0.000892507	5.669180633
4.16366	0.000892507	5.669180633
4.17799	0.000892507	5.669180633
4.19516	0.000892507	5.669180633
4.21727	0.000892507	5.669180633
4.23842	0.000892507	5.669180633
4.2567900000000005	0.000892507	5.669180633
4.27468	0.000892507	5.669180633
4.27959	0.000892507	5.669180633
4.27637	0.000892507	5.669180633
4.26813	0.000892507	5.669180633
4.25363	0.000892507	5.669180633
4.247240000000001	0.000892507	5.669180633
4.2396400000000005	0.000892507	5.669180633
4.22842	0.000892507	5.669180633
4.23532	0.000892507	5.669180633
4.23086	0.000892507	5.669180633
4.21995	0.000892507	5.669180633
4.21476	0.000892507	5.669180633
4.20576	0.000892507	5.669180633
4.20524	0.000892507	5.669180633
4.206930000000001	0.000892507	5.669180633
4.20679	0.000892507	5.669180633
4.21903	0.000892507	5.669180633
4.23155	0.000892507	5.669180633
4.23656	0.000892507	5.669180633
4.23736	0.000892507	5.669180633
4.23762	0.000892507	5.669180633
