3.7899199999999995	0.000892507	3.40150838
3.7967800000000005	0.000892507	3.40150838
3.80643	0.000892507	3.40150838
3.8179800000000004	0.000892507	3.40150838
3.8276199999999996	0.000892507	3.40150838
3.83344	0.000892507	3.40150838
3.8365400000000003	0.000892507	3.40150838
3.83871	0.000892507	3.40150838
3.83954	0.000892507	3.40150838
3.8429900000000004	0.000892507	3.40150838
3.8455	0.000892507	3.40150838
3.84936	0.000892507	3.40150838
3.85184	0.000892507	3.40150838
3.85455	0.000892507	3.40150838
3.85655	0.000892507	3.40150838
3.85791	0.000892507	3.40150838
3.86173	0.000892507	3.40150838
3.86803	0.000892507	3.40150838
3.8713900000000003	0.000892507	3.40150838
3.8722300000000005	0.000892507	3.40150838
3.87184	0.000892507	3.40150838
3.86973	0.000892507	3.40150838
3.8682300000000005	0.000892507	3.40150838
3.86297	0.000892507	3.40150838
3.85601	0.000892507	3.40150838
3.84879	0.000892507	3.40150838
3.8403	0.000892507	3.40150838
3.8380400000000003	0.000892507	3.40150838
3.8355599999999996	0.000892507	3.40150838
3.83271	0.000892507	3.40150838
3.8293199999999996	0.000892507	3.40150838
3.82858	0.000892507	3.40150838
3.8282599999999998	0.000892507	3.40150838
3.8269599999999997	0.000892507	3.40150838
3.82347	0.000892507	3.40150838
3.8227300000000004	0.000892507	3.40150838
3.82456	0.000892507	3.40150838
3.8255800000000004	0.000892507	3.40150838
3.8241099999999997	0.000892507	3.40150838
3.81693	0.000892507	3.40150838
3.81304	0.000892507	3.40150838
3.8091	0.000892507	3.40150838
3.81395	0.000892507	3.40150838
3.8194800000000004	0.000892507	3.40150838
3.82596	0.000892507	3.40150838
3.8340300000000003	0.000892507	3.40150838
3.83776	0.000892507	3.40150838
3.8422400000000003	0.000892507	3.40150838
3.8451699999999995	0.000892507	3.40150838
3.85037	0.000892507	3.40150838
3.8539199999999996	0.000892507	3.40150838
3.856	0.000892507	3.40150838
3.8514800000000005	0.000892507	3.40150838
3.84427	0.000892507	3.40150838
3.84058	0.000892507	3.40150838
3.83583	0.000892507	3.40150838
3.8308800000000005	0.000892507	3.40150838
3.8275900000000003	0.000892507	3.40150838
3.827	0.000892507	3.40150838
3.8204300000000004	0.000892507	3.40150838
3.8144199999999997	0.000892507	3.40150838
3.80801	0.000892507	3.40150838
3.8018699999999996	0.000892507	3.40150838
3.79642	0.000892507	3.40150838
3.7892300000000003	0.000892507	3.40150838
3.781	0.000892507	3.40150838
3.76966	0.000892507	3.40150838
3.75984	0.000892507	3.40150838
3.7522300000000004	0.000892507	3.40150838
3.74517	0.000892507	3.40150838
3.7374199999999997	0.000892507	3.40150838
3.7315199999999997	0.000892507	3.40150838
3.7197	0.000892507	3.40150838
3.7031099999999997	0.000892507	3.40150838
3.6868800000000004	0.000892507	3.40150838
3.6756	0.000892507	3.40150838
3.66636	0.000892507	3.40150838
3.66074	0.000892507	3.40150838
3.6580800000000004	0.000892507	3.40150838
3.65585	0.000892507	3.40150838
3.6514599999999997	0.000892507	3.40150838
3.6511400000000003	0.000892507	3.40150838
3.65153	0.000892507	3.40150838
3.6532199999999997	0.000892507	3.40150838
3.6555699999999995	0.000892507	3.40150838
3.65904	0.000892507	3.40150838
3.6640099999999998	0.000892507	3.40150838
3.66488	0.000892507	3.40150838
3.66286	0.000892507	3.40150838
3.6577599999999997	0.000892507	3.40150838
3.65538	0.000892507	3.40150838
3.6531	0.000892507	3.40150838
3.65025	0.000892507	3.40150838
3.6456199999999996	0.000892507	3.40150838
3.6442099999999997	0.000892507	3.40150838
3.64004	0.000892507	3.40150838
3.64035	0.000892507	3.40150838
3.6379900000000003	0.000892507	3.40150838
3.63582	0.000892507	3.40150838
3.6343199999999998	0.000892507	3.40150838
3.6326300000000002	0.000892507	3.40150838
3.63297	0.000892507	3.40150838
3.63331	0.000892507	3.40150838
3.6329599999999997	0.000892507	3.40150838
3.6297	0.000892507	3.40150838
3.6257699999999997	0.000892507	3.40150838
3.61795	0.000892507	3.40150838
3.60733	0.000892507	3.40150838
3.6014699999999995	0.000892507	3.40150838
3.59471	0.000892507	3.40150838
3.5936	0.000892507	3.40150838
3.6000400000000004	0.000892507	3.40150838
3.6015699999999997	0.000892507	3.40150838
3.60215	0.000892507	3.40150838
3.6007800000000003	0.000892507	3.40150838
3.59761	0.000892507	3.40150838
3.59225	0.000892507	3.40150838
3.58915	0.000892507	3.40150838
3.58509	0.000892507	3.40150838
3.58121	0.000892507	3.40150838
3.57597	0.000892507	3.40150838
3.57571	0.000892507	3.40150838
3.57557	0.000892507	3.40150838
3.58204	0.000892507	3.40150838
3.59064	0.000892507	3.40150838
3.59901	0.000892507	3.40150838
3.60733	0.000892507	3.40150838
3.6175599999999997	0.000892507	3.40150838
3.62901	0.000892507	3.40150838
3.6413900000000003	0.000892507	3.40150838
3.65041	0.000892507	3.40150838
3.6585300000000003	0.000892507	3.40150838
3.6649199999999995	0.000892507	3.40150838
3.6733	0.000892507	3.40150838
3.68416	0.000892507	3.40150838
3.69434	0.000892507	3.40150838
3.69985	0.000892507	3.40150838
3.70126	0.000892507	3.40150838
3.7040599999999997	0.000892507	3.40150838
3.70821	0.000892507	3.40150838
3.70954	0.000892507	3.40150838
3.7101699999999997	0.000892507	3.40150838
3.71273	0.000892507	3.40150838
3.70911	0.000892507	3.40150838
3.70466	0.000892507	3.40150838
3.70264	0.000892507	3.40150838
3.69777	0.000892507	3.40150838
3.69772	0.000892507	3.40150838
3.69705	0.000892507	3.40150838
3.69404	0.000892507	3.40150838
3.69424	0.000892507	3.40150838
3.69371	0.000892507	3.40150838
3.6930199999999997	0.000892507	3.40150838
3.69349	0.000892507	3.40150838
3.6923199999999996	0.000892507	3.40150838
3.69489	0.000892507	3.40150838
3.6928199999999998	0.000892507	3.40150838
3.6898800000000005	0.000892507	3.40150838
3.6848	0.000892507	3.40150838
3.6764	0.000892507	3.40150838
3.6721699999999995	0.000892507	3.40150838
3.66871	0.000892507	3.40150838
3.66451	0.000892507	3.40150838
3.66466	0.000892507	3.40150838
3.6623300000000003	0.000892507	3.40150838
3.65836	0.000892507	3.40150838
3.65961	0.000892507	3.40150838
3.6636	0.000892507	3.40150838
3.66794	0.000892507	3.40150838
3.6679199999999996	0.000892507	3.40150838
3.66866	0.000892507	3.40150838
3.67161	0.000892507	3.40150838
3.6727800000000004	0.000892507	3.40150838
3.67055	0.000892507	3.40150838
3.67147	0.000892507	3.40150838
3.6722	0.000892507	3.40150838
3.6704	0.000892507	3.40150838
3.66945	0.000892507	3.40150838
3.66991	0.000892507	3.40150838
3.6692099999999996	0.000892507	3.40150838
3.6695599999999997	0.000892507	3.40150838
3.6674800000000003	0.000892507	3.40150838
3.66526	0.000892507	3.40150838
3.66305	0.000892507	3.40150838
3.66414	0.000892507	3.40150838
3.66895	0.000892507	3.40150838
3.6747699999999996	0.000892507	3.40150838
3.68687	0.000892507	3.40150838
3.6978	0.000892507	3.40150838
3.70759	0.000892507	3.40150838
3.7188800000000004	0.000892507	3.40150838
3.7301900000000003	0.000892507	3.40150838
3.7357699999999996	0.000892507	3.40150838
3.74135	0.000892507	3.40150838
3.7470800000000004	0.000892507	3.40150838
3.75052	0.000892507	3.40150838
3.75126	0.000892507	3.40150838
3.75094	0.000892507	3.40150838
3.74935	0.000892507	3.40150838
3.74758	0.000892507	3.40150838
3.74939	0.000892507	3.40150838
3.7576	0.000892507	3.40150838
3.76197	0.000892507	3.40150838
3.76261	0.000892507	3.40150838
3.76266	0.000892507	3.40150838
3.7602599999999997	0.000892507	3.40150838
3.7550199999999996	0.000892507	3.40150838
3.75179	0.000892507	3.40150838
3.7455199999999995	0.000892507	3.40150838
3.7377	0.000892507	3.40150838
3.72779	0.000892507	3.40150838
3.7167800000000004	0.000892507	3.40150838
3.7110300000000005	0.000892507	3.40150838
3.70422	0.000892507	3.40150838
3.7034800000000003	0.000892507	3.40150838
3.7005199999999996	0.000892507	3.40150838
3.6965800000000004	0.000892507	3.40150838
3.69484	0.000892507	3.40150838
3.6912300000000005	0.000892507	3.40150838
3.69009	0.000892507	3.40150838
3.68652	0.000892507	3.40150838
3.6858400000000002	0.000892507	3.40150838
3.6819	0.000892507	3.40150838
3.67665	0.000892507	3.40150838
3.67055	0.000892507	3.40150838
3.66681	0.000892507	3.40150838
3.6596800000000003	0.000892507	3.40150838
3.6543	0.000892507	3.40150838
3.6460199999999996	0.000892507	3.40150838
3.6415300000000004	0.000892507	3.40150838
3.63553	0.000892507	3.40150838
3.6284699999999996	0.000892507	3.40150838
3.62141	0.000892507	3.40150838
3.6135300000000004	0.000892507	3.40150838
3.6061199999999998	0.000892507	3.40150838
3.59827	0.000892507	3.40150838
3.59265	0.000892507	3.40150838
3.58914	0.000892507	3.40150838
3.58366	0.000892507	3.40150838
3.58201	0.000892507	3.40150838
3.58259	0.000892507	3.40150838
3.57784	0.000892507	3.40150838
3.5711800000000005	0.000892507	3.40150838
3.56658	0.000892507	3.40150838
3.56186	0.000892507	3.40150838
3.5592099999999998	0.000892507	3.40150838
3.55745	0.000892507	3.40150838
3.5598699999999996	0.000892507	3.40150838
3.56589	0.000892507	3.40150838
3.56788	0.000892507	3.40150838
3.5703	0.000892507	3.40150838
3.57376	0.000892507	3.40150838
3.5738	0.000892507	3.40150838
3.57637	0.000892507	3.40150838
3.5778199999999996	0.000892507	3.40150838
3.58265	0.000892507	3.40150838
3.5880300000000003	0.000892507	3.40150838
3.59305	0.000892507	3.40150838
3.6004400000000003	0.000892507	3.40150838
3.6093699999999997	0.000892507	3.40150838
3.61792	0.000892507	3.40150838
3.6202400000000003	0.000892507	3.40150838
3.62428	0.000892507	3.40150838
3.6265699999999996	0.000892507	3.40150838
3.6305199999999997	0.000892507	3.40150838
3.6335800000000003	0.000892507	3.40150838
3.6354900000000003	0.000892507	3.40150838
3.63456	0.000892507	3.40150838
3.6409599999999998	0.000892507	3.40150838
3.64935	0.000892507	3.40150838
3.6554900000000004	0.000892507	3.40150838
3.65993	0.000892507	3.40150838
3.66048	0.000892507	3.40150838
3.65743	0.000892507	3.40150838
3.65542	0.000892507	3.40150838
3.65418	0.000892507	3.40150838
3.65055	0.000892507	3.40150838
3.6517	0.000892507	3.40150838
3.65009	0.000892507	3.40150838
3.6490099999999996	0.000892507	3.40150838
3.6503699999999997	0.000892507	3.40150838
3.6490400000000003	0.000892507	3.40150838
3.6488	0.000892507	3.40150838
3.6488300000000002	0.000892507	3.40150838
3.6491800000000003	0.000892507	3.40150838
3.64932	0.000892507	3.40150838
3.64701	0.000892507	3.40150838
3.6526300000000003	0.000892507	3.40150838
3.6563800000000004	0.000892507	3.40150838
3.6609800000000003	0.000892507	3.40150838
3.66635	0.000892507	3.40150838
3.6737800000000003	0.000892507	3.40150838
3.6847300000000005	0.000892507	3.40150838
3.6947900000000002	0.000892507	3.40150838
3.6977800000000003	0.000892507	3.40150838
3.70062	0.000892507	3.40150838
3.7054300000000002	0.000892507	3.40150838
3.7115199999999997	0.000892507	3.40150838
3.71455	0.000892507	3.40150838
3.71964	0.000892507	3.40150838
3.72276	0.000892507	3.40150838
3.72001	0.000892507	3.40150838
3.7207	0.000892507	3.40150838
3.7203699999999995	0.000892507	3.40150838
3.7212	0.000892507	3.40150838
3.7208099999999997	0.000892507	3.40150838
3.7170300000000003	0.000892507	3.40150838
3.7165	0.000892507	3.40150838
3.71365	0.000892507	3.40150838
3.71391	0.000892507	3.40150838
3.7170199999999998	0.000892507	3.40150838
3.72021	0.000892507	3.40150838
3.7227300000000003	0.000892507	3.40150838
3.72495	0.000892507	3.40150838
3.7280300000000004	0.000892507	3.40150838
3.72971	0.000892507	3.40150838
3.7323800000000005	0.000892507	3.40150838
3.73829	0.000892507	3.40150838
3.7448599999999996	0.000892507	3.40150838
3.7524300000000004	0.000892507	3.40150838
3.756	0.000892507	3.40150838
3.76212	0.000892507	3.40150838
3.77014	0.000892507	3.40150838
3.7747300000000004	0.000892507	3.40150838
3.77714	0.000892507	3.40150838
3.7789300000000003	0.000892507	3.40150838
3.78	0.000892507	3.40150838
3.7759099999999997	0.000892507	3.40150838
3.77215	0.000892507	3.40150838
3.7673	0.000892507	3.40150838
3.7642300000000004	0.000892507	3.40150838
3.75799	0.000892507	3.40150838
3.75265	0.000892507	3.40150838
3.7463900000000003	0.000892507	3.40150838
3.73889	0.000892507	3.40150838
3.73311	0.000892507	3.40150838
3.72801	0.000892507	3.40150838
3.7239199999999997	0.000892507	3.40150838
3.7269099999999997	0.000892507	3.40150838
3.7304199999999996	0.000892507	3.40150838
3.7311900000000002	0.000892507	3.40150838
3.7295599999999998	0.000892507	3.40150838
3.72882	0.000892507	3.40150838
3.72705	0.000892507	3.40150838
3.72575	0.000892507	3.40150838
3.7243	0.000892507	3.40150838
3.7250699999999997	0.000892507	3.40150838
3.7260400000000002	0.000892507	3.40150838
3.72709	0.000892507	3.40150838
3.7324599999999997	0.000892507	3.40150838
3.7347599999999996	0.000892507	3.40150838
3.73389	0.000892507	3.40150838
3.7339599999999997	0.000892507	3.40150838
3.73706	0.000892507	3.40150838
3.74077	0.000892507	3.40150838
3.7383699999999997	0.000892507	3.40150838
3.73357	0.000892507	3.40150838
3.73328	0.000892507	3.40150838
3.73435	0.000892507	3.40150838
3.73485	0.000892507	3.40150838
3.73524	0.000892507	3.40150838
3.7326699999999997	0.000892507	3.40150838
3.7304199999999996	0.000892507	3.40150838
3.7261800000000003	0.000892507	3.40150838
3.7222699999999995	0.000892507	3.40150838
3.71779	0.000892507	3.40150838
3.71244	0.000892507	3.40150838
3.7078900000000004	0.000892507	3.40150838
3.7029900000000002	0.000892507	3.40150838
3.6980699999999995	0.000892507	3.40150838
3.6933800000000003	0.000892507	3.40150838
3.68815	0.000892507	3.40150838
3.68194	0.000892507	3.40150838
3.67686	0.000892507	3.40150838
3.67391	0.000892507	3.40150838
3.67314	0.000892507	3.40150838
3.67296	0.000892507	3.40150838
3.6744199999999996	0.000892507	3.40150838
3.6749	0.000892507	3.40150838
3.6781800000000002	0.000892507	3.40150838
3.6808300000000003	0.000892507	3.40150838
3.6840900000000003	0.000892507	3.40150838
3.68453	0.000892507	3.40150838
3.68934	0.000892507	3.40150838
3.6952199999999995	0.000892507	3.40150838
3.7023800000000002	0.000892507	3.40150838
3.7044699999999997	0.000892507	3.40150838
3.70952	0.000892507	3.40150838
3.7136199999999997	0.000892507	3.40150838
3.71982	0.000892507	3.40150838
3.7245199999999996	0.000892507	3.40150838
3.7248699999999997	0.000892507	3.40150838
3.7258699999999996	0.000892507	3.40150838
3.72597	0.000892507	3.40150838
3.7272300000000005	0.000892507	3.40150838
3.7331	0.000892507	3.40150838
3.7379800000000003	0.000892507	3.40150838
3.74629	0.000892507	3.40150838
3.75311	0.000892507	3.40150838
3.7586800000000005	0.000892507	3.40150838
3.7680800000000003	0.000892507	3.40150838
3.78126	0.000892507	3.40150838
3.78776	0.000892507	3.40150838
3.79567	0.000892507	3.40150838
3.80341	0.000892507	3.40150838
3.80936	0.000892507	3.40150838
3.8157300000000003	0.000892507	3.40150838
3.8239199999999998	0.000892507	3.40150838
3.8327	0.000892507	3.40150838
3.8446	0.000892507	3.40150838
3.85607	0.000892507	3.40150838
3.8660900000000002	0.000892507	3.40150838
3.87259	0.000892507	3.40150838
3.88102	0.000892507	3.40150838
3.88646	0.000892507	3.40150838
3.88964	0.000892507	3.40150838
3.8937699999999995	0.000892507	3.40150838
3.8954	0.000892507	3.40150838
3.89857	0.000892507	3.40150838
3.8962800000000004	0.000892507	3.40150838
3.89341	0.000892507	3.40150838
3.8915599999999997	0.000892507	3.40150838
3.8878699999999995	0.000892507	3.40150838
3.8847	0.000892507	3.40150838
3.88582	0.000892507	3.40150838
3.88864	0.000892507	3.40150838
3.89246	0.000892507	3.40150838
3.89485	0.000892507	3.40150838
3.89574	0.000892507	3.40150838
3.8951599999999997	0.000892507	3.40150838
3.89935	0.000892507	3.40150838
3.8985800000000004	0.000892507	3.40150838
3.8997	0.000892507	3.40150838
3.90076	0.000892507	3.40150838
3.90185	0.000892507	3.40150838
3.9022300000000003	0.000892507	3.40150838
3.89845	0.000892507	3.40150838
3.89465	0.000892507	3.40150838
3.89399	0.000892507	3.40150838
3.89259	0.000892507	3.40150838
3.89117	0.000892507	3.40150838
3.8915800000000003	0.000892507	3.40150838
3.89216	0.000892507	3.40150838
3.89	0.000892507	3.40150838
3.88671	0.000892507	3.40150838
3.88139	0.000892507	3.40150838
3.87629	0.000892507	3.40150838
3.87203	0.000892507	3.40150838
3.8677599999999996	0.000892507	3.40150838
3.86344	0.000892507	3.40150838
3.8598199999999996	0.000892507	3.40150838
3.8554199999999996	0.000892507	3.40150838
3.84954	0.000892507	3.40150838
3.84038	0.000892507	3.40150838
3.8347800000000003	0.000892507	3.40150838
3.8238800000000004	0.000892507	3.40150838
3.8136	0.000892507	3.40150838
3.79884	0.000892507	3.40150838
3.78539	0.000892507	3.40150838
3.77503	0.000892507	3.40150838
3.76338	0.000892507	3.40150838
3.75399	0.000892507	3.40150838
3.7440900000000004	0.000892507	3.40150838
3.72916	0.000892507	3.40150838
3.71504	0.000892507	3.40150838
3.7017	0.000892507	3.40150838
3.6908199999999995	0.000892507	3.40150838
3.68419	0.000892507	3.40150838
3.67144	0.000892507	3.40150838
3.6608699999999996	0.000892507	3.40150838
3.6490199999999997	0.000892507	3.40150838
3.63789	0.000892507	3.40150838
3.62799	0.000892507	3.40150838
3.6184300000000005	0.000892507	3.40150838
3.6090699999999996	0.000892507	3.40150838
3.5984	0.000892507	3.40150838
3.58512	0.000892507	3.40150838
3.5746599999999997	0.000892507	3.40150838
3.5661699999999996	0.000892507	3.40150838
3.55752	0.000892507	3.40150838
3.5497699999999996	0.000892507	3.40150838
3.54547	0.000892507	3.40150838
3.5441	0.000892507	3.40150838
3.5446400000000002	0.000892507	3.40150838
3.5441599999999998	0.000892507	3.40150838
3.53951	0.000892507	3.40150838
3.5320400000000003	0.000892507	3.40150838
3.52245	0.000892507	3.40150838
3.51534	0.000892507	3.40150838
3.5070699999999997	0.000892507	3.40150838
3.50328	0.000892507	3.40150838
3.50149	0.000892507	3.40150838
3.50006	0.000892507	3.40150838
3.50014	0.000892507	3.40150838
3.4975	0.000892507	3.40150838
3.4933	0.000892507	3.40150838
3.49177	0.000892507	3.40150838
3.4900900000000004	0.000892507	3.40150838
3.48769	0.000892507	3.40150838
3.4845300000000003	0.000892507	3.40150838
3.47726	0.000892507	3.40150838
3.47177	0.000892507	3.40150838
3.46507	0.000892507	3.40150838
3.46159	0.000892507	3.40150838
3.45591	0.000892507	3.40150838
3.4489300000000003	0.000892507	3.40150838
3.4408	0.000892507	3.40150838
3.4360199999999996	0.000892507	3.40150838
3.43071	0.000892507	3.40150838
3.42576	0.000892507	3.40150838
3.42222	0.000892507	3.40150838
3.42069	0.000892507	3.40150838
3.4237300000000004	0.000892507	3.40150838
3.42961	0.000892507	3.40150838
3.4332800000000003	0.000892507	3.40150838
3.4380300000000004	0.000892507	3.40150838
3.44371	0.000892507	3.40150838
3.4492599999999998	0.000892507	3.40150838
3.45721	0.000892507	3.40150838
3.45855	0.000892507	3.40150838
3.4635199999999995	0.000892507	3.40150838
3.46785	0.000892507	3.40150838
3.4676	0.000892507	3.40150838
3.4668400000000004	0.000892507	3.40150838
3.46993	0.000892507	3.40150838
3.47212	0.000892507	3.40150838
3.4737199999999997	0.000892507	3.40150838
3.47594	0.000892507	3.40150838
3.47975	0.000892507	3.40150838
3.48276	0.000892507	3.40150838
3.48655	0.000892507	3.40150838
3.49379	0.000892507	3.40150838
3.5011	0.000892507	3.40150838
3.51504	0.000892507	3.40150838
3.5296800000000004	0.000892507	3.40150838
3.54521	0.000892507	3.40150838
3.5592699999999997	0.000892507	3.40150838
3.5700800000000004	0.000892507	3.40150838
3.5782300000000005	0.000892507	3.40150838
3.5830599999999997	0.000892507	3.40150838
3.5907	0.000892507	3.40150838
3.5979900000000002	0.000892507	3.40150838
3.60132	0.000892507	3.40150838
3.6062800000000004	0.000892507	3.40150838
3.61124	0.000892507	3.40150838
3.61467	0.000892507	3.40150838
3.6138	0.000892507	3.40150838
3.61248	0.000892507	3.40150838
3.61904	0.000892507	3.40150838
3.62679	0.000892507	3.40150838
3.6372	0.000892507	3.40150838
3.64676	0.000892507	3.40150838
3.6581900000000003	0.000892507	3.40150838
3.66762	0.000892507	3.40150838
3.674	0.000892507	3.40150838
3.68169	0.000892507	3.40150838
3.68583	0.000892507	3.40150838
3.68989	0.000892507	3.40150838
3.69635	0.000892507	3.40150838
3.70062	0.000892507	3.40150838
3.70203	0.000892507	3.40150838
3.70074	0.000892507	3.40150838
3.7002800000000002	0.000892507	3.40150838
3.7002900000000003	0.000892507	3.40150838
3.7006699999999997	0.000892507	3.40150838
3.70094	0.000892507	3.40150838
3.70039	0.000892507	3.40150838
3.7002	0.000892507	3.40150838
3.69639	0.000892507	3.40150838
3.6936	0.000892507	3.40150838
3.69257	0.000892507	3.40150838
3.69423	0.000892507	3.40150838
3.69716	0.000892507	3.40150838
3.70494	0.000892507	3.40150838
3.71426	0.000892507	3.40150838
3.7197699999999996	0.000892507	3.40150838
3.72701	0.000892507	3.40150838
3.73015	0.000892507	3.40150838
3.73235	0.000892507	3.40150838
3.72975	0.000892507	3.40150838
3.7283699999999995	0.000892507	3.40150838
3.72884	0.000892507	3.40150838
3.7284699999999997	0.000892507	3.40150838
3.7239800000000005	0.000892507	3.40150838
3.71671	0.000892507	3.40150838
3.7085800000000004	0.000892507	3.40150838
3.7055599999999997	0.000892507	3.40150838
3.70643	0.000892507	3.40150838
3.7052300000000002	0.000892507	3.40150838
3.7053800000000003	0.000892507	3.40150838
3.7026199999999996	0.000892507	3.40150838
3.6987400000000004	0.000892507	3.40150838
3.69675	0.000892507	3.40150838
3.69432	0.000892507	3.40150838
3.69277	0.000892507	3.40150838
3.68586	0.000892507	3.40150838
3.6824	0.000892507	3.40150838
3.68154	0.000892507	3.40150838
3.6814400000000003	0.000892507	3.40150838
3.67795	0.000892507	3.40150838
3.6800699999999997	0.000892507	3.40150838
3.68209	0.000892507	3.40150838
3.6865300000000003	0.000892507	3.40150838
3.69465	0.000892507	3.40150838
3.7033300000000002	0.000892507	3.40150838
3.71149	0.000892507	3.40150838
3.71469	0.000892507	3.40150838
3.7177800000000003	0.000892507	3.40150838
3.72128	0.000892507	3.40150838
3.7242800000000003	0.000892507	3.40150838
3.72361	0.000892507	3.40150838
3.72265	0.000892507	3.40150838
3.7236800000000003	0.000892507	3.40150838
3.72972	0.000892507	3.40150838
3.7352800000000004	0.000892507	3.40150838
3.7403699999999995	0.000892507	3.40150838
3.74223	0.000892507	3.40150838
3.74436	0.000892507	3.40150838
3.74559	0.000892507	3.40150838
3.74456	0.000892507	3.40150838
3.7467300000000003	0.000892507	3.40150838
3.74888	0.000892507	3.40150838
3.75285	0.000892507	3.40150838
3.7581800000000003	0.000892507	3.40150838
3.7611800000000004	0.000892507	3.40150838
3.7581599999999997	0.000892507	3.40150838
3.752	0.000892507	3.40150838
3.75005	0.000892507	3.40150838
3.74369	0.000892507	3.40150838
3.73621	0.000892507	3.40150838
3.7309099999999997	0.000892507	3.40150838
3.7270800000000004	0.000892507	3.40150838
3.72325	0.000892507	3.40150838
3.7190199999999995	0.000892507	3.40150838
3.7129300000000005	0.000892507	3.40150838
3.71162	0.000892507	3.40150838
3.71021	0.000892507	3.40150838
3.70939	0.000892507	3.40150838
3.70451	0.000892507	3.40150838
3.7029099999999997	0.000892507	3.40150838
3.7035	0.000892507	3.40150838
3.70741	0.000892507	3.40150838
3.71125	0.000892507	3.40150838
3.71277	0.000892507	3.40150838
3.7212699999999996	0.000892507	3.40150838
3.72654	0.000892507	3.40150838
3.73494	0.000892507	3.40150838
3.7414	0.000892507	3.40150838
3.7444	0.000892507	3.40150838
3.74171	0.000892507	3.40150838
3.73881	0.000892507	3.40150838
3.7343	0.000892507	3.40150838
3.73381	0.000892507	3.40150838
3.7325199999999996	0.000892507	3.40150838
3.7312300000000005	0.000892507	3.40150838
3.7332699999999996	0.000892507	3.40150838
3.73377	0.000892507	3.40150838
3.73161	0.000892507	3.40150838
3.7322800000000003	0.000892507	3.40150838
3.7356199999999995	0.000892507	3.40150838
3.74155	0.000892507	3.40150838
3.74376	0.000892507	3.40150838
3.7488300000000003	0.000892507	3.40150838
3.75713	0.000892507	3.40150838
3.76285	0.000892507	3.40150838
3.76759	0.000892507	3.40150838
3.7728900000000003	0.000892507	3.40150838
3.77884	0.000892507	3.40150838
3.7826	0.000892507	3.40150838
3.78871	0.000892507	3.40150838
3.7924300000000004	0.000892507	3.40150838
3.79152	0.000892507	3.40150838
3.79051	0.000892507	3.40150838
3.79348	0.000892507	3.40150838
3.8003199999999997	0.000892507	3.40150838
3.8021199999999995	0.000892507	3.40150838
3.80579	0.000892507	3.40150838
3.8123099999999996	0.000892507	3.40150838
3.82007	0.000892507	3.40150838
3.83235	0.000892507	3.40150838
3.84248	0.000892507	3.40150838
3.85341	0.000892507	3.40150838
3.86064	0.000892507	3.40150838
3.87075	0.000892507	3.40150838
3.8801699999999997	0.000892507	3.40150838
3.8887	0.000892507	3.40150838
3.89868	0.000892507	3.40150838
3.9100699999999997	0.000892507	3.40150838
3.9219	0.000892507	3.40150838
3.9283699999999997	0.000892507	3.40150838
3.9322699999999995	0.000892507	3.40150838
3.9383800000000004	0.000892507	3.40150838
3.9486800000000004	0.000892507	3.40150838
3.95464	0.000892507	3.40150838
3.96089	0.000892507	3.40150838
3.96441	0.000892507	3.40150838
3.96852	0.000892507	3.40150838
3.9731099999999997	0.000892507	3.40150838
3.97692	0.000892507	3.40150838
3.98014	0.000892507	3.40150838
3.9849099999999997	0.000892507	3.40150838
3.98825	0.000892507	3.40150838
3.9935699999999996	0.000892507	3.40150838
3.9998	0.000892507	3.40150838
4.00396	0.000892507	3.40150838
4.00747	0.000892507	3.40150838
4.011480000000001	0.000892507	3.40150838
4.0115099999999995	0.000892507	3.40150838
4.0096099999999995	0.000892507	3.40150838
4.009180000000001	0.000892507	3.40150838
4.0141800000000005	0.000892507	3.40150838
4.01847	0.000892507	3.40150838
4.01947	0.000892507	3.40150838
4.0224400000000005	0.000892507	3.40150838
4.02504	0.000892507	3.40150838
4.02832	0.000892507	3.40150838
4.03376	0.000892507	3.40150838
4.03977	0.000892507	3.40150838
4.0464	0.000892507	3.40150838
4.0524	0.000892507	3.40150838
4.05515	0.000892507	3.40150838
4.052230000000001	0.000892507	3.40150838
4.0475	0.000892507	3.40150838
4.03837	0.000892507	3.40150838
4.03055	0.000892507	3.40150838
4.01929	0.000892507	3.40150838
4.00779	0.000892507	3.40150838
4.00002	0.000892507	3.40150838
3.99493	0.000892507	3.40150838
3.9960400000000003	0.000892507	3.40150838
3.9981400000000002	0.000892507	3.40150838
4.00035	0.000892507	3.40150838
4.00703	0.000892507	3.40150838
4.0104	0.000892507	3.40150838
4.006480000000001	0.000892507	3.40150838
4.00249	0.000892507	3.40150838
3.99594	0.000892507	3.40150838
3.9943	0.000892507	3.40150838
3.98916	0.000892507	3.40150838
3.98046	0.000892507	3.40150838
3.96809	0.000892507	3.40150838
3.95568	0.000892507	3.40150838
3.94447	0.000892507	3.40150838
3.9306900000000002	0.000892507	3.40150838
3.9202199999999996	0.000892507	3.40150838
3.90576	0.000892507	3.40150838
3.8917900000000003	0.000892507	3.40150838
3.87857	0.000892507	3.40150838
3.86835	0.000892507	3.40150838
3.8597599999999996	0.000892507	3.40150838
3.8502199999999998	0.000892507	3.40150838
3.84185	0.000892507	3.40150838
3.83259	0.000892507	3.40150838
3.82407	0.000892507	3.40150838
3.8172	0.000892507	3.40150838
3.80957	0.000892507	3.40150838
3.8032800000000004	0.000892507	3.40150838
3.79428	0.000892507	3.40150838
3.78913	0.000892507	3.40150838
3.78358	0.000892507	3.40150838
3.7807199999999996	0.000892507	3.40150838
3.77949	0.000892507	3.40150838
3.7789699999999997	0.000892507	3.40150838
3.78005	0.000892507	3.40150838
3.78519	0.000892507	3.40150838
3.78684	0.000892507	3.40150838
3.7912	0.000892507	3.40150838
3.7960300000000005	0.000892507	3.40150838
3.80104	0.000892507	3.40150838
3.80291	0.000892507	3.40150838
3.80347	0.000892507	3.40150838
3.80925	0.000892507	3.40150838
3.81304	0.000892507	3.40150838
3.81795	0.000892507	3.40150838
3.8219800000000004	0.000892507	3.40150838
3.8289199999999997	0.000892507	3.40150838
3.83054	0.000892507	3.40150838
3.82979	0.000892507	3.40150838
3.8272699999999995	0.000892507	3.40150838
3.8293	0.000892507	3.40150838
3.8322300000000005	0.000892507	3.40150838
3.83485	0.000892507	3.40150838
3.83284	0.000892507	3.40150838
3.83563	0.000892507	3.40150838
3.83719	0.000892507	3.40150838
3.8380300000000003	0.000892507	3.40150838
3.83785	0.000892507	3.40150838
3.83521	0.000892507	3.40150838
3.8329	0.000892507	3.40150838
3.8344300000000002	0.000892507	3.40150838
3.83924	0.000892507	3.40150838
3.8429800000000003	0.000892507	3.40150838
3.84819	0.000892507	3.40150838
3.85501	0.000892507	3.40150838
3.8582300000000003	0.000892507	3.40150838
3.85796	0.000892507	3.40150838
3.8603	0.000892507	3.40150838
3.86091	0.000892507	3.40150838
3.8608	0.000892507	3.40150838
3.8593800000000003	0.000892507	3.40150838
3.85994	0.000892507	3.40150838
3.86219	0.000892507	3.40150838
3.86675	0.000892507	3.40150838
3.8736	0.000892507	3.40150838
3.87805	0.000892507	3.40150838
3.88139	0.000892507	3.40150838
3.88392	0.000892507	3.40150838
3.88763	0.000892507	3.40150838
3.89384	0.000892507	3.40150838
3.89931	0.000892507	3.40150838
3.90755	0.000892507	3.40150838
3.9176	0.000892507	3.40150838
3.92369	0.000892507	3.40150838
3.92815	0.000892507	3.40150838
3.93139	0.000892507	3.40150838
3.936	0.000892507	3.40150838
3.9382099999999998	0.000892507	3.40150838
3.93485	0.000892507	3.40150838
3.9301	0.000892507	3.40150838
3.92821	0.000892507	3.40150838
3.9236	0.000892507	3.40150838
3.9186900000000002	0.000892507	3.40150838
3.91565	0.000892507	3.40150838
3.9148	0.000892507	3.40150838
3.91225	0.000892507	3.40150838
3.91185	0.000892507	3.40150838
3.91376	0.000892507	3.40150838
3.91535	0.000892507	3.40150838
3.9161900000000003	0.000892507	3.40150838
3.9176	0.000892507	3.40150838
3.9216599999999997	0.000892507	3.40150838
3.92801	0.000892507	3.40150838
3.9358699999999995	0.000892507	3.40150838
3.94348	0.000892507	3.40150838
3.95225	0.000892507	3.40150838
3.9596199999999997	0.000892507	3.40150838
3.96441	0.000892507	3.40150838
3.9663800000000005	0.000892507	3.40150838
3.97056	0.000892507	3.40150838
3.97301	0.000892507	3.40150838
3.9742900000000003	0.000892507	3.40150838
3.9812199999999995	0.000892507	3.40150838
3.9870300000000003	0.000892507	3.40150838
3.99197	0.000892507	3.40150838
3.99556	0.000892507	3.40150838
3.99988	0.000892507	3.40150838
4.00528	0.000892507	3.40150838
4.013380000000001	0.000892507	3.40150838
4.01658	0.000892507	3.40150838
4.02433	0.000892507	3.40150838
4.03137	0.000892507	3.40150838
4.03514	0.000892507	3.40150838
4.03747	0.000892507	3.40150838
4.0375	0.000892507	3.40150838
4.04023	0.000892507	3.40150838
4.04305	0.000892507	3.40150838
4.04398	0.000892507	3.40150838
4.0497	0.000892507	3.40150838
4.05211	0.000892507	3.40150838
4.05866	0.000892507	3.40150838
4.06231	0.000892507	3.40150838
4.06329	0.000892507	3.40150838
4.06586	0.000892507	3.40150838
4.06386	0.000892507	3.40150838
4.06032	0.000892507	3.40150838
4.05699	0.000892507	3.40150838
4.05277	0.000892507	3.40150838
4.04929	0.000892507	3.40150838
4.047969999999999	0.000892507	3.40150838
4.0442	0.000892507	3.40150838
4.04207	0.000892507	3.40150838
4.03725	0.000892507	3.40150838
4.0318	0.000892507	3.40150838
4.02995	0.000892507	3.40150838
4.02722	0.000892507	3.40150838
4.02179	0.000892507	3.40150838
4.0128	0.000892507	3.40150838
4.00774	0.000892507	3.40150838
4.00448	0.000892507	3.40150838
3.9995	0.000892507	3.40150838
3.99785	0.000892507	3.40150838
3.99475	0.000892507	3.40150838
3.9933	0.000892507	3.40150838
3.9887599999999996	0.000892507	3.40150838
3.9809400000000004	0.000892507	3.40150838
3.97462	0.000892507	3.40150838
3.9707800000000004	0.000892507	3.40150838
3.96691	0.000892507	3.40150838
3.9570300000000005	0.000892507	3.40150838
3.9498	0.000892507	3.40150838
3.9427199999999996	0.000892507	3.40150838
3.9374	0.000892507	3.40150838
3.92858	0.000892507	3.40150838
3.92196	0.000892507	3.40150838
3.91975	0.000892507	3.40150838
3.91676	0.000892507	3.40150838
3.9099800000000005	0.000892507	3.40150838
3.90501	0.000892507	3.40150838
3.89955	0.000892507	3.40150838
3.8944900000000002	0.000892507	3.40150838
3.8923300000000003	0.000892507	3.40150838
3.89365	0.000892507	3.40150838
3.8939800000000004	0.000892507	3.40150838
3.89362	0.000892507	3.40150838
3.88922	0.000892507	3.40150838
3.8859199999999996	0.000892507	3.40150838
3.8822400000000004	0.000892507	3.40150838
3.88125	0.000892507	3.40150838
3.88055	0.000892507	3.40150838
3.8788300000000002	0.000892507	3.40150838
3.8769199999999997	0.000892507	3.40150838
3.8686599999999998	0.000892507	3.40150838
3.86067	0.000892507	3.40150838
3.85532	0.000892507	3.40150838
3.8494	0.000892507	3.40150838
3.8455	0.000892507	3.40150838
3.8383	0.000892507	3.40150838
3.8330699999999998	0.000892507	3.40150838
3.82982	0.000892507	3.40150838
3.82576	0.000892507	3.40150838
3.8240300000000005	0.000892507	3.40150838
3.8241699999999996	0.000892507	3.40150838
3.82965	0.000892507	3.40150838
3.8314	0.000892507	3.40150838
3.83514	0.000892507	3.40150838
3.8394699999999995	0.000892507	3.40150838
3.8424699999999996	0.000892507	3.40150838
3.8472	0.000892507	3.40150838
3.8525400000000003	0.000892507	3.40150838
3.85943	0.000892507	3.40150838
3.86531	0.000892507	3.40150838
3.8717699999999997	0.000892507	3.40150838
3.8763	0.000892507	3.40150838
3.8763699999999996	0.000892507	3.40150838
3.87945	0.000892507	3.40150838
3.8811400000000003	0.000892507	3.40150838
3.88781	0.000892507	3.40150838
3.8922800000000004	0.000892507	3.40150838
3.8951300000000004	0.000892507	3.40150838
3.89259	0.000892507	3.40150838
3.8873699999999998	0.000892507	3.40150838
3.87888	0.000892507	3.40150838
3.8707800000000003	0.000892507	3.40150838
3.86299	0.000892507	3.40150838
3.85762	0.000892507	3.40150838
3.85135	0.000892507	3.40150838
3.84114	0.000892507	3.40150838
3.8279099999999997	0.000892507	3.40150838
3.81651	0.000892507	3.40150838
3.8037699999999997	0.000892507	3.40150838
3.78945	0.000892507	3.40150838
3.7793699999999997	0.000892507	3.40150838
3.7748	0.000892507	3.40150838
3.7698300000000002	0.000892507	3.40150838
3.75865	0.000892507	3.40150838
3.74974	0.000892507	3.40150838
3.74033	0.000892507	3.40150838
3.7266800000000004	0.000892507	3.40150838
3.7091	0.000892507	3.40150838
3.69067	0.000892507	3.40150838
3.67395	0.000892507	3.40150838
3.6598599999999997	0.000892507	3.40150838
3.6457699999999997	0.000892507	3.40150838
3.63059	0.000892507	3.40150838
3.61495	0.000892507	3.40150838
3.59616	0.000892507	3.40150838
3.5803599999999998	0.000892507	3.40150838
3.56037	0.000892507	3.40150838
3.5433800000000004	0.000892507	3.40150838
3.52106	0.000892507	3.40150838
3.5038400000000003	0.000892507	3.40150838
3.48526	0.000892507	3.40150838
3.4694199999999995	0.000892507	3.40150838
3.45319	0.000892507	3.40150838
3.44329	0.000892507	3.40150838
3.43514	0.000892507	3.40150838
3.43013	0.000892507	3.40150838
3.4251	0.000892507	3.40150838
3.41776	0.000892507	3.40150838
3.41235	0.000892507	3.40150838
3.41022	0.000892507	3.40150838
3.4110300000000002	0.000892507	3.40150838
3.41612	0.000892507	3.40150838
3.4193300000000004	0.000892507	3.40150838
3.42409	0.000892507	3.40150838
3.4286800000000004	0.000892507	3.40150838
3.4335400000000003	0.000892507	3.40150838
3.44521	0.000892507	3.40150838
3.4575400000000003	0.000892507	3.40150838
3.47462	0.000892507	3.40150838
3.4917800000000003	0.000892507	3.40150838
3.5093900000000002	0.000892507	3.40150838
3.52579	0.000892507	3.40150838
3.5407300000000004	0.000892507	3.40150838
3.5579	0.000892507	3.40150838
3.5735099999999997	0.000892507	3.40150838
3.5878400000000004	0.000892507	3.40150838
3.59921	0.000892507	3.40150838
3.60777	0.000892507	3.40150838
3.6176699999999995	0.000892507	3.40150838
3.62848	0.000892507	3.40150838
3.6353800000000005	0.000892507	3.40150838
3.6386	0.000892507	3.40150838
3.63982	0.000892507	3.40150838
3.6451	0.000892507	3.40150838
3.6518	0.000892507	3.40150838
3.6536199999999996	0.000892507	3.40150838
3.6539800000000002	0.000892507	3.40150838
3.65576	0.000892507	3.40150838
3.6598	0.000892507	3.40150838
3.66546	0.000892507	3.40150838
3.6704800000000004	0.000892507	3.40150838
3.67631	0.000892507	3.40150838
3.68145	0.000892507	3.40150838
3.68744	0.000892507	3.40150838
3.69541	0.000892507	3.40150838
3.7089800000000004	0.000892507	3.40150838
3.7155199999999997	0.000892507	3.40150838
3.7221599999999997	0.000892507	3.40150838
3.7261300000000004	0.000892507	3.40150838
3.72612	0.000892507	3.40150838
3.7241699999999995	0.000892507	3.40150838
3.7227	0.000892507	3.40150838
3.7245800000000004	0.000892507	3.40150838
3.72877	0.000892507	3.40150838
3.7344199999999996	0.000892507	3.40150838
3.7387699999999997	0.000892507	3.40150838
3.7387699999999997	0.000892507	3.40150838
3.7380199999999997	0.000892507	3.40150838
3.7398300000000004	0.000892507	3.40150838
3.74246	0.000892507	3.40150838
3.7429699999999997	0.000892507	3.40150838
3.74528	0.000892507	3.40150838
3.74464	0.000892507	3.40150838
3.74831	0.000892507	3.40150838
3.75374	0.000892507	3.40150838
3.7582199999999997	0.000892507	3.40150838
3.7618	0.000892507	3.40150838
3.7644	0.000892507	3.40150838
3.7702	0.000892507	3.40150838
3.7790800000000004	0.000892507	3.40150838
3.79054	0.000892507	3.40150838
3.79794	0.000892507	3.40150838
3.8026	0.000892507	3.40150838
3.80761	0.000892507	3.40150838
3.8086	0.000892507	3.40150838
3.80942	0.000892507	3.40150838
3.81419	0.000892507	3.40150838
3.82272	0.000892507	3.40150838
3.83503	0.000892507	3.40150838
3.8424	0.000892507	3.40150838
3.84764	0.000892507	3.40150838
3.8507300000000004	0.000892507	3.40150838
3.8509	0.000892507	3.40150838
3.84875	0.000892507	3.40150838
3.83987	0.000892507	3.40150838
3.82959	0.000892507	3.40150838
3.82259	0.000892507	3.40150838
3.8178199999999998	0.000892507	3.40150838
3.81178	0.000892507	3.40150838
3.81057	0.000892507	3.40150838
3.80985	0.000892507	3.40150838
3.81405	0.000892507	3.40150838
3.81481	0.000892507	3.40150838
3.8153699999999997	0.000892507	3.40150838
3.8172599999999997	0.000892507	3.40150838
3.82174	0.000892507	3.40150838
3.82619	0.000892507	3.40150838
3.83034	0.000892507	3.40150838
3.83184	0.000892507	3.40150838
3.8304699999999996	0.000892507	3.40150838
3.83357	0.000892507	3.40150838
3.83334	0.000892507	3.40150838
3.8326300000000004	0.000892507	3.40150838
3.83339	0.000892507	3.40150838
3.835	0.000892507	3.40150838
3.8371699999999995	0.000892507	3.40150838
3.8420400000000003	0.000892507	3.40150838
3.8445099999999996	0.000892507	3.40150838
3.84881	0.000892507	3.40150838
3.85016	0.000892507	3.40150838
3.8525400000000003	0.000892507	3.40150838
3.85589	0.000892507	3.40150838
3.85615	0.000892507	3.40150838
3.8543	0.000892507	3.40150838
3.85149	0.000892507	3.40150838
3.85123	0.000892507	3.40150838
3.84697	0.000892507	3.40150838
3.84839	0.000892507	3.40150838
3.8507800000000003	0.000892507	3.40150838
3.8552	0.000892507	3.40150838
3.8583800000000004	0.000892507	3.40150838
3.8586400000000003	0.000892507	3.40150838
3.8601400000000003	0.000892507	3.40150838
3.85881	0.000892507	3.40150838
3.85627	0.000892507	3.40150838
3.85175	0.000892507	3.40150838
3.84884	0.000892507	3.40150838
3.84944	0.000892507	3.40150838
3.8512800000000005	0.000892507	3.40150838
3.85028	0.000892507	3.40150838
3.85103	0.000892507	3.40150838
3.8518800000000004	0.000892507	3.40150838
3.85616	0.000892507	3.40150838
3.8635800000000002	0.000892507	3.40150838
3.87184	0.000892507	3.40150838
3.8748199999999997	0.000892507	3.40150838
3.8826	0.000892507	3.40150838
3.8883900000000002	0.000892507	3.40150838
3.89036	0.000892507	3.40150838
3.88975	0.000892507	3.40150838
3.8924199999999995	0.000892507	3.40150838
3.89605	0.000892507	3.40150838
3.90016	0.000892507	3.40150838
3.90496	0.000892507	3.40150838
3.90711	0.000892507	3.40150838
3.9085699999999997	0.000892507	3.40150838
3.9108199999999997	0.000892507	3.40150838
3.9134300000000004	0.000892507	3.40150838
3.91554	0.000892507	3.40150838
3.91709	0.000892507	3.40150838
3.9223800000000004	0.000892507	3.40150838
3.92905	0.000892507	3.40150838
3.9376	0.000892507	3.40150838
3.94164	0.000892507	3.40150838
3.94772	0.000892507	3.40150838
3.9523599999999997	0.000892507	3.40150838
3.95571	0.000892507	3.40150838
3.9600699999999995	0.000892507	3.40150838
3.9669	0.000892507	3.40150838
3.97203	0.000892507	3.40150838
3.97511	0.000892507	3.40150838
3.9804800000000005	0.000892507	3.40150838
3.9827800000000004	0.000892507	3.40150838
3.98403	0.000892507	3.40150838
3.9877	0.000892507	3.40150838
3.9906	0.000892507	3.40150838
3.9935099999999997	0.000892507	3.40150838
3.9980599999999997	0.000892507	3.40150838
4.00025	0.000892507	3.40150838
4.00035	0.000892507	3.40150838
4.0016	0.000892507	3.40150838
4.00321	0.000892507	3.40150838
4.00901	0.000892507	3.40150838
4.00737	0.000892507	3.40150838
4.00709	0.000892507	3.40150838
4.00755	0.000892507	3.40150838
4.00785	0.000892507	3.40150838
4.010619999999999	0.000892507	3.40150838
4.01265	0.000892507	3.40150838
4.01435	0.000892507	3.40150838
4.018730000000001	0.000892507	3.40150838
4.02327	0.000892507	3.40150838
4.02682	0.000892507	3.40150838
4.029669999999999	0.000892507	3.40150838
4.0326	0.000892507	3.40150838
4.03639	0.000892507	3.40150838
4.03891	0.000892507	3.40150838
4.03525	0.000892507	3.40150838
4.03275	0.000892507	3.40150838
4.03059	0.000892507	3.40150838
4.0245	0.000892507	3.40150838
4.01971	0.000892507	3.40150838
4.018330000000001	0.000892507	3.40150838
4.01666	0.000892507	3.40150838
4.0157099999999994	0.000892507	3.40150838
4.01601	0.000892507	3.40150838
4.0184	0.000892507	3.40150838
4.01767	0.000892507	3.40150838
4.01825	0.000892507	3.40150838
4.0243199999999995	0.000892507	3.40150838
4.02798	0.000892507	3.40150838
4.03189	0.000892507	3.40150838
4.03881	0.000892507	3.40150838
4.0431099999999995	0.000892507	3.40150838
4.0462	0.000892507	3.40150838
4.0526	0.000892507	3.40150838
4.06093	0.000892507	3.40150838
4.06841	0.000892507	3.40150838
4.08103	0.000892507	3.40150838
4.08933	0.000892507	3.40150838
4.09767	0.000892507	3.40150838
4.10383	0.000892507	3.40150838
4.10407	0.000892507	3.40150838
4.105090000000001	0.000892507	3.40150838
4.10506	0.000892507	3.40150838
4.1034	0.000892507	3.40150838
4.10194	0.000892507	3.40150838
4.09852	0.000892507	3.40150838
4.09971	0.000892507	3.40150838
4.10004	0.000892507	3.40150838
4.09983	0.000892507	3.40150838
4.0972	0.000892507	3.40150838
4.0917900000000005	0.000892507	3.40150838
4.0873	0.000892507	3.40150838
4.07798	0.000892507	3.40150838
4.06311	0.000892507	3.40150838
4.04836	0.000892507	3.40150838
4.03228	0.000892507	3.40150838
4.0208900000000005	0.000892507	3.40150838
4.0126	0.000892507	3.40150838
4.0078	0.000892507	3.40150838
3.9996400000000003	0.000892507	3.40150838
3.9951800000000004	0.000892507	3.40150838
3.9920400000000003	0.000892507	3.40150838
3.99341	0.000892507	3.40150838
3.9942699999999998	0.000892507	3.40150838
3.9957800000000003	0.000892507	3.40150838
3.99305	0.000892507	3.40150838
3.99022	0.000892507	3.40150838
3.9842400000000002	0.000892507	3.40150838
3.9797	0.000892507	3.40150838
3.9765300000000003	0.000892507	3.40150838
3.9725	0.000892507	3.40150838
3.96794	0.000892507	3.40150838
3.9682199999999996	0.000892507	3.40150838
3.96739	0.000892507	3.40150838
3.9663199999999996	0.000892507	3.40150838
3.96331	0.000892507	3.40150838
3.95934	0.000892507	3.40150838
3.9555300000000004	0.000892507	3.40150838
3.9482800000000005	0.000892507	3.40150838
3.9387300000000005	0.000892507	3.40150838
3.9346900000000002	0.000892507	3.40150838
3.9336800000000003	0.000892507	3.40150838
3.9282800000000004	0.000892507	3.40150838
3.91594	0.000892507	3.40150838
3.90277	0.000892507	3.40150838
3.8921900000000003	0.000892507	3.40150838
3.88634	0.000892507	3.40150838
3.8793900000000003	0.000892507	3.40150838
3.86882	0.000892507	3.40150838
3.85826	0.000892507	3.40150838
3.8475599999999996	0.000892507	3.40150838
3.83238	0.000892507	3.40150838
3.81958	0.000892507	3.40150838
3.8108699999999995	0.000892507	3.40150838
3.80555	0.000892507	3.40150838
3.8028199999999996	0.000892507	3.40150838
3.80396	0.000892507	3.40150838
3.80094	0.000892507	3.40150838
3.79944	0.000892507	3.40150838
3.79439	0.000892507	3.40150838
3.7929	0.000892507	3.40150838
3.79284	0.000892507	3.40150838
3.7910699999999995	0.000892507	3.40150838
3.79025	0.000892507	3.40150838
3.78825	0.000892507	3.40150838
