   2.42320000000000       0.000000000000000E+000
   2.46960000000000       4.974205266875444E-008
   2.51600000000000       4.871409087327754E-008
   2.56240000000000       4.777031316281522E-008
   2.60880000000000       4.690166722452414E-008
   2.65520000000000       4.609903494994916E-008
   2.70160000000000       4.535267082940962E-008
   2.74800000000000       4.465078974174607E-008
   2.79440000000000       4.397655890602099E-008
   2.84080000000000       4.330275373449132E-008
   2.88720000000000       4.258530205625304E-008
   2.93360000000000       4.176596440609215E-008
   2.98000000000000       4.082147727412803E-008
   3.02640000000000       3.995077206057885E-008
   3.07280000000000       4.002867293351087E-008
   3.11920000000000       4.326012955825885E-008
   3.16560000000000       5.325128457521757E-008
   3.21200000000000       7.309606706458360E-008
   3.25840000000000       1.018119452919607E-007
   3.30480000000000       1.330599742206712E-007
   3.35120000000000       1.588344091889785E-007
   3.39760000000000       1.744203038409744E-007
   3.44400000000000       1.798373174248907E-007
   3.49040000000000       1.779674040926818E-007
   3.53680000000000       1.721693427241873E-007
   3.58320000000000       1.649789158519775E-007
   3.62960000000000       1.578895659475247E-007
   3.67600000000000       1.516290928424437E-007
   3.72240000000000       1.464372468473994E-007
   3.76880000000000       1.421301224997405E-007
   3.81520000000000       1.379868073378387E-007
   3.86160000000000       1.326434024827744E-007
   3.90800000000000       1.242397676745834E-007
   3.95440000000000       1.110531960107081E-007
   4.00080000000000       9.267513327175838E-008
   4.04720000000000       7.118837156568961E-008
   4.09360000000000       5.094647875363287E-008
   4.14000000000000       3.607746570804185E-008
   4.18640000000000       2.773225805085095E-008
   4.23280000000000       2.414388570731051E-008
   4.27920000000000       2.285890695227684E-008
   4.32560000000000       2.228583450213468E-008
   4.37200000000000       2.178742517456558E-008
   4.41840000000000       2.123022605259983E-008
   4.46480000000000       2.064512800672404E-008
   4.51120000000000       2.008589562376584E-008
   4.55760000000000       1.959319206656186E-008
   4.60400000000000       1.919321302508594E-008
   4.65040000000000       1.890229708325931E-008
   4.69680000000000       1.873019220213097E-008
   4.74320000000000       1.868149230176170E-008
   4.78960000000000       1.875604407432840E-008
   4.83600000000000       1.894898432515224E-008
   4.88240000000000       1.925077376937185E-008
   4.92880000000000       1.964739418082482E-008
   4.97520000000000       2.012076593518855E-008
   5.02160000000000       2.064938517413416E-008
   5.06800000000000       2.120914980406972E-008
   5.11440000000000       2.177432946911413E-008
   5.16080000000000       2.231863082483405E-008
   5.20720000000000       2.281631235761729E-008
   5.25360000000000       2.324330956970758E-008
   5.30000000000000       2.357833859756738E-008
   5.34640000000000       2.380395153162681E-008
   5.39280000000000       2.390751769890246E-008
   5.43920000000000       2.388210062809651E-008
   5.48560000000000       2.372719009195004E-008
   5.53200000000000       2.344923361608961E-008
   5.57840000000000       2.306189489281024E-008
   5.62480000000000       2.258595218851597E-008
   5.67120000000000       2.204874425307915E-008
   5.71760000000000       2.148308130363715E-008
   5.76400000000000       2.092557001881553E-008
   5.81040000000000       2.041435574544290E-008
   5.85680000000000       1.998635707195107E-008
   5.90320000000000       1.967414501988867E-008
   5.94960000000000       1.950268664917080E-008
   5.99600000000000       1.948622849539322E-008
   6.04240000000000       1.962567401381363E-008
   6.08880000000000       1.990701260519089E-008
   6.13520000000000       2.030186112980472E-008
   6.18160000000000       2.077215500057536E-008
   6.22800000000000       2.128238076044495E-008
   6.27440000000000       2.182358030800086E-008
   6.32080000000000       2.245139790449035E-008
   6.36720000000000       2.333239436421916E-008
   6.41360000000000       2.477756034039099E-008
   6.46000000000000       2.722655123265206E-008
   6.50640000000000       3.114892649088348E-008
   6.55280000000000       3.686647571449591E-008
   6.59920000000000       4.436186227405901E-008
   6.64560000000000       5.317471747694393E-008
   6.69200000000000       6.245371411287934E-008
   6.73840000000000       7.114885024457364E-008
   6.78480000000000       7.825868685346502E-008
   6.83120000000000       8.303921681732387E-008
   6.87760000000000       8.512212296081801E-008
   6.92400000000000       8.453804761305158E-008
   6.97040000000000       8.166719557855262E-008
   7.01680000000000       7.714414707012101E-008
   7.06320000000000       7.173855915898067E-008
   7.10960000000000       6.622917625086622E-008
   7.15600000000000       6.128840977684597E-008
   7.20240000000000       5.739561497023132E-008
   7.24880000000000       5.479407244153881E-008
   7.29520000000000       5.349714719824654E-008
   7.34160000000000       5.333573943260327E-008
   7.38800000000000       5.402814736189327E-008
   7.43440000000000       5.525021756679729E-008
   7.48080000000000       5.668899407148307E-008
   7.52720000000000       5.807325905834452E-008
   7.57360000000000       5.918429543464481E-008
   7.62000000000000       5.985668800652302E-008
   7.66640000000000       5.998152652199077E-008
   7.71280000000000       5.952373145038028E-008
   7.75920000000000       5.856122854544606E-008
   7.80560000000000       5.734418429436276E-008
   7.85200000000000       5.635498073189052E-008
   7.89840000000000       5.632701142953663E-008
   7.94480000000000       5.816859639874830E-008
   7.99120000000000       6.276363074404302E-008
   8.03760000000000       7.069332041142438E-008
   8.08400000000000       8.200285314806923E-008
   8.13040000000000       9.614522733301004E-008
   8.17680000000000       1.121402638926119E-007
   8.22320000000000       1.288608990064391E-007
   8.26960000000000       1.453052874972611E-007
   8.31600000000000       1.607577544951418E-007
   8.36240000000000       1.748240088101171E-007
   8.40880000000000       1.873812694070824E-007
   8.45520000000000       1.984948604578723E-007
   8.50160000000000       2.083374672354510E-007
   8.54800000000000       2.171273303738579E-007
   8.59440000000000       2.250878730180204E-007
   8.64080000000000       2.324248322669976E-007
   8.68720000000000       2.393154046926609E-007
   8.73360000000000       2.459046021237928E-007
   8.78000000000000       2.523053239260012E-007
   8.82640000000000       2.585998475387911E-007
   8.87280000000000       2.648412956665681E-007
   8.91920000000000       2.710541563491974E-007
   8.96560000000000       2.772331781569880E-007
   9.01200000000000       2.833400041243978E-007
   9.05840000000000       2.892967935565039E-007
   9.10480000000000       2.949758466877791E-007
   9.15120000000000       3.001839408614014E-007
   9.19760000000000       3.046398195357161E-007
   9.24400000000000       3.079433309375942E-007
   9.29040000000000       3.095357664350447E-007
   9.33680000000000       3.086544555486373E-007
