 # Umbrella integration analysis
 # Reaction coordinate (RCU), free energy (Hartree)
   3.54333333333333       2.699548977654280E-003
   3.60066666666667       2.610437195060175E-003
   3.65800000000000       2.521325412466070E-003
   3.71533333333333       2.421684645429966E-003
   3.77266666666667       2.322043878393862E-003
   3.83000000000000       2.230482873008136E-003
   3.88733333333333       2.138921867622409E-003
   3.94466666666667       2.055355761904247E-003
   4.00200000000000       1.971789656186084E-003
   4.05933333333333       1.895955675160276E-003
   4.11666666666667       1.820121694134468E-003
   4.17400000000000       1.751299477093155E-003
   4.23133333333333       1.682477260051842E-003
   4.28866666666667       1.618943417727240E-003
   4.34600000000000       1.555409575402639E-003
   4.40333333333333       1.493648151213645E-003
   4.46066666666667       1.431886727024652E-003
   4.51800000000000       1.366045476434723E-003
   4.57533333333333       1.300204225844794E-003
   4.63266666666667       1.223040553165320E-003
   4.69000000000000       1.145876880485847E-003
   4.74733333333333       1.052305280956720E-003
   4.80466666666667       9.587336814275934E-004
   4.86200000000000       8.503843187711608E-004
   4.91933333333333       7.420349561147281E-004
   4.97666666666667       6.284461321193900E-004
   5.03400000000000       5.148573081240520E-004
   5.09133333333333       4.097763989235875E-004
   5.14866666666667       3.046954897231230E-004
   5.20600000000000       2.211406734207453E-004
   5.26333333333333       1.375858571183671E-004
   5.32066666666667       8.504093716985538E-005
   5.37800000000000       3.249601722134406E-005
   5.43533333333333       1.624800861067203E-005
   5.49266666666667       0.000000000000000E+000
   5.55000000000000       2.122499170076342E-005
   5.60733333333333       4.244998340152640E-005
   5.66466666666667       9.807353788852686E-005
   5.72200000000000       1.536970923755277E-004
   5.77933333333333       2.358550738803854E-004
   5.83666666666667       3.180130553852435E-004
   5.89400000000000       4.139203137690480E-004
   5.95133333333333       5.098275721528529E-004
   6.00866666666667       6.039594391587392E-004
   6.06600000000000       6.980913061646250E-004
   6.12333333333333       7.777887904343880E-004
   6.18066666666667       8.574862747041511E-004
   6.23800000000000       9.184502607405473E-004
   6.29533333333333       9.794142467769436E-004
   6.35266666666667       1.025444240912686E-003
   6.41000000000000       1.071474235048429E-003
   6.46733333333333       1.109507724888672E-003
   6.52466666666667       1.147541214728914E-003
   6.58200000000000       1.183665609999691E-003
   6.63933333333333       1.219790005270468E-003
   6.69666666666667       1.258180879564673E-003
   6.75400000000000       1.296571753858878E-003
   6.81133333333333       1.339868381846277E-003
   6.86866666666667       1.383165009833676E-003
   6.92600000000000       1.432915063956196E-003
   6.98333333333333       1.482665118078716E-003
   7.04066666666667       1.539420421193432E-003
   7.09800000000000       1.596175724308148E-003
   7.15533333333333       1.659220403197847E-003
   7.21266666666667       1.722265082087546E-003
   7.27000000000000       1.788986694173261E-003
   7.32733333333333       1.855708306258977E-003
   7.38466666666667       1.920690244654505E-003
   7.44200000000000       1.985672183050034E-003
   7.49933333333333       2.040065797967856E-003
   7.55666666666667       2.094459412885679E-003
   7.61400000000000       2.127209542890236E-003
   7.67133333333333       2.159959672894793E-003
   7.72866666666667       2.162519930007198E-003
   7.78600000000000       2.165080187119603E-003
   7.84333333333333       2.137381501545680E-003
   7.90066666666667       2.109682815971757E-003
   7.95800000000000       2.061007845107175E-003
   8.01533333333333       2.012332874242593E-003
   8.07266666666667       1.955965404711192E-003
   8.13000000000000       1.899597935179790E-003
   8.18733333333333       1.847363367231327E-003
   8.24466666666667       1.795128799282864E-003
   8.30200000000000       1.755468589418600E-003
   8.35933333333333       1.715808379554336E-003
   8.41666666666667       1.694206461297003E-003
   8.47400000000000       1.672604543039669E-003
   8.53133333333333       1.672525769103540E-003
   8.58866666666667       1.672446995167410E-003
   8.64600000000000       1.695996244453610E-003
   8.70333333333333       1.719545493739810E-003
   8.76066666666667       1.767623732242703E-003
   8.81800000000000       1.815701970745596E-003
   8.87533333333333       1.887394919738108E-003
   8.93266666666667       1.959087868730620E-003
   8.99000000000000       2.049779392547134E-003
   9.04733333333333       2.140470916363646E-003
   9.10466666666667       2.238748743330145E-003
   9.16200000000000       2.337026570296644E-003
   9.21933333333333       2.424226289306678E-003
   9.27666666666667       2.511426008316712E-003
   9.33400000000000       2.572427845719332E-003
   9.39133333333333       2.633429683121952E-003
   9.44866666666667       2.673493655536084E-003
   9.50600000000000       2.713557627950216E-003
   9.56333333333333       2.754054729500387E-003
   9.62066666666667       2.794551831050559E-003
   9.67800000000000       2.850524893338294E-003
   9.73533333333333       2.906497955626028E-003
   9.79266666666667       2.974474207163229E-003
   9.85000000000000       3.042450458700430E-003
   9.90733333333333       3.104967053733652E-003
   9.96466666666667       3.167483648766875E-003
   10.0220000000000       3.209243786539820E-003
   10.0793333333333       3.251003924312765E-003
   10.1366666666667       3.273064977871329E-003
   10.1940000000000       3.295126031429892E-003
   10.2513333333333       3.311248049269776E-003
   10.3086666666667       3.327370067109659E-003
   10.3660000000000       3.351357426215332E-003
   10.4233333333333       3.375344785321005E-003
   10.4806666666667       3.415347675730662E-003
   10.5380000000000       3.455350566140318E-003
   10.5953333333333       3.514916976583583E-003
   10.6526666666667       3.574483387026847E-003
   10.7100000000000       3.654862352375987E-003
   10.7673333333333       3.735241317725126E-003
   10.8246666666667       3.836804899968562E-003
   10.8820000000000       3.938368482211998E-003
   10.9393333333333       4.061213457993819E-003
   10.9966666666667       4.184058433775640E-003
   11.0540000000000       4.328207706150707E-003
   11.1113333333333       4.472356978525774E-003
   11.1686666666667       4.637815858188615E-003
   11.2260000000000       4.803274737851457E-003
   11.2833333333333       4.990044577131122E-003
   11.3406666666667       5.176814416410789E-003
   11.3980000000000       5.384895629703831E-003
   11.4553333333333       5.592976842996874E-003
   11.5126666666667       5.822369580908895E-003
   11.5700000000000       6.051762318820915E-003
   11.6273333333333       6.302466641569649E-003
   11.6846666666667       6.553170964318384E-003
   11.7420000000000       6.825186896994866E-003
   11.7993333333333       7.097202829671347E-003
   11.8566666666667       7.390530382922277E-003
   11.9140000000000       7.683857936173206E-003
