   3.42866666666667       0.000000000000000E+000
   3.48600000000000       0.000000000000000E+000
   3.54333333333333       0.000000000000000E+000
   3.60066666666667       4.485089921433661E-008
   3.65800000000000       4.484768738095248E-008
   3.71533333333333       4.484416846153640E-008
   3.77266666666667       4.483999980481962E-008
   3.83000000000000       4.483452817002644E-008
   3.88733333333333       4.482653424210525E-008
   3.94466666666667       4.481379947724666E-008
   4.00200000000000       4.479240300559962E-008
   4.05933333333333       4.475563797642272E-008
   4.11666666666667       4.469244925094579E-008
   4.17400000000000       4.458538927859380E-008
   4.23133333333333       4.440836260511144E-008
   4.28866666666667       4.412503261063484E-008
   4.34600000000000       4.368986375873432E-008
   4.40333333333333       4.305537318864542E-008
   4.46066666666667       4.219066620102850E-008
   4.51800000000000       4.111585802102390E-008
   4.57533333333333       3.995120990580785E-008
   4.63266666666667       3.896606512529770E-008
   4.69000000000000       3.859485243321408E-008
   4.74733333333333       3.938151548277397E-008
   4.80466666666667       4.184005764802517E-008
   4.86200000000000       4.627513700671479E-008
   4.91933333333333       5.265047008699117E-008
   4.97666666666667       6.057615429740579E-008
   5.03400000000000       6.941515381538036E-008
   5.09133333333333       7.844474507786685E-008
   5.14866666666667       8.699794503530686E-008
   5.20600000000000       9.454399640229781E-008
   5.26333333333333       1.007075010134012E-007
   5.32066666666667       1.052477388833601E-007
   5.37800000000000       1.080221712514818E-007
   5.43533333333333       1.089511704134410E-007
   5.49266666666667       1.079932236444819E-007
   5.55000000000000       1.051347751832305E-007
   5.60733333333333       1.003965125288152E-007
   5.66466666666667       9.385672087158289E-008
   5.72200000000000       8.569017307866359E-008
   5.77933333333333       7.621555667968636E-008
   5.83666666666667       6.593423510696146E-008
   5.89400000000000       5.553070681022163E-008
   5.95133333333333       4.580112382427959E-008
   6.00866666666667       3.749822901427669E-008
   6.06600000000000       3.113583555051550E-008
   6.12333333333333       2.685118709382184E-008
   6.18066666666667       2.441492522923260E-008
   6.23800000000000       2.338514328353376E-008
   6.29533333333333       2.330317886190789E-008
   6.35266666666667       2.382167044060283E-008
   6.41000000000000       2.473146206423460E-008
   6.46733333333333       2.592427354899887E-008
   6.52466666666667       2.734206263888716E-008
   6.58200000000000       2.894126952092778E-008
   6.63933333333333       3.067634103622196E-008
   6.69666666666667       3.249622723209465E-008
   6.75400000000000       3.434665773505613E-008
   6.81133333333333       3.617353256825850E-008
   6.86866666666667       3.792521700188634E-008
   6.92600000000000       3.955304029947839E-008
   6.98333333333333       4.101004290426137E-008
   7.04066666666667       4.224834768832626E-008
   7.09800000000000       4.321572697843075E-008
   7.15533333333333       4.385220648290837E-008
   7.21266666666667       4.408806514944446E-008
   7.27000000000000       4.384548326563969E-008
   7.32733333333333       4.304730331652934E-008
   7.38466666666667       4.163731616153575E-008
   7.44200000000000       3.961550890200309E-008
   7.49933333333333       3.708581279167578E-008
   7.55666666666667       3.430038271723004E-008
   7.61400000000000       3.166667856038413E-008
   7.67133333333333       2.967846917723216E-008
   7.72866666666667       2.876424753066434E-008
   7.78600000000000       2.911534654560215E-008
   7.84333333333333       3.060248677376748E-008
   7.90066666666667       3.284456139584731E-008
   7.95800000000000       3.538219757428757E-008
   8.01533333333333       3.784257489075294E-008
   8.07266666666667       4.001699772143050E-008
   8.13000000000000       4.185048497371804E-008
   8.18733333333333       4.338723353439767E-008
   8.24466666666667       4.471346131170438E-008
   8.30200000000000       4.591746061962616E-008
   8.35933333333333       4.706909350998367E-008
   8.41666666666667       4.821334773698678E-008
   8.47400000000000       4.937165871602519E-008
   8.53133333333333       5.054632422511540E-008
   8.58866666666667       5.172516532642670E-008
   8.64600000000000       5.288483249238272E-008
   8.70333333333333       5.399177549097681E-008
   8.76066666666667       5.500013231283495E-008
   8.81800000000000       5.584615573599507E-008
   8.87533333333333       5.644049105020041E-008
   8.93266666666667       5.666554642551363E-008
   8.99000000000000       5.640120926997334E-008
   9.04733333333333       5.563543229416452E-008
   9.10466666666667       5.475946834462534E-008
   9.16200000000000       5.513104378200880E-008
   9.21933333333333       5.973209167210395E-008
   9.27666666666667       7.314190847497605E-008
   9.33400000000000       9.971129530162218E-008
   9.39133333333333       1.401501624515247E-007
   9.44866666666667       1.892594639016918E-007
   9.50600000000000       2.374218822321483E-007
   9.56333333333333       2.747257177219446E-007
   9.62066666666667       2.943721617067789E-007
   9.67800000000000       2.938160090928599E-007
   9.73533333333333       2.744428316792490E-007
   9.79266666666667       2.409175956413347E-007
   9.85000000000000       2.004122673068593E-007
   9.90733333333333       1.611863960865883E-007
   9.96466666666667       1.302563970709695E-007
   10.0220000000000       1.110642655821309E-007
   10.0793333333333       1.027961397621123E-007
   10.1366666666667       1.019083160371744E-007
   10.1940000000000       1.045090818926895E-007
   10.2513333333333       1.078887035461897E-007
   10.3086666666667       1.107550131941365E-007
   10.3660000000000       1.127726391703194E-007
   10.4233333333333       1.140446621591836E-007
   10.4806666666667       1.147900847121979E-007
   10.5380000000000       1.152054444076437E-007
   10.5953333333333       1.154294668356155E-007
   10.6526666666667       1.155487395814225E-007
   10.7100000000000       1.156132626656753E-007
   10.7673333333333       1.156503523691421E-007
   10.8246666666667       1.156743141996738E-007
   10.8820000000000       1.156923975178827E-007
   10.9393333333333       1.157081881331311E-007
   10.9966666666667       1.157234345504164E-007
   11.0540000000000       1.157389876659618E-007
   11.1113333333333       1.157552668970065E-007
   11.1686666666667       1.157724849598594E-007
   11.2260000000000       1.157907543210465E-007
   11.2833333333333       1.158101373720455E-007
   11.3406666666667       1.158306703658570E-007
   11.3980000000000       1.158523751922018E-007
   11.4553333333333       1.158752654474358E-007
   11.5126666666667       1.158993497401342E-007
   11.5700000000000       1.159246335888122E-007
   11.6273333333333       1.159511205592759E-007
   11.6846666666667       1.159788129676305E-007
   11.7420000000000       1.160077123237395E-007
   11.7993333333333       1.160378196145673E-007
   11.8566666666667       1.160691354866867E-007
   11.9140000000000       1.161016603644634E-007
   11.9713333333333       0.000000000000000E+000
