10.311539999999999	0.007140057	11.338361267
10.314110000000001	0.007140057	11.338361267
10.3181	0.007140057	11.338361267
10.32108	0.007140057	11.338361267
10.32211	0.007140057	11.338361267
10.32222	0.007140057	11.338361267
10.32047	0.007140057	11.338361267
10.321019999999999	0.007140057	11.338361267
10.32232	0.007140057	11.338361267
10.32306	0.007140057	11.338361267
10.3252	0.007140057	11.338361267
10.326260000000001	0.007140057	11.338361267
10.32823	0.007140057	11.338361267
10.329830000000001	0.007140057	11.338361267
10.33212	0.007140057	11.338361267
10.334019999999999	0.007140057	11.338361267
10.337019999999999	0.007140057	11.338361267
10.342210000000001	0.007140057	11.338361267
10.35034	0.007140057	11.338361267
10.35829	0.007140057	11.338361267
10.36566	0.007140057	11.338361267
10.37169	0.007140057	11.338361267
10.37435	0.007140057	11.338361267
10.37974	0.007140057	11.338361267
10.385019999999999	0.007140057	11.338361267
10.39077	0.007140057	11.338361267
10.397789999999999	0.007140057	11.338361267
10.406139999999999	0.007140057	11.338361267
10.41445	0.007140057	11.338361267
10.42188	0.007140057	11.338361267
10.42608	0.007140057	11.338361267
10.43266	0.007140057	11.338361267
10.43688	0.007140057	11.338361267
10.44023	0.007140057	11.338361267
10.44335	0.007140057	11.338361267
10.445030000000001	0.007140057	11.338361267
10.449060000000001	0.007140057	11.338361267
10.45253	0.007140057	11.338361267
10.45769	0.007140057	11.338361267
10.462639999999999	0.007140057	11.338361267
10.46536	0.007140057	11.338361267
10.46648	0.007140057	11.338361267
10.46834	0.007140057	11.338361267
10.47086	0.007140057	11.338361267
10.476280000000001	0.007140057	11.338361267
10.48274	0.007140057	11.338361267
10.48978	0.007140057	11.338361267
10.498660000000001	0.007140057	11.338361267
10.50656	0.007140057	11.338361267
10.51397	0.007140057	11.338361267
10.519680000000001	0.007140057	11.338361267
10.5245	0.007140057	11.338361267
10.52614	0.007140057	11.338361267
10.5263	0.007140057	11.338361267
10.526580000000001	0.007140057	11.338361267
10.52646	0.007140057	11.338361267
10.52475	0.007140057	11.338361267
10.52458	0.007140057	11.338361267
10.52387	0.007140057	11.338361267
10.52034	0.007140057	11.338361267
10.51816	0.007140057	11.338361267
10.51518	0.007140057	11.338361267
10.511510000000001	0.007140057	11.338361267
10.50735	0.007140057	11.338361267
10.504719999999999	0.007140057	11.338361267
10.50469	0.007140057	11.338361267
10.50507	0.007140057	11.338361267
10.50356	0.007140057	11.338361267
10.50013	0.007140057	11.338361267
10.49987	0.007140057	11.338361267
10.49967	0.007140057	11.338361267
10.50018	0.007140057	11.338361267
10.503589999999999	0.007140057	11.338361267
10.507769999999999	0.007140057	11.338361267
10.51168	0.007140057	11.338361267
10.51238	0.007140057	11.338361267
10.509960000000001	0.007140057	11.338361267
10.50681	0.007140057	11.338361267
10.50318	0.007140057	11.338361267
10.5014	0.007140057	11.338361267
10.49709	0.007140057	11.338361267
10.49053	0.007140057	11.338361267
10.48664	0.007140057	11.338361267
10.48503	0.007140057	11.338361267
10.48318	0.007140057	11.338361267
10.482439999999999	0.007140057	11.338361267
10.48237	0.007140057	11.338361267
10.4825	0.007140057	11.338361267
10.47975	0.007140057	11.338361267
10.47616	0.007140057	11.338361267
10.473419999999999	0.007140057	11.338361267
10.47098	0.007140057	11.338361267
10.469510000000001	0.007140057	11.338361267
10.47119	0.007140057	11.338361267
10.47433	0.007140057	11.338361267
10.47816	0.007140057	11.338361267
10.48102	0.007140057	11.338361267
10.48471	0.007140057	11.338361267
10.4842	0.007140057	11.338361267
10.4835	0.007140057	11.338361267
10.48353	0.007140057	11.338361267
10.482	0.007140057	11.338361267
10.48095	0.007140057	11.338361267
10.47996	0.007140057	11.338361267
10.48025	0.007140057	11.338361267
10.48241	0.007140057	11.338361267
10.48422	0.007140057	11.338361267
10.48497	0.007140057	11.338361267
10.48494	0.007140057	11.338361267
10.48508	0.007140057	11.338361267
10.48363	0.007140057	11.338361267
10.48499	0.007140057	11.338361267
10.48895	0.007140057	11.338361267
10.49348	0.007140057	11.338361267
10.49762	0.007140057	11.338361267
10.50207	0.007140057	11.338361267
10.506310000000001	0.007140057	11.338361267
10.510639999999999	0.007140057	11.338361267
10.51483	0.007140057	11.338361267
10.51876	0.007140057	11.338361267
10.52228	0.007140057	11.338361267
10.52683	0.007140057	11.338361267
10.5311	0.007140057	11.338361267
10.532860000000001	0.007140057	11.338361267
10.532210000000001	0.007140057	11.338361267
10.52934	0.007140057	11.338361267
10.52722	0.007140057	11.338361267
10.52783	0.007140057	11.338361267
10.528369999999999	0.007140057	11.338361267
10.52961	0.007140057	11.338361267
10.532739999999999	0.007140057	11.338361267
10.53497	0.007140057	11.338361267
10.538030000000001	0.007140057	11.338361267
10.53933	0.007140057	11.338361267
10.54033	0.007140057	11.338361267
10.538780000000001	0.007140057	11.338361267
10.538219999999999	0.007140057	11.338361267
10.53947	0.007140057	11.338361267
10.540610000000001	0.007140057	11.338361267
10.541939999999999	0.007140057	11.338361267
10.5415	0.007140057	11.338361267
10.542060000000001	0.007140057	11.338361267
10.54096	0.007140057	11.338361267
10.53776	0.007140057	11.338361267
10.53606	0.007140057	11.338361267
10.53298	0.007140057	11.338361267
10.529530000000001	0.007140057	11.338361267
10.52852	0.007140057	11.338361267
10.52705	0.007140057	11.338361267
10.52846	0.007140057	11.338361267
10.531789999999999	0.007140057	11.338361267
10.535639999999999	0.007140057	11.338361267
10.53997	0.007140057	11.338361267
10.54611	0.007140057	11.338361267
10.54919	0.007140057	11.338361267
10.55166	0.007140057	11.338361267
10.55847	0.007140057	11.338361267
10.564869999999999	0.007140057	11.338361267
10.57281	0.007140057	11.338361267
10.58329	0.007140057	11.338361267
10.59522	0.007140057	11.338361267
10.60575	0.007140057	11.338361267
10.61764	0.007140057	11.338361267
10.62847	0.007140057	11.338361267
10.63991	0.007140057	11.338361267
10.65221	0.007140057	11.338361267
10.66927	0.007140057	11.338361267
10.68544	0.007140057	11.338361267
10.70006	0.007140057	11.338361267
10.71424	0.007140057	11.338361267
10.72653	0.007140057	11.338361267
10.73698	0.007140057	11.338361267
10.74742	0.007140057	11.338361267
10.756689999999999	0.007140057	11.338361267
10.76482	0.007140057	11.338361267
10.77135	0.007140057	11.338361267
10.77773	0.007140057	11.338361267
10.78326	0.007140057	11.338361267
10.791269999999999	0.007140057	11.338361267
10.80049	0.007140057	11.338361267
10.806389999999999	0.007140057	11.338361267
10.81445	0.007140057	11.338361267
10.8222	0.007140057	11.338361267
10.82837	0.007140057	11.338361267
10.83417	0.007140057	11.338361267
10.84173	0.007140057	11.338361267
10.84835	0.007140057	11.338361267
10.85497	0.007140057	11.338361267
10.858939999999999	0.007140057	11.338361267
10.86105	0.007140057	11.338361267
10.8629	0.007140057	11.338361267
10.865739999999999	0.007140057	11.338361267
10.8707	0.007140057	11.338361267
10.87393	0.007140057	11.338361267
10.8767	0.007140057	11.338361267
10.87904	0.007140057	11.338361267
10.87872	0.007140057	11.338361267
10.87686	0.007140057	11.338361267
10.87398	0.007140057	11.338361267
10.8707	0.007140057	11.338361267
10.866810000000001	0.007140057	11.338361267
10.86477	0.007140057	11.338361267
10.86355	0.007140057	11.338361267
10.86352	0.007140057	11.338361267
10.86421	0.007140057	11.338361267
10.863610000000001	0.007140057	11.338361267
10.86107	0.007140057	11.338361267
10.859960000000001	0.007140057	11.338361267
10.85949	0.007140057	11.338361267
10.859689999999999	0.007140057	11.338361267
10.858889999999999	0.007140057	11.338361267
10.85787	0.007140057	11.338361267
10.8604	0.007140057	11.338361267
10.86192	0.007140057	11.338361267
10.86427	0.007140057	11.338361267
10.87	0.007140057	11.338361267
10.87685	0.007140057	11.338361267
10.885489999999999	0.007140057	11.338361267
10.89133	0.007140057	11.338361267
10.89675	0.007140057	11.338361267
10.90064	0.007140057	11.338361267
10.90634	0.007140057	11.338361267
10.915189999999999	0.007140057	11.338361267
10.92544	0.007140057	11.338361267
10.93558	0.007140057	11.338361267
10.94558	0.007140057	11.338361267
10.95773	0.007140057	11.338361267
10.968010000000001	0.007140057	11.338361267
10.97753	0.007140057	11.338361267
10.98498	0.007140057	11.338361267
10.99691	0.007140057	11.338361267
11.00934	0.007140057	11.338361267
11.02288	0.007140057	11.338361267
11.03347	0.007140057	11.338361267
11.044839999999999	0.007140057	11.338361267
11.05541	0.007140057	11.338361267
11.068489999999999	0.007140057	11.338361267
11.08191	0.007140057	11.338361267
11.09781	0.007140057	11.338361267
11.11026	0.007140057	11.338361267
11.121960000000001	0.007140057	11.338361267
11.13518	0.007140057	11.338361267
11.14818	0.007140057	11.338361267
11.16137	0.007140057	11.338361267
11.1714	0.007140057	11.338361267
11.18093	0.007140057	11.338361267
11.19009	0.007140057	11.338361267
11.19841	0.007140057	11.338361267
11.20359	0.007140057	11.338361267
11.210189999999999	0.007140057	11.338361267
11.21991	0.007140057	11.338361267
11.23024	0.007140057	11.338361267
11.23959	0.007140057	11.338361267
11.25015	0.007140057	11.338361267
11.2583	0.007140057	11.338361267
11.264669999999999	0.007140057	11.338361267
11.271930000000001	0.007140057	11.338361267
11.28023	0.007140057	11.338361267
11.28908	0.007140057	11.338361267
11.29925	0.007140057	11.338361267
11.30712	0.007140057	11.338361267
11.316	0.007140057	11.338361267
11.325	0.007140057	11.338361267
11.334439999999999	0.007140057	11.338361267
11.34249	0.007140057	11.338361267
11.35125	0.007140057	11.338361267
11.361360000000001	0.007140057	11.338361267
11.37158	0.007140057	11.338361267
11.38102	0.007140057	11.338361267
11.39172	0.007140057	11.338361267
11.3991	0.007140057	11.338361267
11.40564	0.007140057	11.338361267
11.41037	0.007140057	11.338361267
11.41714	0.007140057	11.338361267
11.4242	0.007140057	11.338361267
11.432789999999999	0.007140057	11.338361267
11.43953	0.007140057	11.338361267
11.44796	0.007140057	11.338361267
11.4572	0.007140057	11.338361267
11.4646	0.007140057	11.338361267
11.469510000000001	0.007140057	11.338361267
11.47434	0.007140057	11.338361267
11.48056	0.007140057	11.338361267
11.48789	0.007140057	11.338361267
11.49129	0.007140057	11.338361267
11.49356	0.007140057	11.338361267
11.49613	0.007140057	11.338361267
11.49874	0.007140057	11.338361267
11.50274	0.007140057	11.338361267
11.50758	0.007140057	11.338361267
11.50734	0.007140057	11.338361267
11.51067	0.007140057	11.338361267
11.51502	0.007140057	11.338361267
11.521	0.007140057	11.338361267
11.52386	0.007140057	11.338361267
11.52769	0.007140057	11.338361267
11.53186	0.007140057	11.338361267
11.53507	0.007140057	11.338361267
11.53679	0.007140057	11.338361267
11.540939999999999	0.007140057	11.338361267
11.541210000000001	0.007140057	11.338361267
11.5416	0.007140057	11.338361267
11.540280000000001	0.007140057	11.338361267
11.53761	0.007140057	11.338361267
11.53788	0.007140057	11.338361267
11.5359	0.007140057	11.338361267
11.53551	0.007140057	11.338361267
11.53829	0.007140057	11.338361267
11.5406	0.007140057	11.338361267
11.54451	0.007140057	11.338361267
11.54543	0.007140057	11.338361267
11.54718	0.007140057	11.338361267
11.552019999999999	0.007140057	11.338361267
11.55706	0.007140057	11.338361267
11.56202	0.007140057	11.338361267
11.56601	0.007140057	11.338361267
11.569460000000001	0.007140057	11.338361267
11.570319999999999	0.007140057	11.338361267
11.56905	0.007140057	11.338361267
11.56772	0.007140057	11.338361267
11.56528	0.007140057	11.338361267
11.562669999999999	0.007140057	11.338361267
11.56044	0.007140057	11.338361267
11.55734	0.007140057	11.338361267
11.55262	0.007140057	11.338361267
11.5488	0.007140057	11.338361267
11.54551	0.007140057	11.338361267
11.540339999999999	0.007140057	11.338361267
11.53605	0.007140057	11.338361267
11.5363	0.007140057	11.338361267
11.53543	0.007140057	11.338361267
11.53501	0.007140057	11.338361267
11.53275	0.007140057	11.338361267
11.53059	0.007140057	11.338361267
11.526480000000001	0.007140057	11.338361267
11.524339999999999	0.007140057	11.338361267
11.52358	0.007140057	11.338361267
11.52627	0.007140057	11.338361267
11.528089999999999	0.007140057	11.338361267
11.526010000000001	0.007140057	11.338361267
11.51962	0.007140057	11.338361267
11.51447	0.007140057	11.338361267
11.50988	0.007140057	11.338361267
11.50265	0.007140057	11.338361267
11.49718	0.007140057	11.338361267
11.49156	0.007140057	11.338361267
11.487639999999999	0.007140057	11.338361267
11.48627	0.007140057	11.338361267
11.48373	0.007140057	11.338361267
11.48349	0.007140057	11.338361267
11.48448	0.007140057	11.338361267
11.48297	0.007140057	11.338361267
11.48204	0.007140057	11.338361267
11.47899	0.007140057	11.338361267
11.47674	0.007140057	11.338361267
11.47453	0.007140057	11.338361267
11.471110000000001	0.007140057	11.338361267
11.46827	0.007140057	11.338361267
11.46722	0.007140057	11.338361267
11.464780000000001	0.007140057	11.338361267
11.46362	0.007140057	11.338361267
11.46195	0.007140057	11.338361267
11.45994	0.007140057	11.338361267
11.4557	0.007140057	11.338361267
11.449860000000001	0.007140057	11.338361267
11.444519999999999	0.007140057	11.338361267
11.44257	0.007140057	11.338361267
11.44016	0.007140057	11.338361267
11.44012	0.007140057	11.338361267
11.43745	0.007140057	11.338361267
11.43723	0.007140057	11.338361267
11.436539999999999	0.007140057	11.338361267
11.43416	0.007140057	11.338361267
11.43103	0.007140057	11.338361267
11.426689999999999	0.007140057	11.338361267
11.42207	0.007140057	11.338361267
11.41961	0.007140057	11.338361267
11.412460000000001	0.007140057	11.338361267
11.40442	0.007140057	11.338361267
11.39575	0.007140057	11.338361267
11.388060000000001	0.007140057	11.338361267
11.38082	0.007140057	11.338361267
11.37042	0.007140057	11.338361267
11.36076	0.007140057	11.338361267
11.35168	0.007140057	11.338361267
11.34407	0.007140057	11.338361267
11.33475	0.007140057	11.338361267
11.3284	0.007140057	11.338361267
11.32043	0.007140057	11.338361267
11.312	0.007140057	11.338361267
11.3052	0.007140057	11.338361267
11.30082	0.007140057	11.338361267
11.29623	0.007140057	11.338361267
11.2939	0.007140057	11.338361267
11.29464	0.007140057	11.338361267
11.29531	0.007140057	11.338361267
11.292060000000001	0.007140057	11.338361267
11.28775	0.007140057	11.338361267
11.283539999999999	0.007140057	11.338361267
11.2802	0.007140057	11.338361267
11.2804	0.007140057	11.338361267
11.281419999999999	0.007140057	11.338361267
11.28009	0.007140057	11.338361267
11.278039999999999	0.007140057	11.338361267
11.27646	0.007140057	11.338361267
11.27505	0.007140057	11.338361267
11.27481	0.007140057	11.338361267
11.27479	0.007140057	11.338361267
11.2737	0.007140057	11.338361267
11.2711	0.007140057	11.338361267
11.26619	0.007140057	11.338361267
11.26017	0.007140057	11.338361267
11.25635	0.007140057	11.338361267
11.25188	0.007140057	11.338361267
11.24592	0.007140057	11.338361267
11.23937	0.007140057	11.338361267
11.23227	0.007140057	11.338361267
11.225060000000001	0.007140057	11.338361267
11.217139999999999	0.007140057	11.338361267
11.2114	0.007140057	11.338361267
11.20416	0.007140057	11.338361267
11.198039999999999	0.007140057	11.338361267
11.191180000000001	0.007140057	11.338361267
11.186110000000001	0.007140057	11.338361267
11.18033	0.007140057	11.338361267
11.17432	0.007140057	11.338361267
11.166080000000001	0.007140057	11.338361267
11.15736	0.007140057	11.338361267
11.14702	0.007140057	11.338361267
11.138539999999999	0.007140057	11.338361267
11.1342	0.007140057	11.338361267
11.129719999999999	0.007140057	11.338361267
11.12635	0.007140057	11.338361267
11.12348	0.007140057	11.338361267
11.11823	0.007140057	11.338361267
11.11144	0.007140057	11.338361267
11.10575	0.007140057	11.338361267
11.0995	0.007140057	11.338361267
11.095939999999999	0.007140057	11.338361267
11.09185	0.007140057	11.338361267
11.08692	0.007140057	11.338361267
11.08324	0.007140057	11.338361267
11.078619999999999	0.007140057	11.338361267
11.073	0.007140057	11.338361267
11.06657	0.007140057	11.338361267
11.06291	0.007140057	11.338361267
11.05843	0.007140057	11.338361267
11.05556	0.007140057	11.338361267
11.05428	0.007140057	11.338361267
11.051160000000001	0.007140057	11.338361267
11.0488	0.007140057	11.338361267
11.04818	0.007140057	11.338361267
11.04948	0.007140057	11.338361267
11.05504	0.007140057	11.338361267
11.05691	0.007140057	11.338361267
11.059510000000001	0.007140057	11.338361267
11.064960000000001	0.007140057	11.338361267
11.06992	0.007140057	11.338361267
11.07516	0.007140057	11.338361267
11.07917	0.007140057	11.338361267
11.08253	0.007140057	11.338361267
11.08628	0.007140057	11.338361267
11.09112	0.007140057	11.338361267
11.096039999999999	0.007140057	11.338361267
11.09822	0.007140057	11.338361267
11.10114	0.007140057	11.338361267
11.10114	0.007140057	11.338361267
11.10335	0.007140057	11.338361267
11.10323	0.007140057	11.338361267
11.10476	0.007140057	11.338361267
11.10483	0.007140057	11.338361267
11.10552	0.007140057	11.338361267
11.10502	0.007140057	11.338361267
11.10488	0.007140057	11.338361267
11.10345	0.007140057	11.338361267
11.10052	0.007140057	11.338361267
11.09706	0.007140057	11.338361267
11.09275	0.007140057	11.338361267
11.08967	0.007140057	11.338361267
11.08433	0.007140057	11.338361267
11.080210000000001	0.007140057	11.338361267
11.07932	0.007140057	11.338361267
11.07785	0.007140057	11.338361267
11.07755	0.007140057	11.338361267
11.07777	0.007140057	11.338361267
11.0757	0.007140057	11.338361267
11.0748	0.007140057	11.338361267
11.07	0.007140057	11.338361267
11.06593	0.007140057	11.338361267
