7.74378	0.007140057	7.558907511
7.74147	0.007140057	7.558907511
7.739039999999999	0.007140057	7.558907511
7.73653	0.007140057	7.558907511
7.73347	0.007140057	7.558907511
7.73172	0.007140057	7.558907511
7.7290399999999995	0.007140057	7.558907511
7.7281	0.007140057	7.558907511
7.72553	0.007140057	7.558907511
7.72388	0.007140057	7.558907511
7.72537	0.007140057	7.558907511
7.7225600000000005	0.007140057	7.558907511
7.7178	0.007140057	7.558907511
7.714239999999999	0.007140057	7.558907511
7.71156	0.007140057	7.558907511
7.710430000000001	0.007140057	7.558907511
7.71254	0.007140057	7.558907511
7.71593	0.007140057	7.558907511
7.718839999999999	0.007140057	7.558907511
7.7206399999999995	0.007140057	7.558907511
7.7231	0.007140057	7.558907511
7.72755	0.007140057	7.558907511
7.73285	0.007140057	7.558907511
7.73968	0.007140057	7.558907511
7.744960000000001	0.007140057	7.558907511
7.75232	0.007140057	7.558907511
7.7576600000000004	0.007140057	7.558907511
7.764189999999999	0.007140057	7.558907511
7.76917	0.007140057	7.558907511
7.77033	0.007140057	7.558907511
7.771489999999999	0.007140057	7.558907511
7.77265	0.007140057	7.558907511
7.77707	0.007140057	7.558907511
7.78229	0.007140057	7.558907511
7.786789999999999	0.007140057	7.558907511
7.78856	0.007140057	7.558907511
7.79351	0.007140057	7.558907511
7.79754	0.007140057	7.558907511
7.8037600000000005	0.007140057	7.558907511
7.809880000000001	0.007140057	7.558907511
7.815060000000001	0.007140057	7.558907511
7.82245	0.007140057	7.558907511
7.8273399999999995	0.007140057	7.558907511
7.8326	0.007140057	7.558907511
7.83737	0.007140057	7.558907511
7.8449100000000005	0.007140057	7.558907511
7.849639999999999	0.007140057	7.558907511
7.853610000000001	0.007140057	7.558907511
7.858110000000001	0.007140057	7.558907511
7.861160000000001	0.007140057	7.558907511
7.86693	0.007140057	7.558907511
7.87391	0.007140057	7.558907511
7.8826	0.007140057	7.558907511
7.88923	0.007140057	7.558907511
7.8940600000000005	0.007140057	7.558907511
7.899	0.007140057	7.558907511
7.903519999999999	0.007140057	7.558907511
7.908010000000001	0.007140057	7.558907511
7.912839999999999	0.007140057	7.558907511
7.916339999999999	0.007140057	7.558907511
7.920910000000001	0.007140057	7.558907511
7.92317	0.007140057	7.558907511
7.9242	0.007140057	7.558907511
7.92508	0.007140057	7.558907511
7.9266	0.007140057	7.558907511
7.926830000000001	0.007140057	7.558907511
7.9299100000000005	0.007140057	7.558907511
7.934360000000001	0.007140057	7.558907511
7.93946	0.007140057	7.558907511
7.943919999999999	0.007140057	7.558907511
7.946110000000001	0.007140057	7.558907511
7.9473899999999995	0.007140057	7.558907511
7.94782	0.007140057	7.558907511
7.947780000000001	0.007140057	7.558907511
7.94767	0.007140057	7.558907511
7.947	0.007140057	7.558907511
7.947889999999999	0.007140057	7.558907511
7.948980000000001	0.007140057	7.558907511
7.95138	0.007140057	7.558907511
7.9529	0.007140057	7.558907511
7.95361	0.007140057	7.558907511
7.9518	0.007140057	7.558907511
7.9523	0.007140057	7.558907511
7.951960000000001	0.007140057	7.558907511
7.95286	0.007140057	7.558907511
7.956760000000001	0.007140057	7.558907511
7.958069999999999	0.007140057	7.558907511
7.959860000000001	0.007140057	7.558907511
7.96073	0.007140057	7.558907511
7.96012	0.007140057	7.558907511
7.95868	0.007140057	7.558907511
7.95478	0.007140057	7.558907511
7.9519899999999994	0.007140057	7.558907511
7.9497100000000005	0.007140057	7.558907511
7.946960000000001	0.007140057	7.558907511
7.944039999999999	0.007140057	7.558907511
7.94085	0.007140057	7.558907511
7.93831	0.007140057	7.558907511
7.93273	0.007140057	7.558907511
7.9263699999999995	0.007140057	7.558907511
7.920260000000001	0.007140057	7.558907511
7.91332	0.007140057	7.558907511
7.908010000000001	0.007140057	7.558907511
7.90538	0.007140057	7.558907511
7.902710000000001	0.007140057	7.558907511
7.89848	0.007140057	7.558907511
7.8936399999999995	0.007140057	7.558907511
7.888660000000001	0.007140057	7.558907511
7.886189999999999	0.007140057	7.558907511
7.8832699999999996	0.007140057	7.558907511
7.87825	0.007140057	7.558907511
7.872269999999999	0.007140057	7.558907511
7.86412	0.007140057	7.558907511
7.85655	0.007140057	7.558907511
7.84965	0.007140057	7.558907511
7.8445	0.007140057	7.558907511
7.839580000000001	0.007140057	7.558907511
7.8360899999999996	0.007140057	7.558907511
7.83272	0.007140057	7.558907511
7.8284	0.007140057	7.558907511
7.82561	0.007140057	7.558907511
7.82198	0.007140057	7.558907511
7.822039999999999	0.007140057	7.558907511
7.8247100000000005	0.007140057	7.558907511
7.8280199999999995	0.007140057	7.558907511
7.83219	0.007140057	7.558907511
7.836460000000001	0.007140057	7.558907511
7.83891	0.007140057	7.558907511
7.841310000000001	0.007140057	7.558907511
7.84099	0.007140057	7.558907511
7.83955	0.007140057	7.558907511
7.841310000000001	0.007140057	7.558907511
7.84342	0.007140057	7.558907511
7.84265	0.007140057	7.558907511
7.84313	0.007140057	7.558907511
7.84099	0.007140057	7.558907511
7.83967	0.007140057	7.558907511
7.83915	0.007140057	7.558907511
7.83655	0.007140057	7.558907511
7.833260000000001	0.007140057	7.558907511
7.831189999999999	0.007140057	7.558907511
7.82797	0.007140057	7.558907511
7.8265199999999995	0.007140057	7.558907511
7.8228	0.007140057	7.558907511
7.822310000000001	0.007140057	7.558907511
7.82428	0.007140057	7.558907511
7.8216600000000005	0.007140057	7.558907511
7.819789999999999	0.007140057	7.558907511
7.82005	0.007140057	7.558907511
7.821610000000001	0.007140057	7.558907511
7.82458	0.007140057	7.558907511
7.8285100000000005	0.007140057	7.558907511
7.831060000000001	0.007140057	7.558907511
7.832489999999999	0.007140057	7.558907511
7.834	0.007140057	7.558907511
7.836469999999999	0.007140057	7.558907511
7.83896	0.007140057	7.558907511
7.84231	0.007140057	7.558907511
7.84404	0.007140057	7.558907511
7.84897	0.007140057	7.558907511
7.85235	0.007140057	7.558907511
7.85128	0.007140057	7.558907511
7.851610000000001	0.007140057	7.558907511
7.85347	0.007140057	7.558907511
7.85475	0.007140057	7.558907511
7.85571	0.007140057	7.558907511
7.85795	0.007140057	7.558907511
7.85854	0.007140057	7.558907511
7.860939999999999	0.007140057	7.558907511
7.8585899999999995	0.007140057	7.558907511
7.853439999999999	0.007140057	7.558907511
7.850060000000001	0.007140057	7.558907511
7.8476	0.007140057	7.558907511
7.8444	0.007140057	7.558907511
7.8441600000000005	0.007140057	7.558907511
7.8417699999999995	0.007140057	7.558907511
7.8394	0.007140057	7.558907511
7.8354800000000004	0.007140057	7.558907511
7.83378	0.007140057	7.558907511
7.82843	0.007140057	7.558907511
7.821680000000001	0.007140057	7.558907511
7.81735	0.007140057	7.558907511
7.8116	0.007140057	7.558907511
7.809060000000001	0.007140057	7.558907511
7.80629	0.007140057	7.558907511
7.801310000000001	0.007140057	7.558907511
7.79546	0.007140057	7.558907511
7.78896	0.007140057	7.558907511
7.783710000000001	0.007140057	7.558907511
7.77822	0.007140057	7.558907511
7.7728	0.007140057	7.558907511
7.76733	0.007140057	7.558907511
7.76139	0.007140057	7.558907511
7.75795	0.007140057	7.558907511
7.75328	0.007140057	7.558907511
7.747319999999999	0.007140057	7.558907511
7.743189999999999	0.007140057	7.558907511
7.74028	0.007140057	7.558907511
7.736510000000001	0.007140057	7.558907511
7.73301	0.007140057	7.558907511
7.72849	0.007140057	7.558907511
7.72474	0.007140057	7.558907511
7.71908	0.007140057	7.558907511
7.71272	0.007140057	7.558907511
7.70712	0.007140057	7.558907511
7.70092	0.007140057	7.558907511
7.69707	0.007140057	7.558907511
7.69488	0.007140057	7.558907511
7.6916	0.007140057	7.558907511
7.68648	0.007140057	7.558907511
7.68209	0.007140057	7.558907511
7.67742	0.007140057	7.558907511
7.67179	0.007140057	7.558907511
7.6664	0.007140057	7.558907511
7.6584699999999994	0.007140057	7.558907511
7.65385	0.007140057	7.558907511
7.6483300000000005	0.007140057	7.558907511
7.64439	0.007140057	7.558907511
7.63888	0.007140057	7.558907511
7.6328	0.007140057	7.558907511
7.62494	0.007140057	7.558907511
7.61868	0.007140057	7.558907511
7.61417	0.007140057	7.558907511
7.61079	0.007140057	7.558907511
7.6066199999999995	0.007140057	7.558907511
7.6003300000000005	0.007140057	7.558907511
7.595219999999999	0.007140057	7.558907511
7.590089999999999	0.007140057	7.558907511
7.58535	0.007140057	7.558907511
7.578989999999999	0.007140057	7.558907511
7.57365	0.007140057	7.558907511
7.5709	0.007140057	7.558907511
7.56725	0.007140057	7.558907511
7.565860000000001	0.007140057	7.558907511
7.565580000000001	0.007140057	7.558907511
7.56618	0.007140057	7.558907511
7.56774	0.007140057	7.558907511
7.569939999999999	0.007140057	7.558907511
7.5717	0.007140057	7.558907511
7.57065	0.007140057	7.558907511
7.5696699999999995	0.007140057	7.558907511
7.569719999999999	0.007140057	7.558907511
7.5701	0.007140057	7.558907511
7.57152	0.007140057	7.558907511
7.5701600000000004	0.007140057	7.558907511
7.56925	0.007140057	7.558907511
7.566739999999999	0.007140057	7.558907511
7.56573	0.007140057	7.558907511
7.566730000000001	0.007140057	7.558907511
7.56756	0.007140057	7.558907511
7.56958	0.007140057	7.558907511
7.573580000000001	0.007140057	7.558907511
7.57676	0.007140057	7.558907511
7.58092	0.007140057	7.558907511
7.58553	0.007140057	7.558907511
7.58979	0.007140057	7.558907511
7.58905	0.007140057	7.558907511
7.588769999999999	0.007140057	7.558907511
7.58587	0.007140057	7.558907511
7.58288	0.007140057	7.558907511
7.5819600000000005	0.007140057	7.558907511
7.579789999999999	0.007140057	7.558907511
7.57718	0.007140057	7.558907511
7.57605	0.007140057	7.558907511
7.5713	0.007140057	7.558907511
7.56645	0.007140057	7.558907511
7.56142	0.007140057	7.558907511
7.55347	0.007140057	7.558907511
7.547689999999999	0.007140057	7.558907511
7.543989999999999	0.007140057	7.558907511
7.538939999999999	0.007140057	7.558907511
7.535819999999999	0.007140057	7.558907511
7.531630000000001	0.007140057	7.558907511
7.52884	0.007140057	7.558907511
7.526960000000001	0.007140057	7.558907511
7.52769	0.007140057	7.558907511
7.52688	0.007140057	7.558907511
7.527769999999999	0.007140057	7.558907511
7.526860000000001	0.007140057	7.558907511
7.52925	0.007140057	7.558907511
7.530010000000001	0.007140057	7.558907511
7.53308	0.007140057	7.558907511
7.53562	0.007140057	7.558907511
7.5359	0.007140057	7.558907511
7.53448	0.007140057	7.558907511
7.53304	0.007140057	7.558907511
7.532310000000001	0.007140057	7.558907511
7.53205	0.007140057	7.558907511
7.534260000000001	0.007140057	7.558907511
7.535769999999999	0.007140057	7.558907511
7.534610000000001	0.007140057	7.558907511
7.532710000000001	0.007140057	7.558907511
7.5313	0.007140057	7.558907511
7.53217	0.007140057	7.558907511
7.5328100000000004	0.007140057	7.558907511
7.53325	0.007140057	7.558907511
7.53335	0.007140057	7.558907511
7.53465	0.007140057	7.558907511
7.5365	0.007140057	7.558907511
7.5385100000000005	0.007140057	7.558907511
7.54045	0.007140057	7.558907511
7.543010000000001	0.007140057	7.558907511
7.5460899999999995	0.007140057	7.558907511
7.5481	0.007140057	7.558907511
7.55072	0.007140057	7.558907511
7.551839999999999	0.007140057	7.558907511
7.55503	0.007140057	7.558907511
7.55817	0.007140057	7.558907511
7.55995	0.007140057	7.558907511
7.5590399999999995	0.007140057	7.558907511
7.56031	0.007140057	7.558907511
7.5609399999999996	0.007140057	7.558907511
7.5620899999999995	0.007140057	7.558907511
7.56278	0.007140057	7.558907511
7.564089999999999	0.007140057	7.558907511
7.563510000000001	0.007140057	7.558907511
7.55915	0.007140057	7.558907511
7.55577	0.007140057	7.558907511
7.55242	0.007140057	7.558907511
7.54615	0.007140057	7.558907511
7.5430399999999995	0.007140057	7.558907511
7.5416300000000005	0.007140057	7.558907511
7.54108	0.007140057	7.558907511
7.53901	0.007140057	7.558907511
7.53662	0.007140057	7.558907511
7.53447	0.007140057	7.558907511
7.5323	0.007140057	7.558907511
7.52977	0.007140057	7.558907511
7.52614	0.007140057	7.558907511
7.5238	0.007140057	7.558907511
7.51992	0.007140057	7.558907511
7.51698	0.007140057	7.558907511
7.5118	0.007140057	7.558907511
7.5072600000000005	0.007140057	7.558907511
7.50289	0.007140057	7.558907511
7.49655	0.007140057	7.558907511
7.4913	0.007140057	7.558907511
7.48782	0.007140057	7.558907511
7.48525	0.007140057	7.558907511
7.48395	0.007140057	7.558907511
7.4825800000000005	0.007140057	7.558907511
7.483339999999999	0.007140057	7.558907511
7.485760000000001	0.007140057	7.558907511
7.4897100000000005	0.007140057	7.558907511
7.492139999999999	0.007140057	7.558907511
7.49224	0.007140057	7.558907511
7.492489999999999	0.007140057	7.558907511
7.4895	0.007140057	7.558907511
7.48907	0.007140057	7.558907511
7.488119999999999	0.007140057	7.558907511
7.489089999999999	0.007140057	7.558907511
7.488410000000001	0.007140057	7.558907511
7.48698	0.007140057	7.558907511
7.483389999999999	0.007140057	7.558907511
7.4790399999999995	0.007140057	7.558907511
7.47505	0.007140057	7.558907511
7.467289999999999	0.007140057	7.558907511
7.45645	0.007140057	7.558907511
7.4477899999999995	0.007140057	7.558907511
7.43965	0.007140057	7.558907511
7.43146	0.007140057	7.558907511
7.424810000000001	0.007140057	7.558907511
7.41811	0.007140057	7.558907511
7.410660000000001	0.007140057	7.558907511
7.40412	0.007140057	7.558907511
7.40102	0.007140057	7.558907511
7.3975100000000005	0.007140057	7.558907511
7.39153	0.007140057	7.558907511
7.38702	0.007140057	7.558907511
7.38134	0.007140057	7.558907511
7.37765	0.007140057	7.558907511
7.37343	0.007140057	7.558907511
7.36822	0.007140057	7.558907511
7.367539999999999	0.007140057	7.558907511
7.36742	0.007140057	7.558907511
7.3647100000000005	0.007140057	7.558907511
7.3637	0.007140057	7.558907511
7.362089999999999	0.007140057	7.558907511
7.36227	0.007140057	7.558907511
7.36181	0.007140057	7.558907511
7.36158	0.007140057	7.558907511
7.36147	0.007140057	7.558907511
7.35814	0.007140057	7.558907511
7.35435	0.007140057	7.558907511
7.3493699999999995	0.007140057	7.558907511
7.347860000000001	0.007140057	7.558907511
7.344589999999999	0.007140057	7.558907511
7.3425199999999995	0.007140057	7.558907511
7.34393	0.007140057	7.558907511
7.345280000000001	0.007140057	7.558907511
7.34859	0.007140057	7.558907511
7.34915	0.007140057	7.558907511
7.348	0.007140057	7.558907511
7.34704	0.007140057	7.558907511
7.343539999999999	0.007140057	7.558907511
7.339010000000001	0.007140057	7.558907511
7.3381300000000005	0.007140057	7.558907511
7.338019999999999	0.007140057	7.558907511
7.3381	0.007140057	7.558907511
7.338539999999999	0.007140057	7.558907511
7.3396	0.007140057	7.558907511
7.34055	0.007140057	7.558907511
7.34133	0.007140057	7.558907511
7.33979	0.007140057	7.558907511
7.33701	0.007140057	7.558907511
7.333019999999999	0.007140057	7.558907511
7.330939999999999	0.007140057	7.558907511
7.32866	0.007140057	7.558907511
7.326010000000001	0.007140057	7.558907511
7.322710000000001	0.007140057	7.558907511
7.31894	0.007140057	7.558907511
7.31462	0.007140057	7.558907511
7.309710000000001	0.007140057	7.558907511
7.307860000000001	0.007140057	7.558907511
7.3063	0.007140057	7.558907511
7.30421	0.007140057	7.558907511
7.30285	0.007140057	7.558907511
7.30063	0.007140057	7.558907511
7.29696	0.007140057	7.558907511
7.292489999999999	0.007140057	7.558907511
7.28803	0.007140057	7.558907511
7.2849699999999995	0.007140057	7.558907511
7.28338	0.007140057	7.558907511
7.280989999999999	0.007140057	7.558907511
7.279160000000001	0.007140057	7.558907511
7.27675	0.007140057	7.558907511
7.271719999999999	0.007140057	7.558907511
7.268839999999999	0.007140057	7.558907511
7.26462	0.007140057	7.558907511
7.263719999999999	0.007140057	7.558907511
7.2612	0.007140057	7.558907511
7.258610000000001	0.007140057	7.558907511
7.261589999999999	0.007140057	7.558907511
7.26317	0.007140057	7.558907511
7.2629399999999995	0.007140057	7.558907511
7.26244	0.007140057	7.558907511
7.263960000000001	0.007140057	7.558907511
7.26652	0.007140057	7.558907511
7.2672300000000005	0.007140057	7.558907511
7.26721	0.007140057	7.558907511
7.26847	0.007140057	7.558907511
7.27273	0.007140057	7.558907511
7.27647	0.007140057	7.558907511
7.28022	0.007140057	7.558907511
7.283689999999999	0.007140057	7.558907511
7.28477	0.007140057	7.558907511
7.28683	0.007140057	7.558907511
7.2878	0.007140057	7.558907511
7.29097	0.007140057	7.558907511
7.2935	0.007140057	7.558907511
7.295380000000001	0.007140057	7.558907511
7.29644	0.007140057	7.558907511
7.29846	0.007140057	7.558907511
7.29965	0.007140057	7.558907511
7.30037	0.007140057	7.558907511
7.3003800000000005	0.007140057	7.558907511
7.30048	0.007140057	7.558907511
7.29895	0.007140057	7.558907511
7.29608	0.007140057	7.558907511
7.294580000000001	0.007140057	7.558907511
7.2922899999999995	0.007140057	7.558907511
7.2911600000000005	0.007140057	7.558907511
7.28855	0.007140057	7.558907511
7.28797	0.007140057	7.558907511
7.28758	0.007140057	7.558907511
7.285830000000001	0.007140057	7.558907511
7.28735	0.007140057	7.558907511
7.2883	0.007140057	7.558907511
7.28905	0.007140057	7.558907511
7.29197	0.007140057	7.558907511
7.29415	0.007140057	7.558907511
7.29275	0.007140057	7.558907511
7.293189999999999	0.007140057	7.558907511
7.2937	0.007140057	7.558907511
7.294760000000001	0.007140057	7.558907511
7.2955	0.007140057	7.558907511
7.29425	0.007140057	7.558907511
7.29157	0.007140057	7.558907511
7.291289999999999	0.007140057	7.558907511
7.290710000000001	0.007140057	7.558907511
7.290039999999999	0.007140057	7.558907511
7.2881	0.007140057	7.558907511
7.28595	0.007140057	7.558907511
7.2806	0.007140057	7.558907511
7.2763	0.007140057	7.558907511
7.2722	0.007140057	7.558907511
7.27125	0.007140057	7.558907511
7.26996	0.007140057	7.558907511
7.26761	0.007140057	7.558907511
7.265289999999999	0.007140057	7.558907511
7.26227	0.007140057	7.558907511
7.260689999999999	0.007140057	7.558907511
7.25988	0.007140057	7.558907511
7.260739999999999	0.007140057	7.558907511
7.26267	0.007140057	7.558907511
7.2611300000000005	0.007140057	7.558907511
7.26275	0.007140057	7.558907511
7.2614399999999995	0.007140057	7.558907511
7.2637	0.007140057	7.558907511
7.2652	0.007140057	7.558907511
7.267360000000001	0.007140057	7.558907511
7.26916	0.007140057	7.558907511
7.27274	0.007140057	7.558907511
7.275869999999999	0.007140057	7.558907511
7.278969999999999	0.007140057	7.558907511
7.284619999999999	0.007140057	7.558907511
7.2896	0.007140057	7.558907511
7.2960199999999995	0.007140057	7.558907511
7.30323	0.007140057	7.558907511
7.311730000000001	0.007140057	7.558907511
7.3185199999999995	0.007140057	7.558907511
7.32457	0.007140057	7.558907511
7.33038	0.007140057	7.558907511
7.331519999999999	0.007140057	7.558907511
7.33285	0.007140057	7.558907511
7.33473	0.007140057	7.558907511
7.33679	0.007140057	7.558907511
7.3360199999999995	0.007140057	7.558907511
7.337039999999999	0.007140057	7.558907511
7.33798	0.007140057	7.558907511
7.337330000000001	0.007140057	7.558907511
7.33363	0.007140057	7.558907511
7.33189	0.007140057	7.558907511
