12.288969999999999	0.000892507	13.795006208
12.288030000000001	0.000892507	13.795006208
12.2853	0.000892507	13.795006208
12.28025	0.000892507	13.795006208
12.27545	0.000892507	13.795006208
12.27137	0.000892507	13.795006208
12.26662	0.000892507	13.795006208
12.26315	0.000892507	13.795006208
12.26255	0.000892507	13.795006208
12.25757	0.000892507	13.795006208
12.25501	0.000892507	13.795006208
12.252410000000001	0.000892507	13.795006208
12.25265	0.000892507	13.795006208
12.25435	0.000892507	13.795006208
12.25672	0.000892507	13.795006208
12.258980000000001	0.000892507	13.795006208
12.25912	0.000892507	13.795006208
12.25826	0.000892507	13.795006208
12.255939999999999	0.000892507	13.795006208
12.25486	0.000892507	13.795006208
12.2515	0.000892507	13.795006208
12.24873	0.000892507	13.795006208
12.24547	0.000892507	13.795006208
12.240680000000001	0.000892507	13.795006208
12.23451	0.000892507	13.795006208
12.22908	0.000892507	13.795006208
12.22182	0.000892507	13.795006208
12.21307	0.000892507	13.795006208
12.20554	0.000892507	13.795006208
12.199119999999999	0.000892507	13.795006208
12.19322	0.000892507	13.795006208
12.18496	0.000892507	13.795006208
12.181510000000001	0.000892507	13.795006208
12.17787	0.000892507	13.795006208
12.17342	0.000892507	13.795006208
12.17106	0.000892507	13.795006208
12.16881	0.000892507	13.795006208
12.16592	0.000892507	13.795006208
12.16261	0.000892507	13.795006208
12.15916	0.000892507	13.795006208
12.156189999999999	0.000892507	13.795006208
12.15363	0.000892507	13.795006208
12.151769999999999	0.000892507	13.795006208
12.1491	0.000892507	13.795006208
12.14912	0.000892507	13.795006208
12.14825	0.000892507	13.795006208
12.14825	0.000892507	13.795006208
12.149	0.000892507	13.795006208
12.15024	0.000892507	13.795006208
12.15137	0.000892507	13.795006208
12.14887	0.000892507	13.795006208
12.14671	0.000892507	13.795006208
12.14521	0.000892507	13.795006208
12.14505	0.000892507	13.795006208
12.14535	0.000892507	13.795006208
12.14413	0.000892507	13.795006208
12.14246	0.000892507	13.795006208
12.14259	0.000892507	13.795006208
12.144039999999999	0.000892507	13.795006208
12.14508	0.000892507	13.795006208
12.14809	0.000892507	13.795006208
12.148610000000001	0.000892507	13.795006208
12.15114	0.000892507	13.795006208
12.15311	0.000892507	13.795006208
12.15659	0.000892507	13.795006208
12.15981	0.000892507	13.795006208
12.16189	0.000892507	13.795006208
12.16328	0.000892507	13.795006208
12.16202	0.000892507	13.795006208
12.15891	0.000892507	13.795006208
12.15823	0.000892507	13.795006208
12.156880000000001	0.000892507	13.795006208
12.152	0.000892507	13.795006208
12.1461	0.000892507	13.795006208
12.14087	0.000892507	13.795006208
12.13702	0.000892507	13.795006208
12.13203	0.000892507	13.795006208
12.129439999999999	0.000892507	13.795006208
12.12787	0.000892507	13.795006208
12.12464	0.000892507	13.795006208
12.12173	0.000892507	13.795006208
12.11667	0.000892507	13.795006208
12.110339999999999	0.000892507	13.795006208
12.10373	0.000892507	13.795006208
12.099039999999999	0.000892507	13.795006208
12.09777	0.000892507	13.795006208
12.09762	0.000892507	13.795006208
12.09427	0.000892507	13.795006208
12.089889999999999	0.000892507	13.795006208
12.08624	0.000892507	13.795006208
12.08256	0.000892507	13.795006208
12.07836	0.000892507	13.795006208
12.0724	0.000892507	13.795006208
12.065760000000001	0.000892507	13.795006208
12.05742	0.000892507	13.795006208
12.050460000000001	0.000892507	13.795006208
12.04424	0.000892507	13.795006208
12.03922	0.000892507	13.795006208
12.03435	0.000892507	13.795006208
12.029630000000001	0.000892507	13.795006208
12.02414	0.000892507	13.795006208
12.0205	0.000892507	13.795006208
12.01628	0.000892507	13.795006208
12.013689999999999	0.000892507	13.795006208
12.010639999999999	0.000892507	13.795006208
12.007060000000001	0.000892507	13.795006208
12.00617	0.000892507	13.795006208
12.00493	0.000892507	13.795006208
12.00478	0.000892507	13.795006208
12.00276	0.000892507	13.795006208
12.00146	0.000892507	13.795006208
11.999239999999999	0.000892507	13.795006208
11.99555	0.000892507	13.795006208
11.99394	0.000892507	13.795006208
11.99497	0.000892507	13.795006208
11.993910000000001	0.000892507	13.795006208
11.99492	0.000892507	13.795006208
11.99508	0.000892507	13.795006208
11.994489999999999	0.000892507	13.795006208
11.99279	0.000892507	13.795006208
11.99049	0.000892507	13.795006208
11.98587	0.000892507	13.795006208
11.97958	0.000892507	13.795006208
11.97682	0.000892507	13.795006208
11.97558	0.000892507	13.795006208
11.97265	0.000892507	13.795006208
11.96885	0.000892507	13.795006208
11.96203	0.000892507	13.795006208
11.9553	0.000892507	13.795006208
11.94793	0.000892507	13.795006208
11.94112	0.000892507	13.795006208
11.93487	0.000892507	13.795006208
11.9303	0.000892507	13.795006208
11.926910000000001	0.000892507	13.795006208
11.92211	0.000892507	13.795006208
11.9214	0.000892507	13.795006208
11.921660000000001	0.000892507	13.795006208
11.91882	0.000892507	13.795006208
11.9156	0.000892507	13.795006208
11.91372	0.000892507	13.795006208
11.910210000000001	0.000892507	13.795006208
11.907110000000001	0.000892507	13.795006208
11.90467	0.000892507	13.795006208
11.90197	0.000892507	13.795006208
11.898	0.000892507	13.795006208
11.89427	0.000892507	13.795006208
11.887830000000001	0.000892507	13.795006208
11.88171	0.000892507	13.795006208
11.87652	0.000892507	13.795006208
11.872010000000001	0.000892507	13.795006208
11.868160000000001	0.000892507	13.795006208
11.8626	0.000892507	13.795006208
11.85853	0.000892507	13.795006208
11.85443	0.000892507	13.795006208
11.85135	0.000892507	13.795006208
11.848419999999999	0.000892507	13.795006208
11.8459	0.000892507	13.795006208
11.8418	0.000892507	13.795006208
11.839939999999999	0.000892507	13.795006208
11.83778	0.000892507	13.795006208
11.836889999999999	0.000892507	13.795006208
11.838410000000001	0.000892507	13.795006208
11.83742	0.000892507	13.795006208
11.83732	0.000892507	13.795006208
11.832880000000001	0.000892507	13.795006208
11.82972	0.000892507	13.795006208
11.828339999999999	0.000892507	13.795006208
11.82601	0.000892507	13.795006208
11.82355	0.000892507	13.795006208
11.81964	0.000892507	13.795006208
11.813989999999999	0.000892507	13.795006208
11.807789999999999	0.000892507	13.795006208
11.80257	0.000892507	13.795006208
11.79912	0.000892507	13.795006208
11.79435	0.000892507	13.795006208
11.78991	0.000892507	13.795006208
11.78636	0.000892507	13.795006208
11.78508	0.000892507	13.795006208
11.786660000000001	0.000892507	13.795006208
11.79001	0.000892507	13.795006208
11.79219	0.000892507	13.795006208
11.79347	0.000892507	13.795006208
11.79391	0.000892507	13.795006208
11.79679	0.000892507	13.795006208
11.8002	0.000892507	13.795006208
11.80449	0.000892507	13.795006208
11.80578	0.000892507	13.795006208
11.80671	0.000892507	13.795006208
11.80868	0.000892507	13.795006208
11.8113	0.000892507	13.795006208
11.81236	0.000892507	13.795006208
11.815669999999999	0.000892507	13.795006208
11.819189999999999	0.000892507	13.795006208
11.82574	0.000892507	13.795006208
11.83205	0.000892507	13.795006208
11.8362	0.000892507	13.795006208
11.84102	0.000892507	13.795006208
11.84619	0.000892507	13.795006208
11.8513	0.000892507	13.795006208
11.856489999999999	0.000892507	13.795006208
11.86478	0.000892507	13.795006208
11.87468	0.000892507	13.795006208
11.88285	0.000892507	13.795006208
11.88927	0.000892507	13.795006208
11.89601	0.000892507	13.795006208
11.90236	0.000892507	13.795006208
11.90753	0.000892507	13.795006208
11.91203	0.000892507	13.795006208
11.91576	0.000892507	13.795006208
11.91902	0.000892507	13.795006208
11.9215	0.000892507	13.795006208
11.92287	0.000892507	13.795006208
11.925510000000001	0.000892507	13.795006208
11.92801	0.000892507	13.795006208
11.93308	0.000892507	13.795006208
11.93618	0.000892507	13.795006208
11.93873	0.000892507	13.795006208
11.94082	0.000892507	13.795006208
11.941880000000001	0.000892507	13.795006208
11.9431	0.000892507	13.795006208
11.94645	0.000892507	13.795006208
11.949819999999999	0.000892507	13.795006208
11.95175	0.000892507	13.795006208
11.95241	0.000892507	13.795006208
11.95161	0.000892507	13.795006208
11.949119999999999	0.000892507	13.795006208
11.94937	0.000892507	13.795006208
11.94779	0.000892507	13.795006208
11.94642	0.000892507	13.795006208
11.94559	0.000892507	13.795006208
11.94623	0.000892507	13.795006208
11.94919	0.000892507	13.795006208
11.95539	0.000892507	13.795006208
11.962539999999999	0.000892507	13.795006208
11.96815	0.000892507	13.795006208
11.973510000000001	0.000892507	13.795006208
11.97762	0.000892507	13.795006208
11.98194	0.000892507	13.795006208
11.98652	0.000892507	13.795006208
11.98944	0.000892507	13.795006208
11.99258	0.000892507	13.795006208
11.99468	0.000892507	13.795006208
11.99717	0.000892507	13.795006208
12.0002	0.000892507	13.795006208
12.00259	0.000892507	13.795006208
12.003689999999999	0.000892507	13.795006208
12.00475	0.000892507	13.795006208
12.0059	0.000892507	13.795006208
12.00717	0.000892507	13.795006208
12.012260000000001	0.000892507	13.795006208
12.016060000000001	0.000892507	13.795006208
12.01891	0.000892507	13.795006208
12.0228	0.000892507	13.795006208
12.02679	0.000892507	13.795006208
12.02873	0.000892507	13.795006208
12.03386	0.000892507	13.795006208
12.03995	0.000892507	13.795006208
12.04296	0.000892507	13.795006208
12.04381	0.000892507	13.795006208
12.04306	0.000892507	13.795006208
12.04265	0.000892507	13.795006208
12.04111	0.000892507	13.795006208
12.04231	0.000892507	13.795006208
12.042580000000001	0.000892507	13.795006208
12.04519	0.000892507	13.795006208
12.04782	0.000892507	13.795006208
12.05136	0.000892507	13.795006208
12.0536	0.000892507	13.795006208
12.056	0.000892507	13.795006208
12.058539999999999	0.000892507	13.795006208
12.05713	0.000892507	13.795006208
12.055710000000001	0.000892507	13.795006208
12.054960000000001	0.000892507	13.795006208
12.05509	0.000892507	13.795006208
12.054839999999999	0.000892507	13.795006208
12.05437	0.000892507	13.795006208
12.056289999999999	0.000892507	13.795006208
12.05997	0.000892507	13.795006208
12.06195	0.000892507	13.795006208
12.0649	0.000892507	13.795006208
12.068589999999999	0.000892507	13.795006208
12.06967	0.000892507	13.795006208
12.06878	0.000892507	13.795006208
12.0686	0.000892507	13.795006208
12.06482	0.000892507	13.795006208
12.059619999999999	0.000892507	13.795006208
12.05291	0.000892507	13.795006208
12.04468	0.000892507	13.795006208
12.038089999999999	0.000892507	13.795006208
12.03118	0.000892507	13.795006208
12.02528	0.000892507	13.795006208
12.02163	0.000892507	13.795006208
12.01879	0.000892507	13.795006208
12.0148	0.000892507	13.795006208
12.00784	0.000892507	13.795006208
12.00347	0.000892507	13.795006208
11.99974	0.000892507	13.795006208
11.994110000000001	0.000892507	13.795006208
11.98568	0.000892507	13.795006208
11.98062	0.000892507	13.795006208
11.97527	0.000892507	13.795006208
11.9707	0.000892507	13.795006208
11.96925	0.000892507	13.795006208
11.96738	0.000892507	13.795006208
11.9677	0.000892507	13.795006208
11.970089999999999	0.000892507	13.795006208
11.97141	0.000892507	13.795006208
11.97183	0.000892507	13.795006208
11.97425	0.000892507	13.795006208
11.97562	0.000892507	13.795006208
11.97863	0.000892507	13.795006208
11.98088	0.000892507	13.795006208
11.9806	0.000892507	13.795006208
11.980889999999999	0.000892507	13.795006208
11.98144	0.000892507	13.795006208
11.984639999999999	0.000892507	13.795006208
11.9872	0.000892507	13.795006208
11.99274	0.000892507	13.795006208
11.99922	0.000892507	13.795006208
12.00394	0.000892507	13.795006208
12.00606	0.000892507	13.795006208
12.00729	0.000892507	13.795006208
12.00874	0.000892507	13.795006208
12.01052	0.000892507	13.795006208
12.012189999999999	0.000892507	13.795006208
12.01586	0.000892507	13.795006208
12.01936	0.000892507	13.795006208
12.0221	0.000892507	13.795006208
12.02407	0.000892507	13.795006208
12.02534	0.000892507	13.795006208
12.026860000000001	0.000892507	13.795006208
12.02489	0.000892507	13.795006208
12.023439999999999	0.000892507	13.795006208
12.02092	0.000892507	13.795006208
12.020439999999999	0.000892507	13.795006208
12.0192	0.000892507	13.795006208
12.01915	0.000892507	13.795006208
12.01709	0.000892507	13.795006208
12.01331	0.000892507	13.795006208
12.00862	0.000892507	13.795006208
12.005139999999999	0.000892507	13.795006208
12.002139999999999	0.000892507	13.795006208
12.00181	0.000892507	13.795006208
12.00188	0.000892507	13.795006208
12.00329	0.000892507	13.795006208
12.0019	0.000892507	13.795006208
11.99971	0.000892507	13.795006208
11.995989999999999	0.000892507	13.795006208
11.9929	0.000892507	13.795006208
11.9884	0.000892507	13.795006208
11.98358	0.000892507	13.795006208
11.98048	0.000892507	13.795006208
11.97672	0.000892507	13.795006208
11.97505	0.000892507	13.795006208
11.971969999999999	0.000892507	13.795006208
11.96852	0.000892507	13.795006208
11.965869999999999	0.000892507	13.795006208
11.9658	0.000892507	13.795006208
11.96873	0.000892507	13.795006208
11.97175	0.000892507	13.795006208
11.97275	0.000892507	13.795006208
11.97728	0.000892507	13.795006208
11.98242	0.000892507	13.795006208
11.98593	0.000892507	13.795006208
11.98841	0.000892507	13.795006208
11.98891	0.000892507	13.795006208
11.98862	0.000892507	13.795006208
11.98921	0.000892507	13.795006208
11.9867	0.000892507	13.795006208
11.98579	0.000892507	13.795006208
11.98899	0.000892507	13.795006208
11.992239999999999	0.000892507	13.795006208
11.99879	0.000892507	13.795006208
12.0047	0.000892507	13.795006208
12.01033	0.000892507	13.795006208
12.01412	0.000892507	13.795006208
12.01689	0.000892507	13.795006208
12.02017	0.000892507	13.795006208
12.02491	0.000892507	13.795006208
12.02938	0.000892507	13.795006208
12.033539999999999	0.000892507	13.795006208
12.0387	0.000892507	13.795006208
12.04402	0.000892507	13.795006208
12.051260000000001	0.000892507	13.795006208
12.05771	0.000892507	13.795006208
12.06638	0.000892507	13.795006208
12.0755	0.000892507	13.795006208
12.08415	0.000892507	13.795006208
12.0943	0.000892507	13.795006208
12.10084	0.000892507	13.795006208
12.10923	0.000892507	13.795006208
12.116810000000001	0.000892507	13.795006208
12.12652	0.000892507	13.795006208
12.13477	0.000892507	13.795006208
12.14293	0.000892507	13.795006208
12.14973	0.000892507	13.795006208
12.15461	0.000892507	13.795006208
12.16117	0.000892507	13.795006208
12.16643	0.000892507	13.795006208
12.1682	0.000892507	13.795006208
12.17038	0.000892507	13.795006208
12.174389999999999	0.000892507	13.795006208
12.17854	0.000892507	13.795006208
12.18169	0.000892507	13.795006208
12.18642	0.000892507	13.795006208
12.189739999999999	0.000892507	13.795006208
12.19233	0.000892507	13.795006208
12.19955	0.000892507	13.795006208
12.20544	0.000892507	13.795006208
12.208110000000001	0.000892507	13.795006208
12.2072	0.000892507	13.795006208
12.2046	0.000892507	13.795006208
12.2023	0.000892507	13.795006208
12.20177	0.000892507	13.795006208
12.20275	0.000892507	13.795006208
12.20411	0.000892507	13.795006208
12.208160000000001	0.000892507	13.795006208
12.21384	0.000892507	13.795006208
12.21778	0.000892507	13.795006208
12.22021	0.000892507	13.795006208
12.22297	0.000892507	13.795006208
12.22395	0.000892507	13.795006208
12.22439	0.000892507	13.795006208
12.22203	0.000892507	13.795006208
12.22023	0.000892507	13.795006208
12.21902	0.000892507	13.795006208
12.21769	0.000892507	13.795006208
12.21988	0.000892507	13.795006208
12.22068	0.000892507	13.795006208
12.223360000000001	0.000892507	13.795006208
12.222010000000001	0.000892507	13.795006208
12.22233	0.000892507	13.795006208
12.22534	0.000892507	13.795006208
12.22645	0.000892507	13.795006208
12.22984	0.000892507	13.795006208
12.23366	0.000892507	13.795006208
12.23682	0.000892507	13.795006208
12.240210000000001	0.000892507	13.795006208
12.2418	0.000892507	13.795006208
12.2422	0.000892507	13.795006208
12.24435	0.000892507	13.795006208
12.24387	0.000892507	13.795006208
12.24024	0.000892507	13.795006208
12.240169999999999	0.000892507	13.795006208
12.23771	0.000892507	13.795006208
12.23531	0.000892507	13.795006208
12.23297	0.000892507	13.795006208
12.23275	0.000892507	13.795006208
12.23422	0.000892507	13.795006208
12.23591	0.000892507	13.795006208
12.23615	0.000892507	13.795006208
12.23707	0.000892507	13.795006208
12.23547	0.000892507	13.795006208
12.23345	0.000892507	13.795006208
12.23071	0.000892507	13.795006208
12.22875	0.000892507	13.795006208
12.224839999999999	0.000892507	13.795006208
12.22213	0.000892507	13.795006208
12.21995	0.000892507	13.795006208
12.22021	0.000892507	13.795006208
12.2185	0.000892507	13.795006208
12.21678	0.000892507	13.795006208
12.21525	0.000892507	13.795006208
12.21389	0.000892507	13.795006208
12.21315	0.000892507	13.795006208
12.21159	0.000892507	13.795006208
12.21064	0.000892507	13.795006208
12.21012	0.000892507	13.795006208
12.20722	0.000892507	13.795006208
12.20379	0.000892507	13.795006208
12.20139	0.000892507	13.795006208
12.199589999999999	0.000892507	13.795006208
12.19922	0.000892507	13.795006208
12.198839999999999	0.000892507	13.795006208
12.19567	0.000892507	13.795006208
12.19158	0.000892507	13.795006208
12.18772	0.000892507	13.795006208
12.18534	0.000892507	13.795006208
12.18034	0.000892507	13.795006208
12.17987	0.000892507	13.795006208
12.1774	0.000892507	13.795006208
12.175419999999999	0.000892507	13.795006208
12.170060000000001	0.000892507	13.795006208
12.166319999999999	0.000892507	13.795006208
12.16427	0.000892507	13.795006208
12.161710000000001	0.000892507	13.795006208
12.1619	0.000892507	13.795006208
12.159880000000001	0.000892507	13.795006208
12.15841	0.000892507	13.795006208
12.15802	0.000892507	13.795006208
12.15845	0.000892507	13.795006208
12.16078	0.000892507	13.795006208
12.16279	0.000892507	13.795006208
12.16377	0.000892507	13.795006208
12.16451	0.000892507	13.795006208
12.16429	0.000892507	13.795006208
12.16461	0.000892507	13.795006208
12.1663	0.000892507	13.795006208
12.17075	0.000892507	13.795006208
12.175410000000001	0.000892507	13.795006208
12.178980000000001	0.000892507	13.795006208
12.18339	0.000892507	13.795006208
12.19003	0.000892507	13.795006208
12.19812	0.000892507	13.795006208
12.20118	0.000892507	13.795006208
12.20309	0.000892507	13.795006208
12.20715	0.000892507	13.795006208
12.20888	0.000892507	13.795006208
12.21033	0.000892507	13.795006208
12.21256	0.000892507	13.795006208
12.214160000000001	0.000892507	13.795006208
12.21337	0.000892507	13.795006208
12.21355	0.000892507	13.795006208
12.215119999999999	0.000892507	13.795006208
12.21529	0.000892507	13.795006208
12.21621	0.000892507	13.795006208
12.21622	0.000892507	13.795006208
12.21652	0.000892507	13.795006208
12.21375	0.000892507	13.795006208
12.21133	0.000892507	13.795006208
12.20999	0.000892507	13.795006208
12.20764	0.000892507	13.795006208
12.205169999999999	0.000892507	13.795006208
12.20239	0.000892507	13.795006208
12.1986	0.000892507	13.795006208
12.1977	0.000892507	13.795006208
12.19813	0.000892507	13.795006208
12.19755	0.000892507	13.795006208
12.197460000000001	0.000892507	13.795006208
12.19663	0.000892507	13.795006208
12.19404	0.000892507	13.795006208
12.19311	0.000892507	13.795006208
12.195730000000001	0.000892507	13.795006208
12.19661	0.000892507	13.795006208
12.19534	0.000892507	13.795006208
12.19497	0.000892507	13.795006208
12.1964	0.000892507	13.795006208
12.20015	0.000892507	13.795006208
12.20273	0.000892507	13.795006208
12.20595	0.000892507	13.795006208
12.20701	0.000892507	13.795006208
12.20967	0.000892507	13.795006208
12.21394	0.000892507	13.795006208
12.2152	0.000892507	13.795006208
12.219710000000001	0.000892507	13.795006208
12.22287	0.000892507	13.795006208
12.22753	0.000892507	13.795006208
12.22942	0.000892507	13.795006208
12.2308	0.000892507	13.795006208
12.23455	0.000892507	13.795006208
12.23829	0.000892507	13.795006208
12.23961	0.000892507	13.795006208
12.2383	0.000892507	13.795006208
12.23802	0.000892507	13.795006208
12.23928	0.000892507	13.795006208
12.2406	0.000892507	13.795006208
12.24413	0.000892507	13.795006208
12.24775	0.000892507	13.795006208
12.25123	0.000892507	13.795006208
12.25492	0.000892507	13.795006208
12.25596	0.000892507	13.795006208
12.25809	0.000892507	13.795006208
12.25853	0.000892507	13.795006208
12.25835	0.000892507	13.795006208
12.25693	0.000892507	13.795006208
12.25636	0.000892507	13.795006208
12.2567	0.000892507	13.795006208
12.256680000000001	0.000892507	13.795006208
12.25624	0.000892507	13.795006208
12.25601	0.000892507	13.795006208
12.2547	0.000892507	13.795006208
12.25228	0.000892507	13.795006208
12.2504	0.000892507	13.795006208
12.250910000000001	0.000892507	13.795006208
12.24879	0.000892507	13.795006208
12.24699	0.000892507	13.795006208
12.244710000000001	0.000892507	13.795006208
12.24269	0.000892507	13.795006208
12.24129	0.000892507	13.795006208
12.24085	0.000892507	13.795006208
12.23955	0.000892507	13.795006208
12.23857	0.000892507	13.795006208
12.23527	0.000892507	13.795006208
12.230839999999999	0.000892507	13.795006208
12.22613	0.000892507	13.795006208
12.2208	0.000892507	13.795006208
12.212819999999999	0.000892507	13.795006208
12.20551	0.000892507	13.795006208
12.19984	0.000892507	13.795006208
12.1939	0.000892507	13.795006208
12.18955	0.000892507	13.795006208
12.18493	0.000892507	13.795006208
12.18037	0.000892507	13.795006208
12.1756	0.000892507	13.795006208
12.17408	0.000892507	13.795006208
12.17186	0.000892507	13.795006208
12.17065	0.000892507	13.795006208
12.16935	0.000892507	13.795006208
12.17229	0.000892507	13.795006208
12.17586	0.000892507	13.795006208
12.17709	0.000892507	13.795006208
12.17795	0.000892507	13.795006208
12.17863	0.000892507	13.795006208
12.17995	0.000892507	13.795006208
12.18163	0.000892507	13.795006208
12.18159	0.000892507	13.795006208
12.18269	0.000892507	13.795006208
12.18454	0.000892507	13.795006208
12.190439999999999	0.000892507	13.795006208
12.197280000000001	0.000892507	13.795006208
12.201830000000001	0.000892507	13.795006208
12.203289999999999	0.000892507	13.795006208
12.20397	0.000892507	13.795006208
12.204080000000001	0.000892507	13.795006208
12.2044	0.000892507	13.795006208
12.20611	0.000892507	13.795006208
12.20496	0.000892507	13.795006208
12.20539	0.000892507	13.795006208
12.20738	0.000892507	13.795006208
12.2104	0.000892507	13.795006208
12.21185	0.000892507	13.795006208
12.21188	0.000892507	13.795006208
12.2138	0.000892507	13.795006208
12.21492	0.000892507	13.795006208
12.217410000000001	0.000892507	13.795006208
12.22001	0.000892507	13.795006208
12.21848	0.000892507	13.795006208
12.2162	0.000892507	13.795006208
12.214739999999999	0.000892507	13.795006208
12.213410000000001	0.000892507	13.795006208
12.21452	0.000892507	13.795006208
12.21223	0.000892507	13.795006208
12.210189999999999	0.000892507	13.795006208
12.20712	0.000892507	13.795006208
12.20492	0.000892507	13.795006208
12.201830000000001	0.000892507	13.795006208
12.19933	0.000892507	13.795006208
12.19703	0.000892507	13.795006208
12.193489999999999	0.000892507	13.795006208
12.18779	0.000892507	13.795006208
12.17947	0.000892507	13.795006208
12.17225	0.000892507	13.795006208
12.167589999999999	0.000892507	13.795006208
12.164660000000001	0.000892507	13.795006208
12.15992	0.000892507	13.795006208
12.15541	0.000892507	13.795006208
12.15088	0.000892507	13.795006208
12.14728	0.000892507	13.795006208
12.1449	0.000892507	13.795006208
12.14124	0.000892507	13.795006208
12.13742	0.000892507	13.795006208
12.135489999999999	0.000892507	13.795006208
12.13151	0.000892507	13.795006208
12.125169999999999	0.000892507	13.795006208
12.11775	0.000892507	13.795006208
12.109739999999999	0.000892507	13.795006208
12.10112	0.000892507	13.795006208
12.095460000000001	0.000892507	13.795006208
12.091510000000001	0.000892507	13.795006208
12.085280000000001	0.000892507	13.795006208
12.077539999999999	0.000892507	13.795006208
12.0698	0.000892507	13.795006208
12.05989	0.000892507	13.795006208
12.05293	0.000892507	13.795006208
12.047139999999999	0.000892507	13.795006208
12.04111	0.000892507	13.795006208
12.03401	0.000892507	13.795006208
12.02827	0.000892507	13.795006208
12.021469999999999	0.000892507	13.795006208
12.01704	0.000892507	13.795006208
12.012089999999999	0.000892507	13.795006208
12.00721	0.000892507	13.795006208
12.00465	0.000892507	13.795006208
12.00067	0.000892507	13.795006208
11.99784	0.000892507	13.795006208
11.995	0.000892507	13.795006208
11.99227	0.000892507	13.795006208
11.987910000000001	0.000892507	13.795006208
11.98438	0.000892507	13.795006208
11.98069	0.000892507	13.795006208
11.97684	0.000892507	13.795006208
11.974260000000001	0.000892507	13.795006208
11.97182	0.000892507	13.795006208
11.9694	0.000892507	13.795006208
11.966380000000001	0.000892507	13.795006208
11.963230000000001	0.000892507	13.795006208
11.95984	0.000892507	13.795006208
11.95392	0.000892507	13.795006208
11.94773	0.000892507	13.795006208
11.94195	0.000892507	13.795006208
11.93902	0.000892507	13.795006208
11.938189999999999	0.000892507	13.795006208
11.9372	0.000892507	13.795006208
11.9376	0.000892507	13.795006208
11.936589999999999	0.000892507	13.795006208
11.93736	0.000892507	13.795006208
11.938369999999999	0.000892507	13.795006208
11.93708	0.000892507	13.795006208
11.93631	0.000892507	13.795006208
11.935780000000001	0.000892507	13.795006208
11.9351	0.000892507	13.795006208
11.93485	0.000892507	13.795006208
11.93405	0.000892507	13.795006208
11.93494	0.000892507	13.795006208
11.9365	0.000892507	13.795006208
11.93867	0.000892507	13.795006208
11.94004	0.000892507	13.795006208
11.94262	0.000892507	13.795006208
11.94338	0.000892507	13.795006208
11.94283	0.000892507	13.795006208
11.94325	0.000892507	13.795006208
11.94392	0.000892507	13.795006208
11.9462	0.000892507	13.795006208
11.94875	0.000892507	13.795006208
11.9495	0.000892507	13.795006208
11.95058	0.000892507	13.795006208
11.95225	0.000892507	13.795006208
11.95657	0.000892507	13.795006208
11.96392	0.000892507	13.795006208
11.96936	0.000892507	13.795006208
11.97516	0.000892507	13.795006208
11.98166	0.000892507	13.795006208
11.9869	0.000892507	13.795006208
11.992339999999999	0.000892507	13.795006208
11.99874	0.000892507	13.795006208
12.004430000000001	0.000892507	13.795006208
12.00794	0.000892507	13.795006208
12.01362	0.000892507	13.795006208
12.01897	0.000892507	13.795006208
12.02298	0.000892507	13.795006208
12.02643	0.000892507	13.795006208
12.02938	0.000892507	13.795006208
12.0312	0.000892507	13.795006208
12.03329	0.000892507	13.795006208
12.03575	0.000892507	13.795006208
12.03927	0.000892507	13.795006208
12.040560000000001	0.000892507	13.795006208
12.044989999999999	0.000892507	13.795006208
12.0487	0.000892507	13.795006208
12.05113	0.000892507	13.795006208
12.053980000000001	0.000892507	13.795006208
12.057	0.000892507	13.795006208
12.0635	0.000892507	13.795006208
12.06795	0.000892507	13.795006208
12.06966	0.000892507	13.795006208
12.070310000000001	0.000892507	13.795006208
12.06953	0.000892507	13.795006208
12.06862	0.000892507	13.795006208
12.066310000000001	0.000892507	13.795006208
12.06608	0.000892507	13.795006208
12.063410000000001	0.000892507	13.795006208
12.0619	0.000892507	13.795006208
12.06024	0.000892507	13.795006208
12.05937	0.000892507	13.795006208
12.0606	0.000892507	13.795006208
12.06274	0.000892507	13.795006208
12.06557	0.000892507	13.795006208
12.06532	0.000892507	13.795006208
12.06397	0.000892507	13.795006208
12.06351	0.000892507	13.795006208
12.06076	0.000892507	13.795006208
12.05668	0.000892507	13.795006208
12.05335	0.000892507	13.795006208
12.05133	0.000892507	13.795006208
12.046710000000001	0.000892507	13.795006208
12.04308	0.000892507	13.795006208
12.04117	0.000892507	13.795006208
12.040189999999999	0.000892507	13.795006208
12.03739	0.000892507	13.795006208
12.036660000000001	0.000892507	13.795006208
12.03805	0.000892507	13.795006208
12.04155	0.000892507	13.795006208
12.04557	0.000892507	13.795006208
12.05077	0.000892507	13.795006208
12.05627	0.000892507	13.795006208
12.06095	0.000892507	13.795006208
12.063080000000001	0.000892507	13.795006208
12.06213	0.000892507	13.795006208
12.0614	0.000892507	13.795006208
12.06105	0.000892507	13.795006208
12.059510000000001	0.000892507	13.795006208
12.05626	0.000892507	13.795006208
12.05565	0.000892507	13.795006208
12.0543	0.000892507	13.795006208
12.05211	0.000892507	13.795006208
12.0513	0.000892507	13.795006208
12.0507	0.000892507	13.795006208
12.04807	0.000892507	13.795006208
12.04449	0.000892507	13.795006208
12.0436	0.000892507	13.795006208
12.040510000000001	0.000892507	13.795006208
12.03696	0.000892507	13.795006208
12.03428	0.000892507	13.795006208
12.030710000000001	0.000892507	13.795006208
12.0271	0.000892507	13.795006208
12.02694	0.000892507	13.795006208
12.0273	0.000892507	13.795006208
12.02778	0.000892507	13.795006208
12.0272	0.000892507	13.795006208
12.0252	0.000892507	13.795006208
12.02375	0.000892507	13.795006208
12.021239999999999	0.000892507	13.795006208
12.01985	0.000892507	13.795006208
12.01826	0.000892507	13.795006208
12.016639999999999	0.000892507	13.795006208
12.01741	0.000892507	13.795006208
12.01558	0.000892507	13.795006208
12.015880000000001	0.000892507	13.795006208
12.01627	0.000892507	13.795006208
12.01782	0.000892507	13.795006208
12.01732	0.000892507	13.795006208
12.01758	0.000892507	13.795006208
12.02098	0.000892507	13.795006208
12.022789999999999	0.000892507	13.795006208
12.025910000000001	0.000892507	13.795006208
12.02791	0.000892507	13.795006208
12.031260000000001	0.000892507	13.795006208
12.03329	0.000892507	13.795006208
12.03712	0.000892507	13.795006208
12.04088	0.000892507	13.795006208
12.04755	0.000892507	13.795006208
12.05159	0.000892507	13.795006208
12.05632	0.000892507	13.795006208
12.06193	0.000892507	13.795006208
12.06681	0.000892507	13.795006208
12.06901	0.000892507	13.795006208
12.06972	0.000892507	13.795006208
12.068710000000001	0.000892507	13.795006208
12.066460000000001	0.000892507	13.795006208
12.06533	0.000892507	13.795006208
12.06426	0.000892507	13.795006208
12.06195	0.000892507	13.795006208
12.05894	0.000892507	13.795006208
12.05604	0.000892507	13.795006208
12.05043	0.000892507	13.795006208
12.04454	0.000892507	13.795006208
12.036710000000001	0.000892507	13.795006208
12.0299	0.000892507	13.795006208
12.02263	0.000892507	13.795006208
12.01682	0.000892507	13.795006208
12.00848	0.000892507	13.795006208
12.00225	0.000892507	13.795006208
11.99343	0.000892507	13.795006208
11.987210000000001	0.000892507	13.795006208
11.98259	0.000892507	13.795006208
11.97591	0.000892507	13.795006208
11.96768	0.000892507	13.795006208
11.960239999999999	0.000892507	13.795006208
11.95538	0.000892507	13.795006208
11.94848	0.000892507	13.795006208
11.94092	0.000892507	13.795006208
11.93505	0.000892507	13.795006208
11.929160000000001	0.000892507	13.795006208
11.922410000000001	0.000892507	13.795006208
11.91457	0.000892507	13.795006208
11.90479	0.000892507	13.795006208
11.89661	0.000892507	13.795006208
11.88913	0.000892507	13.795006208
11.88388	0.000892507	13.795006208
11.87779	0.000892507	13.795006208
11.8719	0.000892507	13.795006208
11.86318	0.000892507	13.795006208
11.85806	0.000892507	13.795006208
11.852	0.000892507	13.795006208
11.850430000000001	0.000892507	13.795006208
11.84901	0.000892507	13.795006208
11.84538	0.000892507	13.795006208
11.845139999999999	0.000892507	13.795006208
11.84459	0.000892507	13.795006208
11.84572	0.000892507	13.795006208
11.84661	0.000892507	13.795006208
11.84895	0.000892507	13.795006208
11.84978	0.000892507	13.795006208
11.85047	0.000892507	13.795006208
11.85057	0.000892507	13.795006208
11.85191	0.000892507	13.795006208
11.85546	0.000892507	13.795006208
11.85965	0.000892507	13.795006208
11.862169999999999	0.000892507	13.795006208
11.86428	0.000892507	13.795006208
11.86742	0.000892507	13.795006208
11.87215	0.000892507	13.795006208
11.8779	0.000892507	13.795006208
11.88275	0.000892507	13.795006208
11.883989999999999	0.000892507	13.795006208
11.88465	0.000892507	13.795006208
11.885	0.000892507	13.795006208
11.88518	0.000892507	13.795006208
11.89035	0.000892507	13.795006208
11.89597	0.000892507	13.795006208
11.89874	0.000892507	13.795006208
11.90267	0.000892507	13.795006208
11.9072	0.000892507	13.795006208
11.90865	0.000892507	13.795006208
11.91238	0.000892507	13.795006208
11.91227	0.000892507	13.795006208
11.912930000000001	0.000892507	13.795006208
11.914439999999999	0.000892507	13.795006208
11.91804	0.000892507	13.795006208
11.92186	0.000892507	13.795006208
11.92623	0.000892507	13.795006208
11.93154	0.000892507	13.795006208
11.93707	0.000892507	13.795006208
11.94412	0.000892507	13.795006208
11.952539999999999	0.000892507	13.795006208
11.95855	0.000892507	13.795006208
11.96309	0.000892507	13.795006208
11.96664	0.000892507	13.795006208
11.970839999999999	0.000892507	13.795006208
11.97534	0.000892507	13.795006208
11.98102	0.000892507	13.795006208
11.987210000000001	0.000892507	13.795006208
11.99519	0.000892507	13.795006208
12.00273	0.000892507	13.795006208
12.00763	0.000892507	13.795006208
12.01083	0.000892507	13.795006208
12.012939999999999	0.000892507	13.795006208
12.01586	0.000892507	13.795006208
12.02112	0.000892507	13.795006208
12.02383	0.000892507	13.795006208
12.02996	0.000892507	13.795006208
12.03679	0.000892507	13.795006208
12.04262	0.000892507	13.795006208
12.04527	0.000892507	13.795006208
12.04702	0.000892507	13.795006208
12.0492	0.000892507	13.795006208
12.05219	0.000892507	13.795006208
12.05515	0.000892507	13.795006208
12.05781	0.000892507	13.795006208
12.0603	0.000892507	13.795006208
12.06353	0.000892507	13.795006208
12.067060000000001	0.000892507	13.795006208
12.07094	0.000892507	13.795006208
12.07818	0.000892507	13.795006208
12.08124	0.000892507	13.795006208
12.08204	0.000892507	13.795006208
12.08351	0.000892507	13.795006208
12.084769999999999	0.000892507	13.795006208
12.0857	0.000892507	13.795006208
12.08725	0.000892507	13.795006208
12.09037	0.000892507	13.795006208
12.09413	0.000892507	13.795006208
12.09601	0.000892507	13.795006208
12.09725	0.000892507	13.795006208
12.09816	0.000892507	13.795006208
12.10101	0.000892507	13.795006208
12.10238	0.000892507	13.795006208
12.10419	0.000892507	13.795006208
12.10404	0.000892507	13.795006208
12.10249	0.000892507	13.795006208
12.10313	0.000892507	13.795006208
12.10555	0.000892507	13.795006208
12.10604	0.000892507	13.795006208
12.10764	0.000892507	13.795006208
12.10924	0.000892507	13.795006208
12.111	0.000892507	13.795006208
12.11323	0.000892507	13.795006208
12.11383	0.000892507	13.795006208
12.11421	0.000892507	13.795006208
12.1104	0.000892507	13.795006208
12.107460000000001	0.000892507	13.795006208
12.10286	0.000892507	13.795006208
12.09987	0.000892507	13.795006208
12.09947	0.000892507	13.795006208
12.09784	0.000892507	13.795006208
12.09718	0.000892507	13.795006208
12.09474	0.000892507	13.795006208
12.09338	0.000892507	13.795006208
12.09123	0.000892507	13.795006208
12.08813	0.000892507	13.795006208
12.08664	0.000892507	13.795006208
12.0869	0.000892507	13.795006208
12.08677	0.000892507	13.795006208
12.08792	0.000892507	13.795006208
12.09075	0.000892507	13.795006208
12.09268	0.000892507	13.795006208
12.09333	0.000892507	13.795006208
12.09004	0.000892507	13.795006208
12.08734	0.000892507	13.795006208
12.08605	0.000892507	13.795006208
12.08563	0.000892507	13.795006208
12.08589	0.000892507	13.795006208
12.08907	0.000892507	13.795006208
12.09103	0.000892507	13.795006208
12.0926	0.000892507	13.795006208
12.0955	0.000892507	13.795006208
12.09715	0.000892507	13.795006208
12.098130000000001	0.000892507	13.795006208
12.097760000000001	0.000892507	13.795006208
12.10003	0.000892507	13.795006208
12.10276	0.000892507	13.795006208
12.105089999999999	0.000892507	13.795006208
12.10652	0.000892507	13.795006208
12.10743	0.000892507	13.795006208
12.1079	0.000892507	13.795006208
12.1097	0.000892507	13.795006208
12.1125	0.000892507	13.795006208
12.115269999999999	0.000892507	13.795006208
12.11534	0.000892507	13.795006208
12.11421	0.000892507	13.795006208
12.11171	0.000892507	13.795006208
12.106589999999999	0.000892507	13.795006208
12.102889999999999	0.000892507	13.795006208
12.10125	0.000892507	13.795006208
12.099269999999999	0.000892507	13.795006208
12.09928	0.000892507	13.795006208
12.1008	0.000892507	13.795006208
12.10097	0.000892507	13.795006208
12.10162	0.000892507	13.795006208
12.102139999999999	0.000892507	13.795006208
12.100589999999999	0.000892507	13.795006208
12.09708	0.000892507	13.795006208
12.09365	0.000892507	13.795006208
12.09185	0.000892507	13.795006208
12.08929	0.000892507	13.795006208
12.08584	0.000892507	13.795006208
12.082289999999999	0.000892507	13.795006208
12.07751	0.000892507	13.795006208
12.07363	0.000892507	13.795006208
12.06943	0.000892507	13.795006208
12.06246	0.000892507	13.795006208
12.05816	0.000892507	13.795006208
12.05354	0.000892507	13.795006208
12.0486	0.000892507	13.795006208
12.04199	0.000892507	13.795006208
12.03632	0.000892507	13.795006208
12.03228	0.000892507	13.795006208
12.02553	0.000892507	13.795006208
12.01895	0.000892507	13.795006208
12.01323	0.000892507	13.795006208
12.00698	0.000892507	13.795006208
11.99967	0.000892507	13.795006208
11.99452	0.000892507	13.795006208
11.99075	0.000892507	13.795006208
11.98714	0.000892507	13.795006208
11.98271	0.000892507	13.795006208
11.97797	0.000892507	13.795006208
11.97216	0.000892507	13.795006208
11.965489999999999	0.000892507	13.795006208
11.9597	0.000892507	13.795006208
11.952069999999999	0.000892507	13.795006208
11.94404	0.000892507	13.795006208
11.93704	0.000892507	13.795006208
11.931389999999999	0.000892507	13.795006208
11.92378	0.000892507	13.795006208
11.9166	0.000892507	13.795006208
11.90818	0.000892507	13.795006208
11.90008	0.000892507	13.795006208
11.8924	0.000892507	13.795006208
11.88435	0.000892507	13.795006208
11.87663	0.000892507	13.795006208
11.87084	0.000892507	13.795006208
11.86383	0.000892507	13.795006208
11.859539999999999	0.000892507	13.795006208
11.85465	0.000892507	13.795006208
11.84877	0.000892507	13.795006208
11.84102	0.000892507	13.795006208
11.83115	0.000892507	13.795006208
11.82665	0.000892507	13.795006208
11.82269	0.000892507	13.795006208
11.817960000000001	0.000892507	13.795006208
11.812380000000001	0.000892507	13.795006208
11.80505	0.000892507	13.795006208
11.79917	0.000892507	13.795006208
11.79391	0.000892507	13.795006208
11.78882	0.000892507	13.795006208
11.78405	0.000892507	13.795006208
11.78103	0.000892507	13.795006208
11.776480000000001	0.000892507	13.795006208
11.76929	0.000892507	13.795006208
11.76248	0.000892507	13.795006208
11.75672	0.000892507	13.795006208
11.75165	0.000892507	13.795006208
11.74738	0.000892507	13.795006208
11.74042	0.000892507	13.795006208
11.73377	0.000892507	13.795006208
11.7278	0.000892507	13.795006208
11.72382	0.000892507	13.795006208
11.71835	0.000892507	13.795006208
11.71304	0.000892507	13.795006208
11.70898	0.000892507	13.795006208
11.7064	0.000892507	13.795006208
11.70331	0.000892507	13.795006208
11.70165	0.000892507	13.795006208
11.70045	0.000892507	13.795006208
11.69557	0.000892507	13.795006208
11.68885	0.000892507	13.795006208
11.68288	0.000892507	13.795006208
11.67769	0.000892507	13.795006208
11.67281	0.000892507	13.795006208
11.66801	0.000892507	13.795006208
11.66131	0.000892507	13.795006208
11.65255	0.000892507	13.795006208
11.64441	0.000892507	13.795006208
11.63443	0.000892507	13.795006208
11.62054	0.000892507	13.795006208
11.6086	0.000892507	13.795006208
11.59811	0.000892507	13.795006208
11.58859	0.000892507	13.795006208
11.580739999999999	0.000892507	13.795006208
11.572980000000001	0.000892507	13.795006208
11.56686	0.000892507	13.795006208
11.55995	0.000892507	13.795006208
11.55556	0.000892507	13.795006208
11.55309	0.000892507	13.795006208
11.54903	0.000892507	13.795006208
11.54384	0.000892507	13.795006208
11.53771	0.000892507	13.795006208
11.53412	0.000892507	13.795006208
11.53197	0.000892507	13.795006208
11.529860000000001	0.000892507	13.795006208
11.53015	0.000892507	13.795006208
11.528889999999999	0.000892507	13.795006208
11.52807	0.000892507	13.795006208
11.52551	0.000892507	13.795006208
11.52079	0.000892507	13.795006208
11.51558	0.000892507	13.795006208
11.51325	0.000892507	13.795006208
11.51285	0.000892507	13.795006208
11.513530000000001	0.000892507	13.795006208
11.51335	0.000892507	13.795006208
11.51341	0.000892507	13.795006208
11.51418	0.000892507	13.795006208
11.51388	0.000892507	13.795006208
11.51282	0.000892507	13.795006208
11.51341	0.000892507	13.795006208
11.515369999999999	0.000892507	13.795006208
11.51722	0.000892507	13.795006208
11.51844	0.000892507	13.795006208
11.523710000000001	0.000892507	13.795006208
11.52975	0.000892507	13.795006208
11.538839999999999	0.000892507	13.795006208
11.550239999999999	0.000892507	13.795006208
11.56432	0.000892507	13.795006208
11.57628	0.000892507	13.795006208
11.58917	0.000892507	13.795006208
11.600530000000001	0.000892507	13.795006208
11.61004	0.000892507	13.795006208
11.61913	0.000892507	13.795006208
11.62792	0.000892507	13.795006208
11.638589999999999	0.000892507	13.795006208
11.64883	0.000892507	13.795006208
11.657739999999999	0.000892507	13.795006208
11.66739	0.000892507	13.795006208
11.67516	0.000892507	13.795006208
11.682730000000001	0.000892507	13.795006208
11.68994	0.000892507	13.795006208
11.695310000000001	0.000892507	13.795006208
11.69962	0.000892507	13.795006208
11.70031	0.000892507	13.795006208
11.70068	0.000892507	13.795006208
11.69946	0.000892507	13.795006208
11.69946	0.000892507	13.795006208
11.70192	0.000892507	13.795006208
11.70295	0.000892507	13.795006208
11.70154	0.000892507	13.795006208
11.70071	0.000892507	13.795006208
11.698889999999999	0.000892507	13.795006208
11.69368	0.000892507	13.795006208
11.68621	0.000892507	13.795006208
11.68163	0.000892507	13.795006208
11.6775	0.000892507	13.795006208
11.67535	0.000892507	13.795006208
11.674719999999999	0.000892507	13.795006208
11.675839999999999	0.000892507	13.795006208
11.67741	0.000892507	13.795006208
11.68005	0.000892507	13.795006208
11.68474	0.000892507	13.795006208
11.68651	0.000892507	13.795006208
11.685139999999999	0.000892507	13.795006208
11.68567	0.000892507	13.795006208
11.68566	0.000892507	13.795006208
11.685319999999999	0.000892507	13.795006208
11.683689999999999	0.000892507	13.795006208
11.67822	0.000892507	13.795006208
11.67336	0.000892507	13.795006208
11.66742	0.000892507	13.795006208
11.663839999999999	0.000892507	13.795006208
11.66044	0.000892507	13.795006208
11.65827	0.000892507	13.795006208
11.65948	0.000892507	13.795006208
11.65975	0.000892507	13.795006208
11.6587	0.000892507	13.795006208
11.65518	0.000892507	13.795006208
11.65103	0.000892507	13.795006208
11.649569999999999	0.000892507	13.795006208
11.64889	0.000892507	13.795006208
11.64692	0.000892507	13.795006208
11.645669999999999	0.000892507	13.795006208
11.64602	0.000892507	13.795006208
11.6461	0.000892507	13.795006208
11.64443	0.000892507	13.795006208
11.64349	0.000892507	13.795006208
11.64245	0.000892507	13.795006208
11.64279	0.000892507	13.795006208
11.64442	0.000892507	13.795006208
11.64826	0.000892507	13.795006208
11.650089999999999	0.000892507	13.795006208
11.64948	0.000892507	13.795006208
11.64695	0.000892507	13.795006208
11.64327	0.000892507	13.795006208
11.64146	0.000892507	13.795006208
11.64011	0.000892507	13.795006208
11.63857	0.000892507	13.795006208
11.63655	0.000892507	13.795006208
11.63493	0.000892507	13.795006208
11.63355	0.000892507	13.795006208
11.63239	0.000892507	13.795006208
11.63114	0.000892507	13.795006208
11.62936	0.000892507	13.795006208
11.62797	0.000892507	13.795006208
11.62352	0.000892507	13.795006208
11.62241	0.000892507	13.795006208
11.622589999999999	0.000892507	13.795006208
11.62462	0.000892507	13.795006208
11.62704	0.000892507	13.795006208
11.62914	0.000892507	13.795006208
11.62933	0.000892507	13.795006208
11.62957	0.000892507	13.795006208
11.6289	0.000892507	13.795006208
11.62588	0.000892507	13.795006208
11.62379	0.000892507	13.795006208
11.62373	0.000892507	13.795006208
11.6245	0.000892507	13.795006208
11.62391	0.000892507	13.795006208
11.625589999999999	0.000892507	13.795006208
11.62422	0.000892507	13.795006208
11.62365	0.000892507	13.795006208
11.62545	0.000892507	13.795006208
11.62673	0.000892507	13.795006208
11.62624	0.000892507	13.795006208
11.62495	0.000892507	13.795006208
11.62678	0.000892507	13.795006208
11.6292	0.000892507	13.795006208
11.63234	0.000892507	13.795006208
11.63575	0.000892507	13.795006208
11.63987	0.000892507	13.795006208
11.64436	0.000892507	13.795006208
11.64869	0.000892507	13.795006208
11.654710000000001	0.000892507	13.795006208
11.65883	0.000892507	13.795006208
11.6623	0.000892507	13.795006208
11.66518	0.000892507	13.795006208
11.66606	0.000892507	13.795006208
11.668510000000001	0.000892507	13.795006208
11.67273	0.000892507	13.795006208
11.67872	0.000892507	13.795006208
11.68573	0.000892507	13.795006208
11.69089	0.000892507	13.795006208
11.697560000000001	0.000892507	13.795006208
11.70566	0.000892507	13.795006208
11.713239999999999	0.000892507	13.795006208
11.72144	0.000892507	13.795006208
11.7269	0.000892507	13.795006208
11.73521	0.000892507	13.795006208
11.74469	0.000892507	13.795006208
11.75244	0.000892507	13.795006208
11.75922	0.000892507	13.795006208
11.76448	0.000892507	13.795006208
11.77121	0.000892507	13.795006208
11.781239999999999	0.000892507	13.795006208
11.790510000000001	0.000892507	13.795006208
11.7977	0.000892507	13.795006208
11.80432	0.000892507	13.795006208
11.80936	0.000892507	13.795006208
11.81521	0.000892507	13.795006208
11.82066	0.000892507	13.795006208
11.82438	0.000892507	13.795006208
11.82843	0.000892507	13.795006208
11.831339999999999	0.000892507	13.795006208
11.83512	0.000892507	13.795006208
11.836110000000001	0.000892507	13.795006208
11.83734	0.000892507	13.795006208
11.84093	0.000892507	13.795006208
11.84252	0.000892507	13.795006208
11.842989999999999	0.000892507	13.795006208
11.83868	0.000892507	13.795006208
11.83227	0.000892507	13.795006208
11.82596	0.000892507	13.795006208
11.82205	0.000892507	13.795006208
11.81595	0.000892507	13.795006208
11.80737	0.000892507	13.795006208
11.799489999999999	0.000892507	13.795006208
11.78985	0.000892507	13.795006208
11.7812	0.000892507	13.795006208
11.773480000000001	0.000892507	13.795006208
11.76502	0.000892507	13.795006208
11.75494	0.000892507	13.795006208
11.74629	0.000892507	13.795006208
11.738480000000001	0.000892507	13.795006208
11.73211	0.000892507	13.795006208
11.72766	0.000892507	13.795006208
11.72348	0.000892507	13.795006208
11.71993	0.000892507	13.795006208
11.714	0.000892507	13.795006208
11.70841	0.000892507	13.795006208
11.70134	0.000892507	13.795006208
11.69518	0.000892507	13.795006208
11.69215	0.000892507	13.795006208
11.68855	0.000892507	13.795006208
11.68621	0.000892507	13.795006208
11.68471	0.000892507	13.795006208
11.68225	0.000892507	13.795006208
11.67994	0.000892507	13.795006208
11.6797	0.000892507	13.795006208
11.68038	0.000892507	13.795006208
11.68235	0.000892507	13.795006208
11.68136	0.000892507	13.795006208
11.68299	0.000892507	13.795006208
11.68501	0.000892507	13.795006208
11.688360000000001	0.000892507	13.795006208
11.693019999999999	0.000892507	13.795006208
11.696069999999999	0.000892507	13.795006208
11.6982	0.000892507	13.795006208
11.69797	0.000892507	13.795006208
11.69863	0.000892507	13.795006208
11.69869	0.000892507	13.795006208
11.69696	0.000892507	13.795006208
11.69748	0.000892507	13.795006208
11.69965	0.000892507	13.795006208
11.70265	0.000892507	13.795006208
11.704080000000001	0.000892507	13.795006208
11.70473	0.000892507	13.795006208
11.704310000000001	0.000892507	13.795006208
11.70256	0.000892507	13.795006208
11.70146	0.000892507	13.795006208
11.70096	0.000892507	13.795006208
11.701789999999999	0.000892507	13.795006208
11.702630000000001	0.000892507	13.795006208
11.70306	0.000892507	13.795006208
11.70218	0.000892507	13.795006208
11.70485	0.000892507	13.795006208
11.70858	0.000892507	13.795006208
11.71067	0.000892507	13.795006208
11.712810000000001	0.000892507	13.795006208
11.71353	0.000892507	13.795006208
11.714939999999999	0.000892507	13.795006208
11.71616	0.000892507	13.795006208
11.717239999999999	0.000892507	13.795006208
11.71844	0.000892507	13.795006208
11.7198	0.000892507	13.795006208
11.722539999999999	0.000892507	13.795006208
11.725530000000001	0.000892507	13.795006208
11.726980000000001	0.000892507	13.795006208
11.72869	0.000892507	13.795006208
11.72872	0.000892507	13.795006208
11.725610000000001	0.000892507	13.795006208
11.72526	0.000892507	13.795006208
11.72522	0.000892507	13.795006208
11.7264	0.000892507	13.795006208
11.727219999999999	0.000892507	13.795006208
11.72752	0.000892507	13.795006208
11.728710000000001	0.000892507	13.795006208
11.7309	0.000892507	13.795006208
11.73477	0.000892507	13.795006208
11.736880000000001	0.000892507	13.795006208
11.73686	0.000892507	13.795006208
11.73742	0.000892507	13.795006208
11.73745	0.000892507	13.795006208
11.73906	0.000892507	13.795006208
11.73958	0.000892507	13.795006208
11.73975	0.000892507	13.795006208
11.74048	0.000892507	13.795006208
11.74039	0.000892507	13.795006208
11.74191	0.000892507	13.795006208
11.743910000000001	0.000892507	13.795006208
11.74438	0.000892507	13.795006208
11.741660000000001	0.000892507	13.795006208
11.737	0.000892507	13.795006208
11.731710000000001	0.000892507	13.795006208
11.72567	0.000892507	13.795006208
11.72366	0.000892507	13.795006208
11.71685	0.000892507	13.795006208
11.709710000000001	0.000892507	13.795006208
11.702739999999999	0.000892507	13.795006208
11.695319999999999	0.000892507	13.795006208
11.68954	0.000892507	13.795006208
11.68143	0.000892507	13.795006208
11.67328	0.000892507	13.795006208
11.66661	0.000892507	13.795006208
11.65634	0.000892507	13.795006208
11.64604	0.000892507	13.795006208
11.63353	0.000892507	13.795006208
11.62002	0.000892507	13.795006208
11.60706	0.000892507	13.795006208
11.59567	0.000892507	13.795006208
11.58708	0.000892507	13.795006208
11.57842	0.000892507	13.795006208
11.57063	0.000892507	13.795006208
11.56105	0.000892507	13.795006208
11.55167	0.000892507	13.795006208
11.54315	0.000892507	13.795006208
11.53283	0.000892507	13.795006208
11.522689999999999	0.000892507	13.795006208
11.51501	0.000892507	13.795006208
11.50755	0.000892507	13.795006208
11.49837	0.000892507	13.795006208
11.49	0.000892507	13.795006208
11.48213	0.000892507	13.795006208
11.477160000000001	0.000892507	13.795006208
11.472489999999999	0.000892507	13.795006208
11.46836	0.000892507	13.795006208
11.46585	0.000892507	13.795006208
11.46172	0.000892507	13.795006208
11.45752	0.000892507	13.795006208
11.4518	0.000892507	13.795006208
11.4466	0.000892507	13.795006208
11.44169	0.000892507	13.795006208
11.43727	0.000892507	13.795006208
11.433530000000001	0.000892507	13.795006208
11.42917	0.000892507	13.795006208
11.42783	0.000892507	13.795006208
11.4246	0.000892507	13.795006208
11.41855	0.000892507	13.795006208
11.41183	0.000892507	13.795006208
11.40955	0.000892507	13.795006208
11.40736	0.000892507	13.795006208
11.40522	0.000892507	13.795006208
11.40413	0.000892507	13.795006208
11.40277	0.000892507	13.795006208
11.4013	0.000892507	13.795006208
11.3987	0.000892507	13.795006208
11.39702	0.000892507	13.795006208
11.394210000000001	0.000892507	13.795006208
11.39221	0.000892507	13.795006208
11.39003	0.000892507	13.795006208
11.38968	0.000892507	13.795006208
11.38758	0.000892507	13.795006208
11.38369	0.000892507	13.795006208
11.380980000000001	0.000892507	13.795006208
11.37981	0.000892507	13.795006208
11.380289999999999	0.000892507	13.795006208
11.38546	0.000892507	13.795006208
11.38915	0.000892507	13.795006208
11.39097	0.000892507	13.795006208
11.39226	0.000892507	13.795006208
11.394260000000001	0.000892507	13.795006208
11.397	0.000892507	13.795006208
11.401580000000001	0.000892507	13.795006208
11.407119999999999	0.000892507	13.795006208
11.40973	0.000892507	13.795006208
11.41094	0.000892507	13.795006208
11.4113	0.000892507	13.795006208
11.41125	0.000892507	13.795006208
11.40821	0.000892507	13.795006208
11.40359	0.000892507	13.795006208
11.40139	0.000892507	13.795006208
11.39916	0.000892507	13.795006208
11.39667	0.000892507	13.795006208
11.39281	0.000892507	13.795006208
11.38919	0.000892507	13.795006208
11.38619	0.000892507	13.795006208
11.38424	0.000892507	13.795006208
11.383289999999999	0.000892507	13.795006208
11.38069	0.000892507	13.795006208
11.37473	0.000892507	13.795006208
11.36992	0.000892507	13.795006208
11.36518	0.000892507	13.795006208
11.36347	0.000892507	13.795006208
11.36011	0.000892507	13.795006208
11.3562	0.000892507	13.795006208
11.35225	0.000892507	13.795006208
11.34891	0.000892507	13.795006208
11.34613	0.000892507	13.795006208
11.3445	0.000892507	13.795006208
11.345260000000001	0.000892507	13.795006208
11.345469999999999	0.000892507	13.795006208
11.34406	0.000892507	13.795006208
11.34335	0.000892507	13.795006208
11.34089	0.000892507	13.795006208
11.33855	0.000892507	13.795006208
11.338289999999999	0.000892507	13.795006208
11.33686	0.000892507	13.795006208
11.33553	0.000892507	13.795006208
11.3363	0.000892507	13.795006208
11.33579	0.000892507	13.795006208
11.33331	0.000892507	13.795006208
11.33315	0.000892507	13.795006208
11.334610000000001	0.000892507	13.795006208
11.33704	0.000892507	13.795006208
11.33897	0.000892507	13.795006208
11.34103	0.000892507	13.795006208
11.34262	0.000892507	13.795006208
11.34556	0.000892507	13.795006208
11.34658	0.000892507	13.795006208
11.34533	0.000892507	13.795006208
11.346039999999999	0.000892507	13.795006208
11.34419	0.000892507	13.795006208
11.34272	0.000892507	13.795006208
11.338230000000001	0.000892507	13.795006208
11.33526	0.000892507	13.795006208
11.3305	0.000892507	13.795006208
11.3262	0.000892507	13.795006208
11.321480000000001	0.000892507	13.795006208
11.31343	0.000892507	13.795006208
11.30524	0.000892507	13.795006208
11.29579	0.000892507	13.795006208
11.28668	0.000892507	13.795006208
11.276639999999999	0.000892507	13.795006208
11.26755	0.000892507	13.795006208
11.25731	0.000892507	13.795006208
11.247710000000001	0.000892507	13.795006208
11.2368	0.000892507	13.795006208
11.22679	0.000892507	13.795006208
11.215160000000001	0.000892507	13.795006208
11.20469	0.000892507	13.795006208
11.194410000000001	0.000892507	13.795006208
11.18511	0.000892507	13.795006208
11.1777	0.000892507	13.795006208
11.168610000000001	0.000892507	13.795006208
11.161710000000001	0.000892507	13.795006208
11.15775	0.000892507	13.795006208
11.15267	0.000892507	13.795006208
11.14498	0.000892507	13.795006208
11.140139999999999	0.000892507	13.795006208
11.1367	0.000892507	13.795006208
11.13508	0.000892507	13.795006208
11.13557	0.000892507	13.795006208
11.13348	0.000892507	13.795006208
11.132810000000001	0.000892507	13.795006208
11.13386	0.000892507	13.795006208
11.13615	0.000892507	13.795006208
11.13592	0.000892507	13.795006208
11.13373	0.000892507	13.795006208
11.13163	0.000892507	13.795006208
11.131089999999999	0.000892507	13.795006208
11.13074	0.000892507	13.795006208
11.13245	0.000892507	13.795006208
11.13418	0.000892507	13.795006208
11.13695	0.000892507	13.795006208
11.13828	0.000892507	13.795006208
11.1411	0.000892507	13.795006208
11.14224	0.000892507	13.795006208
11.14345	0.000892507	13.795006208
11.14381	0.000892507	13.795006208
11.141760000000001	0.000892507	13.795006208
11.14027	0.000892507	13.795006208
11.13522	0.000892507	13.795006208
11.12903	0.000892507	13.795006208
11.12277	0.000892507	13.795006208
11.117989999999999	0.000892507	13.795006208
11.11289	0.000892507	13.795006208
11.107460000000001	0.000892507	13.795006208
11.1006	0.000892507	13.795006208
11.09423	0.000892507	13.795006208
11.08889	0.000892507	13.795006208
11.08453	0.000892507	13.795006208
11.08122	0.000892507	13.795006208
11.07615	0.000892507	13.795006208
11.07058	0.000892507	13.795006208
11.06664	0.000892507	13.795006208
11.06085	0.000892507	13.795006208
11.05504	0.000892507	13.795006208
11.05074	0.000892507	13.795006208
11.04435	0.000892507	13.795006208
11.03929	0.000892507	13.795006208
11.03305	0.000892507	13.795006208
11.02646	0.000892507	13.795006208
11.02117	0.000892507	13.795006208
11.01609	0.000892507	13.795006208
11.011439999999999	0.000892507	13.795006208
11.00897	0.000892507	13.795006208
11.006739999999999	0.000892507	13.795006208
11.00612	0.000892507	13.795006208
11.00624	0.000892507	13.795006208
11.005510000000001	0.000892507	13.795006208
11.00482	0.000892507	13.795006208
11.00491	0.000892507	13.795006208
11.00628	0.000892507	13.795006208
11.00522	0.000892507	13.795006208
11.002880000000001	0.000892507	13.795006208
11.00085	0.000892507	13.795006208
10.99718	0.000892507	13.795006208
10.99416	0.000892507	13.795006208
10.99572	0.000892507	13.795006208
10.995239999999999	0.000892507	13.795006208
10.99469	0.000892507	13.795006208
10.992980000000001	0.000892507	13.795006208
10.99063	0.000892507	13.795006208
10.98902	0.000892507	13.795006208
10.987680000000001	0.000892507	13.795006208
10.985330000000001	0.000892507	13.795006208
10.98025	0.000892507	13.795006208
10.97441	0.000892507	13.795006208
10.9669	0.000892507	13.795006208
10.96085	0.000892507	13.795006208
10.951830000000001	0.000892507	13.795006208
10.94393	0.000892507	13.795006208
10.934289999999999	0.000892507	13.795006208
10.92446	0.000892507	13.795006208
10.91752	0.000892507	13.795006208
10.91275	0.000892507	13.795006208
10.90805	0.000892507	13.795006208
10.90093	0.000892507	13.795006208
10.89678	0.000892507	13.795006208
10.89215	0.000892507	13.795006208
10.89123	0.000892507	13.795006208
10.88814	0.000892507	13.795006208
10.88643	0.000892507	13.795006208
10.8874	0.000892507	13.795006208
10.88516	0.000892507	13.795006208
10.884	0.000892507	13.795006208
10.88292	0.000892507	13.795006208
10.88103	0.000892507	13.795006208
10.87893	0.000892507	13.795006208
10.87876	0.000892507	13.795006208
10.87854	0.000892507	13.795006208
10.880189999999999	0.000892507	13.795006208
10.88139	0.000892507	13.795006208
10.88278	0.000892507	13.795006208
10.88303	0.000892507	13.795006208
10.884319999999999	0.000892507	13.795006208
10.88343	0.000892507	13.795006208
10.8838	0.000892507	13.795006208
10.883610000000001	0.000892507	13.795006208
10.883280000000001	0.000892507	13.795006208
10.88345	0.000892507	13.795006208
10.88503	0.000892507	13.795006208
10.88526	0.000892507	13.795006208
10.88533	0.000892507	13.795006208
10.885010000000001	0.000892507	13.795006208
10.88401	0.000892507	13.795006208
10.88183	0.000892507	13.795006208
10.879430000000001	0.000892507	13.795006208
10.8775	0.000892507	13.795006208
10.87412	0.000892507	13.795006208
10.87058	0.000892507	13.795006208
10.87049	0.000892507	13.795006208
10.86978	0.000892507	13.795006208
10.867989999999999	0.000892507	13.795006208
10.86721	0.000892507	13.795006208
10.86737	0.000892507	13.795006208
10.86931	0.000892507	13.795006208
10.8731	0.000892507	13.795006208
10.875689999999999	0.000892507	13.795006208
10.87832	0.000892507	13.795006208
10.88038	0.000892507	13.795006208
10.88049	0.000892507	13.795006208
10.88221	0.000892507	13.795006208
10.88287	0.000892507	13.795006208
10.8829	0.000892507	13.795006208
10.8855	0.000892507	13.795006208
10.89075	0.000892507	13.795006208
10.89676	0.000892507	13.795006208
10.90022	0.000892507	13.795006208
10.90404	0.000892507	13.795006208
10.907060000000001	0.000892507	13.795006208
10.911	0.000892507	13.795006208
10.91263	0.000892507	13.795006208
10.91547	0.000892507	13.795006208
10.920910000000001	0.000892507	13.795006208
10.92575	0.000892507	13.795006208
10.9302	0.000892507	13.795006208
10.93415	0.000892507	13.795006208
10.93785	0.000892507	13.795006208
10.9417	0.000892507	13.795006208
10.94685	0.000892507	13.795006208
10.95159	0.000892507	13.795006208
10.95662	0.000892507	13.795006208
10.96411	0.000892507	13.795006208
10.96979	0.000892507	13.795006208
10.97202	0.000892507	13.795006208
10.97383	0.000892507	13.795006208
10.97375	0.000892507	13.795006208
10.97293	0.000892507	13.795006208
10.974210000000001	0.000892507	13.795006208
10.97205	0.000892507	13.795006208
10.96844	0.000892507	13.795006208
10.96612	0.000892507	13.795006208
10.96291	0.000892507	13.795006208
10.96079	0.000892507	13.795006208
10.95819	0.000892507	13.795006208
10.95759	0.000892507	13.795006208
10.96089	0.000892507	13.795006208
10.96577	0.000892507	13.795006208
10.97028	0.000892507	13.795006208
10.97338	0.000892507	13.795006208
10.97455	0.000892507	13.795006208
10.97687	0.000892507	13.795006208
10.982439999999999	0.000892507	13.795006208
10.98766	0.000892507	13.795006208
10.994010000000001	0.000892507	13.795006208
11.00043	0.000892507	13.795006208
11.00606	0.000892507	13.795006208
11.009269999999999	0.000892507	13.795006208
11.01184	0.000892507	13.795006208
11.01549	0.000892507	13.795006208
11.01527	0.000892507	13.795006208
11.01479	0.000892507	13.795006208
11.01488	0.000892507	13.795006208
11.01379	0.000892507	13.795006208
11.01097	0.000892507	13.795006208
11.00652	0.000892507	13.795006208
11.004539999999999	0.000892507	13.795006208
10.99933	0.000892507	13.795006208
10.99668	0.000892507	13.795006208
10.99416	0.000892507	13.795006208
10.99426	0.000892507	13.795006208
10.99509	0.000892507	13.795006208
10.99521	0.000892507	13.795006208
10.99147	0.000892507	13.795006208
10.98583	0.000892507	13.795006208
10.98095	0.000892507	13.795006208
10.97911	0.000892507	13.795006208
10.97751	0.000892507	13.795006208
10.97613	0.000892507	13.795006208
10.973289999999999	0.000892507	13.795006208
10.97156	0.000892507	13.795006208
10.97076	0.000892507	13.795006208
10.97017	0.000892507	13.795006208
10.9714	0.000892507	13.795006208
10.97454	0.000892507	13.795006208
10.97451	0.000892507	13.795006208
10.9743	0.000892507	13.795006208
10.97379	0.000892507	13.795006208
10.97436	0.000892507	13.795006208
10.9759	0.000892507	13.795006208
10.97478	0.000892507	13.795006208
10.97296	0.000892507	13.795006208
10.9727	0.000892507	13.795006208
10.97445	0.000892507	13.795006208
10.97598	0.000892507	13.795006208
10.9769	0.000892507	13.795006208
10.97614	0.000892507	13.795006208
10.97444	0.000892507	13.795006208
10.975719999999999	0.000892507	13.795006208
10.975530000000001	0.000892507	13.795006208
10.97648	0.000892507	13.795006208
10.97868	0.000892507	13.795006208
10.97987	0.000892507	13.795006208
10.98059	0.000892507	13.795006208
10.98092	0.000892507	13.795006208
10.981710000000001	0.000892507	13.795006208
10.980310000000001	0.000892507	13.795006208
10.97824	0.000892507	13.795006208
10.97518	0.000892507	13.795006208
10.97357	0.000892507	13.795006208
10.97051	0.000892507	13.795006208
10.964310000000001	0.000892507	13.795006208
10.95844	0.000892507	13.795006208
10.95403	0.000892507	13.795006208
10.94915	0.000892507	13.795006208
10.94541	0.000892507	13.795006208
10.94138	0.000892507	13.795006208
10.93598	0.000892507	13.795006208
10.92975	0.000892507	13.795006208
10.92545	0.000892507	13.795006208
10.9201	0.000892507	13.795006208
10.91571	0.000892507	13.795006208
10.9134	0.000892507	13.795006208
10.91105	0.000892507	13.795006208
10.90927	0.000892507	13.795006208
10.90547	0.000892507	13.795006208
10.900730000000001	0.000892507	13.795006208
10.89679	0.000892507	13.795006208
10.8918	0.000892507	13.795006208
10.885060000000001	0.000892507	13.795006208
10.87744	0.000892507	13.795006208
10.86687	0.000892507	13.795006208
10.85876	0.000892507	13.795006208
10.85047	0.000892507	13.795006208
10.84407	0.000892507	13.795006208
10.839139999999999	0.000892507	13.795006208
10.83394	0.000892507	13.795006208
10.83077	0.000892507	13.795006208
10.83159	0.000892507	13.795006208
10.83037	0.000892507	13.795006208
10.83262	0.000892507	13.795006208
10.83116	0.000892507	13.795006208
10.82934	0.000892507	13.795006208
10.82588	0.000892507	13.795006208
10.82163	0.000892507	13.795006208
10.817260000000001	0.000892507	13.795006208
10.81259	0.000892507	13.795006208
10.80793	0.000892507	13.795006208
10.8067	0.000892507	13.795006208
10.80649	0.000892507	13.795006208
10.80391	0.000892507	13.795006208
10.80139	0.000892507	13.795006208
10.801039999999999	0.000892507	13.795006208
10.80247	0.000892507	13.795006208
10.80433	0.000892507	13.795006208
10.8044	0.000892507	13.795006208
10.805530000000001	0.000892507	13.795006208
10.80687	0.000892507	13.795006208
10.807730000000001	0.000892507	13.795006208
10.80914	0.000892507	13.795006208
10.81367	0.000892507	13.795006208
10.81708	0.000892507	13.795006208
10.82216	0.000892507	13.795006208
10.82753	0.000892507	13.795006208
10.83467	0.000892507	13.795006208
10.83966	0.000892507	13.795006208
10.84378	0.000892507	13.795006208
10.846	0.000892507	13.795006208
10.848139999999999	0.000892507	13.795006208
10.84915	0.000892507	13.795006208
10.85192	0.000892507	13.795006208
10.85438	0.000892507	13.795006208
10.85643	0.000892507	13.795006208
10.85825	0.000892507	13.795006208
10.8594	0.000892507	13.795006208
10.86041	0.000892507	13.795006208
10.86315	0.000892507	13.795006208
10.866060000000001	0.000892507	13.795006208
10.87005	0.000892507	13.795006208
10.87245	0.000892507	13.795006208
10.87326	0.000892507	13.795006208
10.87295	0.000892507	13.795006208
10.873289999999999	0.000892507	13.795006208
10.873289999999999	0.000892507	13.795006208
10.8698	0.000892507	13.795006208
10.86793	0.000892507	13.795006208
10.867189999999999	0.000892507	13.795006208
10.867189999999999	0.000892507	13.795006208
10.867469999999999	0.000892507	13.795006208
10.8662	0.000892507	13.795006208
10.86684	0.000892507	13.795006208
10.86811	0.000892507	13.795006208
10.86784	0.000892507	13.795006208
10.86782	0.000892507	13.795006208
10.8661	0.000892507	13.795006208
10.8639	0.000892507	13.795006208
10.86242	0.000892507	13.795006208
10.85997	0.000892507	13.795006208
10.85563	0.000892507	13.795006208
10.84791	0.000892507	13.795006208
10.84115	0.000892507	13.795006208
10.838280000000001	0.000892507	13.795006208
10.83496	0.000892507	13.795006208
10.83117	0.000892507	13.795006208
10.828510000000001	0.000892507	13.795006208
10.82804	0.000892507	13.795006208
10.82768	0.000892507	13.795006208
10.82523	0.000892507	13.795006208
10.820219999999999	0.000892507	13.795006208
10.81604	0.000892507	13.795006208
10.81085	0.000892507	13.795006208
10.80514	0.000892507	13.795006208
10.79754	0.000892507	13.795006208
10.79169	0.000892507	13.795006208
10.78655	0.000892507	13.795006208
10.78404	0.000892507	13.795006208
10.78164	0.000892507	13.795006208
10.7809	0.000892507	13.795006208
10.782010000000001	0.000892507	13.795006208
10.78598	0.000892507	13.795006208
10.78674	0.000892507	13.795006208
10.78382	0.000892507	13.795006208
10.78425	0.000892507	13.795006208
10.785210000000001	0.000892507	13.795006208
10.78443	0.000892507	13.795006208
10.78055	0.000892507	13.795006208
10.7781	0.000892507	13.795006208
10.77853	0.000892507	13.795006208
10.77988	0.000892507	13.795006208
10.78026	0.000892507	13.795006208
10.77828	0.000892507	13.795006208
10.7755	0.000892507	13.795006208
10.77378	0.000892507	13.795006208
10.7759	0.000892507	13.795006208
10.78166	0.000892507	13.795006208
10.78487	0.000892507	13.795006208
10.785730000000001	0.000892507	13.795006208
10.78561	0.000892507	13.795006208
10.78505	0.000892507	13.795006208
10.78536	0.000892507	13.795006208
10.78779	0.000892507	13.795006208
10.78962	0.000892507	13.795006208
10.79262	0.000892507	13.795006208
10.79309	0.000892507	13.795006208
10.79475	0.000892507	13.795006208
10.797880000000001	0.000892507	13.795006208
10.8004	0.000892507	13.795006208
10.80297	0.000892507	13.795006208
10.80578	0.000892507	13.795006208
10.80959	0.000892507	13.795006208
10.81669	0.000892507	13.795006208
10.82317	0.000892507	13.795006208
10.829989999999999	0.000892507	13.795006208
10.8359	0.000892507	13.795006208
10.84293	0.000892507	13.795006208
10.847539999999999	0.000892507	13.795006208
10.85154	0.000892507	13.795006208
10.85442	0.000892507	13.795006208
10.85618	0.000892507	13.795006208
10.85982	0.000892507	13.795006208
10.86273	0.000892507	13.795006208
10.86478	0.000892507	13.795006208
10.86783	0.000892507	13.795006208
10.86844	0.000892507	13.795006208
10.86667	0.000892507	13.795006208
10.86203	0.000892507	13.795006208
10.85557	0.000892507	13.795006208
10.85035	0.000892507	13.795006208
10.84709	0.000892507	13.795006208
10.842989999999999	0.000892507	13.795006208
10.83867	0.000892507	13.795006208
10.831339999999999	0.000892507	13.795006208
10.822519999999999	0.000892507	13.795006208
10.81375	0.000892507	13.795006208
10.8045	0.000892507	13.795006208
10.797089999999999	0.000892507	13.795006208
10.79145	0.000892507	13.795006208
10.7853	0.000892507	13.795006208
10.77975	0.000892507	13.795006208
10.77571	0.000892507	13.795006208
10.77325	0.000892507	13.795006208
10.7692	0.000892507	13.795006208
10.767430000000001	0.000892507	13.795006208
10.7625	0.000892507	13.795006208
10.758460000000001	0.000892507	13.795006208
10.75505	0.000892507	13.795006208
10.75115	0.000892507	13.795006208
10.747010000000001	0.000892507	13.795006208
10.743089999999999	0.000892507	13.795006208
10.74078	0.000892507	13.795006208
10.73978	0.000892507	13.795006208
10.74117	0.000892507	13.795006208
10.74376	0.000892507	13.795006208
10.746780000000001	0.000892507	13.795006208
10.74858	0.000892507	13.795006208
10.74943	0.000892507	13.795006208
10.74952	0.000892507	13.795006208
10.74873	0.000892507	13.795006208
10.74929	0.000892507	13.795006208
10.75207	0.000892507	13.795006208
10.75863	0.000892507	13.795006208
10.763689999999999	0.000892507	13.795006208
10.76993	0.000892507	13.795006208
10.775910000000001	0.000892507	13.795006208
10.78308	0.000892507	13.795006208
10.787519999999999	0.000892507	13.795006208
10.79195	0.000892507	13.795006208
10.79752	0.000892507	13.795006208
10.80105	0.000892507	13.795006208
10.80574	0.000892507	13.795006208
10.809569999999999	0.000892507	13.795006208
10.813830000000001	0.000892507	13.795006208
10.817169999999999	0.000892507	13.795006208
10.81974	0.000892507	13.795006208
10.82572	0.000892507	13.795006208
10.8296	0.000892507	13.795006208
10.83469	0.000892507	13.795006208
10.842419999999999	0.000892507	13.795006208
10.84892	0.000892507	13.795006208
10.85474	0.000892507	13.795006208
10.85737	0.000892507	13.795006208
10.86008	0.000892507	13.795006208
10.86342	0.000892507	13.795006208
10.86486	0.000892507	13.795006208
10.86853	0.000892507	13.795006208
10.875110000000001	0.000892507	13.795006208
10.88371	0.000892507	13.795006208
10.8915	0.000892507	13.795006208
10.898019999999999	0.000892507	13.795006208
10.90156	0.000892507	13.795006208
10.90448	0.000892507	13.795006208
10.90632	0.000892507	13.795006208
10.9066	0.000892507	13.795006208
10.905660000000001	0.000892507	13.795006208
10.90546	0.000892507	13.795006208
10.90782	0.000892507	13.795006208
10.90877	0.000892507	13.795006208
10.91261	0.000892507	13.795006208
10.9158	0.000892507	13.795006208
10.91808	0.000892507	13.795006208
10.92192	0.000892507	13.795006208
10.92628	0.000892507	13.795006208
10.92871	0.000892507	13.795006208
10.93173	0.000892507	13.795006208
10.93619	0.000892507	13.795006208
10.93914	0.000892507	13.795006208
10.942960000000001	0.000892507	13.795006208
10.9472	0.000892507	13.795006208
10.94937	0.000892507	13.795006208
10.95095	0.000892507	13.795006208
10.95306	0.000892507	13.795006208
10.95545	0.000892507	13.795006208
10.9585	0.000892507	13.795006208
10.960989999999999	0.000892507	13.795006208
10.96345	0.000892507	13.795006208
10.96491	0.000892507	13.795006208
10.96603	0.000892507	13.795006208
10.96893	0.000892507	13.795006208
10.9714	0.000892507	13.795006208
10.97105	0.000892507	13.795006208
10.96965	0.000892507	13.795006208
10.97134	0.000892507	13.795006208
10.97229	0.000892507	13.795006208
10.974269999999999	0.000892507	13.795006208
10.97645	0.000892507	13.795006208
10.97832	0.000892507	13.795006208
10.9782	0.000892507	13.795006208
10.97738	0.000892507	13.795006208
10.97654	0.000892507	13.795006208
10.97617	0.000892507	13.795006208
10.97584	0.000892507	13.795006208
10.97353	0.000892507	13.795006208
10.97083	0.000892507	13.795006208
10.968539999999999	0.000892507	13.795006208
10.967210000000001	0.000892507	13.795006208
10.96513	0.000892507	13.795006208
10.96627	0.000892507	13.795006208
10.96748	0.000892507	13.795006208
10.96818	0.000892507	13.795006208
10.96906	0.000892507	13.795006208
10.968639999999999	0.000892507	13.795006208
10.96486	0.000892507	13.795006208
10.963339999999999	0.000892507	13.795006208
10.96452	0.000892507	13.795006208
10.96583	0.000892507	13.795006208
10.96589	0.000892507	13.795006208
10.96578	0.000892507	13.795006208
10.9671	0.000892507	13.795006208
10.96766	0.000892507	13.795006208
10.96682	0.000892507	13.795006208
10.96691	0.000892507	13.795006208
10.96471	0.000892507	13.795006208
10.96293	0.000892507	13.795006208
10.95997	0.000892507	13.795006208
10.957230000000001	0.000892507	13.795006208
10.95466	0.000892507	13.795006208
10.95309	0.000892507	13.795006208
10.95145	0.000892507	13.795006208
10.94854	0.000892507	13.795006208
10.94442	0.000892507	13.795006208
10.93999	0.000892507	13.795006208
10.93401	0.000892507	13.795006208
10.92875	0.000892507	13.795006208
10.922930000000001	0.000892507	13.795006208
10.91735	0.000892507	13.795006208
10.912889999999999	0.000892507	13.795006208
10.90634	0.000892507	13.795006208
10.896180000000001	0.000892507	13.795006208
10.88713	0.000892507	13.795006208
10.8805	0.000892507	13.795006208
10.87658	0.000892507	13.795006208
10.87336	0.000892507	13.795006208
10.8704	0.000892507	13.795006208
10.86847	0.000892507	13.795006208
10.868739999999999	0.000892507	13.795006208
10.87036	0.000892507	13.795006208
10.87133	0.000892507	13.795006208
10.87459	0.000892507	13.795006208
10.87727	0.000892507	13.795006208
10.88057	0.000892507	13.795006208
10.88413	0.000892507	13.795006208
10.88836	0.000892507	13.795006208
10.89415	0.000892507	13.795006208
10.89965	0.000892507	13.795006208
10.90517	0.000892507	13.795006208
10.91157	0.000892507	13.795006208
10.91618	0.000892507	13.795006208
10.92245	0.000892507	13.795006208
10.92938	0.000892507	13.795006208
10.934339999999999	0.000892507	13.795006208
10.93938	0.000892507	13.795006208
10.94143	0.000892507	13.795006208
10.943760000000001	0.000892507	13.795006208
10.946010000000001	0.000892507	13.795006208
10.94861	0.000892507	13.795006208
10.95191	0.000892507	13.795006208
10.95681	0.000892507	13.795006208
10.96006	0.000892507	13.795006208
10.95985	0.000892507	13.795006208
10.95599	0.000892507	13.795006208
10.95225	0.000892507	13.795006208
10.951360000000001	0.000892507	13.795006208
10.94843	0.000892507	13.795006208
10.95049	0.000892507	13.795006208
10.95097	0.000892507	13.795006208
10.95094	0.000892507	13.795006208
10.95106	0.000892507	13.795006208
10.95053	0.000892507	13.795006208
10.95032	0.000892507	13.795006208
10.95248	0.000892507	13.795006208
10.955960000000001	0.000892507	13.795006208
10.95642	0.000892507	13.795006208
10.95629	0.000892507	13.795006208
10.956719999999999	0.000892507	13.795006208
10.95983	0.000892507	13.795006208
10.96413	0.000892507	13.795006208
10.96541	0.000892507	13.795006208
10.96588	0.000892507	13.795006208
10.96659	0.000892507	13.795006208
10.964189999999999	0.000892507	13.795006208
10.9603	0.000892507	13.795006208
10.95813	0.000892507	13.795006208
10.95525	0.000892507	13.795006208
10.94993	0.000892507	13.795006208
10.94679	0.000892507	13.795006208
10.94462	0.000892507	13.795006208
10.94179	0.000892507	13.795006208
10.93726	0.000892507	13.795006208
10.93506	0.000892507	13.795006208
10.933530000000001	0.000892507	13.795006208
10.93174	0.000892507	13.795006208
10.92864	0.000892507	13.795006208
10.924380000000001	0.000892507	13.795006208
10.920119999999999	0.000892507	13.795006208
10.91352	0.000892507	13.795006208
10.91035	0.000892507	13.795006208
10.909310000000001	0.000892507	13.795006208
10.9082	0.000892507	13.795006208
10.905489999999999	0.000892507	13.795006208
10.90294	0.000892507	13.795006208
10.899519999999999	0.000892507	13.795006208
10.89521	0.000892507	13.795006208
10.89212	0.000892507	13.795006208
10.8887	0.000892507	13.795006208
10.8873	0.000892507	13.795006208
10.88544	0.000892507	13.795006208
10.883289999999999	0.000892507	13.795006208
10.88255	0.000892507	13.795006208
10.8809	0.000892507	13.795006208
10.87913	0.000892507	13.795006208
10.87653	0.000892507	13.795006208
10.87583	0.000892507	13.795006208
10.873280000000001	0.000892507	13.795006208
10.86697	0.000892507	13.795006208
10.85997	0.000892507	13.795006208
10.85593	0.000892507	13.795006208
10.8517	0.000892507	13.795006208
10.8483	0.000892507	13.795006208
10.84534	0.000892507	13.795006208
10.84044	0.000892507	13.795006208
10.83463	0.000892507	13.795006208
10.83098	0.000892507	13.795006208
10.8277	0.000892507	13.795006208
10.823210000000001	0.000892507	13.795006208
10.81751	0.000892507	13.795006208
10.81201	0.000892507	13.795006208
10.80462	0.000892507	13.795006208
10.7986	0.000892507	13.795006208
10.79417	0.000892507	13.795006208
10.78678	0.000892507	13.795006208
10.77936	0.000892507	13.795006208
10.77233	0.000892507	13.795006208
10.76873	0.000892507	13.795006208
10.76287	0.000892507	13.795006208
10.75878	0.000892507	13.795006208
10.754439999999999	0.000892507	13.795006208
10.749939999999999	0.000892507	13.795006208
10.74738	0.000892507	13.795006208
10.740739999999999	0.000892507	13.795006208
10.73373	0.000892507	13.795006208
10.724960000000001	0.000892507	13.795006208
10.71717	0.000892507	13.795006208
10.70915	0.000892507	13.795006208
10.70107	0.000892507	13.795006208
10.69405	0.000892507	13.795006208
10.68643	0.000892507	13.795006208
10.68206	0.000892507	13.795006208
10.67796	0.000892507	13.795006208
10.67516	0.000892507	13.795006208
10.67453	0.000892507	13.795006208
10.67421	0.000892507	13.795006208
10.67263	0.000892507	13.795006208
10.67056	0.000892507	13.795006208
10.666939999999999	0.000892507	13.795006208
10.6646	0.000892507	13.795006208
10.6615	0.000892507	13.795006208
10.65875	0.000892507	13.795006208
10.65847	0.000892507	13.795006208
10.661660000000001	0.000892507	13.795006208
10.667069999999999	0.000892507	13.795006208
10.674489999999999	0.000892507	13.795006208
10.67935	0.000892507	13.795006208
10.6845	0.000892507	13.795006208
10.68857	0.000892507	13.795006208
10.6912	0.000892507	13.795006208
10.69463	0.000892507	13.795006208
10.700239999999999	0.000892507	13.795006208
10.70607	0.000892507	13.795006208
10.7138	0.000892507	13.795006208
10.72211	0.000892507	13.795006208
10.72977	0.000892507	13.795006208
10.73738	0.000892507	13.795006208
10.74376	0.000892507	13.795006208
10.75043	0.000892507	13.795006208
10.755560000000001	0.000892507	13.795006208
10.75865	0.000892507	13.795006208
10.75986	0.000892507	13.795006208
10.76248	0.000892507	13.795006208
10.762889999999999	0.000892507	13.795006208
10.765	0.000892507	13.795006208
10.76725	0.000892507	13.795006208
10.772730000000001	0.000892507	13.795006208
10.77754	0.000892507	13.795006208
10.7815	0.000892507	13.795006208
10.78501	0.000892507	13.795006208
10.790610000000001	0.000892507	13.795006208
10.79223	0.000892507	13.795006208
10.79523	0.000892507	13.795006208
10.79751	0.000892507	13.795006208
10.80017	0.000892507	13.795006208
10.79739	0.000892507	13.795006208
10.79438	0.000892507	13.795006208
10.79491	0.000892507	13.795006208
10.79555	0.000892507	13.795006208
10.79475	0.000892507	13.795006208
10.79385	0.000892507	13.795006208
10.79395	0.000892507	13.795006208
10.79302	0.000892507	13.795006208
10.79345	0.000892507	13.795006208
10.79332	0.000892507	13.795006208
10.78995	0.000892507	13.795006208
10.78613	0.000892507	13.795006208
10.781410000000001	0.000892507	13.795006208
10.77946	0.000892507	13.795006208
10.777660000000001	0.000892507	13.795006208
10.77474	0.000892507	13.795006208
10.7729	0.000892507	13.795006208
10.77109	0.000892507	13.795006208
10.769110000000001	0.000892507	13.795006208
10.768369999999999	0.000892507	13.795006208
10.76528	0.000892507	13.795006208
10.76227	0.000892507	13.795006208
10.756960000000001	0.000892507	13.795006208
10.75158	0.000892507	13.795006208
10.74796	0.000892507	13.795006208
10.7477	0.000892507	13.795006208
10.74808	0.000892507	13.795006208
10.746360000000001	0.000892507	13.795006208
10.74596	0.000892507	13.795006208
10.74605	0.000892507	13.795006208
10.7442	0.000892507	13.795006208
10.74307	0.000892507	13.795006208
10.74131	0.000892507	13.795006208
10.74062	0.000892507	13.795006208
10.741489999999999	0.000892507	13.795006208
10.74225	0.000892507	13.795006208
10.74328	0.000892507	13.795006208
10.74429	0.000892507	13.795006208
10.74847	0.000892507	13.795006208
10.75302	0.000892507	13.795006208
10.75967	0.000892507	13.795006208
10.76564	0.000892507	13.795006208
10.77339	0.000892507	13.795006208
10.781839999999999	0.000892507	13.795006208
10.78866	0.000892507	13.795006208
10.79394	0.000892507	13.795006208
10.80083	0.000892507	13.795006208
10.80878	0.000892507	13.795006208
10.81507	0.000892507	13.795006208
10.819139999999999	0.000892507	13.795006208
10.82391	0.000892507	13.795006208
10.826319999999999	0.000892507	13.795006208
10.83038	0.000892507	13.795006208
10.83341	0.000892507	13.795006208
10.83642	0.000892507	13.795006208
10.83842	0.000892507	13.795006208
10.83967	0.000892507	13.795006208
10.84472	0.000892507	13.795006208
10.85127	0.000892507	13.795006208
10.855960000000001	0.000892507	13.795006208
10.86017	0.000892507	13.795006208
10.8647	0.000892507	13.795006208
10.87045	0.000892507	13.795006208
10.8758	0.000892507	13.795006208
10.883280000000001	0.000892507	13.795006208
10.89136	0.000892507	13.795006208
10.89617	0.000892507	13.795006208
10.90056	0.000892507	13.795006208
10.904819999999999	0.000892507	13.795006208
10.90803	0.000892507	13.795006208
10.91198	0.000892507	13.795006208
10.9162	0.000892507	13.795006208
10.92116	0.000892507	13.795006208
10.92813	0.000892507	13.795006208
10.93533	0.000892507	13.795006208
10.94004	0.000892507	13.795006208
10.946110000000001	0.000892507	13.795006208
10.95215	0.000892507	13.795006208
10.95797	0.000892507	13.795006208
10.96322	0.000892507	13.795006208
10.96668	0.000892507	13.795006208
10.97129	0.000892507	13.795006208
10.978010000000001	0.000892507	13.795006208
10.98542	0.000892507	13.795006208
10.99452	0.000892507	13.795006208
11.00351	0.000892507	13.795006208
11.00976	0.000892507	13.795006208
11.014380000000001	0.000892507	13.795006208
11.02004	0.000892507	13.795006208
11.02463	0.000892507	13.795006208
11.02717	0.000892507	13.795006208
11.03021	0.000892507	13.795006208
11.03215	0.000892507	13.795006208
11.03433	0.000892507	13.795006208
11.035639999999999	0.000892507	13.795006208
11.03832	0.000892507	13.795006208
11.04168	0.000892507	13.795006208
11.04712	0.000892507	13.795006208
11.05171	0.000892507	13.795006208
11.0556	0.000892507	13.795006208
11.05609	0.000892507	13.795006208
11.05552	0.000892507	13.795006208
11.05328	0.000892507	13.795006208
11.0513	0.000892507	13.795006208
11.04889	0.000892507	13.795006208
11.04302	0.000892507	13.795006208
11.03806	0.000892507	13.795006208
11.034880000000001	0.000892507	13.795006208
11.031880000000001	0.000892507	13.795006208
11.027239999999999	0.000892507	13.795006208
11.02477	0.000892507	13.795006208
11.022160000000001	0.000892507	13.795006208
11.01671	0.000892507	13.795006208
11.01303	0.000892507	13.795006208
11.00872	0.000892507	13.795006208
11.00475	0.000892507	13.795006208
10.99977	0.000892507	13.795006208
10.99492	0.000892507	13.795006208
10.99088	0.000892507	13.795006208
10.98654	0.000892507	13.795006208
10.983460000000001	0.000892507	13.795006208
10.981069999999999	0.000892507	13.795006208
10.97992	0.000892507	13.795006208
10.98051	0.000892507	13.795006208
10.98173	0.000892507	13.795006208
10.97997	0.000892507	13.795006208
10.97563	0.000892507	13.795006208
10.97555	0.000892507	13.795006208
10.975489999999999	0.000892507	13.795006208
10.97321	0.000892507	13.795006208
10.97275	0.000892507	13.795006208
10.970189999999999	0.000892507	13.795006208
10.97076	0.000892507	13.795006208
10.969660000000001	0.000892507	13.795006208
10.96664	0.000892507	13.795006208
10.96256	0.000892507	13.795006208
10.96071	0.000892507	13.795006208
10.957460000000001	0.000892507	13.795006208
10.956339999999999	0.000892507	13.795006208
10.955039999999999	0.000892507	13.795006208
10.95792	0.000892507	13.795006208
10.9602	0.000892507	13.795006208
10.96088	0.000892507	13.795006208
10.96252	0.000892507	13.795006208
10.964369999999999	0.000892507	13.795006208
10.967830000000001	0.000892507	13.795006208
10.97146	0.000892507	13.795006208
10.973180000000001	0.000892507	13.795006208
10.975430000000001	0.000892507	13.795006208
10.97768	0.000892507	13.795006208
10.97916	0.000892507	13.795006208
10.98333	0.000892507	13.795006208
10.98674	0.000892507	13.795006208
10.99423	0.000892507	13.795006208
10.99747	0.000892507	13.795006208
11.00222	0.000892507	13.795006208
11.005189999999999	0.000892507	13.795006208
11.00693	0.000892507	13.795006208
11.011280000000001	0.000892507	13.795006208
11.01627	0.000892507	13.795006208
11.018419999999999	0.000892507	13.795006208
11.02145	0.000892507	13.795006208
11.02421	0.000892507	13.795006208
11.0286	0.000892507	13.795006208
11.03232	0.000892507	13.795006208
11.03461	0.000892507	13.795006208
11.03657	0.000892507	13.795006208
11.03877	0.000892507	13.795006208
11.04042	0.000892507	13.795006208
11.0426	0.000892507	13.795006208
11.046669999999999	0.000892507	13.795006208
11.0495	0.000892507	13.795006208
11.05448	0.000892507	13.795006208
11.05573	0.000892507	13.795006208
11.0553	0.000892507	13.795006208
11.05711	0.000892507	13.795006208
11.05893	0.000892507	13.795006208
11.06043	0.000892507	13.795006208
11.05947	0.000892507	13.795006208
11.058869999999999	0.000892507	13.795006208
11.05895	0.000892507	13.795006208
11.06166	0.000892507	13.795006208
11.065389999999999	0.000892507	13.795006208
11.06781	0.000892507	13.795006208
11.07237	0.000892507	13.795006208
11.0776	0.000892507	13.795006208
11.08344	0.000892507	13.795006208
11.08774	0.000892507	13.795006208
11.08997	0.000892507	13.795006208
11.092419999999999	0.000892507	13.795006208
11.09533	0.000892507	13.795006208
11.098419999999999	0.000892507	13.795006208
11.09994	0.000892507	13.795006208
11.10249	0.000892507	13.795006208
11.10512	0.000892507	13.795006208
11.10685	0.000892507	13.795006208
11.10737	0.000892507	13.795006208
11.10632	0.000892507	13.795006208
11.10534	0.000892507	13.795006208
11.103060000000001	0.000892507	13.795006208
11.101460000000001	0.000892507	13.795006208
11.10225	0.000892507	13.795006208
11.102269999999999	0.000892507	13.795006208
11.09764	0.000892507	13.795006208
11.0931	0.000892507	13.795006208
11.089189999999999	0.000892507	13.795006208
11.084	0.000892507	13.795006208
11.079460000000001	0.000892507	13.795006208
11.07484	0.000892507	13.795006208
11.06916	0.000892507	13.795006208
11.06202	0.000892507	13.795006208
11.057739999999999	0.000892507	13.795006208
11.0533	0.000892507	13.795006208
11.048789999999999	0.000892507	13.795006208
11.044130000000001	0.000892507	13.795006208
11.039539999999999	0.000892507	13.795006208
11.03524	0.000892507	13.795006208
11.03178	0.000892507	13.795006208
11.03042	0.000892507	13.795006208
11.02667	0.000892507	13.795006208
11.02539	0.000892507	13.795006208
11.02409	0.000892507	13.795006208
11.02417	0.000892507	13.795006208
11.02271	0.000892507	13.795006208
11.020380000000001	0.000892507	13.795006208
11.02036	0.000892507	13.795006208
11.01821	0.000892507	13.795006208
11.01619	0.000892507	13.795006208
11.01191	0.000892507	13.795006208
11.009260000000001	0.000892507	13.795006208
11.00583	0.000892507	13.795006208
11.00324	0.000892507	13.795006208
11.001330000000001	0.000892507	13.795006208
10.999939999999999	0.000892507	13.795006208
10.999	0.000892507	13.795006208
10.99655	0.000892507	13.795006208
10.994810000000001	0.000892507	13.795006208
