15.09612	0.001785014	15.684733086
15.095379999999999	0.001785014	15.684733086
15.09495	0.001785014	15.684733086
15.09455	0.001785014	15.684733086
15.09239	0.001785014	15.684733086
15.09123	0.001785014	15.684733086
15.09203	0.001785014	15.684733086
15.093570000000001	0.001785014	15.684733086
15.09859	0.001785014	15.684733086
15.101820000000002	0.001785014	15.684733086
15.10723	0.001785014	15.684733086
15.11251	0.001785014	15.684733086
15.116829999999998	0.001785014	15.684733086
15.12282	0.001785014	15.684733086
15.130479999999999	0.001785014	15.684733086
15.13825	0.001785014	15.684733086
15.14611	0.001785014	15.684733086
15.153920000000001	0.001785014	15.684733086
15.16252	0.001785014	15.684733086
15.17176	0.001785014	15.684733086
15.177370000000002	0.001785014	15.684733086
15.18304	0.001785014	15.684733086
15.191379999999999	0.001785014	15.684733086
15.199320000000002	0.001785014	15.684733086
15.205779999999999	0.001785014	15.684733086
15.213820000000002	0.001785014	15.684733086
15.22572	0.001785014	15.684733086
15.2364	0.001785014	15.684733086
15.244979999999998	0.001785014	15.684733086
15.2541	0.001785014	15.684733086
15.26418	0.001785014	15.684733086
15.27081	0.001785014	15.684733086
15.275789999999999	0.001785014	15.684733086
15.2819	0.001785014	15.684733086
15.285129999999999	0.001785014	15.684733086
15.287070000000002	0.001785014	15.684733086
15.288570000000002	0.001785014	15.684733086
15.28765	0.001785014	15.684733086
15.28835	0.001785014	15.684733086
15.29215	0.001785014	15.684733086
15.297179999999999	0.001785014	15.684733086
15.30219	0.001785014	15.684733086
15.30494	0.001785014	15.684733086
15.30746	0.001785014	15.684733086
15.31145	0.001785014	15.684733086
15.31441	0.001785014	15.684733086
15.31819	0.001785014	15.684733086
15.31781	0.001785014	15.684733086
15.314639999999999	0.001785014	15.684733086
15.309339999999999	0.001785014	15.684733086
15.30439	0.001785014	15.684733086
15.298429999999998	0.001785014	15.684733086
15.29183	0.001785014	15.684733086
15.28359	0.001785014	15.684733086
15.27339	0.001785014	15.684733086
15.26358	0.001785014	15.684733086
15.25464	0.001785014	15.684733086
15.24485	0.001785014	15.684733086
15.236770000000002	0.001785014	15.684733086
15.227820000000001	0.001785014	15.684733086
15.21845	0.001785014	15.684733086
15.211329999999998	0.001785014	15.684733086
15.2087	0.001785014	15.684733086
15.20698	0.001785014	15.684733086
15.204620000000002	0.001785014	15.684733086
15.20165	0.001785014	15.684733086
15.199329999999998	0.001785014	15.684733086
15.19629	0.001785014	15.684733086
15.194289999999999	0.001785014	15.684733086
15.19302	0.001785014	15.684733086
15.19312	0.001785014	15.684733086
15.190560000000001	0.001785014	15.684733086
15.189379999999998	0.001785014	15.684733086
15.18891	0.001785014	15.684733086
15.18702	0.001785014	15.684733086
15.183589999999999	0.001785014	15.684733086
15.17865	0.001785014	15.684733086
15.17726	0.001785014	15.684733086
15.17813	0.001785014	15.684733086
15.178560000000001	0.001785014	15.684733086
15.17724	0.001785014	15.684733086
15.177439999999999	0.001785014	15.684733086
15.17637	0.001785014	15.684733086
15.176129999999999	0.001785014	15.684733086
15.17656	0.001785014	15.684733086
15.178239999999999	0.001785014	15.684733086
15.18002	0.001785014	15.684733086
15.1825	0.001785014	15.684733086
15.18656	0.001785014	15.684733086
15.189039999999999	0.001785014	15.684733086
15.19195	0.001785014	15.684733086
15.19506	0.001785014	15.684733086
15.19795	0.001785014	15.684733086
15.20055	0.001785014	15.684733086
15.20326	0.001785014	15.684733086
15.20456	0.001785014	15.684733086
15.205810000000001	0.001785014	15.684733086
15.207629999999998	0.001785014	15.684733086
15.20969	0.001785014	15.684733086
15.211379999999998	0.001785014	15.684733086
15.21355	0.001785014	15.684733086
15.21815	0.001785014	15.684733086
15.21936	0.001785014	15.684733086
15.218770000000001	0.001785014	15.684733086
15.217939999999999	0.001785014	15.684733086
15.217429999999998	0.001785014	15.684733086
15.216560000000001	0.001785014	15.684733086
15.2168	0.001785014	15.684733086
15.21775	0.001785014	15.684733086
15.21933	0.001785014	15.684733086
15.222079999999998	0.001785014	15.684733086
15.223120000000002	0.001785014	15.684733086
15.22039	0.001785014	15.684733086
15.22049	0.001785014	15.684733086
15.218879999999999	0.001785014	15.684733086
15.218739999999999	0.001785014	15.684733086
15.21875	0.001785014	15.684733086
15.218370000000002	0.001785014	15.684733086
15.217279999999999	0.001785014	15.684733086
15.215689999999999	0.001785014	15.684733086
15.213410000000001	0.001785014	15.684733086
15.210220000000001	0.001785014	15.684733086
15.206879999999998	0.001785014	15.684733086
15.206570000000001	0.001785014	15.684733086
15.203079999999998	0.001785014	15.684733086
15.199929999999998	0.001785014	15.684733086
15.195120000000001	0.001785014	15.684733086
15.1938	0.001785014	15.684733086
15.19415	0.001785014	15.684733086
15.19395	0.001785014	15.684733086
15.19152	0.001785014	15.684733086
15.189160000000001	0.001785014	15.684733086
15.18476	0.001785014	15.684733086
15.1794	0.001785014	15.684733086
15.173179999999999	0.001785014	15.684733086
15.169360000000001	0.001785014	15.684733086
15.169	0.001785014	15.684733086
15.16872	0.001785014	15.684733086
15.16571	0.001785014	15.684733086
15.158829999999998	0.001785014	15.684733086
15.151929999999998	0.001785014	15.684733086
15.146579999999998	0.001785014	15.684733086
15.14145	0.001785014	15.684733086
15.137129999999999	0.001785014	15.684733086
15.1338	0.001785014	15.684733086
15.12991	0.001785014	15.684733086
15.1265	0.001785014	15.684733086
15.122470000000002	0.001785014	15.684733086
15.118920000000001	0.001785014	15.684733086
15.118129999999999	0.001785014	15.684733086
15.12031	0.001785014	15.684733086
15.1209	0.001785014	15.684733086
15.12084	0.001785014	15.684733086
15.123529999999999	0.001785014	15.684733086
15.126470000000001	0.001785014	15.684733086
15.127629999999998	0.001785014	15.684733086
15.127289999999999	0.001785014	15.684733086
15.127120000000001	0.001785014	15.684733086
15.12589	0.001785014	15.684733086
15.124020000000002	0.001785014	15.684733086
15.123070000000002	0.001785014	15.684733086
15.11989	0.001785014	15.684733086
15.1168	0.001785014	15.684733086
15.116060000000001	0.001785014	15.684733086
15.11563	0.001785014	15.684733086
15.111	0.001785014	15.684733086
15.106779999999999	0.001785014	15.684733086
15.10198	0.001785014	15.684733086
15.0976	0.001785014	15.684733086
15.09304	0.001785014	15.684733086
15.087439999999999	0.001785014	15.684733086
15.086110000000001	0.001785014	15.684733086
15.083160000000001	0.001785014	15.684733086
15.08199	0.001785014	15.684733086
15.0815	0.001785014	15.684733086
15.08322	0.001785014	15.684733086
15.084320000000002	0.001785014	15.684733086
15.08436	0.001785014	15.684733086
15.08105	0.001785014	15.684733086
15.07818	0.001785014	15.684733086
15.07502	0.001785014	15.684733086
15.07264	0.001785014	15.684733086
15.0676	0.001785014	15.684733086
15.06626	0.001785014	15.684733086
15.06241	0.001785014	15.684733086
15.060620000000002	0.001785014	15.684733086
15.062170000000002	0.001785014	15.684733086
15.06228	0.001785014	15.684733086
15.06086	0.001785014	15.684733086
15.06155	0.001785014	15.684733086
15.06201	0.001785014	15.684733086
15.06045	0.001785014	15.684733086
15.06051	0.001785014	15.684733086
15.060170000000001	0.001785014	15.684733086
15.064	0.001785014	15.684733086
15.06654	0.001785014	15.684733086
15.069220000000001	0.001785014	15.684733086
15.07192	0.001785014	15.684733086
15.0725	0.001785014	15.684733086
15.07538	0.001785014	15.684733086
15.07763	0.001785014	15.684733086
15.080829999999999	0.001785014	15.684733086
15.083879999999999	0.001785014	15.684733086
15.08545	0.001785014	15.684733086
15.08712	0.001785014	15.684733086
15.0865	0.001785014	15.684733086
15.083839999999999	0.001785014	15.684733086
15.08045	0.001785014	15.684733086
15.07598	0.001785014	15.684733086
15.072529999999999	0.001785014	15.684733086
15.071829999999999	0.001785014	15.684733086
15.071489999999999	0.001785014	15.684733086
15.06981	0.001785014	15.684733086
15.067039999999999	0.001785014	15.684733086
15.0632	0.001785014	15.684733086
15.06075	0.001785014	15.684733086
15.05674	0.001785014	15.684733086
15.053560000000001	0.001785014	15.684733086
15.049879999999998	0.001785014	15.684733086
15.04761	0.001785014	15.684733086
15.044920000000001	0.001785014	15.684733086
15.04388	0.001785014	15.684733086
15.0416	0.001785014	15.684733086
15.0416	0.001785014	15.684733086
15.043510000000001	0.001785014	15.684733086
15.04604	0.001785014	15.684733086
15.047989999999999	0.001785014	15.684733086
15.051820000000001	0.001785014	15.684733086
15.05589	0.001785014	15.684733086
15.059439999999999	0.001785014	15.684733086
15.064570000000002	0.001785014	15.684733086
15.069070000000002	0.001785014	15.684733086
15.07453	0.001785014	15.684733086
15.078570000000001	0.001785014	15.684733086
15.081629999999999	0.001785014	15.684733086
15.08354	0.001785014	15.684733086
15.085239999999999	0.001785014	15.684733086
15.08796	0.001785014	15.684733086
15.08935	0.001785014	15.684733086
15.09036	0.001785014	15.684733086
15.091829999999998	0.001785014	15.684733086
15.0927	0.001785014	15.684733086
15.09496	0.001785014	15.684733086
15.099070000000001	0.001785014	15.684733086
15.100829999999998	0.001785014	15.684733086
15.10184	0.001785014	15.684733086
15.103	0.001785014	15.684733086
15.10374	0.001785014	15.684733086
15.10435	0.001785014	15.684733086
15.10111	0.001785014	15.684733086
15.096910000000001	0.001785014	15.684733086
15.0901	0.001785014	15.684733086
15.086139999999999	0.001785014	15.684733086
15.08262	0.001785014	15.684733086
15.07901	0.001785014	15.684733086
15.076310000000001	0.001785014	15.684733086
15.074729999999999	0.001785014	15.684733086
15.06921	0.001785014	15.684733086
15.065539999999999	0.001785014	15.684733086
15.06161	0.001785014	15.684733086
15.05965	0.001785014	15.684733086
15.05565	0.001785014	15.684733086
15.050310000000001	0.001785014	15.684733086
15.04495	0.001785014	15.684733086
15.04132	0.001785014	15.684733086
15.03573	0.001785014	15.684733086
15.030429999999999	0.001785014	15.684733086
15.02684	0.001785014	15.684733086
15.024779999999998	0.001785014	15.684733086
15.0217	0.001785014	15.684733086
15.018320000000001	0.001785014	15.684733086
15.013770000000001	0.001785014	15.684733086
15.01141	0.001785014	15.684733086
15.008020000000002	0.001785014	15.684733086
15.00619	0.001785014	15.684733086
15.003739999999999	0.001785014	15.684733086
15.001220000000002	0.001785014	15.684733086
14.996889999999999	0.001785014	15.684733086
14.99218	0.001785014	15.684733086
14.987789999999999	0.001785014	15.684733086
14.982529999999999	0.001785014	15.684733086
14.97625	0.001785014	15.684733086
14.97124	0.001785014	15.684733086
14.96664	0.001785014	15.684733086
14.9639	0.001785014	15.684733086
14.96434	0.001785014	15.684733086
14.961979999999999	0.001785014	15.684733086
14.957670000000002	0.001785014	15.684733086
14.953870000000002	0.001785014	15.684733086
14.95149	0.001785014	15.684733086
14.94929	0.001785014	15.684733086
14.945829999999999	0.001785014	15.684733086
14.944289999999999	0.001785014	15.684733086
14.94319	0.001785014	15.684733086
14.93992	0.001785014	15.684733086
14.93724	0.001785014	15.684733086
14.93285	0.001785014	15.684733086
14.92835	0.001785014	15.684733086
14.925120000000001	0.001785014	15.684733086
14.922620000000002	0.001785014	15.684733086
14.921529999999999	0.001785014	15.684733086
14.9194	0.001785014	15.684733086
14.917129999999998	0.001785014	15.684733086
14.914729999999999	0.001785014	15.684733086
14.90996	0.001785014	15.684733086
14.907129999999999	0.001785014	15.684733086
14.90695	0.001785014	15.684733086
14.90726	0.001785014	15.684733086
14.907910000000001	0.001785014	15.684733086
14.90836	0.001785014	15.684733086
14.90954	0.001785014	15.684733086
14.909770000000002	0.001785014	15.684733086
14.91076	0.001785014	15.684733086
14.91187	0.001785014	15.684733086
14.915070000000002	0.001785014	15.684733086
14.9187	0.001785014	15.684733086
14.92315	0.001785014	15.684733086
14.927589999999999	0.001785014	15.684733086
14.932020000000001	0.001785014	15.684733086
14.93571	0.001785014	15.684733086
14.94341	0.001785014	15.684733086
14.947070000000002	0.001785014	15.684733086
14.94902	0.001785014	15.684733086
14.94878	0.001785014	15.684733086
14.945110000000001	0.001785014	15.684733086
14.93985	0.001785014	15.684733086
14.93496	0.001785014	15.684733086
14.93111	0.001785014	15.684733086
14.927370000000002	0.001785014	15.684733086
14.92407	0.001785014	15.684733086
14.921489999999999	0.001785014	15.684733086
14.91554	0.001785014	15.684733086
14.90881	0.001785014	15.684733086
14.9031	0.001785014	15.684733086
14.898829999999998	0.001785014	15.684733086
14.89449	0.001785014	15.684733086
14.890039999999999	0.001785014	15.684733086
14.8856	0.001785014	15.684733086
14.884360000000001	0.001785014	15.684733086
14.88211	0.001785014	15.684733086
14.878639999999999	0.001785014	15.684733086
14.8773	0.001785014	15.684733086
14.87452	0.001785014	15.684733086
14.870379999999999	0.001785014	15.684733086
14.86754	0.001785014	15.684733086
14.867720000000002	0.001785014	15.684733086
14.86865	0.001785014	15.684733086
14.868829999999999	0.001785014	15.684733086
14.8718	0.001785014	15.684733086
14.87315	0.001785014	15.684733086
14.877329999999999	0.001785014	15.684733086
14.880679999999998	0.001785014	15.684733086
14.88137	0.001785014	15.684733086
14.88135	0.001785014	15.684733086
14.881279999999999	0.001785014	15.684733086
14.88175	0.001785014	15.684733086
14.882670000000001	0.001785014	15.684733086
14.88205	0.001785014	15.684733086
14.882610000000001	0.001785014	15.684733086
14.88096	0.001785014	15.684733086
14.8781	0.001785014	15.684733086
14.87524	0.001785014	15.684733086
14.871920000000001	0.001785014	15.684733086
14.867	0.001785014	15.684733086
14.862620000000001	0.001785014	15.684733086
14.860320000000002	0.001785014	15.684733086
14.857779999999998	0.001785014	15.684733086
14.85561	0.001785014	15.684733086
14.85069	0.001785014	15.684733086
14.84614	0.001785014	15.684733086
14.840229999999998	0.001785014	15.684733086
14.832970000000001	0.001785014	15.684733086
14.824879999999999	0.001785014	15.684733086
14.818629999999999	0.001785014	15.684733086
14.812560000000001	0.001785014	15.684733086
14.80742	0.001785014	15.684733086
14.799729999999998	0.001785014	15.684733086
14.79309	0.001785014	15.684733086
14.78725	0.001785014	15.684733086
14.78204	0.001785014	15.684733086
14.776279999999998	0.001785014	15.684733086
14.77145	0.001785014	15.684733086
14.768089999999999	0.001785014	15.684733086
14.7654	0.001785014	15.684733086
14.761	0.001785014	15.684733086
14.7559	0.001785014	15.684733086
14.75189	0.001785014	15.684733086
14.749239999999999	0.001785014	15.684733086
14.748820000000002	0.001785014	15.684733086
14.747720000000001	0.001785014	15.684733086
14.74436	0.001785014	15.684733086
14.73975	0.001785014	15.684733086
14.736479999999998	0.001785014	15.684733086
14.735389999999999	0.001785014	15.684733086
14.73443	0.001785014	15.684733086
14.72995	0.001785014	15.684733086
14.727910000000001	0.001785014	15.684733086
14.728470000000002	0.001785014	15.684733086
14.72735	0.001785014	15.684733086
14.72686	0.001785014	15.684733086
14.7247	0.001785014	15.684733086
14.719729999999998	0.001785014	15.684733086
14.71306	0.001785014	15.684733086
14.70851	0.001785014	15.684733086
14.708039999999999	0.001785014	15.684733086
14.7078	0.001785014	15.684733086
14.7072	0.001785014	15.684733086
14.708079999999999	0.001785014	15.684733086
14.70725	0.001785014	15.684733086
14.705979999999998	0.001785014	15.684733086
14.7075	0.001785014	15.684733086
14.709779999999999	0.001785014	15.684733086
14.71205	0.001785014	15.684733086
14.71219	0.001785014	15.684733086
14.71241	0.001785014	15.684733086
14.711329999999998	0.001785014	15.684733086
14.7091	0.001785014	15.684733086
14.70672	0.001785014	15.684733086
14.704479999999998	0.001785014	15.684733086
14.70306	0.001785014	15.684733086
14.701579999999998	0.001785014	15.684733086
14.7018	0.001785014	15.684733086
14.70105	0.001785014	15.684733086
14.69922	0.001785014	15.684733086
14.697320000000001	0.001785014	15.684733086
14.697729999999998	0.001785014	15.684733086
14.698279999999999	0.001785014	15.684733086
14.701120000000001	0.001785014	15.684733086
14.701310000000001	0.001785014	15.684733086
14.7011	0.001785014	15.684733086
14.6997	0.001785014	15.684733086
14.698120000000001	0.001785014	15.684733086
14.69808	0.001785014	15.684733086
14.696720000000001	0.001785014	15.684733086
14.69496	0.001785014	15.684733086
14.69085	0.001785014	15.684733086
14.687120000000002	0.001785014	15.684733086
14.68494	0.001785014	15.684733086
14.681779999999998	0.001785014	15.684733086
14.68041	0.001785014	15.684733086
14.676079999999999	0.001785014	15.684733086
14.67215	0.001785014	15.684733086
14.670929999999998	0.001785014	15.684733086
14.669360000000001	0.001785014	15.684733086
14.66823	0.001785014	15.684733086
14.66942	0.001785014	15.684733086
14.67179	0.001785014	15.684733086
14.67627	0.001785014	15.684733086
14.67891	0.001785014	15.684733086
14.68152	0.001785014	15.684733086
14.682929999999999	0.001785014	15.684733086
14.68595	0.001785014	15.684733086
14.68513	0.001785014	15.684733086
14.68745	0.001785014	15.684733086
14.68769	0.001785014	15.684733086
14.686639999999999	0.001785014	15.684733086
14.68326	0.001785014	15.684733086
14.679079999999999	0.001785014	15.684733086
14.67557	0.001785014	15.684733086
14.67254	0.001785014	15.684733086
14.66991	0.001785014	15.684733086
14.66758	0.001785014	15.684733086
14.666039999999999	0.001785014	15.684733086
14.6658	0.001785014	15.684733086
14.66586	0.001785014	15.684733086
14.66588	0.001785014	15.684733086
14.66368	0.001785014	15.684733086
14.66285	0.001785014	15.684733086
14.65954	0.001785014	15.684733086
14.656139999999999	0.001785014	15.684733086
14.65272	0.001785014	15.684733086
14.6479	0.001785014	15.684733086
14.64655	0.001785014	15.684733086
14.6455	0.001785014	15.684733086
14.64526	0.001785014	15.684733086
14.645539999999999	0.001785014	15.684733086
14.64582	0.001785014	15.684733086
14.64545	0.001785014	15.684733086
14.644910000000001	0.001785014	15.684733086
14.64575	0.001785014	15.684733086
14.646170000000001	0.001785014	15.684733086
14.644779999999999	0.001785014	15.684733086
14.64495	0.001785014	15.684733086
14.64742	0.001785014	15.684733086
14.648179999999998	0.001785014	15.684733086
14.65044	0.001785014	15.684733086
14.652560000000001	0.001785014	15.684733086
14.65654	0.001785014	15.684733086
14.658729999999998	0.001785014	15.684733086
14.6622	0.001785014	15.684733086
14.664979999999998	0.001785014	15.684733086
14.670770000000001	0.001785014	15.684733086
14.67496	0.001785014	15.684733086
14.6797	0.001785014	15.684733086
14.68304	0.001785014	15.684733086
14.68508	0.001785014	15.684733086
14.68646	0.001785014	15.684733086
14.68775	0.001785014	15.684733086
14.69237	0.001785014	15.684733086
14.69935	0.001785014	15.684733086
14.707729999999998	0.001785014	15.684733086
14.716029999999998	0.001785014	15.684733086
14.72189	0.001785014	15.684733086
14.727789999999999	0.001785014	15.684733086
14.73674	0.001785014	15.684733086
14.74475	0.001785014	15.684733086
14.75355	0.001785014	15.684733086
14.761420000000001	0.001785014	15.684733086
14.7714	0.001785014	15.684733086
14.7799	0.001785014	15.684733086
14.787989999999999	0.001785014	15.684733086
14.795620000000001	0.001785014	15.684733086
14.803370000000001	0.001785014	15.684733086
14.811670000000001	0.001785014	15.684733086
14.82134	0.001785014	15.684733086
14.83048	0.001785014	15.684733086
14.8375	0.001785014	15.684733086
14.846260000000001	0.001785014	15.684733086
14.85624	0.001785014	15.684733086
14.864510000000001	0.001785014	15.684733086
14.871129999999999	0.001785014	15.684733086
14.87548	0.001785014	15.684733086
14.879079999999998	0.001785014	15.684733086
14.8825	0.001785014	15.684733086
14.886079999999998	0.001785014	15.684733086
14.89069	0.001785014	15.684733086
14.895929999999998	0.001785014	15.684733086
14.90121	0.001785014	15.684733086
14.90802	0.001785014	15.684733086
14.91445	0.001785014	15.684733086
14.91796	0.001785014	15.684733086
14.9207	0.001785014	15.684733086
14.92174	0.001785014	15.684733086
14.920639999999999	0.001785014	15.684733086
14.9183	0.001785014	15.684733086
14.91811	0.001785014	15.684733086
14.915629999999998	0.001785014	15.684733086
14.911660000000001	0.001785014	15.684733086
14.90605	0.001785014	15.684733086
14.899920000000002	0.001785014	15.684733086
14.894829999999999	0.001785014	15.684733086
14.889120000000002	0.001785014	15.684733086
14.88521	0.001785014	15.684733086
14.88166	0.001785014	15.684733086
14.87831	0.001785014	15.684733086
14.875020000000001	0.001785014	15.684733086
14.874	0.001785014	15.684733086
14.87095	0.001785014	15.684733086
14.867479999999999	0.001785014	15.684733086
14.86135	0.001785014	15.684733086
14.854460000000001	0.001785014	15.684733086
14.84736	0.001785014	15.684733086
14.841610000000001	0.001785014	15.684733086
14.835629999999998	0.001785014	15.684733086
14.829460000000001	0.001785014	15.684733086
14.82355	0.001785014	15.684733086
14.81754	0.001785014	15.684733086
14.810989999999999	0.001785014	15.684733086
14.80119	0.001785014	15.684733086
14.793339999999999	0.001785014	15.684733086
14.786270000000002	0.001785014	15.684733086
14.781579999999998	0.001785014	15.684733086
14.77674	0.001785014	15.684733086
14.7715	0.001785014	15.684733086
14.76457	0.001785014	15.684733086
14.7588	0.001785014	15.684733086
14.75271	0.001785014	15.684733086
14.74833	0.001785014	15.684733086
14.744589999999999	0.001785014	15.684733086
14.7404	0.001785014	15.684733086
14.73725	0.001785014	15.684733086
14.7315	0.001785014	15.684733086
14.72727	0.001785014	15.684733086
14.723410000000001	0.001785014	15.684733086
14.720089999999999	0.001785014	15.684733086
14.71713	0.001785014	15.684733086
14.71367	0.001785014	15.684733086
14.70844	0.001785014	15.684733086
14.703420000000001	0.001785014	15.684733086
14.700070000000002	0.001785014	15.684733086
14.693060000000001	0.001785014	15.684733086
14.68944	0.001785014	15.684733086
14.6844	0.001785014	15.684733086
14.677979999999998	0.001785014	15.684733086
14.67213	0.001785014	15.684733086
14.66695	0.001785014	15.684733086
14.664060000000001	0.001785014	15.684733086
14.66261	0.001785014	15.684733086
14.660210000000001	0.001785014	15.684733086
14.658079999999998	0.001785014	15.684733086
14.65509	0.001785014	15.684733086
14.65041	0.001785014	15.684733086
14.645079999999998	0.001785014	15.684733086
14.6383	0.001785014	15.684733086
14.63287	0.001785014	15.684733086
14.62645	0.001785014	15.684733086
14.6227	0.001785014	15.684733086
14.619729999999999	0.001785014	15.684733086
14.617770000000002	0.001785014	15.684733086
14.61415	0.001785014	15.684733086
14.612720000000001	0.001785014	15.684733086
14.61183	0.001785014	15.684733086
14.61103	0.001785014	15.684733086
14.610289999999999	0.001785014	15.684733086
14.61161	0.001785014	15.684733086
14.6117	0.001785014	15.684733086
14.611579999999998	0.001785014	15.684733086
14.60861	0.001785014	15.684733086
14.604460000000001	0.001785014	15.684733086
14.59805	0.001785014	15.684733086
14.593	0.001785014	15.684733086
14.58941	0.001785014	15.684733086
14.587570000000001	0.001785014	15.684733086
14.58552	0.001785014	15.684733086
14.580420000000002	0.001785014	15.684733086
14.575170000000002	0.001785014	15.684733086
14.57055	0.001785014	15.684733086
14.567089999999999	0.001785014	15.684733086
14.5669	0.001785014	15.684733086
14.56705	0.001785014	15.684733086
14.566289999999999	0.001785014	15.684733086
14.567520000000002	0.001785014	15.684733086
14.567089999999999	0.001785014	15.684733086
14.56259	0.001785014	15.684733086
14.561670000000001	0.001785014	15.684733086
14.56066	0.001785014	15.684733086
14.56218	0.001785014	15.684733086
14.56555	0.001785014	15.684733086
14.56895	0.001785014	15.684733086
14.571829999999999	0.001785014	15.684733086
14.57567	0.001785014	15.684733086
14.57905	0.001785014	15.684733086
14.58169	0.001785014	15.684733086
14.584779999999999	0.001785014	15.684733086
14.59015	0.001785014	15.684733086
14.594489999999999	0.001785014	15.684733086
14.597829999999998	0.001785014	15.684733086
14.601820000000002	0.001785014	15.684733086
14.60545	0.001785014	15.684733086
14.60989	0.001785014	15.684733086
14.6176	0.001785014	15.684733086
14.625060000000001	0.001785014	15.684733086
14.632639999999999	0.001785014	15.684733086
14.63969	0.001785014	15.684733086
14.646770000000002	0.001785014	15.684733086
14.658420000000001	0.001785014	15.684733086
14.669039999999999	0.001785014	15.684733086
14.67676	0.001785014	15.684733086
14.684729999999998	0.001785014	15.684733086
14.68963	0.001785014	15.684733086
14.695620000000002	0.001785014	15.684733086
14.7025	0.001785014	15.684733086
14.70917	0.001785014	15.684733086
14.71299	0.001785014	15.684733086
14.71764	0.001785014	15.684733086
14.720460000000001	0.001785014	15.684733086
14.72611	0.001785014	15.684733086
14.73003	0.001785014	15.684733086
14.733120000000001	0.001785014	15.684733086
14.737420000000002	0.001785014	15.684733086
14.73918	0.001785014	15.684733086
14.738779999999998	0.001785014	15.684733086
14.74022	0.001785014	15.684733086
14.739989999999999	0.001785014	15.684733086
14.740110000000001	0.001785014	15.684733086
14.74019	0.001785014	15.684733086
14.74175	0.001785014	15.684733086
14.740829999999999	0.001785014	15.684733086
14.74291	0.001785014	15.684733086
14.74209	0.001785014	15.684733086
14.74249	0.001785014	15.684733086
14.74344	0.001785014	15.684733086
14.743570000000002	0.001785014	15.684733086
14.74564	0.001785014	15.684733086
14.745779999999998	0.001785014	15.684733086
14.74436	0.001785014	15.684733086
14.744679999999999	0.001785014	15.684733086
14.74504	0.001785014	15.684733086
14.74801	0.001785014	15.684733086
14.748629999999999	0.001785014	15.684733086
14.747570000000001	0.001785014	15.684733086
14.745239999999999	0.001785014	15.684733086
14.74525	0.001785014	15.684733086
14.74479	0.001785014	15.684733086
14.743820000000001	0.001785014	15.684733086
14.742410000000001	0.001785014	15.684733086
14.73872	0.001785014	15.684733086
14.73525	0.001785014	15.684733086
14.732170000000002	0.001785014	15.684733086
14.72845	0.001785014	15.684733086
14.723220000000001	0.001785014	15.684733086
14.71999	0.001785014	15.684733086
14.71681	0.001785014	15.684733086
14.715539999999999	0.001785014	15.684733086
14.713920000000002	0.001785014	15.684733086
14.71226	0.001785014	15.684733086
14.710020000000002	0.001785014	15.684733086
14.70515	0.001785014	15.684733086
14.70041	0.001785014	15.684733086
14.696060000000001	0.001785014	15.684733086
14.690129999999998	0.001785014	15.684733086
14.685089999999999	0.001785014	15.684733086
14.68256	0.001785014	15.684733086
14.679279999999999	0.001785014	15.684733086
14.67785	0.001785014	15.684733086
14.67665	0.001785014	15.684733086
14.676120000000001	0.001785014	15.684733086
14.67785	0.001785014	15.684733086
14.68263	0.001785014	15.684733086
14.688260000000001	0.001785014	15.684733086
14.69297	0.001785014	15.684733086
14.694989999999999	0.001785014	15.684733086
14.6947	0.001785014	15.684733086
14.692279999999998	0.001785014	15.684733086
14.69002	0.001785014	15.684733086
14.688870000000001	0.001785014	15.684733086
14.68586	0.001785014	15.684733086
14.68457	0.001785014	15.684733086
14.683929999999998	0.001785014	15.684733086
14.682260000000001	0.001785014	15.684733086
14.68203	0.001785014	15.684733086
14.67888	0.001785014	15.684733086
14.675989999999999	0.001785014	15.684733086
14.673820000000001	0.001785014	15.684733086
14.6727	0.001785014	15.684733086
14.67181	0.001785014	15.684733086
14.671479999999999	0.001785014	15.684733086
14.6716	0.001785014	15.684733086
14.672429999999999	0.001785014	15.684733086
14.67341	0.001785014	15.684733086
14.6751	0.001785014	15.684733086
14.67535	0.001785014	15.684733086
14.673429999999998	0.001785014	15.684733086
14.67097	0.001785014	15.684733086
14.67035	0.001785014	15.684733086
14.667629999999999	0.001785014	15.684733086
14.663620000000002	0.001785014	15.684733086
14.659579999999998	0.001785014	15.684733086
14.654470000000002	0.001785014	15.684733086
14.64831	0.001785014	15.684733086
14.643579999999998	0.001785014	15.684733086
14.63914	0.001785014	15.684733086
14.63434	0.001785014	15.684733086
14.63039	0.001785014	15.684733086
14.626079999999998	0.001785014	15.684733086
14.621570000000002	0.001785014	15.684733086
14.61907	0.001785014	15.684733086
14.616579999999999	0.001785014	15.684733086
14.61254	0.001785014	15.684733086
14.60941	0.001785014	15.684733086
14.60472	0.001785014	15.684733086
14.59927	0.001785014	15.684733086
14.595410000000001	0.001785014	15.684733086
14.59315	0.001785014	15.684733086
14.59114	0.001785014	15.684733086
14.58924	0.001785014	15.684733086
14.58775	0.001785014	15.684733086
14.588470000000001	0.001785014	15.684733086
14.590810000000001	0.001785014	15.684733086
14.591660000000001	0.001785014	15.684733086
14.592629999999998	0.001785014	15.684733086
14.593729999999999	0.001785014	15.684733086
14.594389999999999	0.001785014	15.684733086
14.59418	0.001785014	15.684733086
14.59573	0.001785014	15.684733086
14.598729999999998	0.001785014	15.684733086
14.6017	0.001785014	15.684733086
14.60796	0.001785014	15.684733086
14.61442	0.001785014	15.684733086
14.61974	0.001785014	15.684733086
14.62324	0.001785014	15.684733086
14.625720000000001	0.001785014	15.684733086
14.628060000000001	0.001785014	15.684733086
14.62871	0.001785014	15.684733086
14.62778	0.001785014	15.684733086
14.628029999999999	0.001785014	15.684733086
14.63129	0.001785014	15.684733086
14.632420000000002	0.001785014	15.684733086
14.634	0.001785014	15.684733086
14.631520000000002	0.001785014	15.684733086
14.62834	0.001785014	15.684733086
14.62549	0.001785014	15.684733086
14.62461	0.001785014	15.684733086
14.62543	0.001785014	15.684733086
14.624979999999999	0.001785014	15.684733086
14.62616	0.001785014	15.684733086
14.62765	0.001785014	15.684733086
14.62747	0.001785014	15.684733086
14.627629999999998	0.001785014	15.684733086
14.63065	0.001785014	15.684733086
14.63379	0.001785014	15.684733086
14.63599	0.001785014	15.684733086
14.634910000000001	0.001785014	15.684733086
14.63475	0.001785014	15.684733086
14.63524	0.001785014	15.684733086
14.63447	0.001785014	15.684733086
14.629879999999998	0.001785014	15.684733086
14.62457	0.001785014	15.684733086
14.61902	0.001785014	15.684733086
14.61404	0.001785014	15.684733086
14.60776	0.001785014	15.684733086
14.60166	0.001785014	15.684733086
14.59353	0.001785014	15.684733086
14.587589999999999	0.001785014	15.684733086
14.58552	0.001785014	15.684733086
14.58354	0.001785014	15.684733086
14.584579999999999	0.001785014	15.684733086
14.58421	0.001785014	15.684733086
14.582939999999999	0.001785014	15.684733086
14.581560000000001	0.001785014	15.684733086
14.578560000000001	0.001785014	15.684733086
14.575029999999998	0.001785014	15.684733086
14.570870000000001	0.001785014	15.684733086
14.56625	0.001785014	15.684733086
14.563039999999999	0.001785014	15.684733086
14.560920000000001	0.001785014	15.684733086
14.55786	0.001785014	15.684733086
14.554739999999999	0.001785014	15.684733086
14.55175	0.001785014	15.684733086
14.549179999999998	0.001785014	15.684733086
14.546970000000002	0.001785014	15.684733086
14.54282	0.001785014	15.684733086
14.540610000000001	0.001785014	15.684733086
14.53994	0.001785014	15.684733086
14.538979999999999	0.001785014	15.684733086
14.53885	0.001785014	15.684733086
14.540429999999999	0.001785014	15.684733086
14.539420000000002	0.001785014	15.684733086
14.53875	0.001785014	15.684733086
14.537920000000002	0.001785014	15.684733086
14.5361	0.001785014	15.684733086
14.533610000000001	0.001785014	15.684733086
14.52989	0.001785014	15.684733086
14.52723	0.001785014	15.684733086
14.524610000000001	0.001785014	15.684733086
14.518720000000002	0.001785014	15.684733086
14.51314	0.001785014	15.684733086
14.50702	0.001785014	15.684733086
14.500910000000001	0.001785014	15.684733086
14.497710000000001	0.001785014	15.684733086
14.4934	0.001785014	15.684733086
14.48734	0.001785014	15.684733086
14.48515	0.001785014	15.684733086
14.483	0.001785014	15.684733086
14.47838	0.001785014	15.684733086
14.47291	0.001785014	15.684733086
14.469610000000001	0.001785014	15.684733086
14.465129999999998	0.001785014	15.684733086
14.46071	0.001785014	15.684733086
14.455520000000002	0.001785014	15.684733086
14.451479999999998	0.001785014	15.684733086
14.4514	0.001785014	15.684733086
14.44953	0.001785014	15.684733086
14.44641	0.001785014	15.684733086
14.44467	0.001785014	15.684733086
14.44184	0.001785014	15.684733086
14.435070000000001	0.001785014	15.684733086
14.43014	0.001785014	15.684733086
14.42961	0.001785014	15.684733086
14.431170000000002	0.001785014	15.684733086
14.43135	0.001785014	15.684733086
14.43225	0.001785014	15.684733086
14.43322	0.001785014	15.684733086
14.433670000000001	0.001785014	15.684733086
14.433	0.001785014	15.684733086
14.43286	0.001785014	15.684733086
14.432839999999999	0.001785014	15.684733086
14.433679999999999	0.001785014	15.684733086
14.43338	0.001785014	15.684733086
14.4302	0.001785014	15.684733086
14.4276	0.001785014	15.684733086
14.425629999999998	0.001785014	15.684733086
14.42259	0.001785014	15.684733086
14.422770000000002	0.001785014	15.684733086
14.42394	0.001785014	15.684733086
14.42571	0.001785014	15.684733086
14.42919	0.001785014	15.684733086
14.433829999999999	0.001785014	15.684733086
14.44011	0.001785014	15.684733086
14.44585	0.001785014	15.684733086
14.45316	0.001785014	15.684733086
14.45985	0.001785014	15.684733086
14.46716	0.001785014	15.684733086
14.47425	0.001785014	15.684733086
14.4798	0.001785014	15.684733086
14.48299	0.001785014	15.684733086
14.484829999999999	0.001785014	15.684733086
14.484029999999999	0.001785014	15.684733086
14.484670000000001	0.001785014	15.684733086
14.484779999999999	0.001785014	15.684733086
14.484679999999999	0.001785014	15.684733086
14.484060000000001	0.001785014	15.684733086
14.48651	0.001785014	15.684733086
14.489679999999998	0.001785014	15.684733086
14.49231	0.001785014	15.684733086
14.4966	0.001785014	15.684733086
14.50315	0.001785014	15.684733086
14.508370000000001	0.001785014	15.684733086
14.51349	0.001785014	15.684733086
14.516379999999998	0.001785014	15.684733086
14.51997	0.001785014	15.684733086
14.521339999999999	0.001785014	15.684733086
14.52271	0.001785014	15.684733086
14.52449	0.001785014	15.684733086
14.5271	0.001785014	15.684733086
14.52854	0.001785014	15.684733086
14.529229999999998	0.001785014	15.684733086
14.529720000000001	0.001785014	15.684733086
14.53046	0.001785014	15.684733086
14.531189999999999	0.001785014	15.684733086
14.529639999999999	0.001785014	15.684733086
14.52936	0.001785014	15.684733086
14.527	0.001785014	15.684733086
14.52537	0.001785014	15.684733086
14.524920000000002	0.001785014	15.684733086
14.523079999999998	0.001785014	15.684733086
14.52152	0.001785014	15.684733086
14.520779999999998	0.001785014	15.684733086
14.52085	0.001785014	15.684733086
14.52002	0.001785014	15.684733086
14.521560000000001	0.001785014	15.684733086
14.52215	0.001785014	15.684733086
14.52387	0.001785014	15.684733086
14.52449	0.001785014	15.684733086
14.52225	0.001785014	15.684733086
14.51845	0.001785014	15.684733086
14.513079999999999	0.001785014	15.684733086
14.50818	0.001785014	15.684733086
14.499310000000001	0.001785014	15.684733086
14.49029	0.001785014	15.684733086
14.48161	0.001785014	15.684733086
14.475570000000001	0.001785014	15.684733086
14.469	0.001785014	15.684733086
14.462670000000001	0.001785014	15.684733086
14.455210000000001	0.001785014	15.684733086
14.447389999999999	0.001785014	15.684733086
14.438039999999999	0.001785014	15.684733086
14.42794	0.001785014	15.684733086
14.42124	0.001785014	15.684733086
14.41611	0.001785014	15.684733086
14.41266	0.001785014	15.684733086
14.4086	0.001785014	15.684733086
14.405429999999999	0.001785014	15.684733086
14.40126	0.001785014	15.684733086
14.395620000000001	0.001785014	15.684733086
14.39025	0.001785014	15.684733086
14.385179999999998	0.001785014	15.684733086
14.381179999999999	0.001785014	15.684733086
14.376660000000001	0.001785014	15.684733086
14.375639999999999	0.001785014	15.684733086
14.373729999999998	0.001785014	15.684733086
14.371770000000001	0.001785014	15.684733086
14.369860000000001	0.001785014	15.684733086
14.36775	0.001785014	15.684733086
14.366470000000001	0.001785014	15.684733086
14.36677	0.001785014	15.684733086
14.36541	0.001785014	15.684733086
14.362079999999999	0.001785014	15.684733086
14.358989999999999	0.001785014	15.684733086
14.3572	0.001785014	15.684733086
14.357439999999999	0.001785014	15.684733086
14.35689	0.001785014	15.684733086
14.35741	0.001785014	15.684733086
14.35774	0.001785014	15.684733086
14.359820000000001	0.001785014	15.684733086
14.360879999999998	0.001785014	15.684733086
14.3627	0.001785014	15.684733086
14.36469	0.001785014	15.684733086
14.365079999999999	0.001785014	15.684733086
14.3675	0.001785014	15.684733086
14.371039999999999	0.001785014	15.684733086
14.372320000000002	0.001785014	15.684733086
14.3766	0.001785014	15.684733086
14.37827	0.001785014	15.684733086
14.38124	0.001785014	15.684733086
14.3827	0.001785014	15.684733086
14.38441	0.001785014	15.684733086
14.38654	0.001785014	15.684733086
14.388279999999998	0.001785014	15.684733086
14.389320000000001	0.001785014	15.684733086
14.390139999999999	0.001785014	15.684733086
14.39325	0.001785014	15.684733086
14.398679999999999	0.001785014	15.684733086
14.402470000000001	0.001785014	15.684733086
14.40565	0.001785014	15.684733086
14.41165	0.001785014	15.684733086
14.41874	0.001785014	15.684733086
14.42751	0.001785014	15.684733086
14.43485	0.001785014	15.684733086
14.44214	0.001785014	15.684733086
14.447729999999998	0.001785014	15.684733086
14.45219	0.001785014	15.684733086
14.45645	0.001785014	15.684733086
14.46255	0.001785014	15.684733086
14.46834	0.001785014	15.684733086
14.47626	0.001785014	15.684733086
14.48211	0.001785014	15.684733086
14.48673	0.001785014	15.684733086
14.489020000000002	0.001785014	15.684733086
14.49205	0.001785014	15.684733086
14.495410000000001	0.001785014	15.684733086
14.498170000000002	0.001785014	15.684733086
14.49935	0.001785014	15.684733086
14.50182	0.001785014	15.684733086
14.505	0.001785014	15.684733086
14.508029999999998	0.001785014	15.684733086
14.510079999999999	0.001785014	15.684733086
14.509139999999999	0.001785014	15.684733086
14.510179999999998	0.001785014	15.684733086
14.51149	0.001785014	15.684733086
14.51019	0.001785014	15.684733086
14.50711	0.001785014	15.684733086
14.50581	0.001785014	15.684733086
14.503420000000002	0.001785014	15.684733086
14.50213	0.001785014	15.684733086
14.501570000000001	0.001785014	15.684733086
14.50027	0.001785014	15.684733086
14.501610000000001	0.001785014	15.684733086
14.502189999999999	0.001785014	15.684733086
14.50274	0.001785014	15.684733086
14.503120000000001	0.001785014	15.684733086
14.50257	0.001785014	15.684733086
14.502220000000001	0.001785014	15.684733086
14.502670000000002	0.001785014	15.684733086
14.506070000000001	0.001785014	15.684733086
14.507929999999998	0.001785014	15.684733086
14.51109	0.001785014	15.684733086
14.51861	0.001785014	15.684733086
14.52392	0.001785014	15.684733086
14.529020000000001	0.001785014	15.684733086
14.53555	0.001785014	15.684733086
14.540920000000002	0.001785014	15.684733086
14.54546	0.001785014	15.684733086
14.5504	0.001785014	15.684733086
14.552529999999999	0.001785014	15.684733086
14.555470000000001	0.001785014	15.684733086
14.55577	0.001785014	15.684733086
14.557579999999998	0.001785014	15.684733086
14.56284	0.001785014	15.684733086
14.565170000000002	0.001785014	15.684733086
14.56679	0.001785014	15.684733086
14.5708	0.001785014	15.684733086
14.57419	0.001785014	15.684733086
14.579139999999999	0.001785014	15.684733086
14.5787	0.001785014	15.684733086
14.57668	0.001785014	15.684733086
14.57685	0.001785014	15.684733086
14.579460000000001	0.001785014	15.684733086
14.582989999999999	0.001785014	15.684733086
14.58813	0.001785014	15.684733086
14.59341	0.001785014	15.684733086
14.596110000000001	0.001785014	15.684733086
14.601020000000002	0.001785014	15.684733086
14.607029999999998	0.001785014	15.684733086
14.61169	0.001785014	15.684733086
14.615920000000001	0.001785014	15.684733086
14.617339999999999	0.001785014	15.684733086
14.6184	0.001785014	15.684733086
14.62005	0.001785014	15.684733086
14.62161	0.001785014	15.684733086
14.618129999999999	0.001785014	15.684733086
14.61403	0.001785014	15.684733086
14.607129999999998	0.001785014	15.684733086
14.601939999999999	0.001785014	15.684733086
14.599	0.001785014	15.684733086
14.59731	0.001785014	15.684733086
14.595310000000001	0.001785014	15.684733086
14.592839999999999	0.001785014	15.684733086
14.58925	0.001785014	15.684733086
14.584	0.001785014	15.684733086
14.581179999999998	0.001785014	15.684733086
14.578970000000002	0.001785014	15.684733086
14.574729999999999	0.001785014	15.684733086
14.57265	0.001785014	15.684733086
14.56797	0.001785014	15.684733086
14.56744	0.001785014	15.684733086
14.56378	0.001785014	15.684733086
14.55936	0.001785014	15.684733086
14.554	0.001785014	15.684733086
14.54905	0.001785014	15.684733086
14.54633	0.001785014	15.684733086
14.542679999999999	0.001785014	15.684733086
14.53391	0.001785014	15.684733086
14.52377	0.001785014	15.684733086
14.51861	0.001785014	15.684733086
14.511220000000002	0.001785014	15.684733086
14.5048	0.001785014	15.684733086
14.499670000000002	0.001785014	15.684733086
14.49495	0.001785014	15.684733086
14.490789999999999	0.001785014	15.684733086
14.4856	0.001785014	15.684733086
14.480920000000001	0.001785014	15.684733086
14.47364	0.001785014	15.684733086
14.46631	0.001785014	15.684733086
14.46241	0.001785014	15.684733086
14.45885	0.001785014	15.684733086
14.45526	0.001785014	15.684733086
14.45111	0.001785014	15.684733086
14.448260000000001	0.001785014	15.684733086
14.44622	0.001785014	15.684733086
14.44744	0.001785014	15.684733086
14.44769	0.001785014	15.684733086
14.44961	0.001785014	15.684733086
14.4524	0.001785014	15.684733086
14.457460000000001	0.001785014	15.684733086
14.463579999999999	0.001785014	15.684733086
14.470189999999999	0.001785014	15.684733086
14.47965	0.001785014	15.684733086
14.487	0.001785014	15.684733086
14.495220000000002	0.001785014	15.684733086
14.503420000000002	0.001785014	15.684733086
14.511779999999998	0.001785014	15.684733086
14.521020000000002	0.001785014	15.684733086
14.52846	0.001785014	15.684733086
14.53491	0.001785014	15.684733086
14.5417	0.001785014	15.684733086
14.54737	0.001785014	15.684733086
14.555760000000001	0.001785014	15.684733086
14.56349	0.001785014	15.684733086
14.57068	0.001785014	15.684733086
14.57952	0.001785014	15.684733086
14.58606	0.001785014	15.684733086
14.5928	0.001785014	15.684733086
14.598329999999999	0.001785014	15.684733086
14.60358	0.001785014	15.684733086
14.608979999999999	0.001785014	15.684733086
14.613129999999998	0.001785014	15.684733086
14.61602	0.001785014	15.684733086
14.619979999999998	0.001785014	15.684733086
14.62425	0.001785014	15.684733086
14.62698	0.001785014	15.684733086
14.628120000000001	0.001785014	15.684733086
14.62999	0.001785014	15.684733086
14.633579999999998	0.001785014	15.684733086
14.63561	0.001785014	15.684733086
14.63516	0.001785014	15.684733086
14.634039999999999	0.001785014	15.684733086
14.63159	0.001785014	15.684733086
14.629589999999999	0.001785014	15.684733086
14.627920000000001	0.001785014	15.684733086
14.62672	0.001785014	15.684733086
14.62449	0.001785014	15.684733086
14.622679999999999	0.001785014	15.684733086
14.6197	0.001785014	15.684733086
14.62023	0.001785014	15.684733086
14.62096	0.001785014	15.684733086
14.61969	0.001785014	15.684733086
14.62062	0.001785014	15.684733086
14.621879999999999	0.001785014	15.684733086
14.62151	0.001785014	15.684733086
14.6206	0.001785014	15.684733086
14.61754	0.001785014	15.684733086
14.61256	0.001785014	15.684733086
14.60658	0.001785014	15.684733086
14.601420000000001	0.001785014	15.684733086
14.59885	0.001785014	15.684733086
14.59803	0.001785014	15.684733086
14.5995	0.001785014	15.684733086
14.5993	0.001785014	15.684733086
14.600970000000002	0.001785014	15.684733086
14.602160000000001	0.001785014	15.684733086
14.60224	0.001785014	15.684733086
14.602089999999999	0.001785014	15.684733086
14.601560000000001	0.001785014	15.684733086
14.601389999999999	0.001785014	15.684733086
14.59865	0.001785014	15.684733086
14.59559	0.001785014	15.684733086
14.593739999999999	0.001785014	15.684733086
14.59216	0.001785014	15.684733086
14.588870000000002	0.001785014	15.684733086
14.585139999999999	0.001785014	15.684733086
14.580429999999998	0.001785014	15.684733086
14.57591	0.001785014	15.684733086
14.57342	0.001785014	15.684733086
14.570329999999998	0.001785014	15.684733086
14.56546	0.001785014	15.684733086
14.56146	0.001785014	15.684733086
14.55977	0.001785014	15.684733086
14.555879999999998	0.001785014	15.684733086
14.55105	0.001785014	15.684733086
14.546510000000001	0.001785014	15.684733086
14.54565	0.001785014	15.684733086
14.543510000000001	0.001785014	15.684733086
14.540510000000001	0.001785014	15.684733086
14.5405	0.001785014	15.684733086
14.54093	0.001785014	15.684733086
14.541670000000002	0.001785014	15.684733086
14.54519	0.001785014	15.684733086
14.54946	0.001785014	15.684733086
14.554689999999999	0.001785014	15.684733086
14.5579	0.001785014	15.684733086
14.560429999999998	0.001785014	15.684733086
14.563239999999999	0.001785014	15.684733086
14.568	0.001785014	15.684733086
14.57073	0.001785014	15.684733086
14.57502	0.001785014	15.684733086
14.578029999999998	0.001785014	15.684733086
14.580520000000002	0.001785014	15.684733086
14.58486	0.001785014	15.684733086
14.5881	0.001785014	15.684733086
14.590370000000002	0.001785014	15.684733086
14.59259	0.001785014	15.684733086
14.59445	0.001785014	15.684733086
14.596429999999998	0.001785014	15.684733086
14.596810000000001	0.001785014	15.684733086
14.59627	0.001785014	15.684733086
14.597489999999999	0.001785014	15.684733086
14.600060000000001	0.001785014	15.684733086
14.602070000000001	0.001785014	15.684733086
14.602020000000001	0.001785014	15.684733086
14.602020000000001	0.001785014	15.684733086
14.604079999999998	0.001785014	15.684733086
14.60696	0.001785014	15.684733086
14.607079999999998	0.001785014	15.684733086
14.606179999999998	0.001785014	15.684733086
14.60144	0.001785014	15.684733086
14.59857	0.001785014	15.684733086
14.59601	0.001785014	15.684733086
14.594479999999999	0.001785014	15.684733086
14.593810000000001	0.001785014	15.684733086
14.595070000000002	0.001785014	15.684733086
14.59476	0.001785014	15.684733086
14.59455	0.001785014	15.684733086
14.59428	0.001785014	15.684733086
14.59355	0.001785014	15.684733086
14.59085	0.001785014	15.684733086
14.58961	0.001785014	15.684733086
14.58726	0.001785014	15.684733086
14.58429	0.001785014	15.684733086
14.582239999999999	0.001785014	15.684733086
14.58039	0.001785014	15.684733086
14.580229999999998	0.001785014	15.684733086
