12.403210000000001	0.000892507	14.550896959
12.396	0.000892507	14.550896959
12.38982	0.000892507	14.550896959
12.385060000000001	0.000892507	14.550896959
12.37841	0.000892507	14.550896959
12.37221	0.000892507	14.550896959
12.36486	0.000892507	14.550896959
12.3579	0.000892507	14.550896959
12.35148	0.000892507	14.550896959
12.34481	0.000892507	14.550896959
12.33858	0.000892507	14.550896959
12.33437	0.000892507	14.550896959
12.32903	0.000892507	14.550896959
12.32644	0.000892507	14.550896959
12.32334	0.000892507	14.550896959
12.31933	0.000892507	14.550896959
12.31349	0.000892507	14.550896959
12.30561	0.000892507	14.550896959
12.303139999999999	0.000892507	14.550896959
12.30123	0.000892507	14.550896959
12.298630000000001	0.000892507	14.550896959
12.2952	0.000892507	14.550896959
12.29	0.000892507	14.550896959
12.28634	0.000892507	14.550896959
12.28328	0.000892507	14.550896959
12.2804	0.000892507	14.550896959
12.27787	0.000892507	14.550896959
12.27702	0.000892507	14.550896959
12.27453	0.000892507	14.550896959
12.26928	0.000892507	14.550896959
12.26431	0.000892507	14.550896959
12.26024	0.000892507	14.550896959
12.2568	0.000892507	14.550896959
12.253919999999999	0.000892507	14.550896959
12.24821	0.000892507	14.550896959
12.24268	0.000892507	14.550896959
12.23762	0.000892507	14.550896959
12.23437	0.000892507	14.550896959
12.229460000000001	0.000892507	14.550896959
12.22461	0.000892507	14.550896959
12.2209	0.000892507	14.550896959
12.21853	0.000892507	14.550896959
12.21552	0.000892507	14.550896959
12.21388	0.000892507	14.550896959
12.212639999999999	0.000892507	14.550896959
12.20767	0.000892507	14.550896959
12.20084	0.000892507	14.550896959
12.19473	0.000892507	14.550896959
12.18942	0.000892507	14.550896959
12.18445	0.000892507	14.550896959
12.17964	0.000892507	14.550896959
12.17295	0.000892507	14.550896959
12.16427	0.000892507	14.550896959
12.15622	0.000892507	14.550896959
12.146339999999999	0.000892507	14.550896959
12.1326	0.000892507	14.550896959
12.12079	0.000892507	14.550896959
12.1103	0.000892507	14.550896959
12.10068	0.000892507	14.550896959
12.09273	0.000892507	14.550896959
12.084719999999999	0.000892507	14.550896959
12.07826	0.000892507	14.550896959
12.070889999999999	0.000892507	14.550896959
12.06597	0.000892507	14.550896959
12.06291	0.000892507	14.550896959
12.05821	0.000892507	14.550896959
12.05235	0.000892507	14.550896959
12.04552	0.000892507	14.550896959
12.04119	0.000892507	14.550896959
12.038310000000001	0.000892507	14.550896959
12.03549	0.000892507	14.550896959
12.03508	0.000892507	14.550896959
12.03316	0.000892507	14.550896959
12.03166	0.000892507	14.550896959
12.02839	0.000892507	14.550896959
12.02292	0.000892507	14.550896959
12.01707	0.000892507	14.550896959
12.01405	0.000892507	14.550896959
12.01299	0.000892507	14.550896959
12.01297	0.000892507	14.550896959
12.01211	0.000892507	14.550896959
12.011460000000001	0.000892507	14.550896959
12.011519999999999	0.000892507	14.550896959
12.01043	0.000892507	14.550896959
12.0086	0.000892507	14.550896959
12.0083	0.000892507	14.550896959
12.009360000000001	0.000892507	14.550896959
12.01025	0.000892507	14.550896959
12.01056	0.000892507	14.550896959
12.01492	0.000892507	14.550896959
12.02007	0.000892507	14.550896959
12.028319999999999	0.000892507	14.550896959
12.03895	0.000892507	14.550896959
12.052430000000001	0.000892507	14.550896959
12.063880000000001	0.000892507	14.550896959
12.076310000000001	0.000892507	14.550896959
12.0872	0.000892507	14.550896959
12.09619	0.000892507	14.550896959
12.10467	0.000892507	14.550896959
12.11275	0.000892507	14.550896959
12.12255	0.000892507	14.550896959
12.1318	0.000892507	14.550896959
12.13958	0.000892507	14.550896959
12.148010000000001	0.000892507	14.550896959
12.15448	0.000892507	14.550896959
12.160689999999999	0.000892507	14.550896959
12.16642	0.000892507	14.550896959
12.17029	0.000892507	14.550896959
12.17304	0.000892507	14.550896959
12.17217	0.000892507	14.550896959
12.17093	0.000892507	14.550896959
12.16805	0.000892507	14.550896959
12.16635	0.000892507	14.550896959
12.167060000000001	0.000892507	14.550896959
12.16637	0.000892507	14.550896959
12.163210000000001	0.000892507	14.550896959
12.16065	0.000892507	14.550896959
12.15708	0.000892507	14.550896959
12.150139999999999	0.000892507	14.550896959
12.14091	0.000892507	14.550896959
12.13458	0.000892507	14.550896959
12.12882	0.000892507	14.550896959
12.12502	0.000892507	14.550896959
12.1227	0.000892507	14.550896959
12.12221	0.000892507	14.550896959
12.122160000000001	0.000892507	14.550896959
12.12309	0.000892507	14.550896959
12.12614	0.000892507	14.550896959
12.12623	0.000892507	14.550896959
12.12318	0.000892507	14.550896959
12.12195	0.000892507	14.550896959
12.12018	0.000892507	14.550896959
12.11806	0.000892507	14.550896959
12.11468	0.000892507	14.550896959
12.107489999999999	0.000892507	14.550896959
12.10087	0.000892507	14.550896959
12.09331	0.000892507	14.550896959
12.08809	0.000892507	14.550896959
12.083219999999999	0.000892507	14.550896959
12.07961	0.000892507	14.550896959
12.07948	0.000892507	14.550896959
12.07842	0.000892507	14.550896959
12.076039999999999	0.000892507	14.550896959
12.07125	0.000892507	14.550896959
12.06597	0.000892507	14.550896959
12.063369999999999	0.000892507	14.550896959
12.06161	0.000892507	14.550896959
12.058639999999999	0.000892507	14.550896959
12.05649	0.000892507	14.550896959
12.05598	0.000892507	14.550896959
12.05524	0.000892507	14.550896959
12.05275	0.000892507	14.550896959
12.050980000000001	0.000892507	14.550896959
12.04907	0.000892507	14.550896959
12.04857	0.000892507	14.550896959
12.049439999999999	0.000892507	14.550896959
12.05263	0.000892507	14.550896959
12.05376	0.000892507	14.550896959
12.05247	0.000892507	14.550896959
12.04935	0.000892507	14.550896959
12.045069999999999	0.000892507	14.550896959
12.04263	0.000892507	14.550896959
12.04074	0.000892507	14.550896959
12.03875	0.000892507	14.550896959
12.03624	0.000892507	14.550896959
12.03403	0.000892507	14.550896959
12.03204	0.000892507	14.550896959
12.03021	0.000892507	14.550896959
12.02823	0.000892507	14.550896959
12.02567	0.000892507	14.550896959
12.023530000000001	0.000892507	14.550896959
12.01823	0.000892507	14.550896959
12.01629	0.000892507	14.550896959
12.01569	0.000892507	14.550896959
12.017	0.000892507	14.550896959
12.01872	0.000892507	14.550896959
12.02004	0.000892507	14.550896959
12.01955	0.000892507	14.550896959
12.01918	0.000892507	14.550896959
12.01793	0.000892507	14.550896959
12.01441	0.000892507	14.550896959
12.01176	0.000892507	14.550896959
12.01112	0.000892507	14.550896959
12.01127	0.000892507	14.550896959
12.01008	0.000892507	14.550896959
12.011239999999999	0.000892507	14.550896959
12.00943	0.000892507	14.550896959
12.00844	0.000892507	14.550896959
12.0098	0.000892507	14.550896959
12.010689999999999	0.000892507	14.550896959
12.00976	0.000892507	14.550896959
12.00802	0.000892507	14.550896959
12.00937	0.000892507	14.550896959
12.011339999999999	0.000892507	14.550896959
12.01398	0.000892507	14.550896959
12.016860000000001	0.000892507	14.550896959
12.020439999999999	0.000892507	14.550896959
12.02438	0.000892507	14.550896959
12.02812	0.000892507	14.550896959
12.03352	0.000892507	14.550896959
12.03696	0.000892507	14.550896959
12.039710000000001	0.000892507	14.550896959
12.041889999999999	0.000892507	14.550896959
12.04208	0.000892507	14.550896959
12.04374	0.000892507	14.550896959
12.04715	0.000892507	14.550896959
12.05231	0.000892507	14.550896959
12.058489999999999	0.000892507	14.550896959
12.06276	0.000892507	14.550896959
12.06853	0.000892507	14.550896959
12.07569	0.000892507	14.550896959
12.08239	0.000892507	14.550896959
12.08969	0.000892507	14.550896959
12.09422	0.000892507	14.550896959
12.10155	0.000892507	14.550896959
12.11	0.000892507	14.550896959
12.116660000000001	0.000892507	14.550896959
12.12232	0.000892507	14.550896959
12.126430000000001	0.000892507	14.550896959
12.13188	0.000892507	14.550896959
12.14065	0.000892507	14.550896959
12.14867	0.000892507	14.550896959
12.15455	0.000892507	14.550896959
12.15977	0.000892507	14.550896959
12.163269999999999	0.000892507	14.550896959
12.1675	0.000892507	14.550896959
12.17131	0.000892507	14.550896959
12.17334	0.000892507	14.550896959
12.17559	0.000892507	14.550896959
12.176680000000001	0.000892507	14.550896959
12.17859	0.000892507	14.550896959
12.17763	0.000892507	14.550896959
12.17687	0.000892507	14.550896959
12.17849	0.000892507	14.550896959
12.17806	0.000892507	14.550896959
12.17649	0.000892507	14.550896959
12.17019	0.000892507	14.550896959
12.16183	0.000892507	14.550896959
12.15354	0.000892507	14.550896959
12.1477	0.000892507	14.550896959
12.13968	0.000892507	14.550896959
12.12902	0.000892507	14.550896959
12.11912	0.000892507	14.550896959
12.10754	0.000892507	14.550896959
12.09694	0.000892507	14.550896959
12.08733	0.000892507	14.550896959
12.077010000000001	0.000892507	14.550896959
12.06514	0.000892507	14.550896959
12.054739999999999	0.000892507	14.550896959
12.04519	0.000892507	14.550896959
12.03706	0.000892507	14.550896959
12.03082	0.000892507	14.550896959
12.02491	0.000892507	14.550896959
12.019639999999999	0.000892507	14.550896959
12.01206	0.000892507	14.550896959
12.00492	0.000892507	14.550896959
11.99635	0.000892507	14.550896959
11.98875	0.000892507	14.550896959
11.98434	0.000892507	14.550896959
11.97948	0.000892507	14.550896959
11.97588	0.000892507	14.550896959
11.97328	0.000892507	14.550896959
11.96973	0.000892507	14.550896959
11.966380000000001	0.000892507	14.550896959
11.96514	0.000892507	14.550896959
11.96481	0.000892507	14.550896959
11.965819999999999	0.000892507	14.550896959
11.96391	0.000892507	14.550896959
11.96461	0.000892507	14.550896959
11.96568	0.000892507	14.550896959
11.96802	0.000892507	14.550896959
11.97161	0.000892507	14.550896959
11.97354	0.000892507	14.550896959
11.97455	0.000892507	14.550896959
11.973189999999999	0.000892507	14.550896959
11.972669999999999	0.000892507	14.550896959
11.9716	0.000892507	14.550896959
11.96873	0.000892507	14.550896959
11.96813	0.000892507	14.550896959
11.96915	0.000892507	14.550896959
11.97098	0.000892507	14.550896959
11.97127	0.000892507	14.550896959
11.97082	0.000892507	14.550896959
11.969339999999999	0.000892507	14.550896959
11.96658	0.000892507	14.550896959
11.96454	0.000892507	14.550896959
11.96311	0.000892507	14.550896959
11.96311	0.000892507	14.550896959
11.9632	0.000892507	14.550896959
11.96285	0.000892507	14.550896959
11.961260000000001	0.000892507	14.550896959
11.96325	0.000892507	14.550896959
11.9663	0.000892507	14.550896959
11.96773	0.000892507	14.550896959
11.96919	0.000892507	14.550896959
11.96917	0.000892507	14.550896959
11.96996	0.000892507	14.550896959
11.97064	0.000892507	14.550896959
11.97127	0.000892507	14.550896959
11.97208	0.000892507	14.550896959
11.97308	0.000892507	14.550896959
11.975430000000001	0.000892507	14.550896959
11.97812	0.000892507	14.550896959
11.979239999999999	0.000892507	14.550896959
11.98061	0.000892507	14.550896959
11.980260000000001	0.000892507	14.550896959
11.97675	0.000892507	14.550896959
11.976	0.000892507	14.550896959
11.975589999999999	0.000892507	14.550896959
11.97642	0.000892507	14.550896959
11.97695	0.000892507	14.550896959
11.976980000000001	0.000892507	14.550896959
11.97785	0.000892507	14.550896959
11.97971	0.000892507	14.550896959
11.98329	0.000892507	14.550896959
11.98508	0.000892507	14.550896959
11.98471	0.000892507	14.550896959
11.98497	0.000892507	14.550896959
11.98468	0.000892507	14.550896959
11.98588	0.000892507	14.550896959
11.98592	0.000892507	14.550896959
11.98563	0.000892507	14.550896959
11.98596	0.000892507	14.550896959
11.98554	0.000892507	14.550896959
11.98678	0.000892507	14.550896959
11.988439999999999	0.000892507	14.550896959
11.98858	0.000892507	14.550896959
11.98557	0.000892507	14.550896959
11.98072	0.000892507	14.550896959
11.97507	0.000892507	14.550896959
11.968589999999999	0.000892507	14.550896959
11.96609	0.000892507	14.550896959
11.95877	0.000892507	14.550896959
11.951080000000001	0.000892507	14.550896959
11.943489999999999	0.000892507	14.550896959
11.93534	0.000892507	14.550896959
11.92887	0.000892507	14.550896959
11.919989999999999	0.000892507	14.550896959
11.91095	0.000892507	14.550896959
11.903369999999999	0.000892507	14.550896959
11.89214	0.000892507	14.550896959
11.88078	0.000892507	14.550896959
11.867289999999999	0.000892507	14.550896959
11.852789999999999	0.000892507	14.550896959
11.83887	0.000892507	14.550896959
11.82659	0.000892507	14.550896959
11.8172	0.000892507	14.550896959
11.807839999999999	0.000892507	14.550896959
11.799389999999999	0.000892507	14.550896959
11.78921	0.000892507	14.550896959
11.77933	0.000892507	14.550896959
11.7703	0.000892507	14.550896959
11.75959	0.000892507	14.550896959
11.749089999999999	0.000892507	14.550896959
11.741010000000001	0.000892507	14.550896959
11.7331	0.000892507	14.550896959
11.7235	0.000892507	14.550896959
11.71466	0.000892507	14.550896959
11.70628	0.000892507	14.550896959
11.70091	0.000892507	14.550896959
11.69582	0.000892507	14.550896959
11.69122	0.000892507	14.550896959
11.688139999999999	0.000892507	14.550896959
11.68335	0.000892507	14.550896959
11.67853	0.000892507	14.550896959
11.67218	0.000892507	14.550896959
11.666260000000001	0.000892507	14.550896959
11.66058	0.000892507	14.550896959
11.65528	0.000892507	14.550896959
11.65054	0.000892507	14.550896959
11.6452	0.000892507	14.550896959
11.64292	0.000892507	14.550896959
11.63866	0.000892507	14.550896959
11.6316	0.000892507	14.550896959
11.62381	0.000892507	14.550896959
11.620389999999999	0.000892507	14.550896959
11.61709	0.000892507	14.550896959
11.6139	0.000892507	14.550896959
11.61172	0.000892507	14.550896959
11.60926	0.000892507	14.550896959
11.606689999999999	0.000892507	14.550896959
11.60305	0.000892507	14.550896959
11.60033	0.000892507	14.550896959
11.59651	0.000892507	14.550896959
11.5935	0.000892507	14.550896959
11.59034	0.000892507	14.550896959
11.58901	0.000892507	14.550896959
11.585980000000001	0.000892507	14.550896959
11.58109	0.000892507	14.550896959
11.5774	0.000892507	14.550896959
11.5753	0.000892507	14.550896959
11.57483	0.000892507	14.550896959
11.57903	0.000892507	14.550896959
11.58173	0.000892507	14.550896959
11.58255	0.000892507	14.550896959
11.58273	0.000892507	14.550896959
11.58363	0.000892507	14.550896959
11.58522	0.000892507	14.550896959
11.58864	0.000892507	14.550896959
11.59291	0.000892507	14.550896959
11.59421	0.000892507	14.550896959
11.59409	0.000892507	14.550896959
11.59308	0.000892507	14.550896959
11.59153	0.000892507	14.550896959
11.58699	0.000892507	14.550896959
11.580860000000001	0.000892507	14.550896959
11.57713	0.000892507	14.550896959
11.573319999999999	0.000892507	14.550896959
11.569230000000001	0.000892507	14.550896959
11.56373	0.000892507	14.550896959
11.55848	0.000892507	14.550896959
11.553889999999999	0.000892507	14.550896959
11.55037	0.000892507	14.550896959
11.54792	0.000892507	14.550896959
11.54385	0.000892507	14.550896959
11.536489999999999	0.000892507	14.550896959
11.530339999999999	0.000892507	14.550896959
11.52433	0.000892507	14.550896959
11.521410000000001	0.000892507	14.550896959
11.51699	0.000892507	14.550896959
11.512080000000001	0.000892507	14.550896959
11.5072	0.000892507	14.550896959
11.50305	0.000892507	14.550896959
11.4996	0.000892507	14.550896959
11.49743	0.000892507	14.550896959
11.49773	0.000892507	14.550896959
11.49762	0.000892507	14.550896959
11.49602	0.000892507	14.550896959
11.495239999999999	0.000892507	14.550896959
11.49283	0.000892507	14.550896959
11.49061	0.000892507	14.550896959
11.4905	0.000892507	14.550896959
11.489310000000001	0.000892507	14.550896959
11.48825	0.000892507	14.550896959
11.48939	0.000892507	14.550896959
11.48937	0.000892507	14.550896959
11.48746	0.000892507	14.550896959
11.48793	0.000892507	14.550896959
11.49	0.000892507	14.550896959
11.49307	0.000892507	14.550896959
11.4956	0.000892507	14.550896959
11.49819	0.000892507	14.550896959
11.50025	0.000892507	14.550896959
11.50355	0.000892507	14.550896959
11.50484	0.000892507	14.550896959
11.50382	0.000892507	14.550896959
11.50483	0.000892507	14.550896959
11.50312	0.000892507	14.550896959
11.50174	0.000892507	14.550896959
11.49739	0.000892507	14.550896959
11.494530000000001	0.000892507	14.550896959
11.4898	0.000892507	14.550896959
11.485430000000001	0.000892507	14.550896959
11.48072	0.000892507	14.550896959
11.47274	0.000892507	14.550896959
11.46467	0.000892507	14.550896959
11.45543	0.000892507	14.550896959
11.44641	0.000892507	14.550896959
11.4365	0.000892507	14.550896959
11.42756	0.000892507	14.550896959
11.41751	0.000892507	14.550896959
11.40808	0.000892507	14.550896959
11.3974	0.000892507	14.550896959
11.38754	0.000892507	14.550896959
11.37599	0.000892507	14.550896959
11.36544	0.000892507	14.550896959
11.35498	0.000892507	14.550896959
11.345460000000001	0.000892507	14.550896959
11.337760000000001	0.000892507	14.550896959
11.32827	0.000892507	14.550896959
11.32082	0.000892507	14.550896959
11.31628	0.000892507	14.550896959
11.31049	0.000892507	14.550896959
11.302	0.000892507	14.550896959
11.29631	0.000892507	14.550896959
11.2921	0.000892507	14.550896959
11.28969	0.000892507	14.550896959
11.289480000000001	0.000892507	14.550896959
11.28673	0.000892507	14.550896959
11.28527	0.000892507	14.550896959
11.28552	0.000892507	14.550896959
11.28704	0.000892507	14.550896959
11.28595	0.000892507	14.550896959
11.28289	0.000892507	14.550896959
11.27984	0.000892507	14.550896959
11.27834	0.000892507	14.550896959
11.27713	0.000892507	14.550896959
11.27793	0.000892507	14.550896959
11.27887	0.000892507	14.550896959
11.2808	0.000892507	14.550896959
11.28121	0.000892507	14.550896959
11.28305	0.000892507	14.550896959
11.2832	0.000892507	14.550896959
11.28346	0.000892507	14.550896959
11.282760000000001	0.000892507	14.550896959
11.27956	0.000892507	14.550896959
11.27691	0.000892507	14.550896959
11.2706	0.000892507	14.550896959
11.26323	0.000892507	14.550896959
11.25587	0.000892507	14.550896959
11.25005	0.000892507	14.550896959
11.24398	0.000892507	14.550896959
11.2376	0.000892507	14.550896959
11.22989	0.000892507	14.550896959
11.22281	0.000892507	14.550896959
11.21669	0.000892507	14.550896959
11.21167	0.000892507	14.550896959
11.2078	0.000892507	14.550896959
11.20219	0.000892507	14.550896959
11.19616	0.000892507	14.550896959
11.19176	0.000892507	14.550896959
11.18556	0.000892507	14.550896959
11.17935	0.000892507	14.550896959
11.17469	0.000892507	14.550896959
11.168	0.000892507	14.550896959
11.1625	0.000892507	14.550896959
11.15587	0.000892507	14.550896959
11.14894	0.000892507	14.550896959
11.1433	0.000892507	14.550896959
11.137739999999999	0.000892507	14.550896959
11.13246	0.000892507	14.550896959
11.12922	0.000892507	14.550896959
11.1262	0.000892507	14.550896959
11.12462	0.000892507	14.550896959
11.12383	0.000892507	14.550896959
11.1222	0.000892507	14.550896959
11.12066	0.000892507	14.550896959
11.11988	0.000892507	14.550896959
11.120339999999999	0.000892507	14.550896959
11.11841	0.000892507	14.550896959
11.11513	0.000892507	14.550896959
11.11224	0.000892507	14.550896959
11.1078	0.000892507	14.550896959
11.10384	0.000892507	14.550896959
11.104439999999999	0.000892507	14.550896959
11.102910000000001	0.000892507	14.550896959
11.10122	0.000892507	14.550896959
11.09838	0.000892507	14.550896959
11.09496	0.000892507	14.550896959
11.0923	0.000892507	14.550896959
11.0899	0.000892507	14.550896959
11.08644	0.000892507	14.550896959
11.08013	0.000892507	14.550896959
11.073139999999999	0.000892507	14.550896959
11.064589999999999	0.000892507	14.550896959
11.05755	0.000892507	14.550896959
11.047410000000001	0.000892507	14.550896959
11.03845	0.000892507	14.550896959
11.02763	0.000892507	14.550896959
11.01665	0.000892507	14.550896959
11.00849	0.000892507	14.550896959
11.00255	0.000892507	14.550896959
10.99669	0.000892507	14.550896959
10.98842	0.000892507	14.550896959
10.98321	0.000892507	14.550896959
10.97753	0.000892507	14.550896959
10.975480000000001	0.000892507	14.550896959
10.97135	0.000892507	14.550896959
10.96853	0.000892507	14.550896959
10.96839	0.000892507	14.550896959
10.964939999999999	0.000892507	14.550896959
10.96255	0.000892507	14.550896959
10.96011	0.000892507	14.550896959
10.95682	0.000892507	14.550896959
10.95326	0.000892507	14.550896959
10.9516	0.000892507	14.550896959
10.94977	0.000892507	14.550896959
10.949810000000001	0.000892507	14.550896959
10.94918	0.000892507	14.550896959
10.948739999999999	0.000892507	14.550896959
10.94712	0.000892507	14.550896959
10.9464	0.000892507	14.550896959
10.94352	0.000892507	14.550896959
10.941980000000001	0.000892507	14.550896959
10.93989	0.000892507	14.550896959
10.93768	0.000892507	14.550896959
10.9359	0.000892507	14.550896959
10.93547	0.000892507	14.550896959
10.93368	0.000892507	14.550896959
10.93162	0.000892507	14.550896959
10.929110000000001	0.000892507	14.550896959
10.92575	0.000892507	14.550896959
10.92124	0.000892507	14.550896959
10.91656	0.000892507	14.550896959
10.912239999999999	0.000892507	14.550896959
10.906410000000001	0.000892507	14.550896959
10.90038	0.000892507	14.550896959
10.897780000000001	0.000892507	14.550896959
10.894739999999999	0.000892507	14.550896959
10.8907	0.000892507	14.550896959
10.88764	0.000892507	14.550896959
10.8857	0.000892507	14.550896959
10.88551	0.000892507	14.550896959
10.88718	0.000892507	14.550896959
10.8876	0.000892507	14.550896959
10.88808	0.000892507	14.550896959
10.88809	0.000892507	14.550896959
10.88616	0.000892507	14.550896959
10.88572	0.000892507	14.550896959
10.88418	0.000892507	14.550896959
10.882019999999999	0.000892507	14.550896959
10.88231	0.000892507	14.550896959
10.88527	0.000892507	14.550896959
10.88897	0.000892507	14.550896959
10.89018	0.000892507	14.550896959
10.891689999999999	0.000892507	14.550896959
10.89242	0.000892507	14.550896959
10.89386	0.000892507	14.550896959
10.89304	0.000892507	14.550896959
10.89349	0.000892507	14.550896959
10.896469999999999	0.000892507	14.550896959
10.8989	0.000892507	14.550896959
10.900910000000001	0.000892507	14.550896959
10.90245	0.000892507	14.550896959
10.903739999999999	0.000892507	14.550896959
10.90507	0.000892507	14.550896959
10.90775	0.000892507	14.550896959
10.909989999999999	0.000892507	14.550896959
10.91238	0.000892507	14.550896959
10.917119999999999	0.000892507	14.550896959
10.92025	0.000892507	14.550896959
10.91982	0.000892507	14.550896959
10.918989999999999	0.000892507	14.550896959
10.9163	0.000892507	14.550896959
10.91272	0.000892507	14.550896959
10.91127	0.000892507	14.550896959
10.90652	0.000892507	14.550896959
10.90038	0.000892507	14.550896959
10.8956	0.000892507	14.550896959
10.88991	0.000892507	14.550896959
10.88536	0.000892507	14.550896959
10.88055	0.000892507	14.550896959
10.87781	0.000892507	14.550896959
10.878910000000001	0.000892507	14.550896959
10.881730000000001	0.000892507	14.550896959
10.884160000000001	0.000892507	14.550896959
10.88516	0.000892507	14.550896959
10.88422	0.000892507	14.550896959
10.88447	0.000892507	14.550896959
10.887960000000001	0.000892507	14.550896959
10.89109	0.000892507	14.550896959
10.89527	0.000892507	14.550896959
10.89948	0.000892507	14.550896959
10.902989999999999	0.000892507	14.550896959
10.904060000000001	0.000892507	14.550896959
10.90451	0.000892507	14.550896959
10.90587	0.000892507	14.550896959
10.90346	0.000892507	14.550896959
10.900780000000001	0.000892507	14.550896959
10.89878	0.000892507	14.550896959
10.89565	0.000892507	14.550896959
10.89085	0.000892507	14.550896959
10.88445	0.000892507	14.550896959
10.88035	0.000892507	14.550896959
10.8731	0.000892507	14.550896959
10.86845	0.000892507	14.550896959
10.86405	0.000892507	14.550896959
10.86239	0.000892507	14.550896959
10.86138	0.000892507	14.550896959
10.85968	0.000892507	14.550896959
10.8542	0.000892507	14.550896959
10.84687	0.000892507	14.550896959
10.8403	0.000892507	14.550896959
10.836960000000001	0.000892507	14.550896959
10.8338	0.000892507	14.550896959
10.83093	0.000892507	14.550896959
10.82668	0.000892507	14.550896959
10.82347	0.000892507	14.550896959
10.82116	0.000892507	14.550896959
10.819139999999999	0.000892507	14.550896959
10.81886	0.000892507	14.550896959
10.82057	0.000892507	14.550896959
10.8193	0.000892507	14.550896959
10.81794	0.000892507	14.550896959
10.81625	0.000892507	14.550896959
10.81557	0.000892507	14.550896959
10.81602	0.000892507	14.550896959
10.81378	0.000892507	14.550896959
10.81074	0.000892507	14.550896959
10.80921	0.000892507	14.550896959
10.80965	0.000892507	14.550896959
10.810030000000001	0.000892507	14.550896959
10.80995	0.000892507	14.550896959
10.8081	0.000892507	14.550896959
10.80542	0.000892507	14.550896959
10.805769999999999	0.000892507	14.550896959
10.80475	0.000892507	14.550896959
10.8049	0.000892507	14.550896959
10.80613	0.000892507	14.550896959
10.806389999999999	0.000892507	14.550896959
10.80621	0.000892507	14.550896959
10.80558	0.000892507	14.550896959
10.805489999999999	0.000892507	14.550896959
10.803239999999999	0.000892507	14.550896959
10.80037	0.000892507	14.550896959
10.796669999999999	0.000892507	14.550896959
10.79465	0.000892507	14.550896959
10.79115	0.000892507	14.550896959
10.78454	0.000892507	14.550896959
10.77835	0.000892507	14.550896959
10.773610000000001	0.000892507	14.550896959
10.76843	0.000892507	14.550896959
10.76436	0.000892507	14.550896959
10.75993	0.000892507	14.550896959
10.75408	0.000892507	14.550896959
10.74733	0.000892507	14.550896959
10.742510000000001	0.000892507	14.550896959
10.7368	0.000892507	14.550896959
10.73221	0.000892507	14.550896959
10.72954	0.000892507	14.550896959
10.72685	0.000892507	14.550896959
10.724680000000001	0.000892507	14.550896959
10.72054	0.000892507	14.550896959
10.71545	0.000892507	14.550896959
10.711139999999999	0.000892507	14.550896959
10.7057	0.000892507	14.550896959
10.69848	0.000892507	14.550896959
10.6902	0.000892507	14.550896959
10.67891	0.000892507	14.550896959
10.67021	0.000892507	14.550896959
10.6613	0.000892507	14.550896959
10.65433	0.000892507	14.550896959
10.64889	0.000892507	14.550896959
10.643130000000001	0.000892507	14.550896959
10.63947	0.000892507	14.550896959
10.63987	0.000892507	14.550896959
10.63832	0.000892507	14.550896959
10.640410000000001	0.000892507	14.550896959
10.63878	0.000892507	14.550896959
10.63668	0.000892507	14.550896959
10.63297	0.000892507	14.550896959
10.62848	0.000892507	14.550896959
10.62383	0.000892507	14.550896959
10.61905	0.000892507	14.550896959
10.614289999999999	0.000892507	14.550896959
10.6129	0.000892507	14.550896959
10.61241	0.000892507	14.550896959
10.60952	0.000892507	14.550896959
10.6067	0.000892507	14.550896959
10.606069999999999	0.000892507	14.550896959
10.60735	0.000892507	14.550896959
10.60902	0.000892507	14.550896959
10.60885	0.000892507	14.550896959
10.609639999999999	0.000892507	14.550896959
10.61068	0.000892507	14.550896959
10.61117	0.000892507	14.550896959
10.612210000000001	0.000892507	14.550896959
10.61628	0.000892507	14.550896959
10.61913	0.000892507	14.550896959
10.62369	0.000892507	14.550896959
10.628639999999999	0.000892507	14.550896959
10.6354	0.000892507	14.550896959
10.64002	0.000892507	14.550896959
10.64385	0.000892507	14.550896959
10.6455	0.000892507	14.550896959
10.64717	0.000892507	14.550896959
10.64759	0.000892507	14.550896959
10.64958	0.000892507	14.550896959
10.65124	0.000892507	14.550896959
10.652389999999999	0.000892507	14.550896959
10.65335	0.000892507	14.550896959
10.653789999999999	0.000892507	14.550896959
10.6542	0.000892507	14.550896959
10.65629	0.000892507	14.550896959
10.658430000000001	0.000892507	14.550896959
10.66158	0.000892507	14.550896959
10.6631	0.000892507	14.550896959
10.662989999999999	0.000892507	14.550896959
10.66182	0.000892507	14.550896959
10.66129	0.000892507	14.550896959
10.66047	0.000892507	14.550896959
10.656080000000001	0.000892507	14.550896959
10.65334	0.000892507	14.550896959
10.651760000000001	0.000892507	14.550896959
10.65076	0.000892507	14.550896959
10.650030000000001	0.000892507	14.550896959
10.64775	0.000892507	14.550896959
10.64728	0.000892507	14.550896959
10.647310000000001	0.000892507	14.550896959
10.64585	0.000892507	14.550896959
10.6447	0.000892507	14.550896959
10.64179	0.000892507	14.550896959
10.63834	0.000892507	14.550896959
10.63568	0.000892507	14.550896959
10.63193	0.000892507	14.550896959
10.6264	0.000892507	14.550896959
10.617389999999999	0.000892507	14.550896959
10.60944	0.000892507	14.550896959
10.60547	0.000892507	14.550896959
10.601230000000001	0.000892507	14.550896959
10.59653	0.000892507	14.550896959
10.59296	0.000892507	14.550896959
10.59172	0.000892507	14.550896959
10.59055	0.000892507	14.550896959
10.58736	0.000892507	14.550896959
10.58168	0.000892507	14.550896959
10.57693	0.000892507	14.550896959
10.57122	0.000892507	14.550896959
10.56507	0.000892507	14.550896959
10.557139999999999	0.000892507	14.550896959
10.5509	0.000892507	14.550896959
10.54544	0.000892507	14.550896959
10.54266	0.000892507	14.550896959
10.5401	0.000892507	14.550896959
10.53919	0.000892507	14.550896959
10.5401	0.000892507	14.550896959
10.54387	0.000892507	14.550896959
10.54447	0.000892507	14.550896959
10.54148	0.000892507	14.550896959
10.54182	0.000892507	14.550896959
10.542869999999999	0.000892507	14.550896959
10.542069999999999	0.000892507	14.550896959
10.53807	0.000892507	14.550896959
10.53551	0.000892507	14.550896959
10.53589	0.000892507	14.550896959
10.53732	0.000892507	14.550896959
10.53775	0.000892507	14.550896959
10.53588	0.000892507	14.550896959
10.533339999999999	0.000892507	14.550896959
10.531930000000001	0.000892507	14.550896959
10.5344	0.000892507	14.550896959
10.54058	0.000892507	14.550896959
10.54428	0.000892507	14.550896959
10.54556	0.000892507	14.550896959
10.54588	0.000892507	14.550896959
10.546	0.000892507	14.550896959
10.54706	0.000892507	14.550896959
10.5502	0.000892507	14.550896959
10.5528	0.000892507	14.550896959
10.556560000000001	0.000892507	14.550896959
10.55798	0.000892507	14.550896959
10.5605	0.000892507	14.550896959
10.5646	0.000892507	14.550896959
10.56807	0.000892507	14.550896959
10.57157	0.000892507	14.550896959
10.575280000000001	0.000892507	14.550896959
10.580060000000001	0.000892507	14.550896959
10.58803	0.000892507	14.550896959
10.59551	0.000892507	14.550896959
10.60336	0.000892507	14.550896959
10.61031	0.000892507	14.550896959
10.61855	0.000892507	14.550896959
10.62451	0.000892507	14.550896959
10.629769999999999	0.000892507	14.550896959
10.63388	0.000892507	14.550896959
10.63683	0.000892507	14.550896959
10.641630000000001	0.000892507	14.550896959
10.64574	0.000892507	14.550896959
10.64904	0.000892507	14.550896959
10.65345	0.000892507	14.550896959
10.65546	0.000892507	14.550896959
10.6551	0.000892507	14.550896959
10.65178	0.000892507	14.550896959
10.64665	0.000892507	14.550896959
10.64277	0.000892507	14.550896959
10.640830000000001	0.000892507	14.550896959
10.63809	0.000892507	14.550896959
10.63519	0.000892507	14.550896959
10.62928	0.000892507	14.550896959
10.621960000000001	0.000892507	14.550896959
10.61459	0.000892507	14.550896959
10.60665	0.000892507	14.550896959
10.600539999999999	0.000892507	14.550896959
10.59618	0.000892507	14.550896959
10.59136	0.000892507	14.550896959
10.58714	0.000892507	14.550896959
10.5844	0.000892507	14.550896959
10.583169999999999	0.000892507	14.550896959
10.58044	0.000892507	14.550896959
10.57995	0.000892507	14.550896959
10.57617	0.000892507	14.550896959
10.573319999999999	0.000892507	14.550896959
10.57108	0.000892507	14.550896959
10.56819	0.000892507	14.550896959
10.5651	0.000892507	14.550896959
10.56216	0.000892507	14.550896959
10.56075	0.000892507	14.550896959
10.5607	0.000892507	14.550896959
10.56295	0.000892507	14.550896959
10.566189999999999	0.000892507	14.550896959
10.56978	0.000892507	14.550896959
10.57205	0.000892507	14.550896959
10.57334	0.000892507	14.550896959
10.57382	0.000892507	14.550896959
10.57343	0.000892507	14.550896959
10.5744	0.000892507	14.550896959
10.57762	0.000892507	14.550896959
10.584539999999999	0.000892507	14.550896959
10.590019999999999	0.000892507	14.550896959
10.59662	0.000892507	14.550896959
10.60285	0.000892507	14.550896959
10.61021	0.000892507	14.550896959
10.6149	0.000892507	14.550896959
10.61979	0.000892507	14.550896959
10.625680000000001	0.000892507	14.550896959
10.62964	0.000892507	14.550896959
10.634789999999999	0.000892507	14.550896959
10.63899	0.000892507	14.550896959
10.64356	0.000892507	14.550896959
10.64732	0.000892507	14.550896959
10.650260000000001	0.000892507	14.550896959
10.65673	0.000892507	14.550896959
10.660919999999999	0.000892507	14.550896959
10.66634	0.000892507	14.550896959
10.67455	0.000892507	14.550896959
10.68136	0.000892507	14.550896959
10.687330000000001	0.000892507	14.550896959
10.6902	0.000892507	14.550896959
10.69323	0.000892507	14.550896959
10.6969	0.000892507	14.550896959
10.69868	0.000892507	14.550896959
10.702960000000001	0.000892507	14.550896959
10.71004	0.000892507	14.550896959
10.719330000000001	0.000892507	14.550896959
10.72768	0.000892507	14.550896959
10.73461	0.000892507	14.550896959
10.73858	0.000892507	14.550896959
10.74188	0.000892507	14.550896959
10.74419	0.000892507	14.550896959
10.74492	0.000892507	14.550896959
10.74432	0.000892507	14.550896959
10.74456	0.000892507	14.550896959
10.74734	0.000892507	14.550896959
10.74858	0.000892507	14.550896959
10.75255	0.000892507	14.550896959
10.75608	0.000892507	14.550896959
10.75868	0.000892507	14.550896959
10.762839999999999	0.000892507	14.550896959
10.76742	0.000892507	14.550896959
10.77005	0.000892507	14.550896959
10.77318	0.000892507	14.550896959
10.77769	0.000892507	14.550896959
10.78086	0.000892507	14.550896959
10.78478	0.000892507	14.550896959
10.78928	0.000892507	14.550896959
10.79164	0.000892507	14.550896959
10.7932	0.000892507	14.550896959
10.79532	0.000892507	14.550896959
10.79766	0.000892507	14.550896959
10.80048	0.000892507	14.550896959
10.802480000000001	0.000892507	14.550896959
10.80448	0.000892507	14.550896959
10.805639999999999	0.000892507	14.550896959
10.8065	0.000892507	14.550896959
10.808869999999999	0.000892507	14.550896959
10.81065	0.000892507	14.550896959
10.80977	0.000892507	14.550896959
10.80786	0.000892507	14.550896959
10.809	0.000892507	14.550896959
10.809330000000001	0.000892507	14.550896959
10.81067	0.000892507	14.550896959
10.81212	0.000892507	14.550896959
10.81322	0.000892507	14.550896959
10.812289999999999	0.000892507	14.550896959
10.81056	0.000892507	14.550896959
10.80883	0.000892507	14.550896959
10.80768	0.000892507	14.550896959
10.80669	0.000892507	14.550896959
10.80375	0.000892507	14.550896959
10.80038	0.000892507	14.550896959
10.79755	0.000892507	14.550896959
10.79538	0.000892507	14.550896959
10.79248	0.000892507	14.550896959
10.79283	0.000892507	14.550896959
10.79317	0.000892507	14.550896959
10.79284	0.000892507	14.550896959
10.79268	0.000892507	14.550896959
10.791319999999999	0.000892507	14.550896959
10.78651	0.000892507	14.550896959
10.78401	0.000892507	14.550896959
10.784289999999999	0.000892507	14.550896959
10.784880000000001	0.000892507	14.550896959
10.784180000000001	0.000892507	14.550896959
10.78318	0.000892507	14.550896959
10.783660000000001	0.000892507	14.550896959
10.78324	0.000892507	14.550896959
10.78143	0.000892507	14.550896959
10.780710000000001	0.000892507	14.550896959
10.77763	0.000892507	14.550896959
10.77487	0.000892507	14.550896959
10.7708	0.000892507	14.550896959
10.76685	0.000892507	14.550896959
10.76304	0.000892507	14.550896959
10.76032	0.000892507	14.550896959
10.75745	0.000892507	14.550896959
10.75354	0.000892507	14.550896959
10.74869	0.000892507	14.550896959
10.74325	0.000892507	14.550896959
10.73658	0.000892507	14.550896959
10.73058	0.000892507	14.550896959
10.72407	0.000892507	14.550896959
10.717889999999999	0.000892507	14.550896959
10.71308	0.000892507	14.550896959
10.70606	0.000892507	14.550896959
10.69563	0.000892507	14.550896959
10.6864	0.000892507	14.550896959
10.6794	0.000892507	14.550896959
10.67502	0.000892507	14.550896959
10.67141	0.000892507	14.550896959
10.66811	0.000892507	14.550896959
10.66586	0.000892507	14.550896959
10.66595	0.000892507	14.550896959
10.66742	0.000892507	14.550896959
10.66821	0.000892507	14.550896959
10.67147	0.000892507	14.550896959
10.6741	0.000892507	14.550896959
10.67729	0.000892507	14.550896959
10.68084	0.000892507	14.550896959
10.68533	0.000892507	14.550896959
10.691230000000001	0.000892507	14.550896959
10.6968	0.000892507	14.550896959
10.70249	0.000892507	14.550896959
10.70919	0.000892507	14.550896959
10.714089999999999	0.000892507	14.550896959
10.72087	0.000892507	14.550896959
10.72826	0.000892507	14.550896959
10.73355	0.000892507	14.550896959
10.73916	0.000892507	14.550896959
10.741539999999999	0.000892507	14.550896959
10.74429	0.000892507	14.550896959
10.74717	0.000892507	14.550896959
10.75037	0.000892507	14.550896959
10.75388	0.000892507	14.550896959
10.75933	0.000892507	14.550896959
10.763	0.000892507	14.550896959
10.76333	0.000892507	14.550896959
10.7599	0.000892507	14.550896959
10.757	0.000892507	14.550896959
10.7573	0.000892507	14.550896959
10.755560000000001	0.000892507	14.550896959
10.75876	0.000892507	14.550896959
10.76041	0.000892507	14.550896959
10.76164	0.000892507	14.550896959
10.76323	0.000892507	14.550896959
10.76411	0.000892507	14.550896959
10.7654	0.000892507	14.550896959
10.769	0.000892507	14.550896959
10.77397	0.000892507	14.550896959
10.77599	0.000892507	14.550896959
10.77735	0.000892507	14.550896959
10.77918	0.000892507	14.550896959
10.78368	0.000892507	14.550896959
10.78924	0.000892507	14.550896959
10.79172	0.000892507	14.550896959
10.7932	0.000892507	14.550896959
10.79466	0.000892507	14.550896959
10.79307	0.000892507	14.550896959
10.789719999999999	0.000892507	14.550896959
10.787980000000001	0.000892507	14.550896959
10.78553	0.000892507	14.550896959
10.780660000000001	0.000892507	14.550896959
10.7782	0.000892507	14.550896959
10.776660000000001	0.000892507	14.550896959
10.77471	0.000892507	14.550896959
10.77098	0.000892507	14.550896959
10.76978	0.000892507	14.550896959
10.76936	0.000892507	14.550896959
10.76868	0.000892507	14.550896959
10.7666	0.000892507	14.550896959
10.763530000000001	0.000892507	14.550896959
10.76027	0.000892507	14.550896959
10.75479	0.000892507	14.550896959
10.75274	0.000892507	14.550896959
10.75308	0.000892507	14.550896959
10.75345	0.000892507	14.550896959
10.75239	0.000892507	14.550896959
10.75145	0.000892507	14.550896959
10.74973	0.000892507	14.550896959
10.74723	0.000892507	14.550896959
10.74593	0.000892507	14.550896959
10.74427	0.000892507	14.550896959
10.744589999999999	0.000892507	14.550896959
10.74442	0.000892507	14.550896959
10.74388	0.000892507	14.550896959
10.744580000000001	0.000892507	14.550896959
10.74428	0.000892507	14.550896959
10.74363	0.000892507	14.550896959
10.74167	0.000892507	14.550896959
10.7415	0.000892507	14.550896959
10.73949	0.000892507	14.550896959
10.73364	0.000892507	14.550896959
10.72693	0.000892507	14.550896959
10.7232	0.000892507	14.550896959
10.71922	0.000892507	14.550896959
10.71595	0.000892507	14.550896959
10.71295	0.000892507	14.550896959
10.70784	0.000892507	14.550896959
10.70175	0.000892507	14.550896959
10.69782	0.000892507	14.550896959
10.694560000000001	0.000892507	14.550896959
10.69005	0.000892507	14.550896959
10.684439999999999	0.000892507	14.550896959
10.67864	0.000892507	14.550896959
10.67073	0.000892507	14.550896959
10.66411	0.000892507	14.550896959
10.65904	0.000892507	14.550896959
10.651110000000001	0.000892507	14.550896959
10.64311	0.000892507	14.550896959
10.63557	0.000892507	14.550896959
10.631730000000001	0.000892507	14.550896959
10.625680000000001	0.000892507	14.550896959
10.62144	0.000892507	14.550896959
10.61691	0.000892507	14.550896959
10.612219999999999	0.000892507	14.550896959
10.609580000000001	0.000892507	14.550896959
10.60322	0.000892507	14.550896959
10.59667	0.000892507	14.550896959
10.588389999999999	0.000892507	14.550896959
10.58089	0.000892507	14.550896959
10.57325	0.000892507	14.550896959
10.56559	0.000892507	14.550896959
10.558689999999999	0.000892507	14.550896959
10.55141	0.000892507	14.550896959
10.54759	0.000892507	14.550896959
10.54386	0.000892507	14.550896959
10.54125	0.000892507	14.550896959
10.5408	0.000892507	14.550896959
10.54017	0.000892507	14.550896959
10.538310000000001	0.000892507	14.550896959
10.53612	0.000892507	14.550896959
10.53236	0.000892507	14.550896959
10.529819999999999	0.000892507	14.550896959
10.52647	0.000892507	14.550896959
10.52341	0.000892507	14.550896959
10.522680000000001	0.000892507	14.550896959
10.52537	0.000892507	14.550896959
10.53017	0.000892507	14.550896959
10.53716	0.000892507	14.550896959
10.54155	0.000892507	14.550896959
10.54653	0.000892507	14.550896959
10.550310000000001	0.000892507	14.550896959
10.5526	0.000892507	14.550896959
10.55552	0.000892507	14.550896959
10.56052	0.000892507	14.550896959
10.56569	0.000892507	14.550896959
10.57281	0.000892507	14.550896959
10.58049	0.000892507	14.550896959
10.58784	0.000892507	14.550896959
10.5953	0.000892507	14.550896959
10.60162	0.000892507	14.550896959
10.60843	0.000892507	14.550896959
10.61404	0.000892507	14.550896959
10.61745	0.000892507	14.550896959
10.61871	0.000892507	14.550896959
10.621360000000001	0.000892507	14.550896959
10.6219	0.000892507	14.550896959
10.624239999999999	0.000892507	14.550896959
10.62703	0.000892507	14.550896959
10.63309	0.000892507	14.550896959
10.63839	0.000892507	14.550896959
10.64295	0.000892507	14.550896959
10.64697	0.000892507	14.550896959
10.65301	0.000892507	14.550896959
10.65472	0.000892507	14.550896959
10.65784	0.000892507	14.550896959
10.66052	0.000892507	14.550896959
10.66343	0.000892507	14.550896959
10.660730000000001	0.000892507	14.550896959
10.65757	0.000892507	14.550896959
10.65782	0.000892507	14.550896959
10.6581	0.000892507	14.550896959
10.65692	0.000892507	14.550896959
10.65545	0.000892507	14.550896959
10.65507	0.000892507	14.550896959
10.65351	0.000892507	14.550896959
10.65313	0.000892507	14.550896959
10.652339999999999	0.000892507	14.550896959
10.64846	0.000892507	14.550896959
10.64386	0.000892507	14.550896959
10.63827	0.000892507	14.550896959
10.63545	0.000892507	14.550896959
10.63295	0.000892507	14.550896959
10.62931	0.000892507	14.550896959
10.626560000000001	0.000892507	14.550896959
10.62412	0.000892507	14.550896959
10.62159	0.000892507	14.550896959
10.620339999999999	0.000892507	14.550896959
10.61669	0.000892507	14.550896959
10.612919999999999	0.000892507	14.550896959
10.60696	0.000892507	14.550896959
10.60067	0.000892507	14.550896959
10.596160000000001	0.000892507	14.550896959
10.59505	0.000892507	14.550896959
10.5946	0.000892507	14.550896959
10.59228	0.000892507	14.550896959
10.59135	0.000892507	14.550896959
10.59089	0.000892507	14.550896959
10.588330000000001	0.000892507	14.550896959
10.5867	0.000892507	14.550896959
10.58423	0.000892507	14.550896959
10.58273	0.000892507	14.550896959
10.58252	0.000892507	14.550896959
10.58262	0.000892507	14.550896959
10.58276	0.000892507	14.550896959
10.58276	0.000892507	14.550896959
10.586030000000001	0.000892507	14.550896959
10.58968	0.000892507	14.550896959
10.59559	0.000892507	14.550896959
10.60075	0.000892507	14.550896959
10.60765	0.000892507	14.550896959
10.615310000000001	0.000892507	14.550896959
10.62128	0.000892507	14.550896959
10.62572	0.000892507	14.550896959
10.63181	0.000892507	14.550896959
10.63918	0.000892507	14.550896959
10.64517	0.000892507	14.550896959
10.64945	0.000892507	14.550896959
10.65433	0.000892507	14.550896959
10.65709	0.000892507	14.550896959
10.66142	0.000892507	14.550896959
10.66443	0.000892507	14.550896959
10.66738	0.000892507	14.550896959
10.669830000000001	0.000892507	14.550896959
10.67155	0.000892507	14.550896959
10.67713	0.000892507	14.550896959
10.68419	0.000892507	14.550896959
10.68934	0.000892507	14.550896959
10.69387	0.000892507	14.550896959
10.698960000000001	0.000892507	14.550896959
10.7055	0.000892507	14.550896959
10.711739999999999	0.000892507	14.550896959
10.720360000000001	0.000892507	14.550896959
10.72963	0.000892507	14.550896959
10.73559	0.000892507	14.550896959
10.74138	0.000892507	14.550896959
10.74695	0.000892507	14.550896959
10.75126	0.000892507	14.550896959
10.75628	0.000892507	14.550896959
10.76147	0.000892507	14.550896959
10.767619999999999	0.000892507	14.550896959
10.77575	0.000892507	14.550896959
10.78396	0.000892507	14.550896959
10.79014	0.000892507	14.550896959
10.797880000000001	0.000892507	14.550896959
10.80503	0.000892507	14.550896959
10.81184	0.000892507	14.550896959
10.818060000000001	0.000892507	14.550896959
10.82247	0.000892507	14.550896959
10.82797	0.000892507	14.550896959
10.835510000000001	0.000892507	14.550896959
10.843810000000001	0.000892507	14.550896959
10.853710000000001	0.000892507	14.550896959
10.86347	0.000892507	14.550896959
10.87055	0.000892507	14.550896959
10.875810000000001	0.000892507	14.550896959
10.88208	0.000892507	14.550896959
10.88728	0.000892507	14.550896959
10.89039	0.000892507	14.550896959
10.89445	0.000892507	14.550896959
10.89738	0.000892507	14.550896959
10.90062	0.000892507	14.550896959
10.90305	0.000892507	14.550896959
10.907210000000001	0.000892507	14.550896959
10.911760000000001	0.000892507	14.550896959
10.91827	0.000892507	14.550896959
10.92375	0.000892507	14.550896959
10.92863	0.000892507	14.550896959
10.929969999999999	0.000892507	14.550896959
10.93017	0.000892507	14.550896959
10.92866	0.000892507	14.550896959
10.92735	0.000892507	14.550896959
10.92567	0.000892507	14.550896959
10.92056	0.000892507	14.550896959
10.91646	0.000892507	14.550896959
10.91405	0.000892507	14.550896959
10.9116	0.000892507	14.550896959
10.90745	0.000892507	14.550896959
10.90554	0.000892507	14.550896959
10.90352	0.000892507	14.550896959
10.898710000000001	0.000892507	14.550896959
10.89565	0.000892507	14.550896959
10.89226	0.000892507	14.550896959
10.88921	0.000892507	14.550896959
10.88535	0.000892507	14.550896959
10.881860000000001	0.000892507	14.550896959
10.87941	0.000892507	14.550896959
10.87688	0.000892507	14.550896959
10.87567	0.000892507	14.550896959
10.87509	0.000892507	14.550896959
10.87562	0.000892507	14.550896959
10.87768	0.000892507	14.550896959
10.88062	0.000892507	14.550896959
10.880419999999999	0.000892507	14.550896959
10.87773	0.000892507	14.550896959
10.878960000000001	0.000892507	14.550896959
10.88	0.000892507	14.550896959
10.87909	0.000892507	14.550896959
10.88005	0.000892507	14.550896959
10.87895	0.000892507	14.550896959
10.88077	0.000892507	14.550896959
10.88091	0.000892507	14.550896959
10.87935	0.000892507	14.550896959
10.87678	0.000892507	14.550896959
10.876389999999999	0.000892507	14.550896959
10.87478	0.000892507	14.550896959
10.87552	0.000892507	14.550896959
10.87625	0.000892507	14.550896959
10.88107	0.000892507	14.550896959
10.8852	0.000892507	14.550896959
10.88772	0.000892507	14.550896959
10.89123	0.000892507	14.550896959
10.894730000000001	0.000892507	14.550896959
10.89979	0.000892507	14.550896959
10.90511	0.000892507	14.550896959
10.9086	0.000892507	14.550896959
10.91243	0.000892507	14.550896959
10.91637	0.000892507	14.550896959
10.91959	0.000892507	14.550896959
10.925510000000001	0.000892507	14.550896959
10.93078	0.000892507	14.550896959
10.94031	0.000892507	14.550896959
10.945210000000001	0.000892507	14.550896959
10.95129	0.000892507	14.550896959
10.955630000000001	0.000892507	14.550896959
10.95842	0.000892507	14.550896959
10.963560000000001	0.000892507	14.550896959
10.96963	0.000892507	14.550896959
10.97298	0.000892507	14.550896959
10.977319999999999	0.000892507	14.550896959
10.98134	0.000892507	14.550896959
10.98682	0.000892507	14.550896959
10.99182	0.000892507	14.550896959
10.995439999999999	0.000892507	14.550896959
10.99842	0.000892507	14.550896959
11.001560000000001	0.000892507	14.550896959
11.00422	0.000892507	14.550896959
11.007439999999999	0.000892507	14.550896959
11.01267	0.000892507	14.550896959
11.01667	0.000892507	14.550896959
11.02243	0.000892507	14.550896959
11.02442	0.000892507	14.550896959
11.02463	0.000892507	14.550896959
11.02743	0.000892507	14.550896959
11.030389999999999	0.000892507	14.550896959
11.03311	0.000892507	14.550896959
11.03321	0.000892507	14.550896959
11.03355	0.000892507	14.550896959
11.034880000000001	0.000892507	14.550896959
11.039	0.000892507	14.550896959
11.044319999999999	0.000892507	14.550896959
11.04827	0.000892507	14.550896959
11.054210000000001	0.000892507	14.550896959
11.061169999999999	0.000892507	14.550896959
11.068710000000001	0.000892507	14.550896959
11.07451	0.000892507	14.550896959
11.078560000000001	0.000892507	14.550896959
11.08278	0.000892507	14.550896959
11.08768	0.000892507	14.550896959
11.093	0.000892507	14.550896959
11.096689999999999	0.000892507	14.550896959
11.101569999999999	0.000892507	14.550896959
11.10662	0.000892507	14.550896959
11.11076	0.000892507	14.550896959
11.1136	0.000892507	14.550896959
11.1145	0.000892507	14.550896959
11.11559	0.000892507	14.550896959
11.11538	0.000892507	14.550896959
11.115789999999999	0.000892507	14.550896959
11.11859	0.000892507	14.550896959
11.12038	0.000892507	14.550896959
11.117410000000001	0.000892507	14.550896959
11.1146	0.000892507	14.550896959
11.11205	0.000892507	14.550896959
11.10828	0.000892507	14.550896959
11.10517	0.000892507	14.550896959
11.102	0.000892507	14.550896959
11.0977	0.000892507	14.550896959
11.09172	0.000892507	14.550896959
11.08849	0.000892507	14.550896959
11.08511	0.000892507	14.550896959
11.0818	0.000892507	14.550896959
11.07802	0.000892507	14.550896959
11.0745	0.000892507	14.550896959
11.07133	0.000892507	14.550896959
11.06887	0.000892507	14.550896959
11.06831	0.000892507	14.550896959
11.06522	0.000892507	14.550896959
11.064680000000001	0.000892507	14.550896959
11.064039999999999	0.000892507	14.550896959
11.064789999999999	0.000892507	14.550896959
11.064010000000001	0.000892507	14.550896959
11.062489999999999	0.000892507	14.550896959
11.06285	0.000892507	14.550896959
