10.311539999999999	0.007140057	13.228088144
10.31423	0.007140057	13.228088144
10.31853	0.007140057	13.228088144
10.32201	0.007140057	13.228088144
10.3237	0.007140057	13.228088144
10.32465	0.007140057	13.228088144
10.323889999999999	0.007140057	13.228088144
10.325560000000001	0.007140057	13.228088144
10.32812	0.007140057	13.228088144
10.33025	0.007140057	13.228088144
10.33388	0.007140057	13.228088144
10.33655	0.007140057	13.228088144
10.34024	0.007140057	13.228088144
10.34365	0.007140057	13.228088144
10.34785	0.007140057	13.228088144
10.35174	0.007140057	13.228088144
10.356810000000001	0.007140057	13.228088144
10.36416	0.007140057	13.228088144
10.37452	0.007140057	13.228088144
10.384780000000001	0.007140057	13.228088144
10.39456	0.007140057	13.228088144
10.403089999999999	0.007140057	13.228088144
10.40833	0.007140057	13.228088144
10.41639	0.007140057	13.228088144
10.42442	0.007140057	13.228088144
10.433	0.007140057	13.228088144
10.44294	0.007140057	13.228088144
10.45427	0.007140057	13.228088144
10.46562	0.007140057	13.228088144
10.4761	0.007140057	13.228088144
10.483369999999999	0.007140057	13.228088144
10.493	0.007140057	13.228088144
10.50024	0.007140057	13.228088144
10.50658	0.007140057	13.228088144
10.51261	0.007140057	13.228088144
10.51716	0.007140057	13.228088144
10.52397	0.007140057	13.228088144
10.53017	0.007140057	13.228088144
10.53797	0.007140057	13.228088144
10.54549	0.007140057	13.228088144
10.55071	0.007140057	13.228088144
10.55428	0.007140057	13.228088144
10.55851	0.007140057	13.228088144
10.563360000000001	0.007140057	13.228088144
10.57105	0.007140057	13.228088144
10.57976	0.007140057	13.228088144
10.589039999999999	0.007140057	13.228088144
10.60015	0.007140057	13.228088144
10.610330000000001	0.007140057	13.228088144
10.62008	0.007140057	13.228088144
10.6282	0.007140057	13.228088144
10.635530000000001	0.007140057	13.228088144
10.63977	0.007140057	13.228088144
10.642619999999999	0.007140057	13.228088144
10.645669999999999	0.007140057	13.228088144
10.6484	0.007140057	13.228088144
10.64963	0.007140057	13.228088144
10.65249	0.007140057	13.228088144
10.65488	0.007140057	13.228088144
10.65451	0.007140057	13.228088144
10.65555	0.007140057	13.228088144
10.65585	0.007140057	13.228088144
10.6555	0.007140057	13.228088144
10.6547	0.007140057	13.228088144
10.65548	0.007140057	13.228088144
10.65886	0.007140057	13.228088144
10.66269	0.007140057	13.228088144
10.66463	0.007140057	13.228088144
10.664660000000001	0.007140057	13.228088144
10.66788	0.007140057	13.228088144
10.67117	0.007140057	13.228088144
10.675189999999999	0.007140057	13.228088144
10.68212	0.007140057	13.228088144
10.68984	0.007140057	13.228088144
10.69732	0.007140057	13.228088144
10.70159	0.007140057	13.228088144
10.702760000000001	0.007140057	13.228088144
10.70321	0.007140057	13.228088144
10.70319	0.007140057	13.228088144
10.70502	0.007140057	13.228088144
10.70432	0.007140057	13.228088144
10.701369999999999	0.007140057	13.228088144
10.701089999999999	0.007140057	13.228088144
10.7031	0.007140057	13.228088144
10.704880000000001	0.007140057	13.228088144
10.70778	0.007140057	13.228088144
10.71136	0.007140057	13.228088144
10.715119999999999	0.007140057	13.228088144
10.71598	0.007140057	13.228088144
10.71599	0.007140057	13.228088144
10.71687	0.007140057	13.228088144
10.718069999999999	0.007140057	13.228088144
10.720239999999999	0.007140057	13.228088144
10.725589999999999	0.007140057	13.228088144
10.73242	0.007140057	13.228088144
10.73992	0.007140057	13.228088144
10.74639	0.007140057	13.228088144
10.75365	0.007140057	13.228088144
10.75665	0.007140057	13.228088144
10.7594	0.007140057	13.228088144
10.76281	0.007140057	13.228088144
10.76459	0.007140057	13.228088144
10.76678	0.007140057	13.228088144
10.76896	0.007140057	13.228088144
10.77239	0.007140057	13.228088144
10.77763	0.007140057	13.228088144
10.78247	0.007140057	13.228088144
10.78619	0.007140057	13.228088144
10.789069999999999	0.007140057	13.228088144
10.79205	0.007140057	13.228088144
10.79338	0.007140057	13.228088144
10.79747	0.007140057	13.228088144
10.80414	0.007140057	13.228088144
10.81137	0.007140057	13.228088144
10.81817	0.007140057	13.228088144
10.825239999999999	0.007140057	13.228088144
10.83207	0.007140057	13.228088144
10.83897	0.007140057	13.228088144
10.84563	0.007140057	13.228088144
10.851989999999999	0.007140057	13.228088144
10.85795	0.007140057	13.228088144
10.864930000000001	0.007140057	13.228088144
10.87162	0.007140057	13.228088144
10.87579	0.007140057	13.228088144
10.87756	0.007140057	13.228088144
10.87711	0.007140057	13.228088144
10.87743	0.007140057	13.228088144
10.880469999999999	0.007140057	13.228088144
10.883460000000001	0.007140057	13.228088144
10.887139999999999	0.007140057	13.228088144
10.89274	0.007140057	13.228088144
10.89746	0.007140057	13.228088144
10.90306	0.007140057	13.228088144
10.90686	0.007140057	13.228088144
10.9104	0.007140057	13.228088144
10.91136	0.007140057	13.228088144
10.91334	0.007140057	13.228088144
10.91715	0.007140057	13.228088144
10.920819999999999	0.007140057	13.228088144
10.92469	0.007140057	13.228088144
10.926810000000001	0.007140057	13.228088144
10.92993	0.007140057	13.228088144
10.931410000000001	0.007140057	13.228088144
10.930769999999999	0.007140057	13.228088144
10.93164	0.007140057	13.228088144
10.93113	0.007140057	13.228088144
10.93021	0.007140057	13.228088144
10.93175	0.007140057	13.228088144
10.93285	0.007140057	13.228088144
10.93685	0.007140057	13.228088144
10.942789999999999	0.007140057	13.228088144
10.94924	0.007140057	13.228088144
10.9562	0.007140057	13.228088144
10.964960000000001	0.007140057	13.228088144
10.97067	0.007140057	13.228088144
10.97575	0.007140057	13.228088144
10.98515	0.007140057	13.228088144
10.99417	0.007140057	13.228088144
11.00473	0.007140057	13.228088144
11.01782	0.007140057	13.228088144
11.03233	0.007140057	13.228088144
11.04539	0.007140057	13.228088144
11.05978	0.007140057	13.228088144
11.07306	0.007140057	13.228088144
11.08693	0.007140057	13.228088144
11.101569999999999	0.007140057	13.228088144
11.12096	0.007140057	13.228088144
11.139389999999999	0.007140057	13.228088144
11.156260000000001	0.007140057	13.228088144
11.17262	0.007140057	13.228088144
11.18707	0.007140057	13.228088144
11.19961	0.007140057	13.228088144
11.212060000000001	0.007140057	13.228088144
11.22328	0.007140057	13.228088144
11.233319999999999	0.007140057	13.228088144
11.241710000000001	0.007140057	13.228088144
11.24993	0.007140057	13.228088144
11.2573	0.007140057	13.228088144
11.26713	0.007140057	13.228088144
11.27817	0.007140057	13.228088144
11.28593	0.007140057	13.228088144
11.29595	0.007140057	13.228088144
11.305769999999999	0.007140057	13.228088144
11.31405	0.007140057	13.228088144
11.32205	0.007140057	13.228088144
11.33192	0.007140057	13.228088144
11.34099	0.007140057	13.228088144
11.3502	0.007140057	13.228088144
11.356910000000001	0.007140057	13.228088144
11.36197	0.007140057	13.228088144
11.3669	0.007140057	13.228088144
11.37301	0.007140057	13.228088144
11.38136	0.007140057	13.228088144
11.38814	0.007140057	13.228088144
11.39462	0.007140057	13.228088144
11.400830000000001	0.007140057	13.228088144
11.4045	0.007140057	13.228088144
11.40677	0.007140057	13.228088144
11.40816	0.007140057	13.228088144
11.40923	0.007140057	13.228088144
11.4098	0.007140057	13.228088144
11.41228	0.007140057	13.228088144
11.41566	0.007140057	13.228088144
11.42032	0.007140057	13.228088144
11.42581	0.007140057	13.228088144
11.43003	0.007140057	13.228088144
11.43237	0.007140057	13.228088144
11.43615	0.007140057	13.228088144
11.44064	0.007140057	13.228088144
11.44588	0.007140057	13.228088144
11.4501	0.007140057	13.228088144
11.45415	0.007140057	13.228088144
11.46181	0.007140057	13.228088144
11.46852	0.007140057	13.228088144
11.4761	0.007140057	13.228088144
11.48707	0.007140057	13.228088144
11.49916	0.007140057	13.228088144
11.513060000000001	0.007140057	13.228088144
11.5241	0.007140057	13.228088144
11.5347	0.007140057	13.228088144
11.54369	0.007140057	13.228088144
11.5544	0.007140057	13.228088144
11.56819	0.007140057	13.228088144
11.58336	0.007140057	13.228088144
11.5984	0.007140057	13.228088144
11.61322	0.007140057	13.228088144
11.6301	0.007140057	13.228088144
11.64504	0.007140057	13.228088144
11.659180000000001	0.007140057	13.228088144
11.67126	0.007140057	13.228088144
11.68782	0.007140057	13.228088144
11.704830000000001	0.007140057	13.228088144
11.72288	0.007140057	13.228088144
11.737910000000001	0.007140057	13.228088144
11.75366	0.007140057	13.228088144
11.76855	0.007140057	13.228088144
11.78588	0.007140057	13.228088144
11.803469999999999	0.007140057	13.228088144
11.8235	0.007140057	13.228088144
11.84008	0.007140057	13.228088144
11.85588	0.007140057	13.228088144
11.87314	0.007140057	13.228088144
11.89012	0.007140057	13.228088144
11.907210000000001	0.007140057	13.228088144
11.92116	0.007140057	13.228088144
11.93459	0.007140057	13.228088144
11.94762	0.007140057	13.228088144
11.9597	0.007140057	13.228088144
11.968589999999999	0.007140057	13.228088144
11.9789	0.007140057	13.228088144
11.99233	0.007140057	13.228088144
12.00641	0.007140057	13.228088144
12.01951	0.007140057	13.228088144
12.03388	0.007140057	13.228088144
12.04603	0.007140057	13.228088144
12.05658	0.007140057	13.228088144
12.06813	0.007140057	13.228088144
12.08089	0.007140057	13.228088144
12.0943	0.007140057	13.228088144
12.109169999999999	0.007140057	13.228088144
12.121780000000001	0.007140057	13.228088144
12.13543	0.007140057	13.228088144
12.149189999999999	0.007140057	13.228088144
12.16339	0.007140057	13.228088144
12.1762	0.007140057	13.228088144
12.18971	0.007140057	13.228088144
12.2045	0.007140057	13.228088144
12.21948	0.007140057	13.228088144
12.23376	0.007140057	13.228088144
12.24935	0.007140057	13.228088144
12.26167	0.007140057	13.228088144
12.27321	0.007140057	13.228088144
12.28303	0.007140057	13.228088144
12.294939999999999	0.007140057	13.228088144
12.30715	0.007140057	13.228088144
12.32099	0.007140057	13.228088144
12.33305	0.007140057	13.228088144
12.34683	0.007140057	13.228088144
12.36145	0.007140057	13.228088144
12.37427	0.007140057	13.228088144
12.38463	0.007140057	13.228088144
12.39488	0.007140057	13.228088144
12.40652	0.007140057	13.228088144
12.419189999999999	0.007140057	13.228088144
12.42793	0.007140057	13.228088144
12.43549	0.007140057	13.228088144
12.44326	0.007140057	13.228088144
12.451039999999999	0.007140057	13.228088144
12.4602	0.007140057	13.228088144
12.470239999999999	0.007140057	13.228088144
12.47516	0.007140057	13.228088144
12.48367	0.007140057	13.228088144
12.493160000000001	0.007140057	13.228088144
12.50433	0.007140057	13.228088144
12.512319999999999	0.007140057	13.228088144
12.521230000000001	0.007140057	13.228088144
12.53041	0.007140057	13.228088144
12.53853	0.007140057	13.228088144
12.54519	0.007140057	13.228088144
12.55424	0.007140057	13.228088144
12.559330000000001	0.007140057	13.228088144
12.56458	0.007140057	13.228088144
12.568019999999999	0.007140057	13.228088144
12.57019	0.007140057	13.228088144
12.575239999999999	0.007140057	13.228088144
12.57801	0.007140057	13.228088144
12.58234	0.007140057	13.228088144
12.58988	0.007140057	13.228088144
12.59689	0.007140057	13.228088144
12.60542	0.007140057	13.228088144
12.61086	0.007140057	13.228088144
12.61702	0.007140057	13.228088144
12.6262	0.007140057	13.228088144
12.63541	0.007140057	13.228088144
12.64441	0.007140057	13.228088144
12.65238	0.007140057	13.228088144
12.65966	0.007140057	13.228088144
12.66426	0.007140057	13.228088144
12.66657	0.007140057	13.228088144
12.66877	0.007140057	13.228088144
12.66972	0.007140057	13.228088144
12.67045	0.007140057	13.228088144
12.67163	0.007140057	13.228088144
12.67185	0.007140057	13.228088144
12.67048	0.007140057	13.228088144
12.67008	0.007140057	13.228088144
12.67023	0.007140057	13.228088144
12.668619999999999	0.007140057	13.228088144
12.66788	0.007140057	13.228088144
12.67172	0.007140057	13.228088144
12.674560000000001	0.007140057	13.228088144
12.67797	0.007140057	13.228088144
12.6796	0.007140057	13.228088144
12.681389999999999	0.007140057	13.228088144
12.68125	0.007140057	13.228088144
12.68309	0.007140057	13.228088144
12.68639	0.007140057	13.228088144
12.69317	0.007140057	13.228088144
12.699119999999999	0.007140057	13.228088144
12.701139999999999	0.007140057	13.228088144
12.69872	0.007140057	13.228088144
12.697610000000001	0.007140057	13.228088144
12.69699	0.007140057	13.228088144
12.69367	0.007140057	13.228088144
12.69207	0.007140057	13.228088144
12.69031	0.007140057	13.228088144
12.69011	0.007140057	13.228088144
12.692269999999999	0.007140057	13.228088144
12.69319	0.007140057	13.228088144
12.69629	0.007140057	13.228088144
12.70055	0.007140057	13.228088144
12.70219	0.007140057	13.228088144
12.70429	0.007140057	13.228088144
12.704180000000001	0.007140057	13.228088144
12.7048	0.007140057	13.228088144
12.7055	0.007140057	13.228088144
12.70497	0.007140057	13.228088144
12.704989999999999	0.007140057	13.228088144
12.70677	0.007140057	13.228088144
12.70726	0.007140057	13.228088144
12.70898	0.007140057	13.228088144
12.710139999999999	0.007140057	13.228088144
12.71101	0.007140057	13.228088144
12.70965	0.007140057	13.228088144
12.706719999999999	0.007140057	13.228088144
12.70422	0.007140057	13.228088144
12.7051	0.007140057	13.228088144
12.70551	0.007140057	13.228088144
12.708260000000001	0.007140057	13.228088144
12.70847	0.007140057	13.228088144
12.71105	0.007140057	13.228088144
12.71312	0.007140057	13.228088144
12.713519999999999	0.007140057	13.228088144
12.7132	0.007140057	13.228088144
12.71168	0.007140057	13.228088144
12.70983	0.007140057	13.228088144
12.7102	0.007140057	13.228088144
12.705910000000001	0.007140057	13.228088144
12.70076	0.007140057	13.228088144
12.69501	0.007140057	13.228088144
12.69019	0.007140057	13.228088144
12.68582	0.007140057	13.228088144
12.678180000000001	0.007140057	13.228088144
12.67118	0.007140057	13.228088144
12.664710000000001	0.007140057	13.228088144
12.65975	0.007140057	13.228088144
12.65307	0.007140057	13.228088144
12.64938	0.007140057	13.228088144
12.64405	0.007140057	13.228088144
12.63822	0.007140057	13.228088144
12.634030000000001	0.007140057	13.228088144
12.63229	0.007140057	13.228088144
12.630339999999999	0.007140057	13.228088144
12.63057	0.007140057	13.228088144
12.63377	0.007140057	13.228088144
12.63686	0.007140057	13.228088144
12.63604	0.007140057	13.228088144
12.63413	0.007140057	13.228088144
12.63232	0.007140057	13.228088144
12.63135	0.007140057	13.228088144
12.63384	0.007140057	13.228088144
12.63706	0.007140057	13.228088144
12.63795	0.007140057	13.228088144
12.638069999999999	0.007140057	13.228088144
12.6386	0.007140057	13.228088144
12.6392	0.007140057	13.228088144
12.64082	0.007140057	13.228088144
12.642710000000001	0.007140057	13.228088144
12.6435	0.007140057	13.228088144
12.642669999999999	0.007140057	13.228088144
12.63952	0.007140057	13.228088144
12.63524	0.007140057	13.228088144
12.63318	0.007140057	13.228088144
12.6305	0.007140057	13.228088144
12.6264	0.007140057	13.228088144
12.62168	0.007140057	13.228088144
12.61656	0.007140057	13.228088144
12.611260000000001	0.007140057	13.228088144
12.60525	0.007140057	13.228088144
12.60145	0.007140057	13.228088144
12.596219999999999	0.007140057	13.228088144
12.592139999999999	0.007140057	13.228088144
12.5875	0.007140057	13.228088144
12.584769999999999	0.007140057	13.228088144
12.58135	0.007140057	13.228088144
12.57773	0.007140057	13.228088144
12.57199	0.007140057	13.228088144
12.56587	0.007140057	13.228088144
12.55808	0.007140057	13.228088144
12.55214	0.007140057	13.228088144
12.55025	0.007140057	13.228088144
12.54815	0.007140057	13.228088144
12.54699	0.007140057	13.228088144
12.54616	0.007140057	13.228088144
12.54285	0.007140057	13.228088144
12.537889999999999	0.007140057	13.228088144
12.534	0.007140057	13.228088144
12.52961	0.007140057	13.228088144
12.52784	0.007140057	13.228088144
12.52553	0.007140057	13.228088144
12.52233	0.007140057	13.228088144
12.5205	0.007140057	13.228088144
12.51777	0.007140057	13.228088144
12.51401	0.007140057	13.228088144
12.50939	0.007140057	13.228088144
12.50755	0.007140057	13.228088144
12.50493	0.007140057	13.228088144
12.50385	0.007140057	13.228088144
12.50428	0.007140057	13.228088144
12.50279	0.007140057	13.228088144
12.50207	0.007140057	13.228088144
12.50297	0.007140057	13.228088144
12.50571	0.007140057	13.228088144
12.51266	0.007140057	13.228088144
12.51576	0.007140057	13.228088144
12.51954	0.007140057	13.228088144
12.52621	0.007140057	13.228088144
12.5323	0.007140057	13.228088144
12.53867	0.007140057	13.228088144
12.54375	0.007140057	13.228088144
12.548119999999999	0.007140057	13.228088144
