   4.63466666666667       1.699574186992902E-008
   4.70400000000000       1.694885128155024E-008
   4.77333333333333       1.688715836562529E-008
   4.84266666666667       1.680611778329761E-008
   4.91200000000000       1.670032589500754E-008
   4.98133333333333       1.656361702922106E-008
   5.05066666666667       1.638932155894864E-008
   5.12000000000000       1.617074051184273E-008
   5.18933333333333       1.590187659515192E-008
   5.25866666666667       1.557842196140001E-008
   5.32800000000000       1.519893308387640E-008
   5.39733333333333       1.476602667144909E-008
   5.46666666666667       1.428732821392147E-008
   5.53600000000000       1.377583636058892E-008
   5.60533333333333       1.324938251091091E-008
   5.67466666666667       1.272900429332615E-008
   5.74400000000000       1.223631036738259E-008
   5.81333333333333       1.179022785441592E-008
   5.88266666666667       1.140378147933768E-008
   5.95200000000000       1.108164611956470E-008
   6.02133333333333       1.081909276081457E-008
   6.09066666666667       1.060264138388754E-008
   6.16000000000000       1.041224100741712E-008
   6.22933333333333       1.022404896157488E-008
   6.29866666666667       1.002880135121571E-008
   6.36800000000000       1.016320713335246E-008
   6.43733333333333       1.336877294049968E-008
   6.50666666666667       2.631460388106398E-008
   6.57600000000000       4.636617392849765E-008
   6.64533333333333       5.306729849385267E-008
   6.71466666666667       3.809669927407050E-008
   6.78400000000000       1.886238155685740E-008
   6.85333333333333       9.903840836032632E-009
   6.92266666666667       8.135975839660754E-009
   6.99200000000000       8.092515689355505E-009
   7.06133333333333       8.276999569200792E-009
   7.13066666666667       8.535312116098356E-009
   7.20000000000000       8.865979027935168E-009
   7.26933333333333       9.307250481019403E-009
   7.33866666666667       9.941737799855013E-009
   7.40800000000000       1.086034694117569E-008
   7.47733333333333       1.206683913644085E-008
   7.54666666666667       1.336981457577808E-008
   7.61600000000000       1.436780769805544E-008
   7.68533333333333       1.460348434404883E-008
   7.75466666666667       1.382876310266037E-008
   7.82400000000000       1.219720765512411E-008
   7.89333333333333       1.022177876353484E-008
   7.96266666666667       8.515583805208935E-009
   8.03200000000000       7.509728771137917E-009
   8.10133333333333       7.323295779376893E-009
   8.17066666666667       7.787125354955922E-009
   8.24000000000000       8.549507982763339E-009
   8.30933333333333       9.234291237695471E-009
   8.37866666666667       9.591598606432446E-009
   8.44800000000000       9.554025653103854E-009
   8.51733333333333       9.193285590987771E-009
   8.58666666666667       8.642282320800326E-009
   8.65600000000000       8.034303901154420E-009
   8.72533333333333       7.472104004234664E-009
   8.79466666666667       7.019914703208221E-009
   8.86400000000000       6.709050733537361E-009
   8.93333333333333       6.549752859105901E-009
   9.00266666666667       6.541978625879204E-009
   9.07200000000000       6.677180986094884E-009
   9.14133333333333       6.927346153492369E-009
   9.21066666666667       7.229433274971357E-009
   9.28000000000000       7.484306190275300E-009
   9.34933333333333       7.583949464427790E-009
   9.41866666666667       7.457092354475537E-009
   9.48800000000000       7.102301467900435E-009
   9.55733333333333       6.582993042766921E-009
   9.62666666666667       5.988635442790044E-009
   9.69600000000000       5.392363178967293E-009
   9.76533333333333       4.832928914554030E-009
   9.83466666666667       4.323880952350442E-009
   9.90400000000000       3.871991104192784E-009
   9.97333333333333       3.487299539779281E-009
   10.0426666666667       3.181091067457404E-009
   10.1120000000000       2.958915370771468E-009
   10.1813333333333       2.816614156218633E-009
   10.2506666666667       2.742314073354712E-009
   10.3200000000000       2.722436009986456E-009
   10.3893333333333       2.748597603212895E-009
   10.4586666666667       2.830546211130072E-009
   10.5280000000000       3.054853334195639E-009
   10.5973333333333       3.786633726731981E-009
   10.6666666666667       5.994116763758100E-009
   10.7360000000000       1.105349588281927E-008
   10.8053333333333       1.914304128528329E-008
   10.8746666666667       2.744364302008121E-008
   10.9440000000000       3.131128715177260E-008
   11.0133333333333       2.830729823097186E-008
   11.0826666666667       2.060719542145670E-008
   11.1520000000000       1.288008853283493E-008
   11.2213333333333       8.167369666575562E-009
   11.2906666666667       6.434330433015194E-009
   11.3600000000000       6.308599464229553E-009
   11.4293333333333       6.804005828673962E-009
   11.4986666666667       7.595730280108080E-009
   11.5680000000000       8.705873597149087E-009
   11.6373333333333       1.026285546685352E-008
   11.7066666666667       1.234516061600279E-008
   11.7760000000000       1.485908153995268E-008
   11.8453333333333       1.752140540829252E-008
   11.9146666666667       1.998719885883867E-008
   11.9840000000000       2.202191378121536E-008
   12.0533333333333       2.356646859843013E-008
   12.1226666666667       2.465198336896060E-008
   12.1920000000000       2.526110500439224E-008
   12.2613333333333       2.526919284271931E-008
   12.3306666666667       2.452082178590403E-008
   12.4000000000000       2.298691231789244E-008
   12.4693333333333       2.088586260851350E-008
   12.5386666666667       1.866991195367761E-008
   12.6080000000000       1.686332283345952E-008
   12.6773333333333       1.584576176539530E-008
   12.7466666666667       1.572415569811501E-008
   12.8160000000000       1.636869987016621E-008
   12.8853333333333       1.755374961512160E-008
   12.9546666666667       1.907868399196312E-008
   13.0240000000000       2.079968747510348E-008
   13.0933333333333       2.259268063972708E-008
   13.1626666666667       2.430428059168782E-008
   13.2320000000000       2.573753897541765E-008
   13.3013333333333       2.670162407126655E-008
   13.3706666666667       2.713583325007692E-008
   13.4400000000000       2.727246070632908E-008
   13.5093333333333       2.772288440050077E-008
   13.5786666666667       2.933449918534281E-008
   13.6480000000000       3.280030190170860E-008
   13.7173333333333       3.825931467837817E-008
   13.7866666666667       4.519663410412910E-008
   13.8560000000000       5.269111130837015E-008
   13.9253333333333       5.977369980295904E-008
   13.9946666666667       6.565356482458081E-008
   14.0640000000000       6.975029519165622E-008
   14.1333333333333       7.162122203367045E-008
   14.2026666666667       7.095687668320630E-008
   14.2720000000000       6.791653248683315E-008
   14.3413333333333       6.409141029860965E-008
   14.4106666666667       6.364414165713621E-008
   14.4800000000000       7.220942886964476E-008
   14.5493333333333       9.166433426505539E-008
   14.6186666666667       1.163255621373376E-007
   14.6880000000000       1.373634815972502E-007
   14.7573333333333       1.494790532317177E-007
   14.8266666666667       1.522710937247160E-007
   14.8960000000000       1.483764011087582E-007
   14.9653333333333       1.419245227816000E-007
