    170.00000000     11.30335      0.00000      0.00000      0.00000      0.00000
    170.50000000     11.29521      0.00000      0.00000      0.00000      0.00000
    171.00000000     11.28750      0.00000      0.00000      0.00000      0.00000
    171.50000000     11.28011      0.00000      0.00000      0.00000      0.00000
    172.00000000     11.27402      0.00000      0.00000      0.00000      0.00000
    172.50000000     11.26688      0.00000      0.00000      0.00000      0.00000
    173.00000000     11.26072      0.00000      0.00000      0.00000      0.00000
    173.50000000     11.25377      0.00000      0.00000      0.00000      0.00000
    174.00000000     11.24682      0.00000      0.00000      0.00000      0.00000
    174.50000000     11.24005      0.00000      0.00000      0.00000      0.00000
    175.00000000     11.23411      0.00000      0.00000      0.00000      0.00000
    175.50000000     11.22743      0.00000      0.00000      0.00000      0.00000
    176.00000000     11.22369      0.00000      0.00000      0.00000      0.00000
    176.50000000     11.22092      0.00000      0.00000      0.00000      0.00000
    177.00000000     11.21695      0.00000      0.00000      0.00000      0.00000
    177.50000000     11.21460      0.00000      0.00000      0.00000      0.00000
    178.00000000     11.20993      0.00000      0.00000      0.00000      0.00000
    178.50000000     11.20498      0.00000      0.00000      0.00000      0.00000
    179.00000000     11.19836      0.00000      0.00000      0.00000      0.00000
    179.50000000     11.19282      0.00000      0.00000      0.00000      0.00000
    180.00000000     11.18978      0.00000      0.00000      0.00000      0.00000
    180.50000000     11.18496      0.00000      0.00000      0.00000      0.00000
    181.00000000     11.17892      0.00000      0.00000      0.00000      0.00000
    181.50000000     11.17261      0.00000      0.00000      0.00000      0.00000
    182.00000000     11.16636      0.00000      0.00000      0.00000      0.00000
    182.50000000     11.15972      0.00000      0.00000      0.00000      0.00000
    183.00000000     11.15565      0.00000      0.00000      0.00000      0.00000
    183.50000000     11.15195      0.00000      0.00000      0.00000      0.00000
    184.00000000     11.14917      0.00000      0.00000      0.00000      0.00000
    184.50000000     11.14772      0.00000      0.00000      0.00000      0.00000
    185.00000000     11.14625      0.00000      0.00000      0.00000      0.00000
    185.50000000     11.14484      0.00000      0.00000      0.00000      0.00000
    186.00000000     11.14259      0.00000      0.00000      0.00000      0.00000
    186.50000000     11.14096      0.00000      0.00000      0.00000      0.00000
    187.00000000     11.14040      0.00000      0.00000      0.00000      0.00000
    187.50000000     11.13834      0.00000      0.00000      0.00000      0.00000
    188.00000000     11.13763      0.00000      0.00000      0.00000      0.00000
    188.50000000     11.13574      0.00000      0.00000      0.00000      0.00000
    189.00000000     11.13445      0.00000      0.00000      0.00000      0.00000
    189.50000000     11.13328      0.00000      0.00000      0.00000      0.00000
    190.00000000     11.13307      0.00000      0.00000      0.00000      0.00000
    190.50000000     11.13121      0.00000      0.00000      0.00000      0.00000
    191.00000000     11.12839      0.00000      0.00000      0.00000      0.00000
    191.50000000     11.12687      0.00000      0.00000      0.00000      0.00000
    192.00000000     11.12448      0.00000      0.00000      0.00000      0.00000
    192.50000000     11.12212      0.00000      0.00000      0.00000      0.00000
    193.00000000     11.11891      0.00000      0.00000      0.00000      0.00000
    193.50000000     11.11448      0.00000      0.00000      0.00000      0.00000
    194.00000000     11.10983      0.00000      0.00000      0.00000      0.00000
    194.50000000     11.10971      0.00000      0.00000      0.00000      0.00000
    195.00000000     11.10758      0.00000      0.00000      0.00000      0.00000
    195.50000000     11.10502      0.00000      0.00000      0.00000      0.00000
    196.00000000     11.10073      0.00000      0.00000      0.00000      0.00000
    196.50000000     11.09896      0.00000      0.00000      0.00000      0.00000
    197.00000000     11.10129      0.00000      0.00000      0.00000      0.00000
    197.50000000     11.10218      0.00000      0.00000      0.00000      0.00000
    198.00000000     11.10472      0.00000      0.00000      0.00000      0.00000
    198.50000000     11.10780      0.00000      0.00000      0.00000      0.00000
    199.00000000     11.11059      0.00000      0.00000      0.00000      0.00000
    199.50000000     11.11254      0.00000      0.00000      0.00000      0.00000
    200.00000000     11.11304      0.00000      0.00000      0.00000      0.00000
    200.50000000     11.11299      0.00000      0.00000      0.00000      0.00000
    201.00000000     11.11368      0.00000      0.00000      0.00000      0.00000
    201.50000000     11.11527      0.00000      0.00000      0.00000      0.00000
    202.00000000     11.11601      0.00000      0.00000      0.00000      0.00000
    202.50000000     11.11524      0.00000      0.00000      0.00000      0.00000
    203.00000000     11.11486      0.00000      0.00000      0.00000      0.00000
    203.50000000     11.11643      0.00000      0.00000      0.00000      0.00000
    204.00000000     11.12000      0.00000      0.00000      0.00000      0.00000
    204.50000000     11.12550      0.00000      0.00000      0.00000      0.00000
    205.00000000     11.13031      0.00000      0.00000      0.00000      0.00000
    205.50000000     11.13520      0.00000      0.00000      0.00000      0.00000
    206.00000000     11.14184      0.00000      0.00000      0.00000      0.00000
    206.50000000     11.14609      0.00000      0.00000      0.00000      0.00000
    207.00000000     11.14969      0.00000      0.00000      0.00000      0.00000
    207.50000000     11.15350      0.00000      0.00000      0.00000      0.00000
    208.00000000     11.15771      0.00000      0.00000      0.00000      0.00000
    208.50000000     11.16024      0.00000      0.00000      0.00000      0.00000
    209.00000000     11.16087      0.00000      0.00000      0.00000      0.00000
    209.50000000     11.16422      0.00000      0.00000      0.00000      0.00000
    210.00000000     11.16737      0.00000      0.00000      0.00000      0.00000
    210.50000000     11.16991      0.00000      0.00000      0.00000      0.00000
    211.00000000     11.17367      0.00000      0.00000      0.00000      0.00000
    211.50000000     11.17741      0.00000      0.00000      0.00000      0.00000
    212.00000000     11.18011      0.00000      0.00000      0.00000      0.00000
    212.50000000     11.18226      0.00000      0.00000      0.00000      0.00000
    213.00000000     11.18550      0.00000      0.00000      0.00000      0.00000
    213.50000000     11.18770      0.00000      0.00000      0.00000      0.00000
    214.00000000     11.18973      0.00000      0.00000      0.00000      0.00000
    214.50000000     11.19135      0.00000      0.00000      0.00000      0.00000
    215.00000000     11.19320      0.00000      0.00000      0.00000      0.00000
    215.50000000     11.19297      0.00000      0.00000      0.00000      0.00000
    216.00000000     11.19046      0.00000      0.00000      0.00000      0.00000
    216.50000000     11.18872      0.00000      0.00000      0.00000      0.00000
    217.00000000     11.18890      0.00000      0.00000      0.00000      0.00000
    217.50000000     11.18982      0.00000      0.00000      0.00000      0.00000
    218.00000000     11.19046      0.00000      0.00000      0.00000      0.00000
    218.50000000     11.19080      0.00000      0.00000      0.00000      0.00000
    219.00000000     11.19318      0.00000      0.00000      0.00000      0.00000
    219.50000000     11.19490      0.00000      0.00000      0.00000      0.00000
    220.00000000     11.19605      0.00000      0.00000      0.00000      0.00000
    220.50000000     11.19605      0.00000      0.00000      0.00000      0.00000
    221.00000000     11.19760      0.00000      0.00000      0.00000      0.00000
    221.50000000     11.19967      0.00000      0.00000      0.00000      0.00000
    222.00000000     11.20433      0.00000      0.00000      0.00000      0.00000
    222.50000000     11.20768      0.00000      0.00000      0.00000      0.00000
    223.00000000     11.21144      0.00000      0.00000      0.00000      0.00000
    223.50000000     11.21393      0.00000      0.00000      0.00000      0.00000
    224.00000000     11.21517      0.00000      0.00000      0.00000      0.00000
    224.50000000     11.21570      0.00000      0.00000      0.00000      0.00000
    225.00000000     11.21850      0.00000      0.00000      0.00000      0.00000
    225.50000000     11.21804      0.00000      0.00000      0.00000      0.00000
    226.00000000     11.21551      0.00000      0.00000      0.00000      0.00000
    226.50000000     11.20986      0.00000      0.00000      0.00000      0.00000
    227.00000000     11.20663      0.00000      0.00000      0.00000      0.00000
    227.50000000     11.20352      0.00000      0.00000      0.00000      0.00000
    228.00000000     11.20014      0.00000      0.00000      0.00000      0.00000
    228.50000000     11.19670      0.00000      0.00000      0.00000      0.00000
    229.00000000     11.19500      0.00000      0.00000      0.00000      0.00000
    229.50000000     11.19167      0.00000      0.00000      0.00000      0.00000
    230.00000000     11.18742      0.00000      0.00000      0.00000      0.00000
    230.50000000     11.18422      0.00000      0.00000      0.00000      0.00000
    231.00000000     11.17915      0.00000      0.00000      0.00000      0.00000
    231.50000000     11.17624      0.00000      0.00000      0.00000      0.00000
    232.00000000     11.17221      0.00000      0.00000      0.00000      0.00000
    232.50000000     11.16671      0.00000      0.00000      0.00000      0.00000
    233.00000000     11.16064      0.00000      0.00000      0.00000      0.00000
    233.50000000     11.15213      0.00000      0.00000      0.00000      0.00000
    234.00000000     11.14271      0.00000      0.00000      0.00000      0.00000
    234.50000000     11.13285      0.00000      0.00000      0.00000      0.00000
    235.00000000     11.12346      0.00000      0.00000      0.00000      0.00000
    235.50000000     11.11019      0.00000      0.00000      0.00000      0.00000
    236.00000000     11.10070      0.00000      0.00000      0.00000      0.00000
    236.50000000     11.09079      0.00000      0.00000      0.00000      0.00000
    237.00000000     11.08343      0.00000      0.00000      0.00000      0.00000
    237.50000000     11.07754      0.00000      0.00000      0.00000      0.00000
    238.00000000     11.07203      0.00000      0.00000      0.00000      0.00000
    238.50000000     11.06766      0.00000      0.00000      0.00000      0.00000
    239.00000000     11.06349      0.00000      0.00000      0.00000      0.00000
    239.50000000     11.05807      0.00000      0.00000      0.00000      0.00000
    240.00000000     11.05253      0.00000      0.00000      0.00000      0.00000
    240.50000000     11.04610      0.00000      0.00000      0.00000      0.00000
    241.00000000     11.03985      0.00000      0.00000      0.00000      0.00000
    241.50000000     11.03434      0.00000      0.00000      0.00000      0.00000
    242.00000000     11.02894      0.00000      0.00000      0.00000      0.00000
    242.50000000     11.02292      0.00000      0.00000      0.00000      0.00000
    243.00000000     11.01787      0.00000      0.00000      0.00000      0.00000
    243.50000000     11.01497      0.00000      0.00000      0.00000      0.00000
    244.00000000     11.01054      0.00000      0.00000      0.00000      0.00000
    244.50000000     11.00516      0.00000      0.00000      0.00000      0.00000
    245.00000000     10.99855      0.00000      0.00000      0.00000      0.00000
    245.50000000     10.99447      0.00000      0.00000      0.00000      0.00000
    246.00000000     10.98981      0.00000      0.00000      0.00000      0.00000
    246.50000000     10.98648      0.00000      0.00000      0.00000      0.00000
    247.00000000     10.98353      0.00000      0.00000      0.00000      0.00000
    247.50000000     10.98030      0.00000      0.00000      0.00000      0.00000
    248.00000000     10.97922      0.00000      0.00000      0.00000      0.00000
    248.50000000     10.98006      0.00000      0.00000      0.00000      0.00000
    249.00000000     10.97819      0.00000      0.00000      0.00000      0.00000
    249.50000000     10.97541      0.00000      0.00000      0.00000      0.00000
    250.00000000     10.97596      0.00000      0.00000      0.00000      0.00000
    250.50000000     10.97429      0.00000      0.00000      0.00000      0.00000
    251.00000000     10.97317      0.00000      0.00000      0.00000      0.00000
    251.50000000     10.97175      0.00000      0.00000      0.00000      0.00000
    252.00000000     10.97016      0.00000      0.00000      0.00000      0.00000
    252.50000000     10.96654      0.00000      0.00000      0.00000      0.00000
    253.00000000     10.96220      0.00000      0.00000      0.00000      0.00000
    253.50000000     10.95679      0.00000      0.00000      0.00000      0.00000
    254.00000000     10.95292      0.00000      0.00000      0.00000      0.00000
    254.50000000     10.94782      0.00000      0.00000      0.00000      0.00000
    255.00000000     10.94240      0.00000      0.00000      0.00000      0.00000
    255.50000000     10.93638      0.00000      0.00000      0.00000      0.00000
    256.00000000     10.93253      0.00000      0.00000      0.00000      0.00000
    256.50000000     10.93072      0.00000      0.00000      0.00000      0.00000
    257.00000000     10.93007      0.00000      0.00000      0.00000      0.00000
    257.50000000     10.92634      0.00000      0.00000      0.00000      0.00000
    258.00000000     10.92590      0.00000      0.00000      0.00000      0.00000
    258.50000000     10.92394      0.00000      0.00000      0.00000      0.00000
    259.00000000     10.92122      0.00000      0.00000      0.00000      0.00000
    259.50000000     10.91734      0.00000      0.00000      0.00000      0.00000
    260.00000000     10.91282      0.00000      0.00000      0.00000      0.00000
    260.50000000     10.90911      0.00000      0.00000      0.00000      0.00000
    261.00000000     10.90459      0.00000      0.00000      0.00000      0.00000
    261.50000000     10.90117      0.00000      0.00000      0.00000      0.00000
    262.00000000     10.89831      0.00000      0.00000      0.00000      0.00000
    262.50000000     10.89707      0.00000      0.00000      0.00000      0.00000
    263.00000000     10.89390      0.00000      0.00000      0.00000      0.00000
    263.50000000     10.89339      0.00000      0.00000      0.00000      0.00000
    264.00000000     10.89367      0.00000      0.00000      0.00000      0.00000
    264.50000000     10.89461      0.00000      0.00000      0.00000      0.00000
    265.00000000     10.89554      0.00000      0.00000      0.00000      0.00000
    265.50000000     10.89739      0.00000      0.00000      0.00000      0.00000
    266.00000000     10.89835      0.00000      0.00000      0.00000      0.00000
    266.50000000     10.89808      0.00000      0.00000      0.00000      0.00000
    267.00000000     10.89975      0.00000      0.00000      0.00000      0.00000
    267.50000000     10.89997      0.00000      0.00000      0.00000      0.00000
    268.00000000     10.90083      0.00000      0.00000      0.00000      0.00000
    268.50000000     10.90293      0.00000      0.00000      0.00000      0.00000
    269.00000000     10.90663      0.00000      0.00000      0.00000      0.00000
    269.50000000     10.91112      0.00000      0.00000      0.00000      0.00000
    270.00000000     10.91383      0.00000      0.00000      0.00000      0.00000
    270.50000000     10.91906      0.00000      0.00000      0.00000      0.00000
    271.00000000     10.92310      0.00000      0.00000      0.00000      0.00000
    271.50000000     10.92832      0.00000      0.00000      0.00000      0.00000
    272.00000000     10.93436      0.00000      0.00000      0.00000      0.00000
    272.50000000     10.93934      0.00000      0.00000      0.00000      0.00000
    273.00000000     10.94439      0.00000      0.00000      0.00000      0.00000
    273.50000000     10.95147      0.00000      0.00000      0.00000      0.00000
    274.00000000     10.95901      0.00000      0.00000      0.00000      0.00000
    274.50000000     10.96341      0.00000      0.00000      0.00000      0.00000
    275.00000000     10.96405      0.00000      0.00000      0.00000      0.00000
    275.50000000     10.96301      0.00000      0.00000      0.00000      0.00000
    276.00000000     10.96398      0.00000      0.00000      0.00000      0.00000
    276.50000000     10.96701      0.00000      0.00000      0.00000      0.00000
    277.00000000     10.96850      0.00000      0.00000      0.00000      0.00000
    277.50000000     10.97035      0.00000      0.00000      0.00000      0.00000
    278.00000000     10.97099      0.00000      0.00000      0.00000      0.00000
    278.50000000     10.97064      0.00000      0.00000      0.00000      0.00000
    279.00000000     10.97180      0.00000      0.00000      0.00000      0.00000
    279.50000000     10.97216      0.00000      0.00000      0.00000      0.00000
    280.00000000     10.97274      0.00000      0.00000      0.00000      0.00000
    280.50000000     10.97340      0.00000      0.00000      0.00000      0.00000
    281.00000000     10.97474      0.00000      0.00000      0.00000      0.00000
    281.50000000     10.97503      0.00000      0.00000      0.00000      0.00000
    282.00000000     10.97457      0.00000      0.00000      0.00000      0.00000
    282.50000000     10.97359      0.00000      0.00000      0.00000      0.00000
    283.00000000     10.97628      0.00000      0.00000      0.00000      0.00000
    283.50000000     10.97876      0.00000      0.00000      0.00000      0.00000
    284.00000000     10.98318      0.00000      0.00000      0.00000      0.00000
    284.50000000     10.98803      0.00000      0.00000      0.00000      0.00000
    285.00000000     10.98978      0.00000      0.00000      0.00000      0.00000
    285.50000000     10.99264      0.00000      0.00000      0.00000      0.00000
    286.00000000     10.99409      0.00000      0.00000      0.00000      0.00000
    286.50000000     10.99733      0.00000      0.00000      0.00000      0.00000
    287.00000000     10.99652      0.00000      0.00000      0.00000      0.00000
    287.50000000     10.99609      0.00000      0.00000      0.00000      0.00000
    288.00000000     10.99590      0.00000      0.00000      0.00000      0.00000
    288.50000000     10.99914      0.00000      0.00000      0.00000      0.00000
    289.00000000     11.00063      0.00000      0.00000      0.00000      0.00000
    289.50000000     11.00100      0.00000      0.00000      0.00000      0.00000
    290.00000000     10.99947      0.00000      0.00000      0.00000      0.00000
    290.50000000     11.00101      0.00000      0.00000      0.00000      0.00000
    291.00000000     11.00146      0.00000      0.00000      0.00000      0.00000
    291.50000000     11.00112      0.00000      0.00000      0.00000      0.00000
    292.00000000     11.00146      0.00000      0.00000      0.00000      0.00000
    292.50000000     11.00417      0.00000      0.00000      0.00000      0.00000
    293.00000000     11.00651      0.00000      0.00000      0.00000      0.00000
    293.50000000     11.01168      0.00000      0.00000      0.00000      0.00000
    294.00000000     11.01416      0.00000      0.00000      0.00000      0.00000
    294.50000000     11.01743      0.00000      0.00000      0.00000      0.00000
    295.00000000     11.02115      0.00000      0.00000      0.00000      0.00000
    295.50000000     11.02181      0.00000      0.00000      0.00000      0.00000
    296.00000000     11.02367      0.00000      0.00000      0.00000      0.00000
    296.50000000     11.02330      0.00000      0.00000      0.00000      0.00000
    297.00000000     11.02411      0.00000      0.00000      0.00000      0.00000
    297.50000000     11.02421      0.00000      0.00000      0.00000      0.00000
    298.00000000     11.02479      0.00000      0.00000      0.00000      0.00000
