   2730.00000000     14.54505      0.00000      0.00000      0.00000      0.00000
   2730.50000000     14.54832      0.00000      0.00000      0.00000      0.00000
   2731.00000000     14.55117      0.00000      0.00000      0.00000      0.00000
   2731.50000000     14.55188      0.00000      0.00000      0.00000      0.00000
   2732.00000000     14.55133      0.00000      0.00000      0.00000      0.00000
   2732.50000000     14.55217      0.00000      0.00000      0.00000      0.00000
   2733.00000000     14.55352      0.00000      0.00000      0.00000      0.00000
   2733.50000000     14.55608      0.00000      0.00000      0.00000      0.00000
   2734.00000000     14.55948      0.00000      0.00000      0.00000      0.00000
   2734.50000000     14.56174      0.00000      0.00000      0.00000      0.00000
   2735.00000000     14.56225      0.00000      0.00000      0.00000      0.00000
   2735.50000000     14.56050      0.00000      0.00000      0.00000      0.00000
   2736.00000000     14.55926      0.00000      0.00000      0.00000      0.00000
   2736.50000000     14.55732      0.00000      0.00000      0.00000      0.00000
   2737.00000000     14.55494      0.00000      0.00000      0.00000      0.00000
   2737.50000000     14.55221      0.00000      0.00000      0.00000      0.00000
   2738.00000000     14.55114      0.00000      0.00000      0.00000      0.00000
   2738.50000000     14.55014      0.00000      0.00000      0.00000      0.00000
   2739.00000000     14.55053      0.00000      0.00000      0.00000      0.00000
   2739.50000000     14.55180      0.00000      0.00000      0.00000      0.00000
   2740.00000000     14.55101      0.00000      0.00000      0.00000      0.00000
   2740.50000000     14.54941      0.00000      0.00000      0.00000      0.00000
   2741.00000000     14.54645      0.00000      0.00000      0.00000      0.00000
   2741.50000000     14.54474      0.00000      0.00000      0.00000      0.00000
   2742.00000000     14.54233      0.00000      0.00000      0.00000      0.00000
   2742.50000000     14.53753      0.00000      0.00000      0.00000      0.00000
   2743.00000000     14.53209      0.00000      0.00000      0.00000      0.00000
   2743.50000000     14.52650      0.00000      0.00000      0.00000      0.00000
   2744.00000000     14.52263      0.00000      0.00000      0.00000      0.00000
   2744.50000000     14.51773      0.00000      0.00000      0.00000      0.00000
   2745.00000000     14.51544      0.00000      0.00000      0.00000      0.00000
   2745.50000000     14.51096      0.00000      0.00000      0.00000      0.00000
   2746.00000000     14.50731      0.00000      0.00000      0.00000      0.00000
   2746.50000000     14.50162      0.00000      0.00000      0.00000      0.00000
   2747.00000000     14.50004      0.00000      0.00000      0.00000      0.00000
   2747.50000000     14.49629      0.00000      0.00000      0.00000      0.00000
   2748.00000000     14.49282      0.00000      0.00000      0.00000      0.00000
   2748.50000000     14.48817      0.00000      0.00000      0.00000      0.00000
   2749.00000000     14.48521      0.00000      0.00000      0.00000      0.00000
   2749.50000000     14.48372      0.00000      0.00000      0.00000      0.00000
   2750.00000000     14.48093      0.00000      0.00000      0.00000      0.00000
   2750.50000000     14.48071      0.00000      0.00000      0.00000      0.00000
   2751.00000000     14.48117      0.00000      0.00000      0.00000      0.00000
   2751.50000000     14.48033      0.00000      0.00000      0.00000      0.00000
   2752.00000000     14.48131      0.00000      0.00000      0.00000      0.00000
   2752.50000000     14.48123      0.00000      0.00000      0.00000      0.00000
   2753.00000000     14.48174      0.00000      0.00000      0.00000      0.00000
   2753.50000000     14.48155      0.00000      0.00000      0.00000      0.00000
   2754.00000000     14.48282      0.00000      0.00000      0.00000      0.00000
   2754.50000000     14.48382      0.00000      0.00000      0.00000      0.00000
   2755.00000000     14.48233      0.00000      0.00000      0.00000      0.00000
   2755.50000000     14.47868      0.00000      0.00000      0.00000      0.00000
   2756.00000000     14.47819      0.00000      0.00000      0.00000      0.00000
   2756.50000000     14.47585      0.00000      0.00000      0.00000      0.00000
   2757.00000000     14.47494      0.00000      0.00000      0.00000      0.00000
   2757.50000000     14.47101      0.00000      0.00000      0.00000      0.00000
   2758.00000000     14.46462      0.00000      0.00000      0.00000      0.00000
   2758.50000000     14.45476      0.00000      0.00000      0.00000      0.00000
   2759.00000000     14.44649      0.00000      0.00000      0.00000      0.00000
   2759.50000000     14.44149      0.00000      0.00000      0.00000      0.00000
   2760.00000000     14.43791      0.00000      0.00000      0.00000      0.00000
   2760.50000000     14.43511      0.00000      0.00000      0.00000      0.00000
   2761.00000000     14.43170      0.00000      0.00000      0.00000      0.00000
   2761.50000000     14.42992      0.00000      0.00000      0.00000      0.00000
   2762.00000000     14.42752      0.00000      0.00000      0.00000      0.00000
   2762.50000000     14.42828      0.00000      0.00000      0.00000      0.00000
   2763.00000000     14.42950      0.00000      0.00000      0.00000      0.00000
   2763.50000000     14.43168      0.00000      0.00000      0.00000      0.00000
   2764.00000000     14.43283      0.00000      0.00000      0.00000      0.00000
   2764.50000000     14.43432      0.00000      0.00000      0.00000      0.00000
   2765.00000000     14.43602      0.00000      0.00000      0.00000      0.00000
   2765.50000000     14.43806      0.00000      0.00000      0.00000      0.00000
   2766.00000000     14.44119      0.00000      0.00000      0.00000      0.00000
   2766.50000000     14.44123      0.00000      0.00000      0.00000      0.00000
   2767.00000000     14.44187      0.00000      0.00000      0.00000      0.00000
   2767.50000000     14.44207      0.00000      0.00000      0.00000      0.00000
   2768.00000000     14.44118      0.00000      0.00000      0.00000      0.00000
   2768.50000000     14.44253      0.00000      0.00000      0.00000      0.00000
   2769.00000000     14.43934      0.00000      0.00000      0.00000      0.00000
   2769.50000000     14.43551      0.00000      0.00000      0.00000      0.00000
   2770.00000000     14.43345      0.00000      0.00000      0.00000      0.00000
   2770.50000000     14.43197      0.00000      0.00000      0.00000      0.00000
   2771.00000000     14.42949      0.00000      0.00000      0.00000      0.00000
   2771.50000000     14.42492      0.00000      0.00000      0.00000      0.00000
   2772.00000000     14.42096      0.00000      0.00000      0.00000      0.00000
   2772.50000000     14.41771      0.00000      0.00000      0.00000      0.00000
   2773.00000000     14.41537      0.00000      0.00000      0.00000      0.00000
   2773.50000000     14.41420      0.00000      0.00000      0.00000      0.00000
   2774.00000000     14.41440      0.00000      0.00000      0.00000      0.00000
   2774.50000000     14.41594      0.00000      0.00000      0.00000      0.00000
   2775.00000000     14.41797      0.00000      0.00000      0.00000      0.00000
   2775.50000000     14.41851      0.00000      0.00000      0.00000      0.00000
   2776.00000000     14.42129      0.00000      0.00000      0.00000      0.00000
   2776.50000000     14.42281      0.00000      0.00000      0.00000      0.00000
   2777.00000000     14.42334      0.00000      0.00000      0.00000      0.00000
   2777.50000000     14.42281      0.00000      0.00000      0.00000      0.00000
   2778.00000000     14.42175      0.00000      0.00000      0.00000      0.00000
   2778.50000000     14.42016      0.00000      0.00000      0.00000      0.00000
   2779.00000000     14.41755      0.00000      0.00000      0.00000      0.00000
   2779.50000000     14.41613      0.00000      0.00000      0.00000      0.00000
   2780.00000000     14.41884      0.00000      0.00000      0.00000      0.00000
   2780.50000000     14.42088      0.00000      0.00000      0.00000      0.00000
   2781.00000000     14.42216      0.00000      0.00000      0.00000      0.00000
   2781.50000000     14.42386      0.00000      0.00000      0.00000      0.00000
   2782.00000000     14.42800      0.00000      0.00000      0.00000      0.00000
   2782.50000000     14.43375      0.00000      0.00000      0.00000      0.00000
   2783.00000000     14.43969      0.00000      0.00000      0.00000      0.00000
   2783.50000000     14.44458      0.00000      0.00000      0.00000      0.00000
   2784.00000000     14.45118      0.00000      0.00000      0.00000      0.00000
   2784.50000000     14.45692      0.00000      0.00000      0.00000      0.00000
