   2230.00000000     10.42415      0.00000      0.00000      0.00000      0.00000
   2230.50000000     10.42314      0.00000      0.00000      0.00000      0.00000
   2231.00000000     10.42310      0.00000      0.00000      0.00000      0.00000
   2231.50000000     10.42055      0.00000      0.00000      0.00000      0.00000
   2232.00000000     10.41697      0.00000      0.00000      0.00000      0.00000
   2232.50000000     10.41280      0.00000      0.00000      0.00000      0.00000
   2233.00000000     10.41096      0.00000      0.00000      0.00000      0.00000
   2233.50000000     10.40619      0.00000      0.00000      0.00000      0.00000
   2234.00000000     10.40153      0.00000      0.00000      0.00000      0.00000
   2234.50000000     10.39442      0.00000      0.00000      0.00000      0.00000
   2235.00000000     10.38571      0.00000      0.00000      0.00000      0.00000
   2235.50000000     10.37594      0.00000      0.00000      0.00000      0.00000
   2236.00000000     10.36647      0.00000      0.00000      0.00000      0.00000
   2236.50000000     10.35596      0.00000      0.00000      0.00000      0.00000
   2237.00000000     10.34743      0.00000      0.00000      0.00000      0.00000
   2237.50000000     10.34161      0.00000      0.00000      0.00000      0.00000
   2238.00000000     10.33784      0.00000      0.00000      0.00000      0.00000
   2238.50000000     10.33597      0.00000      0.00000      0.00000      0.00000
   2239.00000000     10.33497      0.00000      0.00000      0.00000      0.00000
   2239.50000000     10.33107      0.00000      0.00000      0.00000      0.00000
   2240.00000000     10.32983      0.00000      0.00000      0.00000      0.00000
   2240.50000000     10.33176      0.00000      0.00000      0.00000      0.00000
   2241.00000000     10.33458      0.00000      0.00000      0.00000      0.00000
   2241.50000000     10.33651      0.00000      0.00000      0.00000      0.00000
   2242.00000000     10.33756      0.00000      0.00000      0.00000      0.00000
   2242.50000000     10.33821      0.00000      0.00000      0.00000      0.00000
   2243.00000000     10.33664      0.00000      0.00000      0.00000      0.00000
   2243.50000000     10.33290      0.00000      0.00000      0.00000      0.00000
   2244.00000000     10.33056      0.00000      0.00000      0.00000      0.00000
   2244.50000000     10.32898      0.00000      0.00000      0.00000      0.00000
   2245.00000000     10.33032      0.00000      0.00000      0.00000      0.00000
   2245.50000000     10.33375      0.00000      0.00000      0.00000      0.00000
   2246.00000000     10.33730      0.00000      0.00000      0.00000      0.00000
   2246.50000000     10.33979      0.00000      0.00000      0.00000      0.00000
   2247.00000000     10.34277      0.00000      0.00000      0.00000      0.00000
   2247.50000000     10.34591      0.00000      0.00000      0.00000      0.00000
   2248.00000000     10.34868      0.00000      0.00000      0.00000      0.00000
   2248.50000000     10.35234      0.00000      0.00000      0.00000      0.00000
   2249.00000000     10.35670      0.00000      0.00000      0.00000      0.00000
   2249.50000000     10.36140      0.00000      0.00000      0.00000      0.00000
   2250.00000000     10.36745      0.00000      0.00000      0.00000      0.00000
   2250.50000000     10.37071      0.00000      0.00000      0.00000      0.00000
   2251.00000000     10.37629      0.00000      0.00000      0.00000      0.00000
   2251.50000000     10.38028      0.00000      0.00000      0.00000      0.00000
   2252.00000000     10.38498      0.00000      0.00000      0.00000      0.00000
   2252.50000000     10.38967      0.00000      0.00000      0.00000      0.00000
   2253.00000000     10.39596      0.00000      0.00000      0.00000      0.00000
   2253.50000000     10.39820      0.00000      0.00000      0.00000      0.00000
   2254.00000000     10.39877      0.00000      0.00000      0.00000      0.00000
   2254.50000000     10.39870      0.00000      0.00000      0.00000      0.00000
   2255.00000000     10.39791      0.00000      0.00000      0.00000      0.00000
   2255.50000000     10.39928      0.00000      0.00000      0.00000      0.00000
   2256.00000000     10.40005      0.00000      0.00000      0.00000      0.00000
   2256.50000000     10.40013      0.00000      0.00000      0.00000      0.00000
   2257.00000000     10.39997      0.00000      0.00000      0.00000      0.00000
   2257.50000000     10.39795      0.00000      0.00000      0.00000      0.00000
   2258.00000000     10.39767      0.00000      0.00000      0.00000      0.00000
   2258.50000000     10.39817      0.00000      0.00000      0.00000      0.00000
   2259.00000000     10.39730      0.00000      0.00000      0.00000      0.00000
   2259.50000000     10.39632      0.00000      0.00000      0.00000      0.00000
   2260.00000000     10.39670      0.00000      0.00000      0.00000      0.00000
   2260.50000000     10.39759      0.00000      0.00000      0.00000      0.00000
   2261.00000000     10.39838      0.00000      0.00000      0.00000      0.00000
   2261.50000000     10.39519      0.00000      0.00000      0.00000      0.00000
   2262.00000000     10.39208      0.00000      0.00000      0.00000      0.00000
   2262.50000000     10.38818      0.00000      0.00000      0.00000      0.00000
   2263.00000000     10.38184      0.00000      0.00000      0.00000      0.00000
   2263.50000000     10.37547      0.00000      0.00000      0.00000      0.00000
   2264.00000000     10.36998      0.00000      0.00000      0.00000      0.00000
   2264.50000000     10.36373      0.00000      0.00000      0.00000      0.00000
   2265.00000000     10.35778      0.00000      0.00000      0.00000      0.00000
   2265.50000000     10.35272      0.00000      0.00000      0.00000      0.00000
   2266.00000000     10.34554      0.00000      0.00000      0.00000      0.00000
   2266.50000000     10.34123      0.00000      0.00000      0.00000      0.00000
   2267.00000000     10.33612      0.00000      0.00000      0.00000      0.00000
   2267.50000000     10.33028      0.00000      0.00000      0.00000      0.00000
   2268.00000000     10.32582      0.00000      0.00000      0.00000      0.00000
   2268.50000000     10.32137      0.00000      0.00000      0.00000      0.00000
   2269.00000000     10.31710      0.00000      0.00000      0.00000      0.00000
   2269.50000000     10.31266      0.00000      0.00000      0.00000      0.00000
   2270.00000000     10.30792      0.00000      0.00000      0.00000      0.00000
   2270.50000000     10.30557      0.00000      0.00000      0.00000      0.00000
   2271.00000000     10.30607      0.00000      0.00000      0.00000      0.00000
   2271.50000000     10.30566      0.00000      0.00000      0.00000      0.00000
   2272.00000000     10.30296      0.00000      0.00000      0.00000      0.00000
   2272.50000000     10.29911      0.00000      0.00000      0.00000      0.00000
   2273.00000000     10.29511      0.00000      0.00000      0.00000      0.00000
   2273.50000000     10.29323      0.00000      0.00000      0.00000      0.00000
   2274.00000000     10.29005      0.00000      0.00000      0.00000      0.00000
   2274.50000000     10.28743      0.00000      0.00000      0.00000      0.00000
   2275.00000000     10.28909      0.00000      0.00000      0.00000      0.00000
   2275.50000000     10.28970      0.00000      0.00000      0.00000      0.00000
   2276.00000000     10.28931      0.00000      0.00000      0.00000      0.00000
   2276.50000000     10.28971      0.00000      0.00000      0.00000      0.00000
   2277.00000000     10.29269      0.00000      0.00000      0.00000      0.00000
   2277.50000000     10.29553      0.00000      0.00000      0.00000      0.00000
   2278.00000000     10.29830      0.00000      0.00000      0.00000      0.00000
   2278.50000000     10.29926      0.00000      0.00000      0.00000      0.00000
   2279.00000000     10.29975      0.00000      0.00000      0.00000      0.00000
   2279.50000000     10.30009      0.00000      0.00000      0.00000      0.00000
   2280.00000000     10.30119      0.00000      0.00000      0.00000      0.00000
   2280.50000000     10.30125      0.00000      0.00000      0.00000      0.00000
   2281.00000000     10.30290      0.00000      0.00000      0.00000      0.00000
   2281.50000000     10.30362      0.00000      0.00000      0.00000      0.00000
   2282.00000000     10.30474      0.00000      0.00000      0.00000      0.00000
   2282.50000000     10.30664      0.00000      0.00000      0.00000      0.00000
   2283.00000000     10.30903      0.00000      0.00000      0.00000      0.00000
   2283.50000000     10.31035      0.00000      0.00000      0.00000      0.00000
   2284.00000000     10.31575      0.00000      0.00000      0.00000      0.00000
   2284.50000000     10.32155      0.00000      0.00000      0.00000      0.00000
   2285.00000000     10.32931      0.00000      0.00000      0.00000      0.00000
   2285.50000000     10.33478      0.00000      0.00000      0.00000      0.00000
   2286.00000000     10.33640      0.00000      0.00000      0.00000      0.00000
   2286.50000000     10.33748      0.00000      0.00000      0.00000      0.00000
   2287.00000000     10.33571      0.00000      0.00000      0.00000      0.00000
   2287.50000000     10.33229      0.00000      0.00000      0.00000      0.00000
   2288.00000000     10.32841      0.00000      0.00000      0.00000      0.00000
   2288.50000000     10.32798      0.00000      0.00000      0.00000      0.00000
   2289.00000000     10.32881      0.00000      0.00000      0.00000      0.00000
   2289.50000000     10.33135      0.00000      0.00000      0.00000      0.00000
   2290.00000000     10.33190      0.00000      0.00000      0.00000      0.00000
   2290.50000000     10.33259      0.00000      0.00000      0.00000      0.00000
   2291.00000000     10.33480      0.00000      0.00000      0.00000      0.00000
   2291.50000000     10.33679      0.00000      0.00000      0.00000      0.00000
   2292.00000000     10.34034      0.00000      0.00000      0.00000      0.00000
   2292.50000000     10.34527      0.00000      0.00000      0.00000      0.00000
   2293.00000000     10.35183      0.00000      0.00000      0.00000      0.00000
   2293.50000000     10.36129      0.00000      0.00000      0.00000      0.00000
   2294.00000000     10.36994      0.00000      0.00000      0.00000      0.00000
   2294.50000000     10.37680      0.00000      0.00000      0.00000      0.00000
   2295.00000000     10.37988      0.00000      0.00000      0.00000      0.00000
   2295.50000000     10.38246      0.00000      0.00000      0.00000      0.00000
   2296.00000000     10.38517      0.00000      0.00000      0.00000      0.00000
   2296.50000000     10.38755      0.00000      0.00000      0.00000      0.00000
   2297.00000000     10.39273      0.00000      0.00000      0.00000      0.00000
   2297.50000000     10.39700      0.00000      0.00000      0.00000      0.00000
   2298.00000000     10.40523      0.00000      0.00000      0.00000      0.00000
   2298.50000000     10.41542      0.00000      0.00000      0.00000      0.00000
   2299.00000000     10.42442      0.00000      0.00000      0.00000      0.00000
   2299.50000000     10.43082      0.00000      0.00000      0.00000      0.00000
   2300.00000000     10.43495      0.00000      0.00000      0.00000      0.00000
   2300.50000000     10.44098      0.00000      0.00000      0.00000      0.00000
   2301.00000000     10.44770      0.00000      0.00000      0.00000      0.00000
   2301.50000000     10.45557      0.00000      0.00000      0.00000      0.00000
   2302.00000000     10.46420      0.00000      0.00000      0.00000      0.00000
   2302.50000000     10.47369      0.00000      0.00000      0.00000      0.00000
   2303.00000000     10.48123      0.00000      0.00000      0.00000      0.00000
   2303.50000000     10.48960      0.00000      0.00000      0.00000      0.00000
   2304.00000000     10.49574      0.00000      0.00000      0.00000      0.00000
   2304.50000000     10.50169      0.00000      0.00000      0.00000      0.00000
   2305.00000000     10.50755      0.00000      0.00000      0.00000      0.00000
   2305.50000000     10.51179      0.00000      0.00000      0.00000      0.00000
   2306.00000000     10.51692      0.00000      0.00000      0.00000      0.00000
   2306.50000000     10.52067      0.00000      0.00000      0.00000      0.00000
   2307.00000000     10.52283      0.00000      0.00000      0.00000      0.00000
   2307.50000000     10.52358      0.00000      0.00000      0.00000      0.00000
   2308.00000000     10.52668      0.00000      0.00000      0.00000      0.00000
   2308.50000000     10.53076      0.00000      0.00000      0.00000      0.00000
   2309.00000000     10.53731      0.00000      0.00000      0.00000      0.00000
   2309.50000000     10.54274      0.00000      0.00000      0.00000      0.00000
   2310.00000000     10.54663      0.00000      0.00000      0.00000      0.00000
   2310.50000000     10.55291      0.00000      0.00000      0.00000      0.00000
   2311.00000000     10.55786      0.00000      0.00000      0.00000      0.00000
   2311.50000000     10.56238      0.00000      0.00000      0.00000      0.00000
   2312.00000000     10.56454      0.00000      0.00000      0.00000      0.00000
   2312.50000000     10.56694      0.00000      0.00000      0.00000      0.00000
   2313.00000000     10.56933      0.00000      0.00000      0.00000      0.00000
   2313.50000000     10.57050      0.00000      0.00000      0.00000      0.00000
   2314.00000000     10.57289      0.00000      0.00000      0.00000      0.00000
   2314.50000000     10.57674      0.00000      0.00000      0.00000      0.00000
   2315.00000000     10.58088      0.00000      0.00000      0.00000      0.00000
   2315.50000000     10.58653      0.00000      0.00000      0.00000      0.00000
   2316.00000000     10.59315      0.00000      0.00000      0.00000      0.00000
   2316.50000000     10.59822      0.00000      0.00000      0.00000      0.00000
   2317.00000000     10.60318      0.00000      0.00000      0.00000      0.00000
   2317.50000000     10.60860      0.00000      0.00000      0.00000      0.00000
   2318.00000000     10.61426      0.00000      0.00000      0.00000      0.00000
   2318.50000000     10.61965      0.00000      0.00000      0.00000      0.00000
   2319.00000000     10.62473      0.00000      0.00000      0.00000      0.00000
   2319.50000000     10.63187      0.00000      0.00000      0.00000      0.00000
   2320.00000000     10.63697      0.00000      0.00000      0.00000      0.00000
   2320.50000000     10.64269      0.00000      0.00000      0.00000      0.00000
   2321.00000000     10.64579      0.00000      0.00000      0.00000      0.00000
   2321.50000000     10.65236      0.00000      0.00000      0.00000      0.00000
   2322.00000000     10.65776      0.00000      0.00000      0.00000      0.00000
   2322.50000000     10.66503      0.00000      0.00000      0.00000      0.00000
   2323.00000000     10.67047      0.00000      0.00000      0.00000      0.00000
   2323.50000000     10.67576      0.00000      0.00000      0.00000      0.00000
   2324.00000000     10.68021      0.00000      0.00000      0.00000      0.00000
   2324.50000000     10.68527      0.00000      0.00000      0.00000      0.00000
   2325.00000000     10.69198      0.00000      0.00000      0.00000      0.00000
   2325.50000000     10.69788      0.00000      0.00000      0.00000      0.00000
   2326.00000000     10.70284      0.00000      0.00000      0.00000      0.00000
   2326.50000000     10.71052      0.00000      0.00000      0.00000      0.00000
   2327.00000000     10.71940      0.00000      0.00000      0.00000      0.00000
   2327.50000000     10.73069      0.00000      0.00000      0.00000      0.00000
   2328.00000000     10.74105      0.00000      0.00000      0.00000      0.00000
   2328.50000000     10.74918      0.00000      0.00000      0.00000      0.00000
   2329.00000000     10.75485      0.00000      0.00000      0.00000      0.00000
   2329.50000000     10.75967      0.00000      0.00000      0.00000      0.00000
   2330.00000000     10.76664      0.00000      0.00000      0.00000      0.00000
   2330.50000000     10.77409      0.00000      0.00000      0.00000      0.00000
   2331.00000000     10.77723      0.00000      0.00000      0.00000      0.00000
   2331.50000000     10.77989      0.00000      0.00000      0.00000      0.00000
   2332.00000000     10.78380      0.00000      0.00000      0.00000      0.00000
   2332.50000000     10.78764      0.00000      0.00000      0.00000      0.00000
   2333.00000000     10.79095      0.00000      0.00000      0.00000      0.00000
   2333.50000000     10.79205      0.00000      0.00000      0.00000      0.00000
   2334.00000000     10.79381      0.00000      0.00000      0.00000      0.00000
   2334.50000000     10.79559      0.00000      0.00000      0.00000      0.00000
   2335.00000000     10.79384      0.00000      0.00000      0.00000      0.00000
   2335.50000000     10.79350      0.00000      0.00000      0.00000      0.00000
   2336.00000000     10.79269      0.00000      0.00000      0.00000      0.00000
   2336.50000000     10.79200      0.00000      0.00000      0.00000      0.00000
   2337.00000000     10.79166      0.00000      0.00000      0.00000      0.00000
   2337.50000000     10.79234      0.00000      0.00000      0.00000      0.00000
   2338.00000000     10.79507      0.00000      0.00000      0.00000      0.00000
   2338.50000000     10.79598      0.00000      0.00000      0.00000      0.00000
   2339.00000000     10.79587      0.00000      0.00000      0.00000      0.00000
   2339.50000000     10.79688      0.00000      0.00000      0.00000      0.00000
   2340.00000000     10.79916      0.00000      0.00000      0.00000      0.00000
   2340.50000000     10.80380      0.00000      0.00000      0.00000      0.00000
   2341.00000000     10.80827      0.00000      0.00000      0.00000      0.00000
   2341.50000000     10.81303      0.00000      0.00000      0.00000      0.00000
   2342.00000000     10.81643      0.00000      0.00000      0.00000      0.00000
   2342.50000000     10.82113      0.00000      0.00000      0.00000      0.00000
   2343.00000000     10.82531      0.00000      0.00000      0.00000      0.00000
   2343.50000000     10.82761      0.00000      0.00000      0.00000      0.00000
   2344.00000000     10.83045      0.00000      0.00000      0.00000      0.00000
   2344.50000000     10.83466      0.00000      0.00000      0.00000      0.00000
   2345.00000000     10.83574      0.00000      0.00000      0.00000      0.00000
   2345.50000000     10.83838      0.00000      0.00000      0.00000      0.00000
   2346.00000000     10.84044      0.00000      0.00000      0.00000      0.00000
   2346.50000000     10.84259      0.00000      0.00000      0.00000      0.00000
   2347.00000000     10.84124      0.00000      0.00000      0.00000      0.00000
   2347.50000000     10.84008      0.00000      0.00000      0.00000      0.00000
   2348.00000000     10.83808      0.00000      0.00000      0.00000      0.00000
   2348.50000000     10.83973      0.00000      0.00000      0.00000      0.00000
   2349.00000000     10.84298      0.00000      0.00000      0.00000      0.00000
   2349.50000000     10.84830      0.00000      0.00000      0.00000      0.00000
   2350.00000000     10.85381      0.00000      0.00000      0.00000      0.00000
   2350.50000000     10.85792      0.00000      0.00000      0.00000      0.00000
   2351.00000000     10.86371      0.00000      0.00000      0.00000      0.00000
   2351.50000000     10.87026      0.00000      0.00000      0.00000      0.00000
   2352.00000000     10.88037      0.00000      0.00000      0.00000      0.00000
   2352.50000000     10.88601      0.00000      0.00000      0.00000      0.00000
   2353.00000000     10.89442      0.00000      0.00000      0.00000      0.00000
   2353.50000000     10.90284      0.00000      0.00000      0.00000      0.00000
   2354.00000000     10.90871      0.00000      0.00000      0.00000      0.00000
   2354.50000000     10.91339      0.00000      0.00000      0.00000      0.00000
   2355.00000000     10.91803      0.00000      0.00000      0.00000      0.00000
   2355.50000000     10.92023      0.00000      0.00000      0.00000      0.00000
   2356.00000000     10.91989      0.00000      0.00000      0.00000      0.00000
   2356.50000000     10.91963      0.00000      0.00000      0.00000      0.00000
   2357.00000000     10.91970      0.00000      0.00000      0.00000      0.00000
   2357.50000000     10.91913      0.00000      0.00000      0.00000      0.00000
   2358.00000000     10.92005      0.00000      0.00000      0.00000      0.00000
   2358.50000000     10.91984      0.00000      0.00000      0.00000      0.00000
