    910.00000000      8.78864      0.00000      0.00000      0.00000      0.00000
    910.50000000      8.78466      0.00000      0.00000      0.00000      0.00000
    911.00000000      8.77779      0.00000      0.00000      0.00000      0.00000
    911.50000000      8.77071      0.00000      0.00000      0.00000      0.00000
    912.00000000      8.76260      0.00000      0.00000      0.00000      0.00000
    912.50000000      8.75411      0.00000      0.00000      0.00000      0.00000
    913.00000000      8.74630      0.00000      0.00000      0.00000      0.00000
    913.50000000      8.74044      0.00000      0.00000      0.00000      0.00000
    914.00000000      8.73557      0.00000      0.00000      0.00000      0.00000
    914.50000000      8.73215      0.00000      0.00000      0.00000      0.00000
    915.00000000      8.72874      0.00000      0.00000      0.00000      0.00000
    915.50000000      8.72506      0.00000      0.00000      0.00000      0.00000
    916.00000000      8.72018      0.00000      0.00000      0.00000      0.00000
    916.50000000      8.71827      0.00000      0.00000      0.00000      0.00000
    917.00000000      8.71431      0.00000      0.00000      0.00000      0.00000
    917.50000000      8.71155      0.00000      0.00000      0.00000      0.00000
    918.00000000      8.70950      0.00000      0.00000      0.00000      0.00000
    918.50000000      8.70650      0.00000      0.00000      0.00000      0.00000
    919.00000000      8.70256      0.00000      0.00000      0.00000      0.00000
    919.50000000      8.69992      0.00000      0.00000      0.00000      0.00000
    920.00000000      8.69525      0.00000      0.00000      0.00000      0.00000
    920.50000000      8.69182      0.00000      0.00000      0.00000      0.00000
    921.00000000      8.68990      0.00000      0.00000      0.00000      0.00000
    921.50000000      8.69128      0.00000      0.00000      0.00000      0.00000
    922.00000000      8.69150      0.00000      0.00000      0.00000      0.00000
    922.50000000      8.69265      0.00000      0.00000      0.00000      0.00000
    923.00000000      8.69149      0.00000      0.00000      0.00000      0.00000
    923.50000000      8.69088      0.00000      0.00000      0.00000      0.00000
    924.00000000      8.69042      0.00000      0.00000      0.00000      0.00000
    924.50000000      8.69163      0.00000      0.00000      0.00000      0.00000
    925.00000000      8.69046      0.00000      0.00000      0.00000      0.00000
    925.50000000      8.68854      0.00000      0.00000      0.00000      0.00000
    926.00000000      8.68565      0.00000      0.00000      0.00000      0.00000
    926.50000000      8.68268      0.00000      0.00000      0.00000      0.00000
    927.00000000      8.67742      0.00000      0.00000      0.00000      0.00000
    927.50000000      8.67281      0.00000      0.00000      0.00000      0.00000
    928.00000000      8.66879      0.00000      0.00000      0.00000      0.00000
    928.50000000      8.66375      0.00000      0.00000      0.00000      0.00000
    929.00000000      8.65633      0.00000      0.00000      0.00000      0.00000
    929.50000000      8.64561      0.00000      0.00000      0.00000      0.00000
    930.00000000      8.63792      0.00000      0.00000      0.00000      0.00000
    930.50000000      8.62968      0.00000      0.00000      0.00000      0.00000
    931.00000000      8.62359      0.00000      0.00000      0.00000      0.00000
    931.50000000      8.61753      0.00000      0.00000      0.00000      0.00000
    932.00000000      8.61096      0.00000      0.00000      0.00000      0.00000
    932.50000000      8.60617      0.00000      0.00000      0.00000      0.00000
    933.00000000      8.60087      0.00000      0.00000      0.00000      0.00000
    933.50000000      8.59479      0.00000      0.00000      0.00000      0.00000
    934.00000000      8.59006      0.00000      0.00000      0.00000      0.00000
    934.50000000      8.58428      0.00000      0.00000      0.00000      0.00000
    935.00000000      8.58013      0.00000      0.00000      0.00000      0.00000
    935.50000000      8.57539      0.00000      0.00000      0.00000      0.00000
    936.00000000      8.56837      0.00000      0.00000      0.00000      0.00000
    936.50000000      8.56092      0.00000      0.00000      0.00000      0.00000
    937.00000000      8.55452      0.00000      0.00000      0.00000      0.00000
    937.50000000      8.54872      0.00000      0.00000      0.00000      0.00000
    938.00000000      8.54115      0.00000      0.00000      0.00000      0.00000
    938.50000000      8.53565      0.00000      0.00000      0.00000      0.00000
    939.00000000      8.53151      0.00000      0.00000      0.00000      0.00000
    939.50000000      8.53012      0.00000      0.00000      0.00000      0.00000
    940.00000000      8.52775      0.00000      0.00000      0.00000      0.00000
    940.50000000      8.52544      0.00000      0.00000      0.00000      0.00000
    941.00000000      8.52294      0.00000      0.00000      0.00000      0.00000
    941.50000000      8.52108      0.00000      0.00000      0.00000      0.00000
    942.00000000      8.52093      0.00000      0.00000      0.00000      0.00000
    942.50000000      8.51872      0.00000      0.00000      0.00000      0.00000
    943.00000000      8.51502      0.00000      0.00000      0.00000      0.00000
    943.50000000      8.51186      0.00000      0.00000      0.00000      0.00000
    944.00000000      8.51136      0.00000      0.00000      0.00000      0.00000
    944.50000000      8.51062      0.00000      0.00000      0.00000      0.00000
    945.00000000      8.51120      0.00000      0.00000      0.00000      0.00000
    945.50000000      8.50966      0.00000      0.00000      0.00000      0.00000
    946.00000000      8.50990      0.00000      0.00000      0.00000      0.00000
    946.50000000      8.51091      0.00000      0.00000      0.00000      0.00000
    947.00000000      8.51092      0.00000      0.00000      0.00000      0.00000
    947.50000000      8.51240      0.00000      0.00000      0.00000      0.00000
    948.00000000      8.51331      0.00000      0.00000      0.00000      0.00000
    948.50000000      8.51529      0.00000      0.00000      0.00000      0.00000
    949.00000000      8.51445      0.00000      0.00000      0.00000      0.00000
    949.50000000      8.51409      0.00000      0.00000      0.00000      0.00000
    950.00000000      8.51482      0.00000      0.00000      0.00000      0.00000
    950.50000000      8.51643      0.00000      0.00000      0.00000      0.00000
    951.00000000      8.51613      0.00000      0.00000      0.00000      0.00000
    951.50000000      8.51490      0.00000      0.00000      0.00000      0.00000
    952.00000000      8.51259      0.00000      0.00000      0.00000      0.00000
    952.50000000      8.50862      0.00000      0.00000      0.00000      0.00000
    953.00000000      8.50601      0.00000      0.00000      0.00000      0.00000
    953.50000000      8.50816      0.00000      0.00000      0.00000      0.00000
    954.00000000      8.51095      0.00000      0.00000      0.00000      0.00000
    954.50000000      8.51249      0.00000      0.00000      0.00000      0.00000
    955.00000000      8.51515      0.00000      0.00000      0.00000      0.00000
    955.50000000      8.51707      0.00000      0.00000      0.00000      0.00000
    956.00000000      8.51790      0.00000      0.00000      0.00000      0.00000
    956.50000000      8.52024      0.00000      0.00000      0.00000      0.00000
    957.00000000      8.52442      0.00000      0.00000      0.00000      0.00000
    957.50000000      8.52708      0.00000      0.00000      0.00000      0.00000
    958.00000000      8.53094      0.00000      0.00000      0.00000      0.00000
    958.50000000      8.53468      0.00000      0.00000      0.00000      0.00000
    959.00000000      8.53806      0.00000      0.00000      0.00000      0.00000
    959.50000000      8.54071      0.00000      0.00000      0.00000      0.00000
    960.00000000      8.54191      0.00000      0.00000      0.00000      0.00000
    960.50000000      8.54380      0.00000      0.00000      0.00000      0.00000
    961.00000000      8.54411      0.00000      0.00000      0.00000      0.00000
    961.50000000      8.54405      0.00000      0.00000      0.00000      0.00000
    962.00000000      8.54456      0.00000      0.00000      0.00000      0.00000
    962.50000000      8.54587      0.00000      0.00000      0.00000      0.00000
    963.00000000      8.54498      0.00000      0.00000      0.00000      0.00000
    963.50000000      8.54654      0.00000      0.00000      0.00000      0.00000
    964.00000000      8.54756      0.00000      0.00000      0.00000      0.00000
    964.50000000      8.54869      0.00000      0.00000      0.00000      0.00000
    965.00000000      8.55174      0.00000      0.00000      0.00000      0.00000
    965.50000000      8.55518      0.00000      0.00000      0.00000      0.00000
    966.00000000      8.55725      0.00000      0.00000      0.00000      0.00000
    966.50000000      8.55860      0.00000      0.00000      0.00000      0.00000
    967.00000000      8.56226      0.00000      0.00000      0.00000      0.00000
    967.50000000      8.56497      0.00000      0.00000      0.00000      0.00000
    968.00000000      8.56678      0.00000      0.00000      0.00000      0.00000
    968.50000000      8.56781      0.00000      0.00000      0.00000      0.00000
    969.00000000      8.56878      0.00000      0.00000      0.00000      0.00000
    969.50000000      8.57060      0.00000      0.00000      0.00000      0.00000
    970.00000000      8.57037      0.00000      0.00000      0.00000      0.00000
    970.50000000      8.56949      0.00000      0.00000      0.00000      0.00000
    971.00000000      8.56659      0.00000      0.00000      0.00000      0.00000
    971.50000000      8.56468      0.00000      0.00000      0.00000      0.00000
    972.00000000      8.56348      0.00000      0.00000      0.00000      0.00000
    972.50000000      8.56136      0.00000      0.00000      0.00000      0.00000
    973.00000000      8.55824      0.00000      0.00000      0.00000      0.00000
    973.50000000      8.55545      0.00000      0.00000      0.00000      0.00000
    974.00000000      8.54746      0.00000      0.00000      0.00000      0.00000
    974.50000000      8.54011      0.00000      0.00000      0.00000      0.00000
    975.00000000      8.53340      0.00000      0.00000      0.00000      0.00000
    975.50000000      8.52617      0.00000      0.00000      0.00000      0.00000
    976.00000000      8.51679      0.00000      0.00000      0.00000      0.00000
    976.50000000      8.50920      0.00000      0.00000      0.00000      0.00000
    977.00000000      8.50263      0.00000      0.00000      0.00000      0.00000
    977.50000000      8.49811      0.00000      0.00000      0.00000      0.00000
    978.00000000      8.49458      0.00000      0.00000      0.00000      0.00000
    978.50000000      8.48772      0.00000      0.00000      0.00000      0.00000
    979.00000000      8.48165      0.00000      0.00000      0.00000      0.00000
    979.50000000      8.47805      0.00000      0.00000      0.00000      0.00000
    980.00000000      8.47208      0.00000      0.00000      0.00000      0.00000
    980.50000000      8.46658      0.00000      0.00000      0.00000      0.00000
    981.00000000      8.46200      0.00000      0.00000      0.00000      0.00000
    981.50000000      8.45967      0.00000      0.00000      0.00000      0.00000
    982.00000000      8.45694      0.00000      0.00000      0.00000      0.00000
    982.50000000      8.45319      0.00000      0.00000      0.00000      0.00000
    983.00000000      8.44994      0.00000      0.00000      0.00000      0.00000
    983.50000000      8.44790      0.00000      0.00000      0.00000      0.00000
    984.00000000      8.44727      0.00000      0.00000      0.00000      0.00000
    984.50000000      8.44657      0.00000      0.00000      0.00000      0.00000
    985.00000000      8.44628      0.00000      0.00000      0.00000      0.00000
    985.50000000      8.44733      0.00000      0.00000      0.00000      0.00000
    986.00000000      8.44519      0.00000      0.00000      0.00000      0.00000
    986.50000000      8.43716      0.00000      0.00000      0.00000      0.00000
    987.00000000      8.42979      0.00000      0.00000      0.00000      0.00000
    987.50000000      8.42474      0.00000      0.00000      0.00000      0.00000
    988.00000000      8.42107      0.00000      0.00000      0.00000      0.00000
    988.50000000      8.41934      0.00000      0.00000      0.00000      0.00000
    989.00000000      8.41772      0.00000      0.00000      0.00000      0.00000
    989.50000000      8.41522      0.00000      0.00000      0.00000      0.00000
    990.00000000      8.41189      0.00000      0.00000      0.00000      0.00000
    990.50000000      8.40823      0.00000      0.00000      0.00000      0.00000
    991.00000000      8.40516      0.00000      0.00000      0.00000      0.00000
    991.50000000      8.40061      0.00000      0.00000      0.00000      0.00000
    992.00000000      8.39745      0.00000      0.00000      0.00000      0.00000
    992.50000000      8.39637      0.00000      0.00000      0.00000      0.00000
    993.00000000      8.39592      0.00000      0.00000      0.00000      0.00000
    993.50000000      8.39431      0.00000      0.00000      0.00000      0.00000
    994.00000000      8.39167      0.00000      0.00000      0.00000      0.00000
    994.50000000      8.39038      0.00000      0.00000      0.00000      0.00000
    995.00000000      8.38881      0.00000      0.00000      0.00000      0.00000
    995.50000000      8.38804      0.00000      0.00000      0.00000      0.00000
    996.00000000      8.38366      0.00000      0.00000      0.00000      0.00000
    996.50000000      8.37619      0.00000      0.00000      0.00000      0.00000
    997.00000000      8.37190      0.00000      0.00000      0.00000      0.00000
    997.50000000      8.36722      0.00000      0.00000      0.00000      0.00000
    998.00000000      8.36678      0.00000      0.00000      0.00000      0.00000
    998.50000000      8.36627      0.00000      0.00000      0.00000      0.00000
    999.00000000      8.36160      0.00000      0.00000      0.00000      0.00000
    999.50000000      8.35906      0.00000      0.00000      0.00000      0.00000
   1000.00000000      8.35458      0.00000      0.00000      0.00000      0.00000
   1000.50000000      8.35250      0.00000      0.00000      0.00000      0.00000
   1001.00000000      8.34993      0.00000      0.00000      0.00000      0.00000
   1001.50000000      8.34621      0.00000      0.00000      0.00000      0.00000
   1002.00000000      8.34252      0.00000      0.00000      0.00000      0.00000
   1002.50000000      8.33731      0.00000      0.00000      0.00000      0.00000
   1003.00000000      8.33282      0.00000      0.00000      0.00000      0.00000
   1003.50000000      8.32852      0.00000      0.00000      0.00000      0.00000
   1004.00000000      8.32497      0.00000      0.00000      0.00000      0.00000
   1004.50000000      8.32059      0.00000      0.00000      0.00000      0.00000
   1005.00000000      8.31732      0.00000      0.00000      0.00000      0.00000
   1005.50000000      8.31337      0.00000      0.00000      0.00000      0.00000
   1006.00000000      8.30971      0.00000      0.00000      0.00000      0.00000
   1006.50000000      8.30415      0.00000      0.00000      0.00000      0.00000
   1007.00000000      8.30043      0.00000      0.00000      0.00000      0.00000
   1007.50000000      8.29911      0.00000      0.00000      0.00000      0.00000
   1008.00000000      8.29798      0.00000      0.00000      0.00000      0.00000
   1008.50000000      8.29725      0.00000      0.00000      0.00000      0.00000
   1009.00000000      8.29772      0.00000      0.00000      0.00000      0.00000
   1009.50000000      8.29684      0.00000      0.00000      0.00000      0.00000
   1010.00000000      8.29563      0.00000      0.00000      0.00000      0.00000
   1010.50000000      8.29717      0.00000      0.00000      0.00000      0.00000
   1011.00000000      8.29738      0.00000      0.00000      0.00000      0.00000
   1011.50000000      8.29952      0.00000      0.00000      0.00000      0.00000
   1012.00000000      8.30057      0.00000      0.00000      0.00000      0.00000
   1012.50000000      8.30069      0.00000      0.00000      0.00000      0.00000
   1013.00000000      8.29813      0.00000      0.00000      0.00000      0.00000
   1013.50000000      8.29616      0.00000      0.00000      0.00000      0.00000
   1014.00000000      8.29307      0.00000      0.00000      0.00000      0.00000
   1014.50000000      8.28901      0.00000      0.00000      0.00000      0.00000
   1015.00000000      8.28265      0.00000      0.00000      0.00000      0.00000
   1015.50000000      8.27458      0.00000      0.00000      0.00000      0.00000
   1016.00000000      8.26875      0.00000      0.00000      0.00000      0.00000
   1016.50000000      8.26013      0.00000      0.00000      0.00000      0.00000
   1017.00000000      8.25358      0.00000      0.00000      0.00000      0.00000
   1017.50000000      8.24631      0.00000      0.00000      0.00000      0.00000
   1018.00000000      8.23982      0.00000      0.00000      0.00000      0.00000
   1018.50000000      8.23339      0.00000      0.00000      0.00000      0.00000
   1019.00000000      8.22740      0.00000      0.00000      0.00000      0.00000
   1019.50000000      8.22528      0.00000      0.00000      0.00000      0.00000
   1020.00000000      8.22475      0.00000      0.00000      0.00000      0.00000
   1020.50000000      8.22400      0.00000      0.00000      0.00000      0.00000
   1021.00000000      8.22392      0.00000      0.00000      0.00000      0.00000
   1021.50000000      8.22390      0.00000      0.00000      0.00000      0.00000
   1022.00000000      8.22304      0.00000      0.00000      0.00000      0.00000
   1022.50000000      8.22454      0.00000      0.00000      0.00000      0.00000
   1023.00000000      8.22425      0.00000      0.00000      0.00000      0.00000
   1023.50000000      8.22652      0.00000      0.00000      0.00000      0.00000
   1024.00000000      8.22610      0.00000      0.00000      0.00000      0.00000
   1024.50000000      8.22554      0.00000      0.00000      0.00000      0.00000
   1025.00000000      8.22824      0.00000      0.00000      0.00000      0.00000
   1025.50000000      8.22977      0.00000      0.00000      0.00000      0.00000
   1026.00000000      8.22983      0.00000      0.00000      0.00000      0.00000
   1026.50000000      8.23063      0.00000      0.00000      0.00000      0.00000
   1027.00000000      8.23607      0.00000      0.00000      0.00000      0.00000
   1027.50000000      8.23915      0.00000      0.00000      0.00000      0.00000
   1028.00000000      8.24044      0.00000      0.00000      0.00000      0.00000
   1028.50000000      8.24126      0.00000      0.00000      0.00000      0.00000
   1029.00000000      8.24262      0.00000      0.00000      0.00000      0.00000
   1029.50000000      8.24549      0.00000      0.00000      0.00000      0.00000
   1030.00000000      8.24905      0.00000      0.00000      0.00000      0.00000
   1030.50000000      8.25072      0.00000      0.00000      0.00000      0.00000
   1031.00000000      8.25373      0.00000      0.00000      0.00000      0.00000
   1031.50000000      8.25659      0.00000      0.00000      0.00000      0.00000
   1032.00000000      8.25530      0.00000      0.00000      0.00000      0.00000
   1032.50000000      8.25432      0.00000      0.00000      0.00000      0.00000
   1033.00000000      8.25304      0.00000      0.00000      0.00000      0.00000
   1033.50000000      8.25227      0.00000      0.00000      0.00000      0.00000
   1034.00000000      8.24895      0.00000      0.00000      0.00000      0.00000
   1034.50000000      8.24328      0.00000      0.00000      0.00000      0.00000
   1035.00000000      8.23874      0.00000      0.00000      0.00000      0.00000
   1035.50000000      8.23458      0.00000      0.00000      0.00000      0.00000
   1036.00000000      8.23284      0.00000      0.00000      0.00000      0.00000
   1036.50000000      8.23458      0.00000      0.00000      0.00000      0.00000
   1037.00000000      8.23430      0.00000      0.00000      0.00000      0.00000
   1037.50000000      8.23561      0.00000      0.00000      0.00000      0.00000
   1038.00000000      8.23403      0.00000      0.00000      0.00000      0.00000
   1038.50000000      8.23008      0.00000      0.00000      0.00000      0.00000
   1039.00000000      8.22604      0.00000      0.00000      0.00000      0.00000
   1039.50000000      8.22134      0.00000      0.00000      0.00000      0.00000
   1040.00000000      8.21764      0.00000      0.00000      0.00000      0.00000
   1040.50000000      8.21363      0.00000      0.00000      0.00000      0.00000
   1041.00000000      8.20823      0.00000      0.00000      0.00000      0.00000
   1041.50000000      8.20263      0.00000      0.00000      0.00000      0.00000
   1042.00000000      8.19449      0.00000      0.00000      0.00000      0.00000
   1042.50000000      8.18742      0.00000      0.00000      0.00000      0.00000
   1043.00000000      8.18104      0.00000      0.00000      0.00000      0.00000
   1043.50000000      8.17429      0.00000      0.00000      0.00000      0.00000
   1044.00000000      8.16741      0.00000      0.00000      0.00000      0.00000
   1044.50000000      8.16032      0.00000      0.00000      0.00000      0.00000
   1045.00000000      8.15463      0.00000      0.00000      0.00000      0.00000
   1045.50000000      8.14733      0.00000      0.00000      0.00000      0.00000
   1046.00000000      8.13836      0.00000      0.00000      0.00000      0.00000
   1046.50000000      8.13313      0.00000      0.00000      0.00000      0.00000
   1047.00000000      8.12559      0.00000      0.00000      0.00000      0.00000
   1047.50000000      8.12052      0.00000      0.00000      0.00000      0.00000
   1048.00000000      8.11343      0.00000      0.00000      0.00000      0.00000
   1048.50000000      8.10639      0.00000      0.00000      0.00000      0.00000
   1049.00000000      8.09921      0.00000      0.00000      0.00000      0.00000
   1049.50000000      8.09325      0.00000      0.00000      0.00000      0.00000
   1050.00000000      8.08815      0.00000      0.00000      0.00000      0.00000
   1050.50000000      8.08324      0.00000      0.00000      0.00000      0.00000
   1051.00000000      8.07859      0.00000      0.00000      0.00000      0.00000
   1051.50000000      8.07282      0.00000      0.00000      0.00000      0.00000
   1052.00000000      8.06621      0.00000      0.00000      0.00000      0.00000
   1052.50000000      8.06110      0.00000      0.00000      0.00000      0.00000
   1053.00000000      8.05590      0.00000      0.00000      0.00000      0.00000
   1053.50000000      8.05219      0.00000      0.00000      0.00000      0.00000
   1054.00000000      8.04893      0.00000      0.00000      0.00000      0.00000
   1054.50000000      8.04507      0.00000      0.00000      0.00000      0.00000
   1055.00000000      8.04075      0.00000      0.00000      0.00000      0.00000
   1055.50000000      8.03734      0.00000      0.00000      0.00000      0.00000
   1056.00000000      8.03507      0.00000      0.00000      0.00000      0.00000
   1056.50000000      8.03417      0.00000      0.00000      0.00000      0.00000
   1057.00000000      8.03561      0.00000      0.00000      0.00000      0.00000
   1057.50000000      8.03684      0.00000      0.00000      0.00000      0.00000
   1058.00000000      8.03688      0.00000      0.00000      0.00000      0.00000
   1058.50000000      8.03891      0.00000      0.00000      0.00000      0.00000
   1059.00000000      8.03986      0.00000      0.00000      0.00000      0.00000
   1059.50000000      8.04042      0.00000      0.00000      0.00000      0.00000
   1060.00000000      8.04076      0.00000      0.00000      0.00000      0.00000
   1060.50000000      8.04313      0.00000      0.00000      0.00000      0.00000
   1061.00000000      8.04499      0.00000      0.00000      0.00000      0.00000
   1061.50000000      8.04435      0.00000      0.00000      0.00000      0.00000
   1062.00000000      8.04440      0.00000      0.00000      0.00000      0.00000
   1062.50000000      8.04652      0.00000      0.00000      0.00000      0.00000
   1063.00000000      8.04856      0.00000      0.00000      0.00000      0.00000
   1063.50000000      8.05015      0.00000      0.00000      0.00000      0.00000
   1064.00000000      8.05296      0.00000      0.00000      0.00000      0.00000
   1064.50000000      8.05411      0.00000      0.00000      0.00000      0.00000
   1065.00000000      8.05624      0.00000      0.00000      0.00000      0.00000
   1065.50000000      8.05945      0.00000      0.00000      0.00000      0.00000
   1066.00000000      8.06561      0.00000      0.00000      0.00000      0.00000
   1066.50000000      8.06940      0.00000      0.00000      0.00000      0.00000
   1067.00000000      8.07382      0.00000      0.00000      0.00000      0.00000
   1067.50000000      8.07892      0.00000      0.00000      0.00000      0.00000
   1068.00000000      8.08518      0.00000      0.00000      0.00000      0.00000
   1068.50000000      8.09058      0.00000      0.00000      0.00000      0.00000
   1069.00000000      8.09454      0.00000      0.00000      0.00000      0.00000
   1069.50000000      8.10000      0.00000      0.00000      0.00000      0.00000
   1070.00000000      8.10520      0.00000      0.00000      0.00000      0.00000
   1070.50000000      8.10997      0.00000      0.00000      0.00000      0.00000
   1071.00000000      8.11571      0.00000      0.00000      0.00000      0.00000
   1071.50000000      8.12161      0.00000      0.00000      0.00000      0.00000
   1072.00000000      8.12639      0.00000      0.00000      0.00000      0.00000
   1072.50000000      8.13004      0.00000      0.00000      0.00000      0.00000
   1073.00000000      8.13518      0.00000      0.00000      0.00000      0.00000
   1073.50000000      8.14063      0.00000      0.00000      0.00000      0.00000
   1074.00000000      8.14664      0.00000      0.00000      0.00000      0.00000
   1074.50000000      8.15093      0.00000      0.00000      0.00000      0.00000
   1075.00000000      8.15430      0.00000      0.00000      0.00000      0.00000
   1075.50000000      8.16036      0.00000      0.00000      0.00000      0.00000
   1076.00000000      8.16729      0.00000      0.00000      0.00000      0.00000
   1076.50000000      8.17027      0.00000      0.00000      0.00000      0.00000
   1077.00000000      8.17241      0.00000      0.00000      0.00000      0.00000
   1077.50000000      8.17206      0.00000      0.00000      0.00000      0.00000
   1078.00000000      8.17137      0.00000      0.00000      0.00000      0.00000
   1078.50000000      8.17333      0.00000      0.00000      0.00000      0.00000
   1079.00000000      8.17811      0.00000      0.00000      0.00000      0.00000
   1079.50000000      8.18235      0.00000      0.00000      0.00000      0.00000
   1080.00000000      8.18747      0.00000      0.00000      0.00000      0.00000
   1080.50000000      8.19270      0.00000      0.00000      0.00000      0.00000
   1081.00000000      8.19781      0.00000      0.00000      0.00000      0.00000
   1081.50000000      8.20300      0.00000      0.00000      0.00000      0.00000
   1082.00000000      8.20623      0.00000      0.00000      0.00000      0.00000
   1082.50000000      8.20888      0.00000      0.00000      0.00000      0.00000
   1083.00000000      8.21169      0.00000      0.00000      0.00000      0.00000
   1083.50000000      8.21499      0.00000      0.00000      0.00000      0.00000
   1084.00000000      8.21564      0.00000      0.00000      0.00000      0.00000
   1084.50000000      8.21185      0.00000      0.00000      0.00000      0.00000
   1085.00000000      8.20880      0.00000      0.00000      0.00000      0.00000
   1085.50000000      8.20452      0.00000      0.00000      0.00000      0.00000
   1086.00000000      8.20270      0.00000      0.00000      0.00000      0.00000
   1086.50000000      8.20106      0.00000      0.00000      0.00000      0.00000
   1087.00000000      8.19772      0.00000      0.00000      0.00000      0.00000
   1087.50000000      8.19542      0.00000      0.00000      0.00000      0.00000
   1088.00000000      8.19220      0.00000      0.00000      0.00000      0.00000
   1088.50000000      8.18847      0.00000      0.00000      0.00000      0.00000
   1089.00000000      8.18430      0.00000      0.00000      0.00000      0.00000
   1089.50000000      8.18111      0.00000      0.00000      0.00000      0.00000
   1090.00000000      8.18172      0.00000      0.00000      0.00000      0.00000
   1090.50000000      8.18064      0.00000      0.00000      0.00000      0.00000
   1091.00000000      8.17991      0.00000      0.00000      0.00000      0.00000
   1091.50000000      8.17887      0.00000      0.00000      0.00000      0.00000
   1092.00000000      8.17852      0.00000      0.00000      0.00000      0.00000
   1092.50000000      8.17569      0.00000      0.00000      0.00000      0.00000
   1093.00000000      8.17296      0.00000      0.00000      0.00000      0.00000
   1093.50000000      8.17086      0.00000      0.00000      0.00000      0.00000
   1094.00000000      8.17019      0.00000      0.00000      0.00000      0.00000
   1094.50000000      8.16949      0.00000      0.00000      0.00000      0.00000
   1095.00000000      8.16707      0.00000      0.00000      0.00000      0.00000
   1095.50000000      8.16350      0.00000      0.00000      0.00000      0.00000
   1096.00000000      8.15949      0.00000      0.00000      0.00000      0.00000
   1096.50000000      8.15630      0.00000      0.00000      0.00000      0.00000
   1097.00000000      8.15125      0.00000      0.00000      0.00000      0.00000
   1097.50000000      8.14715      0.00000      0.00000      0.00000      0.00000
   1098.00000000      8.14414      0.00000      0.00000      0.00000      0.00000
   1098.50000000      8.14264      0.00000      0.00000      0.00000      0.00000
   1099.00000000      8.14204      0.00000      0.00000      0.00000      0.00000
   1099.50000000      8.14144      0.00000      0.00000      0.00000      0.00000
   1100.00000000      8.14286      0.00000      0.00000      0.00000      0.00000
   1100.50000000      8.14349      0.00000      0.00000      0.00000      0.00000
   1101.00000000      8.14448      0.00000      0.00000      0.00000      0.00000
   1101.50000000      8.14304      0.00000      0.00000      0.00000      0.00000
   1102.00000000      8.14102      0.00000      0.00000      0.00000      0.00000
   1102.50000000      8.13791      0.00000      0.00000      0.00000      0.00000
   1103.00000000      8.13580      0.00000      0.00000      0.00000      0.00000
   1103.50000000      8.13391      0.00000      0.00000      0.00000      0.00000
   1104.00000000      8.13154      0.00000      0.00000      0.00000      0.00000
   1104.50000000      8.12854      0.00000      0.00000      0.00000      0.00000
   1105.00000000      8.12489      0.00000      0.00000      0.00000      0.00000
   1105.50000000      8.12432      0.00000      0.00000      0.00000      0.00000
   1106.00000000      8.12446      0.00000      0.00000      0.00000      0.00000
   1106.50000000      8.12562      0.00000      0.00000      0.00000      0.00000
   1107.00000000      8.12742      0.00000      0.00000      0.00000      0.00000
   1107.50000000      8.12899      0.00000      0.00000      0.00000      0.00000
   1108.00000000      8.13120      0.00000      0.00000      0.00000      0.00000
   1108.50000000      8.13237      0.00000      0.00000      0.00000      0.00000
   1109.00000000      8.13442      0.00000      0.00000      0.00000      0.00000
   1109.50000000      8.13803      0.00000      0.00000      0.00000      0.00000
   1110.00000000      8.14274      0.00000      0.00000      0.00000      0.00000
   1110.50000000      8.14537      0.00000      0.00000      0.00000      0.00000
   1111.00000000      8.14921      0.00000      0.00000      0.00000      0.00000
   1111.50000000      8.15347      0.00000      0.00000      0.00000      0.00000
   1112.00000000      8.15779      0.00000      0.00000      0.00000      0.00000
   1112.50000000      8.15931      0.00000      0.00000      0.00000      0.00000
   1113.00000000      8.15900      0.00000      0.00000      0.00000      0.00000
   1113.50000000      8.15781      0.00000      0.00000      0.00000      0.00000
   1114.00000000      8.15693      0.00000      0.00000      0.00000      0.00000
   1114.50000000      8.15801      0.00000      0.00000      0.00000      0.00000
   1115.00000000      8.16194      0.00000      0.00000      0.00000      0.00000
   1115.50000000      8.16832      0.00000      0.00000      0.00000      0.00000
   1116.00000000      8.17109      0.00000      0.00000      0.00000      0.00000
   1116.50000000      8.17405      0.00000      0.00000      0.00000      0.00000
   1117.00000000      8.17511      0.00000      0.00000      0.00000      0.00000
   1117.50000000      8.17544      0.00000      0.00000      0.00000      0.00000
   1118.00000000      8.17611      0.00000      0.00000      0.00000      0.00000
   1118.50000000      8.17843      0.00000      0.00000      0.00000      0.00000
   1119.00000000      8.17967      0.00000      0.00000      0.00000      0.00000
   1119.50000000      8.18090      0.00000      0.00000      0.00000      0.00000
   1120.00000000      8.18222      0.00000      0.00000      0.00000      0.00000
   1120.50000000      8.18348      0.00000      0.00000      0.00000      0.00000
   1121.00000000      8.18641      0.00000      0.00000      0.00000      0.00000
   1121.50000000      8.19064      0.00000      0.00000      0.00000      0.00000
   1122.00000000      8.19554      0.00000      0.00000      0.00000      0.00000
   1122.50000000      8.20024      0.00000      0.00000      0.00000      0.00000
   1123.00000000      8.20050      0.00000      0.00000      0.00000      0.00000
   1123.50000000      8.19898      0.00000      0.00000      0.00000      0.00000
   1124.00000000      8.19790      0.00000      0.00000      0.00000      0.00000
   1124.50000000      8.19582      0.00000      0.00000      0.00000      0.00000
   1125.00000000      8.19486      0.00000      0.00000      0.00000      0.00000
   1125.50000000      8.19187      0.00000      0.00000      0.00000      0.00000
   1126.00000000      8.18783      0.00000      0.00000      0.00000      0.00000
   1126.50000000      8.18261      0.00000      0.00000      0.00000      0.00000
   1127.00000000      8.17775      0.00000      0.00000      0.00000      0.00000
   1127.50000000      8.17760      0.00000      0.00000      0.00000      0.00000
   1128.00000000      8.17865      0.00000      0.00000      0.00000      0.00000
   1128.50000000      8.17855      0.00000      0.00000      0.00000      0.00000
   1129.00000000      8.18044      0.00000      0.00000      0.00000      0.00000
   1129.50000000      8.18263      0.00000      0.00000      0.00000      0.00000
   1130.00000000      8.18562      0.00000      0.00000      0.00000      0.00000
   1130.50000000      8.18844      0.00000      0.00000      0.00000      0.00000
   1131.00000000      8.19121      0.00000      0.00000      0.00000      0.00000
   1131.50000000      8.19309      0.00000      0.00000      0.00000      0.00000
   1132.00000000      8.19587      0.00000      0.00000      0.00000      0.00000
   1132.50000000      8.19774      0.00000      0.00000      0.00000      0.00000
   1133.00000000      8.20078      0.00000      0.00000      0.00000      0.00000
   1133.50000000      8.20568      0.00000      0.00000      0.00000      0.00000
   1134.00000000      8.20698      0.00000      0.00000      0.00000      0.00000
   1134.50000000      8.20896      0.00000      0.00000      0.00000      0.00000
   1135.00000000      8.20990      0.00000      0.00000      0.00000      0.00000
   1135.50000000      8.21020      0.00000      0.00000      0.00000      0.00000
   1136.00000000      8.21159      0.00000      0.00000      0.00000      0.00000
   1136.50000000      8.21487      0.00000      0.00000      0.00000      0.00000
   1137.00000000      8.21803      0.00000      0.00000      0.00000      0.00000
   1137.50000000      8.22290      0.00000      0.00000      0.00000      0.00000
   1138.00000000      8.22781      0.00000      0.00000      0.00000      0.00000
   1138.50000000      8.23376      0.00000      0.00000      0.00000      0.00000
   1139.00000000      8.24098      0.00000      0.00000      0.00000      0.00000
   1139.50000000      8.24592      0.00000      0.00000      0.00000      0.00000
   1140.00000000      8.25054      0.00000      0.00000      0.00000      0.00000
   1140.50000000      8.25768      0.00000      0.00000      0.00000      0.00000
   1141.00000000      8.26504      0.00000      0.00000      0.00000      0.00000
   1141.50000000      8.27241      0.00000      0.00000      0.00000      0.00000
   1142.00000000      8.27824      0.00000      0.00000      0.00000      0.00000
   1142.50000000      8.28205      0.00000      0.00000      0.00000      0.00000
   1143.00000000      8.28260      0.00000      0.00000      0.00000      0.00000
   1143.50000000      8.28248      0.00000      0.00000      0.00000      0.00000
   1144.00000000      8.28092      0.00000      0.00000      0.00000      0.00000
   1144.50000000      8.27907      0.00000      0.00000      0.00000      0.00000
   1145.00000000      8.27901      0.00000      0.00000      0.00000      0.00000
   1145.50000000      8.28133      0.00000      0.00000      0.00000      0.00000
   1146.00000000      8.28092      0.00000      0.00000      0.00000      0.00000
   1146.50000000      8.28222      0.00000      0.00000      0.00000      0.00000
   1147.00000000      8.28632      0.00000      0.00000      0.00000      0.00000
   1147.50000000      8.28975      0.00000      0.00000      0.00000      0.00000
   1148.00000000      8.29415      0.00000      0.00000      0.00000      0.00000
   1148.50000000      8.29650      0.00000      0.00000      0.00000      0.00000
   1149.00000000      8.29822      0.00000      0.00000      0.00000      0.00000
   1149.50000000      8.30206      0.00000      0.00000      0.00000      0.00000
   1150.00000000      8.30551      0.00000      0.00000      0.00000      0.00000
   1150.50000000      8.30690      0.00000      0.00000      0.00000      0.00000
   1151.00000000      8.30533      0.00000      0.00000      0.00000      0.00000
   1151.50000000      8.30329      0.00000      0.00000      0.00000      0.00000
   1152.00000000      8.29985      0.00000      0.00000      0.00000      0.00000
   1152.50000000      8.29451      0.00000      0.00000      0.00000      0.00000
   1153.00000000      8.29047      0.00000      0.00000      0.00000      0.00000
   1153.50000000      8.28842      0.00000      0.00000      0.00000      0.00000
   1154.00000000      8.28831      0.00000      0.00000      0.00000      0.00000
   1154.50000000      8.28848      0.00000      0.00000      0.00000      0.00000
   1155.00000000      8.28769      0.00000      0.00000      0.00000      0.00000
   1155.50000000      8.28688      0.00000      0.00000      0.00000      0.00000
   1156.00000000      8.28648      0.00000      0.00000      0.00000      0.00000
   1156.50000000      8.28266      0.00000      0.00000      0.00000      0.00000
   1157.00000000      8.27831      0.00000      0.00000      0.00000      0.00000
   1157.50000000      8.27602      0.00000      0.00000      0.00000      0.00000
   1158.00000000      8.27501      0.00000      0.00000      0.00000      0.00000
   1158.50000000      8.27508      0.00000      0.00000      0.00000      0.00000
   1159.00000000      8.27935      0.00000      0.00000      0.00000      0.00000
   1159.50000000      8.28426      0.00000      0.00000      0.00000      0.00000
   1160.00000000      8.28933      0.00000      0.00000      0.00000      0.00000
   1160.50000000      8.29291      0.00000      0.00000      0.00000      0.00000
   1161.00000000      8.29462      0.00000      0.00000      0.00000      0.00000
   1161.50000000      8.29502      0.00000      0.00000      0.00000      0.00000
   1162.00000000      8.29559      0.00000      0.00000      0.00000      0.00000
   1162.50000000      8.29512      0.00000      0.00000      0.00000      0.00000
   1163.00000000      8.29729      0.00000      0.00000      0.00000      0.00000
   1163.50000000      8.29928      0.00000      0.00000      0.00000      0.00000
   1164.00000000      8.30223      0.00000      0.00000      0.00000      0.00000
   1164.50000000      8.30538      0.00000      0.00000      0.00000      0.00000
   1165.00000000      8.30716      0.00000      0.00000      0.00000      0.00000
   1165.50000000      8.30896      0.00000      0.00000      0.00000      0.00000
   1166.00000000      8.31148      0.00000      0.00000      0.00000      0.00000
   1166.50000000      8.31330      0.00000      0.00000      0.00000      0.00000
   1167.00000000      8.31502      0.00000      0.00000      0.00000      0.00000
   1167.50000000      8.31678      0.00000      0.00000      0.00000      0.00000
   1168.00000000      8.32002      0.00000      0.00000      0.00000      0.00000
   1168.50000000      8.32475      0.00000      0.00000      0.00000      0.00000
   1169.00000000      8.32859      0.00000      0.00000      0.00000      0.00000
   1169.50000000      8.33237      0.00000      0.00000      0.00000      0.00000
   1170.00000000      8.33455      0.00000      0.00000      0.00000      0.00000
   1170.50000000      8.33733      0.00000      0.00000      0.00000      0.00000
   1171.00000000      8.33797      0.00000      0.00000      0.00000      0.00000
   1171.50000000      8.34070      0.00000      0.00000      0.00000      0.00000
   1172.00000000      8.34046      0.00000      0.00000      0.00000      0.00000
   1172.50000000      8.34341      0.00000      0.00000      0.00000      0.00000
   1173.00000000      8.34520      0.00000      0.00000      0.00000      0.00000
   1173.50000000      8.34598      0.00000      0.00000      0.00000      0.00000
   1174.00000000      8.34730      0.00000      0.00000      0.00000      0.00000
   1174.50000000      8.34602      0.00000      0.00000      0.00000      0.00000
   1175.00000000      8.34378      0.00000      0.00000      0.00000      0.00000
   1175.50000000      8.34225      0.00000      0.00000      0.00000      0.00000
   1176.00000000      8.34023      0.00000      0.00000      0.00000      0.00000
   1176.50000000      8.34257      0.00000      0.00000      0.00000      0.00000
   1177.00000000      8.34530      0.00000      0.00000      0.00000      0.00000
   1177.50000000      8.35169      0.00000      0.00000      0.00000      0.00000
   1178.00000000      8.35664      0.00000      0.00000      0.00000      0.00000
   1178.50000000      8.36289      0.00000      0.00000      0.00000      0.00000
   1179.00000000      8.36787      0.00000      0.00000      0.00000      0.00000
   1179.50000000      8.37195      0.00000      0.00000      0.00000      0.00000
   1180.00000000      8.37366      0.00000      0.00000      0.00000      0.00000
   1180.50000000      8.37709      0.00000      0.00000      0.00000      0.00000
   1181.00000000      8.38209      0.00000      0.00000      0.00000      0.00000
   1181.50000000      8.38654      0.00000      0.00000      0.00000      0.00000
   1182.00000000      8.39223      0.00000      0.00000      0.00000      0.00000
   1182.50000000      8.39871      0.00000      0.00000      0.00000      0.00000
   1183.00000000      8.40403      0.00000      0.00000      0.00000      0.00000
   1183.50000000      8.40639      0.00000      0.00000      0.00000      0.00000
   1184.00000000      8.40871      0.00000      0.00000      0.00000      0.00000
   1184.50000000      8.41206      0.00000      0.00000      0.00000      0.00000
   1185.00000000      8.41578      0.00000      0.00000      0.00000      0.00000
   1185.50000000      8.41968      0.00000      0.00000      0.00000      0.00000
   1186.00000000      8.42415      0.00000      0.00000      0.00000      0.00000
   1186.50000000      8.42707      0.00000      0.00000      0.00000      0.00000
   1187.00000000      8.42915      0.00000      0.00000      0.00000      0.00000
   1187.50000000      8.43246      0.00000      0.00000      0.00000      0.00000
   1188.00000000      8.43604      0.00000      0.00000      0.00000      0.00000
   1188.50000000      8.43887      0.00000      0.00000      0.00000      0.00000
   1189.00000000      8.44097      0.00000      0.00000      0.00000      0.00000
   1189.50000000      8.44223      0.00000      0.00000      0.00000      0.00000
   1190.00000000      8.44036      0.00000      0.00000      0.00000      0.00000
   1190.50000000      8.43601      0.00000      0.00000      0.00000      0.00000
   1191.00000000      8.43184      0.00000      0.00000      0.00000      0.00000
   1191.50000000      8.42996      0.00000      0.00000      0.00000      0.00000
   1192.00000000      8.42937      0.00000      0.00000      0.00000      0.00000
   1192.50000000      8.42904      0.00000      0.00000      0.00000      0.00000
   1193.00000000      8.42710      0.00000      0.00000      0.00000      0.00000
   1193.50000000      8.42557      0.00000      0.00000      0.00000      0.00000
   1194.00000000      8.42571      0.00000      0.00000      0.00000      0.00000
   1194.50000000      8.42527      0.00000      0.00000      0.00000      0.00000
   1195.00000000      8.42612      0.00000      0.00000      0.00000      0.00000
   1195.50000000      8.42677      0.00000      0.00000      0.00000      0.00000
   1196.00000000      8.42808      0.00000      0.00000      0.00000      0.00000
   1196.50000000      8.43055      0.00000      0.00000      0.00000      0.00000
   1197.00000000      8.43365      0.00000      0.00000      0.00000      0.00000
   1197.50000000      8.43593      0.00000      0.00000      0.00000      0.00000
   1198.00000000      8.43747      0.00000      0.00000      0.00000      0.00000
   1198.50000000      8.43959      0.00000      0.00000      0.00000      0.00000
   1199.00000000      8.44261      0.00000      0.00000      0.00000      0.00000
   1199.50000000      8.44680      0.00000      0.00000      0.00000      0.00000
   1200.00000000      8.44996      0.00000      0.00000      0.00000      0.00000
   1200.50000000      8.44943      0.00000      0.00000      0.00000      0.00000
   1201.00000000      8.44991      0.00000      0.00000      0.00000      0.00000
   1201.50000000      8.44789      0.00000      0.00000      0.00000      0.00000
   1202.00000000      8.44507      0.00000      0.00000      0.00000      0.00000
   1202.50000000      8.44309      0.00000      0.00000      0.00000      0.00000
   1203.00000000      8.44189      0.00000      0.00000      0.00000      0.00000
   1203.50000000      8.44386      0.00000      0.00000      0.00000      0.00000
   1204.00000000      8.44359      0.00000      0.00000      0.00000      0.00000
   1204.50000000      8.44483      0.00000      0.00000      0.00000      0.00000
   1205.00000000      8.44516      0.00000      0.00000      0.00000      0.00000
   1205.50000000      8.44484      0.00000      0.00000      0.00000      0.00000
   1206.00000000      8.44377      0.00000      0.00000      0.00000      0.00000
   1206.50000000      8.44499      0.00000      0.00000      0.00000      0.00000
   1207.00000000      8.44536      0.00000      0.00000      0.00000      0.00000
   1207.50000000      8.44426      0.00000      0.00000      0.00000      0.00000
   1208.00000000      8.44336      0.00000      0.00000      0.00000      0.00000
   1208.50000000      8.44337      0.00000      0.00000      0.00000      0.00000
   1209.00000000      8.44281      0.00000      0.00000      0.00000      0.00000
   1209.50000000      8.43864      0.00000      0.00000      0.00000      0.00000
   1210.00000000      8.43467      0.00000      0.00000      0.00000      0.00000
   1210.50000000      8.43309      0.00000      0.00000      0.00000      0.00000
   1211.00000000      8.43220      0.00000      0.00000      0.00000      0.00000
   1211.50000000      8.43108      0.00000      0.00000      0.00000      0.00000
   1212.00000000      8.42707      0.00000      0.00000      0.00000      0.00000
   1212.50000000      8.42494      0.00000      0.00000      0.00000      0.00000
   1213.00000000      8.42310      0.00000      0.00000      0.00000      0.00000
   1213.50000000      8.42160      0.00000      0.00000      0.00000      0.00000
   1214.00000000      8.41668      0.00000      0.00000      0.00000      0.00000
   1214.50000000      8.41371      0.00000      0.00000      0.00000      0.00000
   1215.00000000      8.41183      0.00000      0.00000      0.00000      0.00000
   1215.50000000      8.40856      0.00000      0.00000      0.00000      0.00000
   1216.00000000      8.40669      0.00000      0.00000      0.00000      0.00000
   1216.50000000      8.40725      0.00000      0.00000      0.00000      0.00000
   1217.00000000      8.40755      0.00000      0.00000      0.00000      0.00000
   1217.50000000      8.40919      0.00000      0.00000      0.00000      0.00000
   1218.00000000      8.41150      0.00000      0.00000      0.00000      0.00000
   1218.50000000      8.41256      0.00000      0.00000      0.00000      0.00000
   1219.00000000      8.41555      0.00000      0.00000      0.00000      0.00000
   1219.50000000      8.41409      0.00000      0.00000      0.00000      0.00000
   1220.00000000      8.41517      0.00000      0.00000      0.00000      0.00000
   1220.50000000      8.41485      0.00000      0.00000      0.00000      0.00000
   1221.00000000      8.41507      0.00000      0.00000      0.00000      0.00000
   1221.50000000      8.41638      0.00000      0.00000      0.00000      0.00000
   1222.00000000      8.41727      0.00000      0.00000      0.00000      0.00000
   1222.50000000      8.41929      0.00000      0.00000      0.00000      0.00000
   1223.00000000      8.41878      0.00000      0.00000      0.00000      0.00000
   1223.50000000      8.42166      0.00000      0.00000      0.00000      0.00000
   1224.00000000      8.42445      0.00000      0.00000      0.00000      0.00000
   1224.50000000      8.42341      0.00000      0.00000      0.00000      0.00000
   1225.00000000      8.42174      0.00000      0.00000      0.00000      0.00000
   1225.50000000      8.42209      0.00000      0.00000      0.00000      0.00000
   1226.00000000      8.42380      0.00000      0.00000      0.00000      0.00000
   1226.50000000      8.42801      0.00000      0.00000      0.00000      0.00000
   1227.00000000      8.42932      0.00000      0.00000      0.00000      0.00000
   1227.50000000      8.42806      0.00000      0.00000      0.00000      0.00000
   1228.00000000      8.43041      0.00000      0.00000      0.00000      0.00000
   1228.50000000      8.43128      0.00000      0.00000      0.00000      0.00000
   1229.00000000      8.43354      0.00000      0.00000      0.00000      0.00000
   1229.50000000      8.43551      0.00000      0.00000      0.00000      0.00000
   1230.00000000      8.43835      0.00000      0.00000      0.00000      0.00000
   1230.50000000      8.44200      0.00000      0.00000      0.00000      0.00000
   1231.00000000      8.44452      0.00000      0.00000      0.00000      0.00000
   1231.50000000      8.44707      0.00000      0.00000      0.00000      0.00000
   1232.00000000      8.44826      0.00000      0.00000      0.00000      0.00000
   1232.50000000      8.44875      0.00000      0.00000      0.00000      0.00000
   1233.00000000      8.44811      0.00000      0.00000      0.00000      0.00000
   1233.50000000      8.44735      0.00000      0.00000      0.00000      0.00000
   1234.00000000      8.44843      0.00000      0.00000      0.00000      0.00000
   1234.50000000      8.44760      0.00000      0.00000      0.00000      0.00000
   1235.00000000      8.44783      0.00000      0.00000      0.00000      0.00000
   1235.50000000      8.44664      0.00000      0.00000      0.00000      0.00000
   1236.00000000      8.44460      0.00000      0.00000      0.00000      0.00000
   1236.50000000      8.44345      0.00000      0.00000      0.00000      0.00000
   1237.00000000      8.44417      0.00000      0.00000      0.00000      0.00000
   1237.50000000      8.44470      0.00000      0.00000      0.00000      0.00000
   1238.00000000      8.44605      0.00000      0.00000      0.00000      0.00000
   1238.50000000      8.44808      0.00000      0.00000      0.00000      0.00000
   1239.00000000      8.44928      0.00000      0.00000      0.00000      0.00000
   1239.50000000      8.45145      0.00000      0.00000      0.00000      0.00000
   1240.00000000      8.45157      0.00000      0.00000      0.00000      0.00000
   1240.50000000      8.45445      0.00000      0.00000      0.00000      0.00000
   1241.00000000      8.45800      0.00000      0.00000      0.00000      0.00000
   1241.50000000      8.46180      0.00000      0.00000      0.00000      0.00000
   1242.00000000      8.46549      0.00000      0.00000      0.00000      0.00000
   1242.50000000      8.46898      0.00000      0.00000      0.00000      0.00000
   1243.00000000      8.47083      0.00000      0.00000      0.00000      0.00000
   1243.50000000      8.47540      0.00000      0.00000      0.00000      0.00000
   1244.00000000      8.47918      0.00000      0.00000      0.00000      0.00000
   1244.50000000      8.48102      0.00000      0.00000      0.00000      0.00000
   1245.00000000      8.48396      0.00000      0.00000      0.00000      0.00000
   1245.50000000      8.48754      0.00000      0.00000      0.00000      0.00000
   1246.00000000      8.48844      0.00000      0.00000      0.00000      0.00000
   1246.50000000      8.48986      0.00000      0.00000      0.00000      0.00000
   1247.00000000      8.49283      0.00000      0.00000      0.00000      0.00000
   1247.50000000      8.49468      0.00000      0.00000      0.00000      0.00000
   1248.00000000      8.49773      0.00000      0.00000      0.00000      0.00000
   1248.50000000      8.49964      0.00000      0.00000      0.00000      0.00000
   1249.00000000      8.50094      0.00000      0.00000      0.00000      0.00000
   1249.50000000      8.50097      0.00000      0.00000      0.00000      0.00000
   1250.00000000      8.50243      0.00000      0.00000      0.00000      0.00000
   1250.50000000      8.50471      0.00000      0.00000      0.00000      0.00000
   1251.00000000      8.50921      0.00000      0.00000      0.00000      0.00000
   1251.50000000      8.51486      0.00000      0.00000      0.00000      0.00000
   1252.00000000      8.51719      0.00000      0.00000      0.00000      0.00000
   1252.50000000      8.51946      0.00000      0.00000      0.00000      0.00000
   1253.00000000      8.52145      0.00000      0.00000      0.00000      0.00000
   1253.50000000      8.52686      0.00000      0.00000      0.00000      0.00000
   1254.00000000      8.53425      0.00000      0.00000      0.00000      0.00000
   1254.50000000      8.54012      0.00000      0.00000      0.00000      0.00000
   1255.00000000      8.54513      0.00000      0.00000      0.00000      0.00000
   1255.50000000      8.54759      0.00000      0.00000      0.00000      0.00000
   1256.00000000      8.54831      0.00000      0.00000      0.00000      0.00000
   1256.50000000      8.55028      0.00000      0.00000      0.00000      0.00000
   1257.00000000      8.54852      0.00000      0.00000      0.00000      0.00000
   1257.50000000      8.54725      0.00000      0.00000      0.00000      0.00000
   1258.00000000      8.54333      0.00000      0.00000      0.00000      0.00000
   1258.50000000      8.53859      0.00000      0.00000      0.00000      0.00000
   1259.00000000      8.53497      0.00000      0.00000      0.00000      0.00000
   1259.50000000      8.53215      0.00000      0.00000      0.00000      0.00000
   1260.00000000      8.53075      0.00000      0.00000      0.00000      0.00000
   1260.50000000      8.52728      0.00000      0.00000      0.00000      0.00000
   1261.00000000      8.52141      0.00000      0.00000      0.00000      0.00000
   1261.50000000      8.51399      0.00000      0.00000      0.00000      0.00000
   1262.00000000      8.50858      0.00000      0.00000      0.00000      0.00000
   1262.50000000      8.50157      0.00000      0.00000      0.00000      0.00000
   1263.00000000      8.49249      0.00000      0.00000      0.00000      0.00000
   1263.50000000      8.48638      0.00000      0.00000      0.00000      0.00000
   1264.00000000      8.47998      0.00000      0.00000      0.00000      0.00000
   1264.50000000      8.47317      0.00000      0.00000      0.00000      0.00000
   1265.00000000      8.46687      0.00000      0.00000      0.00000      0.00000
   1265.50000000      8.46502      0.00000      0.00000      0.00000      0.00000
   1266.00000000      8.46334      0.00000      0.00000      0.00000      0.00000
   1266.50000000      8.46208      0.00000      0.00000      0.00000      0.00000
   1267.00000000      8.46020      0.00000      0.00000      0.00000      0.00000
   1267.50000000      8.46099      0.00000      0.00000      0.00000      0.00000
   1268.00000000      8.45887      0.00000      0.00000      0.00000      0.00000
   1268.50000000      8.45515      0.00000      0.00000      0.00000      0.00000
   1269.00000000      8.45196      0.00000      0.00000      0.00000      0.00000
   1269.50000000      8.44853      0.00000      0.00000      0.00000      0.00000
   1270.00000000      8.44507      0.00000      0.00000      0.00000      0.00000
   1270.50000000      8.44195      0.00000      0.00000      0.00000      0.00000
   1271.00000000      8.44120      0.00000      0.00000      0.00000      0.00000
   1271.50000000      8.43985      0.00000      0.00000      0.00000      0.00000
   1272.00000000      8.44009      0.00000      0.00000      0.00000      0.00000
   1272.50000000      8.44096      0.00000      0.00000      0.00000      0.00000
   1273.00000000      8.44332      0.00000      0.00000      0.00000      0.00000
   1273.50000000      8.44492      0.00000      0.00000      0.00000      0.00000
   1274.00000000      8.44661      0.00000      0.00000      0.00000      0.00000
   1274.50000000      8.45246      0.00000      0.00000      0.00000      0.00000
   1275.00000000      8.45700      0.00000      0.00000      0.00000      0.00000
   1275.50000000      8.45948      0.00000      0.00000      0.00000      0.00000
   1276.00000000      8.45831      0.00000      0.00000      0.00000      0.00000
   1276.50000000      8.45802      0.00000      0.00000      0.00000      0.00000
   1277.00000000      8.45850      0.00000      0.00000      0.00000      0.00000
   1277.50000000      8.45928      0.00000      0.00000      0.00000      0.00000
   1278.00000000      8.45898      0.00000      0.00000      0.00000      0.00000
   1278.50000000      8.45804      0.00000      0.00000      0.00000      0.00000
   1279.00000000      8.45917      0.00000      0.00000      0.00000      0.00000
   1279.50000000      8.46111      0.00000      0.00000      0.00000      0.00000
   1280.00000000      8.46370      0.00000      0.00000      0.00000      0.00000
   1280.50000000      8.46733      0.00000      0.00000      0.00000      0.00000
   1281.00000000      8.47223      0.00000      0.00000      0.00000      0.00000
   1281.50000000      8.47688      0.00000      0.00000      0.00000      0.00000
   1282.00000000      8.48272      0.00000      0.00000      0.00000      0.00000
   1282.50000000      8.48865      0.00000      0.00000      0.00000      0.00000
   1283.00000000      8.49171      0.00000      0.00000      0.00000      0.00000
   1283.50000000      8.49518      0.00000      0.00000      0.00000      0.00000
   1284.00000000      8.49484      0.00000      0.00000      0.00000      0.00000
   1284.50000000      8.49538      0.00000      0.00000      0.00000      0.00000
   1285.00000000      8.49502      0.00000      0.00000      0.00000      0.00000
   1285.50000000      8.49412      0.00000      0.00000      0.00000      0.00000
   1286.00000000      8.49587      0.00000      0.00000      0.00000      0.00000
   1286.50000000      8.49723      0.00000      0.00000      0.00000      0.00000
   1287.00000000      8.49958      0.00000      0.00000      0.00000      0.00000
   1287.50000000      8.50305      0.00000      0.00000      0.00000      0.00000
   1288.00000000      8.51028      0.00000      0.00000      0.00000      0.00000
   1288.50000000      8.51710      0.00000      0.00000      0.00000      0.00000
   1289.00000000      8.52128      0.00000      0.00000      0.00000      0.00000
   1289.50000000      8.52464      0.00000      0.00000      0.00000      0.00000
   1290.00000000      8.52910      0.00000      0.00000      0.00000      0.00000
   1290.50000000      8.53244      0.00000      0.00000      0.00000      0.00000
   1291.00000000      8.53591      0.00000      0.00000      0.00000      0.00000
   1291.50000000      8.54001      0.00000      0.00000      0.00000      0.00000
   1292.00000000      8.54066      0.00000      0.00000      0.00000      0.00000
   1292.50000000      8.53901      0.00000      0.00000      0.00000      0.00000
   1293.00000000      8.53710      0.00000      0.00000      0.00000      0.00000
   1293.50000000      8.53369      0.00000      0.00000      0.00000      0.00000
   1294.00000000      8.52952      0.00000      0.00000      0.00000      0.00000
   1294.50000000      8.52548      0.00000      0.00000      0.00000      0.00000
   1295.00000000      8.52247      0.00000      0.00000      0.00000      0.00000
   1295.50000000      8.52285      0.00000      0.00000      0.00000      0.00000
   1296.00000000      8.52350      0.00000      0.00000      0.00000      0.00000
   1296.50000000      8.52213      0.00000      0.00000      0.00000      0.00000
   1297.00000000      8.52422      0.00000      0.00000      0.00000      0.00000
   1297.50000000      8.52627      0.00000      0.00000      0.00000      0.00000
   1298.00000000      8.52658      0.00000      0.00000      0.00000      0.00000
   1298.50000000      8.52757      0.00000      0.00000      0.00000      0.00000
   1299.00000000      8.52768      0.00000      0.00000      0.00000      0.00000
   1299.50000000      8.52644      0.00000      0.00000      0.00000      0.00000
   1300.00000000      8.52658      0.00000      0.00000      0.00000      0.00000
   1300.50000000      8.52799      0.00000      0.00000      0.00000      0.00000
   1301.00000000      8.53039      0.00000      0.00000      0.00000      0.00000
   1301.50000000      8.52865      0.00000      0.00000      0.00000      0.00000
   1302.00000000      8.52936      0.00000      0.00000      0.00000      0.00000
   1302.50000000      8.53158      0.00000      0.00000      0.00000      0.00000
   1303.00000000      8.53556      0.00000      0.00000      0.00000      0.00000
   1303.50000000      8.53827      0.00000      0.00000      0.00000      0.00000
   1304.00000000      8.54256      0.00000      0.00000      0.00000      0.00000
   1304.50000000      8.54616      0.00000      0.00000      0.00000      0.00000
   1305.00000000      8.54719      0.00000      0.00000      0.00000      0.00000
   1305.50000000      8.54764      0.00000      0.00000      0.00000      0.00000
   1306.00000000      8.54679      0.00000      0.00000      0.00000      0.00000
   1306.50000000      8.54733      0.00000      0.00000      0.00000      0.00000
   1307.00000000      8.54650      0.00000      0.00000      0.00000      0.00000
   1307.50000000      8.54507      0.00000      0.00000      0.00000      0.00000
   1308.00000000      8.54108      0.00000      0.00000      0.00000      0.00000
   1308.50000000      8.53817      0.00000      0.00000      0.00000      0.00000
   1309.00000000      8.53224      0.00000      0.00000      0.00000      0.00000
   1309.50000000      8.52766      0.00000      0.00000      0.00000      0.00000
   1310.00000000      8.52349      0.00000      0.00000      0.00000      0.00000
   1310.50000000      8.51873      0.00000      0.00000      0.00000      0.00000
   1311.00000000      8.51374      0.00000      0.00000      0.00000      0.00000
   1311.50000000      8.50863      0.00000      0.00000      0.00000      0.00000
   1312.00000000      8.50746      0.00000      0.00000      0.00000      0.00000
   1312.50000000      8.50811      0.00000      0.00000      0.00000      0.00000
   1313.00000000      8.50942      0.00000      0.00000      0.00000      0.00000
   1313.50000000      8.50693      0.00000      0.00000      0.00000      0.00000
   1314.00000000      8.50505      0.00000      0.00000      0.00000      0.00000
   1314.50000000      8.50323      0.00000      0.00000      0.00000      0.00000
   1315.00000000      8.50014      0.00000      0.00000      0.00000      0.00000
   1315.50000000      8.49762      0.00000      0.00000      0.00000      0.00000
   1316.00000000      8.49490      0.00000      0.00000      0.00000      0.00000
   1316.50000000      8.49410      0.00000      0.00000      0.00000      0.00000
   1317.00000000      8.49429      0.00000      0.00000      0.00000      0.00000
   1317.50000000      8.49378      0.00000      0.00000      0.00000      0.00000
   1318.00000000      8.49235      0.00000      0.00000      0.00000      0.00000
   1318.50000000      8.48989      0.00000      0.00000      0.00000      0.00000
   1319.00000000      8.48832      0.00000      0.00000      0.00000      0.00000
   1319.50000000      8.48849      0.00000      0.00000      0.00000      0.00000
   1320.00000000      8.48886      0.00000      0.00000      0.00000      0.00000
   1320.50000000      8.49076      0.00000      0.00000      0.00000      0.00000
   1321.00000000      8.49200      0.00000      0.00000      0.00000      0.00000
   1321.50000000      8.49487      0.00000      0.00000      0.00000      0.00000
   1322.00000000      8.49516      0.00000      0.00000      0.00000      0.00000
   1322.50000000      8.49495      0.00000      0.00000      0.00000      0.00000
   1323.00000000      8.49589      0.00000      0.00000      0.00000      0.00000
   1323.50000000      8.49716      0.00000      0.00000      0.00000      0.00000
   1324.00000000      8.49927      0.00000      0.00000      0.00000      0.00000
   1324.50000000      8.50138      0.00000      0.00000      0.00000      0.00000
   1325.00000000      8.50742      0.00000      0.00000      0.00000      0.00000
   1325.50000000      8.51464      0.00000      0.00000      0.00000      0.00000
   1326.00000000      8.52201      0.00000      0.00000      0.00000      0.00000
   1326.50000000      8.52764      0.00000      0.00000      0.00000      0.00000
   1327.00000000      8.53400      0.00000      0.00000      0.00000      0.00000
   1327.50000000      8.53656      0.00000      0.00000      0.00000      0.00000
   1328.00000000      8.53656      0.00000      0.00000      0.00000      0.00000
   1328.50000000      8.53712      0.00000      0.00000      0.00000      0.00000
   1329.00000000      8.53611      0.00000      0.00000      0.00000      0.00000
   1329.50000000      8.53790      0.00000      0.00000      0.00000      0.00000
   1330.00000000      8.53947      0.00000      0.00000      0.00000      0.00000
   1330.50000000      8.54138      0.00000      0.00000      0.00000      0.00000
   1331.00000000      8.54218      0.00000      0.00000      0.00000      0.00000
   1331.50000000      8.54346      0.00000      0.00000      0.00000      0.00000
   1332.00000000      8.54485      0.00000      0.00000      0.00000      0.00000
   1332.50000000      8.54358      0.00000      0.00000      0.00000      0.00000
   1333.00000000      8.54238      0.00000      0.00000      0.00000      0.00000
   1333.50000000      8.53995      0.00000      0.00000      0.00000      0.00000
   1334.00000000      8.53544      0.00000      0.00000      0.00000      0.00000
   1334.50000000      8.53451      0.00000      0.00000      0.00000      0.00000
   1335.00000000      8.53501      0.00000      0.00000      0.00000      0.00000
   1335.50000000      8.53888      0.00000      0.00000      0.00000      0.00000
   1336.00000000      8.54333      0.00000      0.00000      0.00000      0.00000
   1336.50000000      8.54766      0.00000      0.00000      0.00000      0.00000
   1337.00000000      8.55320      0.00000      0.00000      0.00000      0.00000
   1337.50000000      8.55859      0.00000      0.00000      0.00000      0.00000
   1338.00000000      8.56208      0.00000      0.00000      0.00000      0.00000
   1338.50000000      8.56582      0.00000      0.00000      0.00000      0.00000
   1339.00000000      8.57212      0.00000      0.00000      0.00000      0.00000
   1339.50000000      8.57746      0.00000      0.00000      0.00000      0.00000
   1340.00000000      8.58227      0.00000      0.00000      0.00000      0.00000
   1340.50000000      8.58701      0.00000      0.00000      0.00000      0.00000
   1341.00000000      8.59056      0.00000      0.00000      0.00000      0.00000
   1341.50000000      8.59442      0.00000      0.00000      0.00000      0.00000
   1342.00000000      8.60141      0.00000      0.00000      0.00000      0.00000
   1342.50000000      8.60772      0.00000      0.00000      0.00000      0.00000
   1343.00000000      8.61578      0.00000      0.00000      0.00000      0.00000
   1343.50000000      8.62283      0.00000      0.00000      0.00000      0.00000
   1344.00000000      8.62831      0.00000      0.00000      0.00000      0.00000
   1344.50000000      8.63143      0.00000      0.00000      0.00000      0.00000
   1345.00000000      8.63159      0.00000      0.00000      0.00000      0.00000
   1345.50000000      8.63416      0.00000      0.00000      0.00000      0.00000
   1346.00000000      8.63911      0.00000      0.00000      0.00000      0.00000
   1346.50000000      8.64545      0.00000      0.00000      0.00000      0.00000
   1347.00000000      8.64801      0.00000      0.00000      0.00000      0.00000
   1347.50000000      8.64815      0.00000      0.00000      0.00000      0.00000
   1348.00000000      8.64941      0.00000      0.00000      0.00000      0.00000
   1348.50000000      8.65359      0.00000      0.00000      0.00000      0.00000
   1349.00000000      8.65943      0.00000      0.00000      0.00000      0.00000
   1349.50000000      8.66253      0.00000      0.00000      0.00000      0.00000
   1350.00000000      8.66166      0.00000      0.00000      0.00000      0.00000
   1350.50000000      8.66068      0.00000      0.00000      0.00000      0.00000
   1351.00000000      8.66043      0.00000      0.00000      0.00000      0.00000
   1351.50000000      8.65881      0.00000      0.00000      0.00000      0.00000
   1352.00000000      8.65864      0.00000      0.00000      0.00000      0.00000
   1352.50000000      8.66081      0.00000      0.00000      0.00000      0.00000
   1353.00000000      8.66111      0.00000      0.00000      0.00000      0.00000
   1353.50000000      8.66213      0.00000      0.00000      0.00000      0.00000
   1354.00000000      8.65948      0.00000      0.00000      0.00000      0.00000
   1354.50000000      8.65898      0.00000      0.00000      0.00000      0.00000
   1355.00000000      8.65827      0.00000      0.00000      0.00000      0.00000
   1355.50000000      8.65587      0.00000      0.00000      0.00000      0.00000
   1356.00000000      8.65369      0.00000      0.00000      0.00000      0.00000
   1356.50000000      8.65336      0.00000      0.00000      0.00000      0.00000
   1357.00000000      8.64974      0.00000      0.00000      0.00000      0.00000
   1357.50000000      8.64854      0.00000      0.00000      0.00000      0.00000
   1358.00000000      8.64725      0.00000      0.00000      0.00000      0.00000
   1358.50000000      8.64300      0.00000      0.00000      0.00000      0.00000
   1359.00000000      8.63891      0.00000      0.00000      0.00000      0.00000
   1359.50000000      8.63402      0.00000      0.00000      0.00000      0.00000
   1360.00000000      8.63012      0.00000      0.00000      0.00000      0.00000
   1360.50000000      8.62511      0.00000      0.00000      0.00000      0.00000
   1361.00000000      8.61961      0.00000      0.00000      0.00000      0.00000
   1361.50000000      8.61108      0.00000      0.00000      0.00000      0.00000
   1362.00000000      8.60270      0.00000      0.00000      0.00000      0.00000
   1362.50000000      8.59476      0.00000      0.00000      0.00000      0.00000
   1363.00000000      8.58965      0.00000      0.00000      0.00000      0.00000
   1363.50000000      8.58602      0.00000      0.00000      0.00000      0.00000
   1364.00000000      8.58448      0.00000      0.00000      0.00000      0.00000
   1364.50000000      8.58080      0.00000      0.00000      0.00000      0.00000
   1365.00000000      8.57612      0.00000      0.00000      0.00000      0.00000
   1365.50000000      8.57288      0.00000      0.00000      0.00000      0.00000
   1366.00000000      8.57192      0.00000      0.00000      0.00000      0.00000
   1366.50000000      8.57078      0.00000      0.00000      0.00000      0.00000
   1367.00000000      8.56767      0.00000      0.00000      0.00000      0.00000
   1367.50000000      8.56590      0.00000      0.00000      0.00000      0.00000
   1368.00000000      8.56494      0.00000      0.00000      0.00000      0.00000
   1368.50000000      8.56261      0.00000      0.00000      0.00000      0.00000
   1369.00000000      8.56176      0.00000      0.00000      0.00000      0.00000
   1369.50000000      8.55949      0.00000      0.00000      0.00000      0.00000
   1370.00000000      8.55588      0.00000      0.00000      0.00000      0.00000
   1370.50000000      8.55424      0.00000      0.00000      0.00000      0.00000
   1371.00000000      8.55099      0.00000      0.00000      0.00000      0.00000
   1371.50000000      8.54670      0.00000      0.00000      0.00000      0.00000
   1372.00000000      8.54150      0.00000      0.00000      0.00000      0.00000
   1372.50000000      8.53621      0.00000      0.00000      0.00000      0.00000
   1373.00000000      8.53234      0.00000      0.00000      0.00000      0.00000
   1373.50000000      8.52941      0.00000      0.00000      0.00000      0.00000
   1374.00000000      8.52473      0.00000      0.00000      0.00000      0.00000
   1374.50000000      8.52169      0.00000      0.00000      0.00000      0.00000
   1375.00000000      8.51824      0.00000      0.00000      0.00000      0.00000
   1375.50000000      8.51533      0.00000      0.00000      0.00000      0.00000
   1376.00000000      8.51312      0.00000      0.00000      0.00000      0.00000
   1376.50000000      8.51180      0.00000      0.00000      0.00000      0.00000
   1377.00000000      8.51006      0.00000      0.00000      0.00000      0.00000
   1377.50000000      8.51063      0.00000      0.00000      0.00000      0.00000
   1378.00000000      8.51333      0.00000      0.00000      0.00000      0.00000
   1378.50000000      8.51791      0.00000      0.00000      0.00000      0.00000
   1379.00000000      8.52229      0.00000      0.00000      0.00000      0.00000
   1379.50000000      8.52924      0.00000      0.00000      0.00000      0.00000
   1380.00000000      8.53402      0.00000      0.00000      0.00000      0.00000
   1380.50000000      8.53889      0.00000      0.00000      0.00000      0.00000
   1381.00000000      8.54082      0.00000      0.00000      0.00000      0.00000
   1381.50000000      8.54116      0.00000      0.00000      0.00000      0.00000
   1382.00000000      8.54286      0.00000      0.00000      0.00000      0.00000
   1382.50000000      8.54166      0.00000      0.00000      0.00000      0.00000
   1383.00000000      8.53985      0.00000      0.00000      0.00000      0.00000
   1383.50000000      8.53950      0.00000      0.00000      0.00000      0.00000
   1384.00000000      8.54121      0.00000      0.00000      0.00000      0.00000
   1384.50000000      8.54658      0.00000      0.00000      0.00000      0.00000
   1385.00000000      8.54991      0.00000      0.00000      0.00000      0.00000
   1385.50000000      8.55207      0.00000      0.00000      0.00000      0.00000
   1386.00000000      8.55425      0.00000      0.00000      0.00000      0.00000
   1386.50000000      8.55595      0.00000      0.00000      0.00000      0.00000
   1387.00000000      8.55835      0.00000      0.00000      0.00000      0.00000
   1387.50000000      8.56155      0.00000      0.00000      0.00000      0.00000
   1388.00000000      8.56335      0.00000      0.00000      0.00000      0.00000
   1388.50000000      8.56407      0.00000      0.00000      0.00000      0.00000
   1389.00000000      8.56559      0.00000      0.00000      0.00000      0.00000
   1389.50000000      8.56658      0.00000      0.00000      0.00000      0.00000
   1390.00000000      8.56912      0.00000      0.00000      0.00000      0.00000
   1390.50000000      8.57206      0.00000      0.00000      0.00000      0.00000
   1391.00000000      8.57363      0.00000      0.00000      0.00000      0.00000
   1391.50000000      8.57787      0.00000      0.00000      0.00000      0.00000
   1392.00000000      8.57987      0.00000      0.00000      0.00000      0.00000
   1392.50000000      8.58361      0.00000      0.00000      0.00000      0.00000
   1393.00000000      8.58591      0.00000      0.00000      0.00000      0.00000
   1393.50000000      8.58760      0.00000      0.00000      0.00000      0.00000
   1394.00000000      8.58873      0.00000      0.00000      0.00000      0.00000
   1394.50000000      8.58975      0.00000      0.00000      0.00000      0.00000
   1395.00000000      8.58955      0.00000      0.00000      0.00000      0.00000
   1395.50000000      8.59020      0.00000      0.00000      0.00000      0.00000
   1396.00000000      8.59016      0.00000      0.00000      0.00000      0.00000
   1396.50000000      8.59215      0.00000      0.00000      0.00000      0.00000
   1397.00000000      8.59625      0.00000      0.00000      0.00000      0.00000
   1397.50000000      8.59986      0.00000      0.00000      0.00000      0.00000
   1398.00000000      8.59897      0.00000      0.00000      0.00000      0.00000
   1398.50000000      8.59390      0.00000      0.00000      0.00000      0.00000
   1399.00000000      8.58617      0.00000      0.00000      0.00000      0.00000
   1399.50000000      8.57775      0.00000      0.00000      0.00000      0.00000
   1400.00000000      8.56835      0.00000      0.00000      0.00000      0.00000
   1400.50000000      8.56051      0.00000      0.00000      0.00000      0.00000
   1401.00000000      8.55384      0.00000      0.00000      0.00000      0.00000
   1401.50000000      8.54581      0.00000      0.00000      0.00000      0.00000
   1402.00000000      8.54016      0.00000      0.00000      0.00000      0.00000
   1402.50000000      8.53305      0.00000      0.00000      0.00000      0.00000
   1403.00000000      8.52818      0.00000      0.00000      0.00000      0.00000
   1403.50000000      8.52175      0.00000      0.00000      0.00000      0.00000
   1404.00000000      8.51646      0.00000      0.00000      0.00000      0.00000
   1404.50000000      8.51416      0.00000      0.00000      0.00000      0.00000
   1405.00000000      8.51010      0.00000      0.00000      0.00000      0.00000
   1405.50000000      8.50732      0.00000      0.00000      0.00000      0.00000
   1406.00000000      8.50532      0.00000      0.00000      0.00000      0.00000
   1406.50000000      8.50069      0.00000      0.00000      0.00000      0.00000
   1407.00000000      8.49807      0.00000      0.00000      0.00000      0.00000
   1407.50000000      8.49581      0.00000      0.00000      0.00000      0.00000
   1408.00000000      8.49265      0.00000      0.00000      0.00000      0.00000
   1408.50000000      8.49044      0.00000      0.00000      0.00000      0.00000
   1409.00000000      8.48805      0.00000      0.00000      0.00000      0.00000
   1409.50000000      8.48712      0.00000      0.00000      0.00000      0.00000
   1410.00000000      8.48536      0.00000      0.00000      0.00000      0.00000
   1410.50000000      8.48214      0.00000      0.00000      0.00000      0.00000
   1411.00000000      8.47816      0.00000      0.00000      0.00000      0.00000
   1411.50000000      8.47475      0.00000      0.00000      0.00000      0.00000
   1412.00000000      8.47245      0.00000      0.00000      0.00000      0.00000
   1412.50000000      8.47123      0.00000      0.00000      0.00000      0.00000
   1413.00000000      8.47070      0.00000      0.00000      0.00000      0.00000
   1413.50000000      8.47033      0.00000      0.00000      0.00000      0.00000
   1414.00000000      8.47207      0.00000      0.00000      0.00000      0.00000
   1414.50000000      8.47323      0.00000      0.00000      0.00000      0.00000
   1415.00000000      8.47392      0.00000      0.00000      0.00000      0.00000
   1415.50000000      8.47734      0.00000      0.00000      0.00000      0.00000
   1416.00000000      8.48344      0.00000      0.00000      0.00000      0.00000
   1416.50000000      8.49075      0.00000      0.00000      0.00000      0.00000
   1417.00000000      8.49978      0.00000      0.00000      0.00000      0.00000
   1417.50000000      8.50859      0.00000      0.00000      0.00000      0.00000
   1418.00000000      8.51652      0.00000      0.00000      0.00000      0.00000
   1418.50000000      8.52334      0.00000      0.00000      0.00000      0.00000
   1419.00000000      8.53034      0.00000      0.00000      0.00000      0.00000
   1419.50000000      8.53731      0.00000      0.00000      0.00000      0.00000
   1420.00000000      8.54251      0.00000      0.00000      0.00000      0.00000
   1420.50000000      8.54699      0.00000      0.00000      0.00000      0.00000
   1421.00000000      8.55083      0.00000      0.00000      0.00000      0.00000
   1421.50000000      8.55288      0.00000      0.00000      0.00000      0.00000
   1422.00000000      8.55466      0.00000      0.00000      0.00000      0.00000
   1422.50000000      8.55312      0.00000      0.00000      0.00000      0.00000
   1423.00000000      8.55227      0.00000      0.00000      0.00000      0.00000
   1423.50000000      8.55052      0.00000      0.00000      0.00000      0.00000
   1424.00000000      8.54973      0.00000      0.00000      0.00000      0.00000
   1424.50000000      8.54873      0.00000      0.00000      0.00000      0.00000
   1425.00000000      8.54813      0.00000      0.00000      0.00000      0.00000
   1425.50000000      8.54540      0.00000      0.00000      0.00000      0.00000
   1426.00000000      8.54256      0.00000      0.00000      0.00000      0.00000
   1426.50000000      8.53588      0.00000      0.00000      0.00000      0.00000
   1427.00000000      8.52989      0.00000      0.00000      0.00000      0.00000
   1427.50000000      8.52459      0.00000      0.00000      0.00000      0.00000
   1428.00000000      8.52145      0.00000      0.00000      0.00000      0.00000
   1428.50000000      8.52094      0.00000      0.00000      0.00000      0.00000
   1429.00000000      8.51889      0.00000      0.00000      0.00000      0.00000
   1429.50000000      8.51732      0.00000      0.00000      0.00000      0.00000
   1430.00000000      8.51552      0.00000      0.00000      0.00000      0.00000
   1430.50000000      8.51484      0.00000      0.00000      0.00000      0.00000
   1431.00000000      8.51309      0.00000      0.00000      0.00000      0.00000
   1431.50000000      8.50997      0.00000      0.00000      0.00000      0.00000
   1432.00000000      8.50763      0.00000      0.00000      0.00000      0.00000
   1432.50000000      8.50722      0.00000      0.00000      0.00000      0.00000
   1433.00000000      8.50667      0.00000      0.00000      0.00000      0.00000
   1433.50000000      8.50435      0.00000      0.00000      0.00000      0.00000
   1434.00000000      8.50146      0.00000      0.00000      0.00000      0.00000
   1434.50000000      8.49906      0.00000      0.00000      0.00000      0.00000
   1435.00000000      8.49822      0.00000      0.00000      0.00000      0.00000
   1435.50000000      8.49983      0.00000      0.00000      0.00000      0.00000
   1436.00000000      8.50182      0.00000      0.00000      0.00000      0.00000
   1436.50000000      8.50556      0.00000      0.00000      0.00000      0.00000
   1437.00000000      8.50871      0.00000      0.00000      0.00000      0.00000
   1437.50000000      8.51129      0.00000      0.00000      0.00000      0.00000
   1438.00000000      8.51207      0.00000      0.00000      0.00000      0.00000
   1438.50000000      8.51538      0.00000      0.00000      0.00000      0.00000
   1439.00000000      8.51718      0.00000      0.00000      0.00000      0.00000
   1439.50000000      8.51970      0.00000      0.00000      0.00000      0.00000
   1440.00000000      8.52180      0.00000      0.00000      0.00000      0.00000
   1440.50000000      8.51904      0.00000      0.00000      0.00000      0.00000
   1441.00000000      8.51536      0.00000      0.00000      0.00000      0.00000
   1441.50000000      8.51287      0.00000      0.00000      0.00000      0.00000
   1442.00000000      8.51301      0.00000      0.00000      0.00000      0.00000
   1442.50000000      8.51313      0.00000      0.00000      0.00000      0.00000
   1443.00000000      8.51395      0.00000      0.00000      0.00000      0.00000
   1443.50000000      8.51641      0.00000      0.00000      0.00000      0.00000
   1444.00000000      8.51735      0.00000      0.00000      0.00000      0.00000
   1444.50000000      8.51572      0.00000      0.00000      0.00000      0.00000
   1445.00000000      8.51182      0.00000      0.00000      0.00000      0.00000
   1445.50000000      8.50521      0.00000      0.00000      0.00000      0.00000
   1446.00000000      8.49978      0.00000      0.00000      0.00000      0.00000
   1446.50000000      8.49416      0.00000      0.00000      0.00000      0.00000
   1447.00000000      8.48768      0.00000      0.00000      0.00000      0.00000
   1447.50000000      8.47840      0.00000      0.00000      0.00000      0.00000
   1448.00000000      8.47252      0.00000      0.00000      0.00000      0.00000
   1448.50000000      8.46717      0.00000      0.00000      0.00000      0.00000
   1449.00000000      8.46000      0.00000      0.00000      0.00000      0.00000
   1449.50000000      8.45479      0.00000      0.00000      0.00000      0.00000
   1450.00000000      8.44994      0.00000      0.00000      0.00000      0.00000
   1450.50000000      8.44759      0.00000      0.00000      0.00000      0.00000
   1451.00000000      8.44507      0.00000      0.00000      0.00000      0.00000
   1451.50000000      8.44413      0.00000      0.00000      0.00000      0.00000
   1452.00000000      8.44354      0.00000      0.00000      0.00000      0.00000
   1452.50000000      8.44257      0.00000      0.00000      0.00000      0.00000
   1453.00000000      8.44011      0.00000      0.00000      0.00000      0.00000
   1453.50000000      8.43902      0.00000      0.00000      0.00000      0.00000
   1454.00000000      8.43667      0.00000      0.00000      0.00000      0.00000
   1454.50000000      8.43513      0.00000      0.00000      0.00000      0.00000
   1455.00000000      8.43341      0.00000      0.00000      0.00000      0.00000
   1455.50000000      8.43153      0.00000      0.00000      0.00000      0.00000
   1456.00000000      8.42876      0.00000      0.00000      0.00000      0.00000
   1456.50000000      8.42393      0.00000      0.00000      0.00000      0.00000
   1457.00000000      8.42110      0.00000      0.00000      0.00000      0.00000
   1457.50000000      8.42333      0.00000      0.00000      0.00000      0.00000
   1458.00000000      8.42492      0.00000      0.00000      0.00000      0.00000
   1458.50000000      8.42548      0.00000      0.00000      0.00000      0.00000
   1459.00000000      8.42608      0.00000      0.00000      0.00000      0.00000
   1459.50000000      8.42421      0.00000      0.00000      0.00000      0.00000
   1460.00000000      8.42121      0.00000      0.00000      0.00000      0.00000
   1460.50000000      8.42053      0.00000      0.00000      0.00000      0.00000
   1461.00000000      8.42039      0.00000      0.00000      0.00000      0.00000
   1461.50000000      8.41890      0.00000      0.00000      0.00000      0.00000
   1462.00000000      8.41735      0.00000      0.00000      0.00000      0.00000
   1462.50000000      8.41336      0.00000      0.00000      0.00000      0.00000
   1463.00000000      8.41142      0.00000      0.00000      0.00000      0.00000
   1463.50000000      8.41263      0.00000      0.00000      0.00000      0.00000
   1464.00000000      8.41148      0.00000      0.00000      0.00000      0.00000
   1464.50000000      8.41264      0.00000      0.00000      0.00000      0.00000
   1465.00000000      8.41359      0.00000      0.00000      0.00000      0.00000
   1465.50000000      8.41396      0.00000      0.00000      0.00000      0.00000
   1466.00000000      8.41429      0.00000      0.00000      0.00000      0.00000
   1466.50000000      8.41668      0.00000      0.00000      0.00000      0.00000
   1467.00000000      8.41786      0.00000      0.00000      0.00000      0.00000
   1467.50000000      8.41458      0.00000      0.00000      0.00000      0.00000
   1468.00000000      8.41235      0.00000      0.00000      0.00000      0.00000
   1468.50000000      8.40779      0.00000      0.00000      0.00000      0.00000
   1469.00000000      8.40511      0.00000      0.00000      0.00000      0.00000
   1469.50000000      8.40188      0.00000      0.00000      0.00000      0.00000
   1470.00000000      8.39949      0.00000      0.00000      0.00000      0.00000
   1470.50000000      8.39652      0.00000      0.00000      0.00000      0.00000
   1471.00000000      8.39503      0.00000      0.00000      0.00000      0.00000
   1471.50000000      8.39400      0.00000      0.00000      0.00000      0.00000
   1472.00000000      8.39371      0.00000      0.00000      0.00000      0.00000
   1472.50000000      8.39314      0.00000      0.00000      0.00000      0.00000
   1473.00000000      8.39250      0.00000      0.00000      0.00000      0.00000
   1473.50000000      8.38998      0.00000      0.00000      0.00000      0.00000
   1474.00000000      8.38933      0.00000      0.00000      0.00000      0.00000
   1474.50000000      8.38952      0.00000      0.00000      0.00000      0.00000
   1475.00000000      8.39083      0.00000      0.00000      0.00000      0.00000
   1475.50000000      8.39024      0.00000      0.00000      0.00000      0.00000
   1476.00000000      8.38908      0.00000      0.00000      0.00000      0.00000
   1476.50000000      8.38959      0.00000      0.00000      0.00000      0.00000
   1477.00000000      8.39171      0.00000      0.00000      0.00000      0.00000
   1477.50000000      8.39109      0.00000      0.00000      0.00000      0.00000
   1478.00000000      8.39150      0.00000      0.00000      0.00000      0.00000
   1478.50000000      8.39145      0.00000      0.00000      0.00000      0.00000
   1479.00000000      8.39494      0.00000      0.00000      0.00000      0.00000
   1479.50000000      8.39522      0.00000      0.00000      0.00000      0.00000
   1480.00000000      8.39402      0.00000      0.00000      0.00000      0.00000
   1480.50000000      8.39440      0.00000      0.00000      0.00000      0.00000
   1481.00000000      8.39296      0.00000      0.00000      0.00000      0.00000
   1481.50000000      8.39225      0.00000      0.00000      0.00000      0.00000
   1482.00000000      8.39010      0.00000      0.00000      0.00000      0.00000
   1482.50000000      8.38715      0.00000      0.00000      0.00000      0.00000
   1483.00000000      8.38573      0.00000      0.00000      0.00000      0.00000
   1483.50000000      8.38391      0.00000      0.00000      0.00000      0.00000
