   2610.00000000      9.61795      0.00000      0.00000      0.00000      0.00000
   2610.50000000      9.61364      0.00000      0.00000      0.00000      0.00000
   2611.00000000      9.61193      0.00000      0.00000      0.00000      0.00000
   2611.50000000      9.61098      0.00000      0.00000      0.00000      0.00000
   2612.00000000      9.61017      0.00000      0.00000      0.00000      0.00000
   2612.50000000      9.61099      0.00000      0.00000      0.00000      0.00000
   2613.00000000      9.61087      0.00000      0.00000      0.00000      0.00000
   2613.50000000      9.61456      0.00000      0.00000      0.00000      0.00000
   2614.00000000      9.61903      0.00000      0.00000      0.00000      0.00000
   2614.50000000      9.62026      0.00000      0.00000      0.00000      0.00000
   2615.00000000      9.62084      0.00000      0.00000      0.00000      0.00000
   2615.50000000      9.62103      0.00000      0.00000      0.00000      0.00000
   2616.00000000      9.62139      0.00000      0.00000      0.00000      0.00000
   2616.50000000      9.62083      0.00000      0.00000      0.00000      0.00000
   2617.00000000      9.62181      0.00000      0.00000      0.00000      0.00000
   2617.50000000      9.62209      0.00000      0.00000      0.00000      0.00000
   2618.00000000      9.62301      0.00000      0.00000      0.00000      0.00000
   2618.50000000      9.62662      0.00000      0.00000      0.00000      0.00000
   2619.00000000      9.63046      0.00000      0.00000      0.00000      0.00000
   2619.50000000      9.63410      0.00000      0.00000      0.00000      0.00000
   2620.00000000      9.63729      0.00000      0.00000      0.00000      0.00000
   2620.50000000      9.64145      0.00000      0.00000      0.00000      0.00000
   2621.00000000      9.64807      0.00000      0.00000      0.00000      0.00000
   2621.50000000      9.65302      0.00000      0.00000      0.00000      0.00000
   2622.00000000      9.65809      0.00000      0.00000      0.00000      0.00000
   2622.50000000      9.66651      0.00000      0.00000      0.00000      0.00000
   2623.00000000      9.67375      0.00000      0.00000      0.00000      0.00000
   2623.50000000      9.67981      0.00000      0.00000      0.00000      0.00000
   2624.00000000      9.68754      0.00000      0.00000      0.00000      0.00000
   2624.50000000      9.69200      0.00000      0.00000      0.00000      0.00000
   2625.00000000      9.69618      0.00000      0.00000      0.00000      0.00000
   2625.50000000      9.70123      0.00000      0.00000      0.00000      0.00000
   2626.00000000      9.70406      0.00000      0.00000      0.00000      0.00000
   2626.50000000      9.70741      0.00000      0.00000      0.00000      0.00000
   2627.00000000      9.71206      0.00000      0.00000      0.00000      0.00000
   2627.50000000      9.71416      0.00000      0.00000      0.00000      0.00000
   2628.00000000      9.71384      0.00000      0.00000      0.00000      0.00000
   2628.50000000      9.71842      0.00000      0.00000      0.00000      0.00000
   2629.00000000      9.72504      0.00000      0.00000      0.00000      0.00000
   2629.50000000      9.73121      0.00000      0.00000      0.00000      0.00000
   2630.00000000      9.73684      0.00000      0.00000      0.00000      0.00000
   2630.50000000      9.74514      0.00000      0.00000      0.00000      0.00000
   2631.00000000      9.75251      0.00000      0.00000      0.00000      0.00000
   2631.50000000      9.75927      0.00000      0.00000      0.00000      0.00000
   2632.00000000      9.76337      0.00000      0.00000      0.00000      0.00000
   2632.50000000      9.76760      0.00000      0.00000      0.00000      0.00000
   2633.00000000      9.77100      0.00000      0.00000      0.00000      0.00000
   2633.50000000      9.77169      0.00000      0.00000      0.00000      0.00000
   2634.00000000      9.77392      0.00000      0.00000      0.00000      0.00000
   2634.50000000      9.77719      0.00000      0.00000      0.00000      0.00000
   2635.00000000      9.78235      0.00000      0.00000      0.00000      0.00000
   2635.50000000      9.78876      0.00000      0.00000      0.00000      0.00000
   2636.00000000      9.79435      0.00000      0.00000      0.00000      0.00000
   2636.50000000      9.79940      0.00000      0.00000      0.00000      0.00000
   2637.00000000      9.80452      0.00000      0.00000      0.00000      0.00000
   2637.50000000      9.80753      0.00000      0.00000      0.00000      0.00000
   2638.00000000      9.81119      0.00000      0.00000      0.00000      0.00000
   2638.50000000      9.81400      0.00000      0.00000      0.00000      0.00000
   2639.00000000      9.81603      0.00000      0.00000      0.00000      0.00000
   2639.50000000      9.81905      0.00000      0.00000      0.00000      0.00000
   2640.00000000      9.82178      0.00000      0.00000      0.00000      0.00000
   2640.50000000      9.82402      0.00000      0.00000      0.00000      0.00000
   2641.00000000      9.82627      0.00000      0.00000      0.00000      0.00000
   2641.50000000      9.82815      0.00000      0.00000      0.00000      0.00000
   2642.00000000      9.83014      0.00000      0.00000      0.00000      0.00000
   2642.50000000      9.83355      0.00000      0.00000      0.00000      0.00000
   2643.00000000      9.83998      0.00000      0.00000      0.00000      0.00000
   2643.50000000      9.84567      0.00000      0.00000      0.00000      0.00000
   2644.00000000      9.85261      0.00000      0.00000      0.00000      0.00000
   2644.50000000      9.85816      0.00000      0.00000      0.00000      0.00000
   2645.00000000      9.86339      0.00000      0.00000      0.00000      0.00000
   2645.50000000      9.86832      0.00000      0.00000      0.00000      0.00000
   2646.00000000      9.87163      0.00000      0.00000      0.00000      0.00000
   2646.50000000      9.87446      0.00000      0.00000      0.00000      0.00000
   2647.00000000      9.87994      0.00000      0.00000      0.00000      0.00000
   2647.50000000      9.88345      0.00000      0.00000      0.00000      0.00000
   2648.00000000      9.88618      0.00000      0.00000      0.00000      0.00000
   2648.50000000      9.88911      0.00000      0.00000      0.00000      0.00000
   2649.00000000      9.88978      0.00000      0.00000      0.00000      0.00000
   2649.50000000      9.89255      0.00000      0.00000      0.00000      0.00000
   2650.00000000      9.89526      0.00000      0.00000      0.00000      0.00000
   2650.50000000      9.89796      0.00000      0.00000      0.00000      0.00000
   2651.00000000      9.90289      0.00000      0.00000      0.00000      0.00000
   2651.50000000      9.90512      0.00000      0.00000      0.00000      0.00000
   2652.00000000      9.90689      0.00000      0.00000      0.00000      0.00000
   2652.50000000      9.90874      0.00000      0.00000      0.00000      0.00000
   2653.00000000      9.91060      0.00000      0.00000      0.00000      0.00000
   2653.50000000      9.91174      0.00000      0.00000      0.00000      0.00000
   2654.00000000      9.91292      0.00000      0.00000      0.00000      0.00000
   2654.50000000      9.91484      0.00000      0.00000      0.00000      0.00000
   2655.00000000      9.91536      0.00000      0.00000      0.00000      0.00000
   2655.50000000      9.91726      0.00000      0.00000      0.00000      0.00000
   2656.00000000      9.91810      0.00000      0.00000      0.00000      0.00000
   2656.50000000      9.91729      0.00000      0.00000      0.00000      0.00000
   2657.00000000      9.91766      0.00000      0.00000      0.00000      0.00000
   2657.50000000      9.92141      0.00000      0.00000      0.00000      0.00000
   2658.00000000      9.92587      0.00000      0.00000      0.00000      0.00000
   2658.50000000      9.93049      0.00000      0.00000      0.00000      0.00000
   2659.00000000      9.93540      0.00000      0.00000      0.00000      0.00000
   2659.50000000      9.93975      0.00000      0.00000      0.00000      0.00000
   2660.00000000      9.94208      0.00000      0.00000      0.00000      0.00000
   2660.50000000      9.94431      0.00000      0.00000      0.00000      0.00000
   2661.00000000      9.94820      0.00000      0.00000      0.00000      0.00000
   2661.50000000      9.95077      0.00000      0.00000      0.00000      0.00000
   2662.00000000      9.95593      0.00000      0.00000      0.00000      0.00000
   2662.50000000      9.96074      0.00000      0.00000      0.00000      0.00000
   2663.00000000      9.96316      0.00000      0.00000      0.00000      0.00000
   2663.50000000      9.96622      0.00000      0.00000      0.00000      0.00000
   2664.00000000      9.96974      0.00000      0.00000      0.00000      0.00000
   2664.50000000      9.97088      0.00000      0.00000      0.00000      0.00000
   2665.00000000      9.97200      0.00000      0.00000      0.00000      0.00000
   2665.50000000      9.97045      0.00000      0.00000      0.00000      0.00000
   2666.00000000      9.96813      0.00000      0.00000      0.00000      0.00000
   2666.50000000      9.96452      0.00000      0.00000      0.00000      0.00000
   2667.00000000      9.95957      0.00000      0.00000      0.00000      0.00000
   2667.50000000      9.95690      0.00000      0.00000      0.00000      0.00000
   2668.00000000      9.95553      0.00000      0.00000      0.00000      0.00000
   2668.50000000      9.95433      0.00000      0.00000      0.00000      0.00000
   2669.00000000      9.95137      0.00000      0.00000      0.00000      0.00000
   2669.50000000      9.95051      0.00000      0.00000      0.00000      0.00000
   2670.00000000      9.95183      0.00000      0.00000      0.00000      0.00000
   2670.50000000      9.95354      0.00000      0.00000      0.00000      0.00000
   2671.00000000      9.95337      0.00000      0.00000      0.00000      0.00000
   2671.50000000      9.95401      0.00000      0.00000      0.00000      0.00000
   2672.00000000      9.95406      0.00000      0.00000      0.00000      0.00000
   2672.50000000      9.95601      0.00000      0.00000      0.00000      0.00000
   2673.00000000      9.95715      0.00000      0.00000      0.00000      0.00000
   2673.50000000      9.95641      0.00000      0.00000      0.00000      0.00000
   2674.00000000      9.95364      0.00000      0.00000      0.00000      0.00000
   2674.50000000      9.95284      0.00000      0.00000      0.00000      0.00000
   2675.00000000      9.95399      0.00000      0.00000      0.00000      0.00000
   2675.50000000      9.95451      0.00000      0.00000      0.00000      0.00000
   2676.00000000      9.95485      0.00000      0.00000      0.00000      0.00000
   2676.50000000      9.95850      0.00000      0.00000      0.00000      0.00000
   2677.00000000      9.95909      0.00000      0.00000      0.00000      0.00000
   2677.50000000      9.96066      0.00000      0.00000      0.00000      0.00000
   2678.00000000      9.96128      0.00000      0.00000      0.00000      0.00000
   2678.50000000      9.96182      0.00000      0.00000      0.00000      0.00000
   2679.00000000      9.96258      0.00000      0.00000      0.00000      0.00000
   2679.50000000      9.96517      0.00000      0.00000      0.00000      0.00000
   2680.00000000      9.96750      0.00000      0.00000      0.00000      0.00000
   2680.50000000      9.97095      0.00000      0.00000      0.00000      0.00000
   2681.00000000      9.97448      0.00000      0.00000      0.00000      0.00000
   2681.50000000      9.97489      0.00000      0.00000      0.00000      0.00000
   2682.00000000      9.97528      0.00000      0.00000      0.00000      0.00000
   2682.50000000      9.97314      0.00000      0.00000      0.00000      0.00000
   2683.00000000      9.97196      0.00000      0.00000      0.00000      0.00000
   2683.50000000      9.97199      0.00000      0.00000      0.00000      0.00000
   2684.00000000      9.97351      0.00000      0.00000      0.00000      0.00000
   2684.50000000      9.97700      0.00000      0.00000      0.00000      0.00000
   2685.00000000      9.97972      0.00000      0.00000      0.00000      0.00000
   2685.50000000      9.98299      0.00000      0.00000      0.00000      0.00000
   2686.00000000      9.98702      0.00000      0.00000      0.00000      0.00000
   2686.50000000      9.99074      0.00000      0.00000      0.00000      0.00000
   2687.00000000      9.99242      0.00000      0.00000      0.00000      0.00000
   2687.50000000      9.99672      0.00000      0.00000      0.00000      0.00000
   2688.00000000      9.99884      0.00000      0.00000      0.00000      0.00000
   2688.50000000     10.00074      0.00000      0.00000      0.00000      0.00000
   2689.00000000     10.00520      0.00000      0.00000      0.00000      0.00000
   2689.50000000     10.00797      0.00000      0.00000      0.00000      0.00000
   2690.00000000     10.01196      0.00000      0.00000      0.00000      0.00000
   2690.50000000     10.01556      0.00000      0.00000      0.00000      0.00000
   2691.00000000     10.02080      0.00000      0.00000      0.00000      0.00000
   2691.50000000     10.02522      0.00000      0.00000      0.00000      0.00000
   2692.00000000     10.02722      0.00000      0.00000      0.00000      0.00000
   2692.50000000     10.03115      0.00000      0.00000      0.00000      0.00000
   2693.00000000     10.03503      0.00000      0.00000      0.00000      0.00000
   2693.50000000     10.03831      0.00000      0.00000      0.00000      0.00000
   2694.00000000     10.03890      0.00000      0.00000      0.00000      0.00000
   2694.50000000     10.03917      0.00000      0.00000      0.00000      0.00000
   2695.00000000     10.03812      0.00000      0.00000      0.00000      0.00000
   2695.50000000     10.03791      0.00000      0.00000      0.00000      0.00000
   2696.00000000     10.03896      0.00000      0.00000      0.00000      0.00000
   2696.50000000     10.04022      0.00000      0.00000      0.00000      0.00000
   2697.00000000     10.04216      0.00000      0.00000      0.00000      0.00000
   2697.50000000     10.04351      0.00000      0.00000      0.00000      0.00000
   2698.00000000     10.04236      0.00000      0.00000      0.00000      0.00000
   2698.50000000     10.04080      0.00000      0.00000      0.00000      0.00000
   2699.00000000     10.04064      0.00000      0.00000      0.00000      0.00000
   2699.50000000     10.03877      0.00000      0.00000      0.00000      0.00000
   2700.00000000     10.03689      0.00000      0.00000      0.00000      0.00000
   2700.50000000     10.03588      0.00000      0.00000      0.00000      0.00000
   2701.00000000     10.03661      0.00000      0.00000      0.00000      0.00000
   2701.50000000     10.03850      0.00000      0.00000      0.00000      0.00000
   2702.00000000     10.03935      0.00000      0.00000      0.00000      0.00000
   2702.50000000     10.04134      0.00000      0.00000      0.00000      0.00000
   2703.00000000     10.04277      0.00000      0.00000      0.00000      0.00000
   2703.50000000     10.04564      0.00000      0.00000      0.00000      0.00000
   2704.00000000     10.04988      0.00000      0.00000      0.00000      0.00000
   2704.50000000     10.05082      0.00000      0.00000      0.00000      0.00000
   2705.00000000     10.05325      0.00000      0.00000      0.00000      0.00000
   2705.50000000     10.05572      0.00000      0.00000      0.00000      0.00000
   2706.00000000     10.05962      0.00000      0.00000      0.00000      0.00000
   2706.50000000     10.06280      0.00000      0.00000      0.00000      0.00000
   2707.00000000     10.06259      0.00000      0.00000      0.00000      0.00000
   2707.50000000     10.05974      0.00000      0.00000      0.00000      0.00000
   2708.00000000     10.05765      0.00000      0.00000      0.00000      0.00000
   2708.50000000     10.05575      0.00000      0.00000      0.00000      0.00000
   2709.00000000     10.05549      0.00000      0.00000      0.00000      0.00000
   2709.50000000     10.05606      0.00000      0.00000      0.00000      0.00000
   2710.00000000     10.05695      0.00000      0.00000      0.00000      0.00000
   2710.50000000     10.05806      0.00000      0.00000      0.00000      0.00000
   2711.00000000     10.06020      0.00000      0.00000      0.00000      0.00000
   2711.50000000     10.06199      0.00000      0.00000      0.00000      0.00000
   2712.00000000     10.06366      0.00000      0.00000      0.00000      0.00000
   2712.50000000     10.06649      0.00000      0.00000      0.00000      0.00000
   2713.00000000     10.06766      0.00000      0.00000      0.00000      0.00000
   2713.50000000     10.07020      0.00000      0.00000      0.00000      0.00000
   2714.00000000     10.07225      0.00000      0.00000      0.00000      0.00000
   2714.50000000     10.07283      0.00000      0.00000      0.00000      0.00000
   2715.00000000     10.07658      0.00000      0.00000      0.00000      0.00000
   2715.50000000     10.08239      0.00000      0.00000      0.00000      0.00000
   2716.00000000     10.08812      0.00000      0.00000      0.00000      0.00000
   2716.50000000     10.09393      0.00000      0.00000      0.00000      0.00000
   2717.00000000     10.10162      0.00000      0.00000      0.00000      0.00000
   2717.50000000     10.10802      0.00000      0.00000      0.00000      0.00000
   2718.00000000     10.11282      0.00000      0.00000      0.00000      0.00000
   2718.50000000     10.11640      0.00000      0.00000      0.00000      0.00000
   2719.00000000     10.12183      0.00000      0.00000      0.00000      0.00000
   2719.50000000     10.12582      0.00000      0.00000      0.00000      0.00000
   2720.00000000     10.13203      0.00000      0.00000      0.00000      0.00000
   2720.50000000     10.13784      0.00000      0.00000      0.00000      0.00000
   2721.00000000     10.14333      0.00000      0.00000      0.00000      0.00000
   2721.50000000     10.15034      0.00000      0.00000      0.00000      0.00000
   2722.00000000     10.15577      0.00000      0.00000      0.00000      0.00000
   2722.50000000     10.16294      0.00000      0.00000      0.00000      0.00000
   2723.00000000     10.16988      0.00000      0.00000      0.00000      0.00000
   2723.50000000     10.17633      0.00000      0.00000      0.00000      0.00000
   2724.00000000     10.18166      0.00000      0.00000      0.00000      0.00000
   2724.50000000     10.19044      0.00000      0.00000      0.00000      0.00000
   2725.00000000     10.19544      0.00000      0.00000      0.00000      0.00000
   2725.50000000     10.20380      0.00000      0.00000      0.00000      0.00000
   2726.00000000     10.20978      0.00000      0.00000      0.00000      0.00000
   2726.50000000     10.21670      0.00000      0.00000      0.00000      0.00000
   2727.00000000     10.22152      0.00000      0.00000      0.00000      0.00000
   2727.50000000     10.22483      0.00000      0.00000      0.00000      0.00000
   2728.00000000     10.22736      0.00000      0.00000      0.00000      0.00000
   2728.50000000     10.23158      0.00000      0.00000      0.00000      0.00000
   2729.00000000     10.23612      0.00000      0.00000      0.00000      0.00000
   2729.50000000     10.23865      0.00000      0.00000      0.00000      0.00000
   2730.00000000     10.24454      0.00000      0.00000      0.00000      0.00000
   2730.50000000     10.24757      0.00000      0.00000      0.00000      0.00000
   2731.00000000     10.25256      0.00000      0.00000      0.00000      0.00000
   2731.50000000     10.25513      0.00000      0.00000      0.00000      0.00000
   2732.00000000     10.25744      0.00000      0.00000      0.00000      0.00000
   2732.50000000     10.26118      0.00000      0.00000      0.00000      0.00000
   2733.00000000     10.26422      0.00000      0.00000      0.00000      0.00000
   2733.50000000     10.26888      0.00000      0.00000      0.00000      0.00000
   2734.00000000     10.27080      0.00000      0.00000      0.00000      0.00000
   2734.50000000     10.27154      0.00000      0.00000      0.00000      0.00000
   2735.00000000     10.27036      0.00000      0.00000      0.00000      0.00000
   2735.50000000     10.26737      0.00000      0.00000      0.00000      0.00000
   2736.00000000     10.26582      0.00000      0.00000      0.00000      0.00000
   2736.50000000     10.26418      0.00000      0.00000      0.00000      0.00000
   2737.00000000     10.26433      0.00000      0.00000      0.00000      0.00000
   2737.50000000     10.26525      0.00000      0.00000      0.00000      0.00000
   2738.00000000     10.26522      0.00000      0.00000      0.00000      0.00000
