   1520.00000000      5.81330      0.00000      0.00000      0.00000      0.00000
   1520.50000000      5.81563      0.00000      0.00000      0.00000      0.00000
   1521.00000000      5.81874      0.00000      0.00000      0.00000      0.00000
   1521.50000000      5.82242      0.00000      0.00000      0.00000      0.00000
   1522.00000000      5.82598      0.00000      0.00000      0.00000      0.00000
   1522.50000000      5.83007      0.00000      0.00000      0.00000      0.00000
   1523.00000000      5.83070      0.00000      0.00000      0.00000      0.00000
   1523.50000000      5.82856      0.00000      0.00000      0.00000      0.00000
   1524.00000000      5.82627      0.00000      0.00000      0.00000      0.00000
   1524.50000000      5.82342      0.00000      0.00000      0.00000      0.00000
   1525.00000000      5.82334      0.00000      0.00000      0.00000      0.00000
   1525.50000000      5.82294      0.00000      0.00000      0.00000      0.00000
   1526.00000000      5.82210      0.00000      0.00000      0.00000      0.00000
   1526.50000000      5.81959      0.00000      0.00000      0.00000      0.00000
   1527.00000000      5.81764      0.00000      0.00000      0.00000      0.00000
   1527.50000000      5.81758      0.00000      0.00000      0.00000      0.00000
   1528.00000000      5.81673      0.00000      0.00000      0.00000      0.00000
   1528.50000000      5.81559      0.00000      0.00000      0.00000      0.00000
   1529.00000000      5.81642      0.00000      0.00000      0.00000      0.00000
   1529.50000000      5.81873      0.00000      0.00000      0.00000      0.00000
   1530.00000000      5.82195      0.00000      0.00000      0.00000      0.00000
   1530.50000000      5.82625      0.00000      0.00000      0.00000      0.00000
   1531.00000000      5.83039      0.00000      0.00000      0.00000      0.00000
   1531.50000000      5.83184      0.00000      0.00000      0.00000      0.00000
   1532.00000000      5.83385      0.00000      0.00000      0.00000      0.00000
   1532.50000000      5.83489      0.00000      0.00000      0.00000      0.00000
   1533.00000000      5.83733      0.00000      0.00000      0.00000      0.00000
   1533.50000000      5.84159      0.00000      0.00000      0.00000      0.00000
   1534.00000000      5.84274      0.00000      0.00000      0.00000      0.00000
   1534.50000000      5.84368      0.00000      0.00000      0.00000      0.00000
   1535.00000000      5.84279      0.00000      0.00000      0.00000      0.00000
   1535.50000000      5.84157      0.00000      0.00000      0.00000      0.00000
   1536.00000000      5.84236      0.00000      0.00000      0.00000      0.00000
   1536.50000000      5.84514      0.00000      0.00000      0.00000      0.00000
   1537.00000000      5.84885      0.00000      0.00000      0.00000      0.00000
   1537.50000000      5.85446      0.00000      0.00000      0.00000      0.00000
   1538.00000000      5.85938      0.00000      0.00000      0.00000      0.00000
   1538.50000000      5.86647      0.00000      0.00000      0.00000      0.00000
   1539.00000000      5.87584      0.00000      0.00000      0.00000      0.00000
   1539.50000000      5.88283      0.00000      0.00000      0.00000      0.00000
   1540.00000000      5.88857      0.00000      0.00000      0.00000      0.00000
   1540.50000000      5.89521      0.00000      0.00000      0.00000      0.00000
   1541.00000000      5.90099      0.00000      0.00000      0.00000      0.00000
   1541.50000000      5.90729      0.00000      0.00000      0.00000      0.00000
   1542.00000000      5.91255      0.00000      0.00000      0.00000      0.00000
   1542.50000000      5.91593      0.00000      0.00000      0.00000      0.00000
   1543.00000000      5.91737      0.00000      0.00000      0.00000      0.00000
   1543.50000000      5.91907      0.00000      0.00000      0.00000      0.00000
   1544.00000000      5.91771      0.00000      0.00000      0.00000      0.00000
   1544.50000000      5.91649      0.00000      0.00000      0.00000      0.00000
   1545.00000000      5.91878      0.00000      0.00000      0.00000      0.00000
   1545.50000000      5.92434      0.00000      0.00000      0.00000      0.00000
   1546.00000000      5.92745      0.00000      0.00000      0.00000      0.00000
   1546.50000000      5.93190      0.00000      0.00000      0.00000      0.00000
   1547.00000000      5.93797      0.00000      0.00000      0.00000      0.00000
   1547.50000000      5.94258      0.00000      0.00000      0.00000      0.00000
   1548.00000000      5.94887      0.00000      0.00000      0.00000      0.00000
   1548.50000000      5.95249      0.00000      0.00000      0.00000      0.00000
   1549.00000000      5.95513      0.00000      0.00000      0.00000      0.00000
   1549.50000000      5.95962      0.00000      0.00000      0.00000      0.00000
   1550.00000000      5.96254      0.00000      0.00000      0.00000      0.00000
   1550.50000000      5.96404      0.00000      0.00000      0.00000      0.00000
   1551.00000000      5.96269      0.00000      0.00000      0.00000      0.00000
   1551.50000000      5.96098      0.00000      0.00000      0.00000      0.00000
   1552.00000000      5.95714      0.00000      0.00000      0.00000      0.00000
   1552.50000000      5.95262      0.00000      0.00000      0.00000      0.00000
   1553.00000000      5.94997      0.00000      0.00000      0.00000      0.00000
   1553.50000000      5.95029      0.00000      0.00000      0.00000      0.00000
   1554.00000000      5.95090      0.00000      0.00000      0.00000      0.00000
   1554.50000000      5.95251      0.00000      0.00000      0.00000      0.00000
   1555.00000000      5.95383      0.00000      0.00000      0.00000      0.00000
   1555.50000000      5.95405      0.00000      0.00000      0.00000      0.00000
   1556.00000000      5.95605      0.00000      0.00000      0.00000      0.00000
   1556.50000000      5.95454      0.00000      0.00000      0.00000      0.00000
   1557.00000000      5.95277      0.00000      0.00000      0.00000      0.00000
   1557.50000000      5.95237      0.00000      0.00000      0.00000      0.00000
   1558.00000000      5.95337      0.00000      0.00000      0.00000      0.00000
   1558.50000000      5.95503      0.00000      0.00000      0.00000      0.00000
   1559.00000000      5.95937      0.00000      0.00000      0.00000      0.00000
   1559.50000000      5.96565      0.00000      0.00000      0.00000      0.00000
   1560.00000000      5.97228      0.00000      0.00000      0.00000      0.00000
   1560.50000000      5.97735      0.00000      0.00000      0.00000      0.00000
   1561.00000000      5.98065      0.00000      0.00000      0.00000      0.00000
   1561.50000000      5.98247      0.00000      0.00000      0.00000      0.00000
   1562.00000000      5.98436      0.00000      0.00000      0.00000      0.00000
   1562.50000000      5.98545      0.00000      0.00000      0.00000      0.00000
   1563.00000000      5.98859      0.00000      0.00000      0.00000      0.00000
   1563.50000000      5.99254      0.00000      0.00000      0.00000      0.00000
   1564.00000000      5.99711      0.00000      0.00000      0.00000      0.00000
   1564.50000000      6.00244      0.00000      0.00000      0.00000      0.00000
   1565.00000000      6.00680      0.00000      0.00000      0.00000      0.00000
   1565.50000000      6.01046      0.00000      0.00000      0.00000      0.00000
   1566.00000000      6.01682      0.00000      0.00000      0.00000      0.00000
   1566.50000000      6.02153      0.00000      0.00000      0.00000      0.00000
   1567.00000000      6.02662      0.00000      0.00000      0.00000      0.00000
   1567.50000000      6.03091      0.00000      0.00000      0.00000      0.00000
   1568.00000000      6.03575      0.00000      0.00000      0.00000      0.00000
   1568.50000000      6.04244      0.00000      0.00000      0.00000      0.00000
   1569.00000000      6.04929      0.00000      0.00000      0.00000      0.00000
   1569.50000000      6.05804      0.00000      0.00000      0.00000      0.00000
   1570.00000000      6.06520      0.00000      0.00000      0.00000      0.00000
   1570.50000000      6.07251      0.00000      0.00000      0.00000      0.00000
   1571.00000000      6.07939      0.00000      0.00000      0.00000      0.00000
   1571.50000000      6.08719      0.00000      0.00000      0.00000      0.00000
   1572.00000000      6.09253      0.00000      0.00000      0.00000      0.00000
   1572.50000000      6.10162      0.00000      0.00000      0.00000      0.00000
   1573.00000000      6.10816      0.00000      0.00000      0.00000      0.00000
   1573.50000000      6.11298      0.00000      0.00000      0.00000      0.00000
   1574.00000000      6.11681      0.00000      0.00000      0.00000      0.00000
   1574.50000000      6.11748      0.00000      0.00000      0.00000      0.00000
   1575.00000000      6.11794      0.00000      0.00000      0.00000      0.00000
   1575.50000000      6.11894      0.00000      0.00000      0.00000      0.00000
   1576.00000000      6.12148      0.00000      0.00000      0.00000      0.00000
   1576.50000000      6.12615      0.00000      0.00000      0.00000      0.00000
   1577.00000000      6.13208      0.00000      0.00000      0.00000      0.00000
   1577.50000000      6.14035      0.00000      0.00000      0.00000      0.00000
   1578.00000000      6.14710      0.00000      0.00000      0.00000      0.00000
   1578.50000000      6.15578      0.00000      0.00000      0.00000      0.00000
   1579.00000000      6.16432      0.00000      0.00000      0.00000      0.00000
   1579.50000000      6.17024      0.00000      0.00000      0.00000      0.00000
   1580.00000000      6.17540      0.00000      0.00000      0.00000      0.00000
   1580.50000000      6.18082      0.00000      0.00000      0.00000      0.00000
   1581.00000000      6.18747      0.00000      0.00000      0.00000      0.00000
   1581.50000000      6.19580      0.00000      0.00000      0.00000      0.00000
   1582.00000000      6.20498      0.00000      0.00000      0.00000      0.00000
   1582.50000000      6.21349      0.00000      0.00000      0.00000      0.00000
   1583.00000000      6.22112      0.00000      0.00000      0.00000      0.00000
   1583.50000000      6.22439      0.00000      0.00000      0.00000      0.00000
   1584.00000000      6.22616      0.00000      0.00000      0.00000      0.00000
   1584.50000000      6.22961      0.00000      0.00000      0.00000      0.00000
   1585.00000000      6.23322      0.00000      0.00000      0.00000      0.00000
   1585.50000000      6.23744      0.00000      0.00000      0.00000      0.00000
   1586.00000000      6.24059      0.00000      0.00000      0.00000      0.00000
   1586.50000000      6.24425      0.00000      0.00000      0.00000      0.00000
   1587.00000000      6.24860      0.00000      0.00000      0.00000      0.00000
   1587.50000000      6.25441      0.00000      0.00000      0.00000      0.00000
   1588.00000000      6.26127      0.00000      0.00000      0.00000      0.00000
   1588.50000000      6.26818      0.00000      0.00000      0.00000      0.00000
   1589.00000000      6.27350      0.00000      0.00000      0.00000      0.00000
   1589.50000000      6.27655      0.00000      0.00000      0.00000      0.00000
   1590.00000000      6.27744      0.00000      0.00000      0.00000      0.00000
   1590.50000000      6.27612      0.00000      0.00000      0.00000      0.00000
   1591.00000000      6.27557      0.00000      0.00000      0.00000      0.00000
   1591.50000000      6.27762      0.00000      0.00000      0.00000      0.00000
   1592.00000000      6.27923      0.00000      0.00000      0.00000      0.00000
   1592.50000000      6.28034      0.00000      0.00000      0.00000      0.00000
   1593.00000000      6.27956      0.00000      0.00000      0.00000      0.00000
   1593.50000000      6.27831      0.00000      0.00000      0.00000      0.00000
   1594.00000000      6.27875      0.00000      0.00000      0.00000      0.00000
   1594.50000000      6.27831      0.00000      0.00000      0.00000      0.00000
   1595.00000000      6.27758      0.00000      0.00000      0.00000      0.00000
   1595.50000000      6.27813      0.00000      0.00000      0.00000      0.00000
   1596.00000000      6.27957      0.00000      0.00000      0.00000      0.00000
   1596.50000000      6.28234      0.00000      0.00000      0.00000      0.00000
   1597.00000000      6.28502      0.00000      0.00000      0.00000      0.00000
   1597.50000000      6.28659      0.00000      0.00000      0.00000      0.00000
   1598.00000000      6.28702      0.00000      0.00000      0.00000      0.00000
   1598.50000000      6.28820      0.00000      0.00000      0.00000      0.00000
   1599.00000000      6.28985      0.00000      0.00000      0.00000      0.00000
   1599.50000000      6.29154      0.00000      0.00000      0.00000      0.00000
   1600.00000000      6.29206      0.00000      0.00000      0.00000      0.00000
   1600.50000000      6.28960      0.00000      0.00000      0.00000      0.00000
   1601.00000000      6.28842      0.00000      0.00000      0.00000      0.00000
   1601.50000000      6.28593      0.00000      0.00000      0.00000      0.00000
   1602.00000000      6.28301      0.00000      0.00000      0.00000      0.00000
   1602.50000000      6.28171      0.00000      0.00000      0.00000      0.00000
   1603.00000000      6.28122      0.00000      0.00000      0.00000      0.00000
   1603.50000000      6.28278      0.00000      0.00000      0.00000      0.00000
   1604.00000000      6.28149      0.00000      0.00000      0.00000      0.00000
   1604.50000000      6.28122      0.00000      0.00000      0.00000      0.00000
   1605.00000000      6.28097      0.00000      0.00000      0.00000      0.00000
   1605.50000000      6.27944      0.00000      0.00000      0.00000      0.00000
   1606.00000000      6.27705      0.00000      0.00000      0.00000      0.00000
   1606.50000000      6.27561      0.00000      0.00000      0.00000      0.00000
   1607.00000000      6.27211      0.00000      0.00000      0.00000      0.00000
   1607.50000000      6.26787      0.00000      0.00000      0.00000      0.00000
   1608.00000000      6.26420      0.00000      0.00000      0.00000      0.00000
   1608.50000000      6.26162      0.00000      0.00000      0.00000      0.00000
   1609.00000000      6.25761      0.00000      0.00000      0.00000      0.00000
   1609.50000000      6.25040      0.00000      0.00000      0.00000      0.00000
   1610.00000000      6.24432      0.00000      0.00000      0.00000      0.00000
   1610.50000000      6.24154      0.00000      0.00000      0.00000      0.00000
   1611.00000000      6.23822      0.00000      0.00000      0.00000      0.00000
   1611.50000000      6.23672      0.00000      0.00000      0.00000      0.00000
   1612.00000000      6.23377      0.00000      0.00000      0.00000      0.00000
   1612.50000000      6.23104      0.00000      0.00000      0.00000      0.00000
   1613.00000000      6.22951      0.00000      0.00000      0.00000      0.00000
   1613.50000000      6.23035      0.00000      0.00000      0.00000      0.00000
   1614.00000000      6.22928      0.00000      0.00000      0.00000      0.00000
   1614.50000000      6.22912      0.00000      0.00000      0.00000      0.00000
   1615.00000000      6.22977      0.00000      0.00000      0.00000      0.00000
   1615.50000000      6.22873      0.00000      0.00000      0.00000      0.00000
   1616.00000000      6.22804      0.00000      0.00000      0.00000      0.00000
   1616.50000000      6.22940      0.00000      0.00000      0.00000      0.00000
   1617.00000000      6.23036      0.00000      0.00000      0.00000      0.00000
   1617.50000000      6.23241      0.00000      0.00000      0.00000      0.00000
   1618.00000000      6.23359      0.00000      0.00000      0.00000      0.00000
   1618.50000000      6.23244      0.00000      0.00000      0.00000      0.00000
   1619.00000000      6.23287      0.00000      0.00000      0.00000      0.00000
   1619.50000000      6.23087      0.00000      0.00000      0.00000      0.00000
   1620.00000000      6.23243      0.00000      0.00000      0.00000      0.00000
   1620.50000000      6.23305      0.00000      0.00000      0.00000      0.00000
   1621.00000000      6.23552      0.00000      0.00000      0.00000      0.00000
   1621.50000000      6.23716      0.00000      0.00000      0.00000      0.00000
   1622.00000000      6.23830      0.00000      0.00000      0.00000      0.00000
   1622.50000000      6.23960      0.00000      0.00000      0.00000      0.00000
   1623.00000000      6.23820      0.00000      0.00000      0.00000      0.00000
   1623.50000000      6.23871      0.00000      0.00000      0.00000      0.00000
   1624.00000000      6.24003      0.00000      0.00000      0.00000      0.00000
   1624.50000000      6.23754      0.00000      0.00000      0.00000      0.00000
   1625.00000000      6.23474      0.00000      0.00000      0.00000      0.00000
   1625.50000000      6.23376      0.00000      0.00000      0.00000      0.00000
   1626.00000000      6.23568      0.00000      0.00000      0.00000      0.00000
   1626.50000000      6.23996      0.00000      0.00000      0.00000      0.00000
   1627.00000000      6.24210      0.00000      0.00000      0.00000      0.00000
   1627.50000000      6.24089      0.00000      0.00000      0.00000      0.00000
   1628.00000000      6.24226      0.00000      0.00000      0.00000      0.00000
   1628.50000000      6.24189      0.00000      0.00000      0.00000      0.00000
   1629.00000000      6.24207      0.00000      0.00000      0.00000      0.00000
   1629.50000000      6.24289      0.00000      0.00000      0.00000      0.00000
   1630.00000000      6.24418      0.00000      0.00000      0.00000      0.00000
   1630.50000000      6.24616      0.00000      0.00000      0.00000      0.00000
   1631.00000000      6.24675      0.00000      0.00000      0.00000      0.00000
   1631.50000000      6.24709      0.00000      0.00000      0.00000      0.00000
   1632.00000000      6.24579      0.00000      0.00000      0.00000      0.00000
   1632.50000000      6.24323      0.00000      0.00000      0.00000      0.00000
   1633.00000000      6.23964      0.00000      0.00000      0.00000      0.00000
   1633.50000000      6.23566      0.00000      0.00000      0.00000      0.00000
   1634.00000000      6.23344      0.00000      0.00000      0.00000      0.00000
   1634.50000000      6.23085      0.00000      0.00000      0.00000      0.00000
   1635.00000000      6.22990      0.00000      0.00000      0.00000      0.00000
   1635.50000000      6.22847      0.00000      0.00000      0.00000      0.00000
   1636.00000000      6.22599      0.00000      0.00000      0.00000      0.00000
   1636.50000000      6.22443      0.00000      0.00000      0.00000      0.00000
   1637.00000000      6.22396      0.00000      0.00000      0.00000      0.00000
   1637.50000000      6.22257      0.00000      0.00000      0.00000      0.00000
   1638.00000000      6.22165      0.00000      0.00000      0.00000      0.00000
   1638.50000000      6.22048      0.00000      0.00000      0.00000      0.00000
   1639.00000000      6.21955      0.00000      0.00000      0.00000      0.00000
   1639.50000000      6.21825      0.00000      0.00000      0.00000      0.00000
   1640.00000000      6.21627      0.00000      0.00000      0.00000      0.00000
   1640.50000000      6.21557      0.00000      0.00000      0.00000      0.00000
   1641.00000000      6.21493      0.00000      0.00000      0.00000      0.00000
   1641.50000000      6.21595      0.00000      0.00000      0.00000      0.00000
   1642.00000000      6.21767      0.00000      0.00000      0.00000      0.00000
   1642.50000000      6.22007      0.00000      0.00000      0.00000      0.00000
   1643.00000000      6.21942      0.00000      0.00000      0.00000      0.00000
   1643.50000000      6.21979      0.00000      0.00000      0.00000      0.00000
   1644.00000000      6.21990      0.00000      0.00000      0.00000      0.00000
   1644.50000000      6.22002      0.00000      0.00000      0.00000      0.00000
   1645.00000000      6.22177      0.00000      0.00000      0.00000      0.00000
   1645.50000000      6.22475      0.00000      0.00000      0.00000      0.00000
   1646.00000000      6.22612      0.00000      0.00000      0.00000      0.00000
   1646.50000000      6.22822      0.00000      0.00000      0.00000      0.00000
