      0.00000000     11.87980      0.00000      0.00000      0.00000      0.00000
      0.50000000     11.88730      0.00000      0.00000      0.00000      0.00000
      1.00000000     11.89544      0.00000      0.00000      0.00000      0.00000
      1.50000000     11.90029      0.00000      0.00000      0.00000      0.00000
      2.00000000     11.90646      0.00000      0.00000      0.00000      0.00000
      2.50000000     11.91412      0.00000      0.00000      0.00000      0.00000
      3.00000000     11.92176      0.00000      0.00000      0.00000      0.00000
      3.50000000     11.92626      0.00000      0.00000      0.00000      0.00000
      4.00000000     11.93092      0.00000      0.00000      0.00000      0.00000
      4.50000000     11.93676      0.00000      0.00000      0.00000      0.00000
      5.00000000     11.94221      0.00000      0.00000      0.00000      0.00000
      5.50000000     11.94460      0.00000      0.00000      0.00000      0.00000
      6.00000000     11.94266      0.00000      0.00000      0.00000      0.00000
      6.50000000     11.94235      0.00000      0.00000      0.00000      0.00000
      7.00000000     11.94492      0.00000      0.00000      0.00000      0.00000
      7.50000000     11.94563      0.00000      0.00000      0.00000      0.00000
      8.00000000     11.94603      0.00000      0.00000      0.00000      0.00000
      8.50000000     11.94585      0.00000      0.00000      0.00000      0.00000
      9.00000000     11.94562      0.00000      0.00000      0.00000      0.00000
      9.50000000     11.94608      0.00000      0.00000      0.00000      0.00000
     10.00000000     11.94898      0.00000      0.00000      0.00000      0.00000
     10.50000000     11.95162      0.00000      0.00000      0.00000      0.00000
     11.00000000     11.95446      0.00000      0.00000      0.00000      0.00000
     11.50000000     11.95690      0.00000      0.00000      0.00000      0.00000
     12.00000000     11.95829      0.00000      0.00000      0.00000      0.00000
     12.50000000     11.96043      0.00000      0.00000      0.00000      0.00000
     13.00000000     11.96177      0.00000      0.00000      0.00000      0.00000
     13.50000000     11.96256      0.00000      0.00000      0.00000      0.00000
     14.00000000     11.96387      0.00000      0.00000      0.00000      0.00000
     14.50000000     11.96624      0.00000      0.00000      0.00000      0.00000
     15.00000000     11.96869      0.00000      0.00000      0.00000      0.00000
     15.50000000     11.97023      0.00000      0.00000      0.00000      0.00000
     16.00000000     11.97136      0.00000      0.00000      0.00000      0.00000
     16.50000000     11.96989      0.00000      0.00000      0.00000      0.00000
     17.00000000     11.96768      0.00000      0.00000      0.00000      0.00000
     17.50000000     11.96656      0.00000      0.00000      0.00000      0.00000
     18.00000000     11.96725      0.00000      0.00000      0.00000      0.00000
     18.50000000     11.96963      0.00000      0.00000      0.00000      0.00000
     19.00000000     11.97107      0.00000      0.00000      0.00000      0.00000
     19.50000000     11.97473      0.00000      0.00000      0.00000      0.00000
     20.00000000     11.98187      0.00000      0.00000      0.00000      0.00000
     20.50000000     11.98739      0.00000      0.00000      0.00000      0.00000
     21.00000000     11.99280      0.00000      0.00000      0.00000      0.00000
     21.50000000     11.99861      0.00000      0.00000      0.00000      0.00000
     22.00000000     12.00156      0.00000      0.00000      0.00000      0.00000
     22.50000000     12.00512      0.00000      0.00000      0.00000      0.00000
     23.00000000     12.01054      0.00000      0.00000      0.00000      0.00000
     23.50000000     12.01536      0.00000      0.00000      0.00000      0.00000
     24.00000000     12.01978      0.00000      0.00000      0.00000      0.00000
     24.50000000     12.02538      0.00000      0.00000      0.00000      0.00000
     25.00000000     12.03063      0.00000      0.00000      0.00000      0.00000
     25.50000000     12.03537      0.00000      0.00000      0.00000      0.00000
     26.00000000     12.03925      0.00000      0.00000      0.00000      0.00000
     26.50000000     12.04425      0.00000      0.00000      0.00000      0.00000
     27.00000000     12.04953      0.00000      0.00000      0.00000      0.00000
     27.50000000     12.05586      0.00000      0.00000      0.00000      0.00000
     28.00000000     12.06130      0.00000      0.00000      0.00000      0.00000
     28.50000000     12.06665      0.00000      0.00000      0.00000      0.00000
     29.00000000     12.06881      0.00000      0.00000      0.00000      0.00000
     29.50000000     12.07165      0.00000      0.00000      0.00000      0.00000
     30.00000000     12.07365      0.00000      0.00000      0.00000      0.00000
     30.50000000     12.07190      0.00000      0.00000      0.00000      0.00000
     31.00000000     12.06974      0.00000      0.00000      0.00000      0.00000
     31.50000000     12.06800      0.00000      0.00000      0.00000      0.00000
     32.00000000     12.06773      0.00000      0.00000      0.00000      0.00000
     32.50000000     12.06931      0.00000      0.00000      0.00000      0.00000
     33.00000000     12.07131      0.00000      0.00000      0.00000      0.00000
     33.50000000     12.07334      0.00000      0.00000      0.00000      0.00000
     34.00000000     12.07928      0.00000      0.00000      0.00000      0.00000
     34.50000000     12.08355      0.00000      0.00000      0.00000      0.00000
     35.00000000     12.08584      0.00000      0.00000      0.00000      0.00000
     35.50000000     12.08362      0.00000      0.00000      0.00000      0.00000
     36.00000000     12.08299      0.00000      0.00000      0.00000      0.00000
     36.50000000     12.08192      0.00000      0.00000      0.00000      0.00000
     37.00000000     12.08250      0.00000      0.00000      0.00000      0.00000
     37.50000000     12.08120      0.00000      0.00000      0.00000      0.00000
     38.00000000     12.08036      0.00000      0.00000      0.00000      0.00000
     38.50000000     12.07721      0.00000      0.00000      0.00000      0.00000
     39.00000000     12.07489      0.00000      0.00000      0.00000      0.00000
     39.50000000     12.07220      0.00000      0.00000      0.00000      0.00000
     40.00000000     12.06855      0.00000      0.00000      0.00000      0.00000
     40.50000000     12.06514      0.00000      0.00000      0.00000      0.00000
     41.00000000     12.06212      0.00000      0.00000      0.00000      0.00000
     41.50000000     12.05850      0.00000      0.00000      0.00000      0.00000
     42.00000000     12.05188      0.00000      0.00000      0.00000      0.00000
     42.50000000     12.04590      0.00000      0.00000      0.00000      0.00000
     43.00000000     12.04149      0.00000      0.00000      0.00000      0.00000
     43.50000000     12.03843      0.00000      0.00000      0.00000      0.00000
     44.00000000     12.03520      0.00000      0.00000      0.00000      0.00000
     44.50000000     12.03122      0.00000      0.00000      0.00000      0.00000
     45.00000000     12.02699      0.00000      0.00000      0.00000      0.00000
     45.50000000     12.02340      0.00000      0.00000      0.00000      0.00000
     46.00000000     12.01958      0.00000      0.00000      0.00000      0.00000
     46.50000000     12.01640      0.00000      0.00000      0.00000      0.00000
     47.00000000     12.01431      0.00000      0.00000      0.00000      0.00000
     47.50000000     12.01202      0.00000      0.00000      0.00000      0.00000
     48.00000000     12.01319      0.00000      0.00000      0.00000      0.00000
     48.50000000     12.01343      0.00000      0.00000      0.00000      0.00000
     49.00000000     12.01077      0.00000      0.00000      0.00000      0.00000
     49.50000000     12.00720      0.00000      0.00000      0.00000      0.00000
     50.00000000     12.00546      0.00000      0.00000      0.00000      0.00000
     50.50000000     12.00166      0.00000      0.00000      0.00000      0.00000
     51.00000000     11.99559      0.00000      0.00000      0.00000      0.00000
     51.50000000     11.99075      0.00000      0.00000      0.00000      0.00000
     52.00000000     11.98633      0.00000      0.00000      0.00000      0.00000
     52.50000000     11.98134      0.00000      0.00000      0.00000      0.00000
     53.00000000     11.97471      0.00000      0.00000      0.00000      0.00000
     53.50000000     11.96887      0.00000      0.00000      0.00000      0.00000
     54.00000000     11.96281      0.00000      0.00000      0.00000      0.00000
     54.50000000     11.95541      0.00000      0.00000      0.00000      0.00000
     55.00000000     11.94803      0.00000      0.00000      0.00000      0.00000
     55.50000000     11.93996      0.00000      0.00000      0.00000      0.00000
     56.00000000     11.93575      0.00000      0.00000      0.00000      0.00000
     56.50000000     11.93384      0.00000      0.00000      0.00000      0.00000
     57.00000000     11.92990      0.00000      0.00000      0.00000      0.00000
     57.50000000     11.92630      0.00000      0.00000      0.00000      0.00000
     58.00000000     11.92715      0.00000      0.00000      0.00000      0.00000
     58.50000000     11.92862      0.00000      0.00000      0.00000      0.00000
     59.00000000     11.93017      0.00000      0.00000      0.00000      0.00000
     59.50000000     11.93334      0.00000      0.00000      0.00000      0.00000
     60.00000000     11.93596      0.00000      0.00000      0.00000      0.00000
     60.50000000     11.93802      0.00000      0.00000      0.00000      0.00000
     61.00000000     11.93892      0.00000      0.00000      0.00000      0.00000
     61.50000000     11.93773      0.00000      0.00000      0.00000      0.00000
     62.00000000     11.93610      0.00000      0.00000      0.00000      0.00000
     62.50000000     11.93383      0.00000      0.00000      0.00000      0.00000
     63.00000000     11.93263      0.00000      0.00000      0.00000      0.00000
     63.50000000     11.93407      0.00000      0.00000      0.00000      0.00000
     64.00000000     11.93291      0.00000      0.00000      0.00000      0.00000
     64.50000000     11.93044      0.00000      0.00000      0.00000      0.00000
     65.00000000     11.92917      0.00000      0.00000      0.00000      0.00000
     65.50000000     11.92690      0.00000      0.00000      0.00000      0.00000
     66.00000000     11.92367      0.00000      0.00000      0.00000      0.00000
     66.50000000     11.92157      0.00000      0.00000      0.00000      0.00000
     67.00000000     11.92021      0.00000      0.00000      0.00000      0.00000
     67.50000000     11.91828      0.00000      0.00000      0.00000      0.00000
     68.00000000     11.91960      0.00000      0.00000      0.00000      0.00000
     68.50000000     11.92010      0.00000      0.00000      0.00000      0.00000
     69.00000000     11.92004      0.00000      0.00000      0.00000      0.00000
     69.50000000     11.91978      0.00000      0.00000      0.00000      0.00000
     70.00000000     11.91834      0.00000      0.00000      0.00000      0.00000
     70.50000000     11.91382      0.00000      0.00000      0.00000      0.00000
     71.00000000     11.90930      0.00000      0.00000      0.00000      0.00000
     71.50000000     11.90264      0.00000      0.00000      0.00000      0.00000
     72.00000000     11.89479      0.00000      0.00000      0.00000      0.00000
     72.50000000     11.88608      0.00000      0.00000      0.00000      0.00000
     73.00000000     11.87788      0.00000      0.00000      0.00000      0.00000
     73.50000000     11.86968      0.00000      0.00000      0.00000      0.00000
     74.00000000     11.86045      0.00000      0.00000      0.00000      0.00000
     74.50000000     11.84862      0.00000      0.00000      0.00000      0.00000
     75.00000000     11.83589      0.00000      0.00000      0.00000      0.00000
     75.50000000     11.82621      0.00000      0.00000      0.00000      0.00000
     76.00000000     11.81775      0.00000      0.00000      0.00000      0.00000
     76.50000000     11.81168      0.00000      0.00000      0.00000      0.00000
     77.00000000     11.80534      0.00000      0.00000      0.00000      0.00000
     77.50000000     11.79851      0.00000      0.00000      0.00000      0.00000
     78.00000000     11.79279      0.00000      0.00000      0.00000      0.00000
     78.50000000     11.78552      0.00000      0.00000      0.00000      0.00000
     79.00000000     11.77935      0.00000      0.00000      0.00000      0.00000
     79.50000000     11.77576      0.00000      0.00000      0.00000      0.00000
     80.00000000     11.76841      0.00000      0.00000      0.00000      0.00000
     80.50000000     11.76079      0.00000      0.00000      0.00000      0.00000
     81.00000000     11.75266      0.00000      0.00000      0.00000      0.00000
     81.50000000     11.74864      0.00000      0.00000      0.00000      0.00000
     82.00000000     11.74609      0.00000      0.00000      0.00000      0.00000
     82.50000000     11.74171      0.00000      0.00000      0.00000      0.00000
     83.00000000     11.73677      0.00000      0.00000      0.00000      0.00000
     83.50000000     11.73357      0.00000      0.00000      0.00000      0.00000
     84.00000000     11.73169      0.00000      0.00000      0.00000      0.00000
     84.50000000     11.73020      0.00000      0.00000      0.00000      0.00000
     85.00000000     11.72797      0.00000      0.00000      0.00000      0.00000
     85.50000000     11.72514      0.00000      0.00000      0.00000      0.00000
     86.00000000     11.72026      0.00000      0.00000      0.00000      0.00000
     86.50000000     11.71697      0.00000      0.00000      0.00000      0.00000
     87.00000000     11.71237      0.00000      0.00000      0.00000      0.00000
     87.50000000     11.70699      0.00000      0.00000      0.00000      0.00000
     88.00000000     11.70288      0.00000      0.00000      0.00000      0.00000
     88.50000000     11.70019      0.00000      0.00000      0.00000      0.00000
     89.00000000     11.69805      0.00000      0.00000      0.00000      0.00000
     89.50000000     11.69708      0.00000      0.00000      0.00000      0.00000
     90.00000000     11.69495      0.00000      0.00000      0.00000      0.00000
     90.50000000     11.69487      0.00000      0.00000      0.00000      0.00000
     91.00000000     11.69614      0.00000      0.00000      0.00000      0.00000
     91.50000000     11.69935      0.00000      0.00000      0.00000      0.00000
     92.00000000     11.70134      0.00000      0.00000      0.00000      0.00000
     92.50000000     11.70032      0.00000      0.00000      0.00000      0.00000
     93.00000000     11.69864      0.00000      0.00000      0.00000      0.00000
     93.50000000     11.69228      0.00000      0.00000      0.00000      0.00000
     94.00000000     11.68660      0.00000      0.00000      0.00000      0.00000
     94.50000000     11.67927      0.00000      0.00000      0.00000      0.00000
     95.00000000     11.67240      0.00000      0.00000      0.00000      0.00000
     95.50000000     11.66597      0.00000      0.00000      0.00000      0.00000
     96.00000000     11.65986      0.00000      0.00000      0.00000      0.00000
     96.50000000     11.65554      0.00000      0.00000      0.00000      0.00000
     97.00000000     11.65120      0.00000      0.00000      0.00000      0.00000
     97.50000000     11.64963      0.00000      0.00000      0.00000      0.00000
     98.00000000     11.65019      0.00000      0.00000      0.00000      0.00000
     98.50000000     11.64976      0.00000      0.00000      0.00000      0.00000
     99.00000000     11.64839      0.00000      0.00000      0.00000      0.00000
     99.50000000     11.64400      0.00000      0.00000      0.00000      0.00000
    100.00000000     11.64072      0.00000      0.00000      0.00000      0.00000
    100.50000000     11.63618      0.00000      0.00000      0.00000      0.00000
    101.00000000     11.63063      0.00000      0.00000      0.00000      0.00000
    101.50000000     11.62668      0.00000      0.00000      0.00000      0.00000
    102.00000000     11.62350      0.00000      0.00000      0.00000      0.00000
    102.50000000     11.61933      0.00000      0.00000      0.00000      0.00000
    103.00000000     11.61698      0.00000      0.00000      0.00000      0.00000
    103.50000000     11.61379      0.00000      0.00000      0.00000      0.00000
    104.00000000     11.61249      0.00000      0.00000      0.00000      0.00000
    104.50000000     11.61409      0.00000      0.00000      0.00000      0.00000
    105.00000000     11.61411      0.00000      0.00000      0.00000      0.00000
    105.50000000     11.61491      0.00000      0.00000      0.00000      0.00000
    106.00000000     11.61535      0.00000      0.00000      0.00000      0.00000
    106.50000000     11.61508      0.00000      0.00000      0.00000      0.00000
    107.00000000     11.61708      0.00000      0.00000      0.00000      0.00000
    107.50000000     11.61589      0.00000      0.00000      0.00000      0.00000
    108.00000000     11.61307      0.00000      0.00000      0.00000      0.00000
    108.50000000     11.61113      0.00000      0.00000      0.00000      0.00000
    109.00000000     11.60824      0.00000      0.00000      0.00000      0.00000
    109.50000000     11.60207      0.00000      0.00000      0.00000      0.00000
    110.00000000     11.59547      0.00000      0.00000      0.00000      0.00000
    110.50000000     11.58989      0.00000      0.00000      0.00000      0.00000
    111.00000000     11.58213      0.00000      0.00000      0.00000      0.00000
    111.50000000     11.57696      0.00000      0.00000      0.00000      0.00000
    112.00000000     11.57263      0.00000      0.00000      0.00000      0.00000
    112.50000000     11.56694      0.00000      0.00000      0.00000      0.00000
    113.00000000     11.56066      0.00000      0.00000      0.00000      0.00000
    113.50000000     11.55844      0.00000      0.00000      0.00000      0.00000
    114.00000000     11.55414      0.00000      0.00000      0.00000      0.00000
    114.50000000     11.54735      0.00000      0.00000      0.00000      0.00000
    115.00000000     11.53766      0.00000      0.00000      0.00000      0.00000
    115.50000000     11.52726      0.00000      0.00000      0.00000      0.00000
    116.00000000     11.51707      0.00000      0.00000      0.00000      0.00000
    116.50000000     11.50629      0.00000      0.00000      0.00000      0.00000
    117.00000000     11.49602      0.00000      0.00000      0.00000      0.00000
    117.50000000     11.48707      0.00000      0.00000      0.00000      0.00000
    118.00000000     11.47645      0.00000      0.00000      0.00000      0.00000
    118.50000000     11.46928      0.00000      0.00000      0.00000      0.00000
    119.00000000     11.46411      0.00000      0.00000      0.00000      0.00000
    119.50000000     11.45832      0.00000      0.00000      0.00000      0.00000
    120.00000000     11.45452      0.00000      0.00000      0.00000      0.00000
    120.50000000     11.44864      0.00000      0.00000      0.00000      0.00000
    121.00000000     11.44259      0.00000      0.00000      0.00000      0.00000
    121.50000000     11.43599      0.00000      0.00000      0.00000      0.00000
    122.00000000     11.42975      0.00000      0.00000      0.00000      0.00000
    122.50000000     11.42279      0.00000      0.00000      0.00000      0.00000
    123.00000000     11.41529      0.00000      0.00000      0.00000      0.00000
    123.50000000     11.41230      0.00000      0.00000      0.00000      0.00000
    124.00000000     11.41098      0.00000      0.00000      0.00000      0.00000
    124.50000000     11.41061      0.00000      0.00000      0.00000      0.00000
    125.00000000     11.41009      0.00000      0.00000      0.00000      0.00000
    125.50000000     11.41009      0.00000      0.00000      0.00000      0.00000
    126.00000000     11.40997      0.00000      0.00000      0.00000      0.00000
    126.50000000     11.41294      0.00000      0.00000      0.00000      0.00000
    127.00000000     11.41626      0.00000      0.00000      0.00000      0.00000
    127.50000000     11.41692      0.00000      0.00000      0.00000      0.00000
    128.00000000     11.41908      0.00000      0.00000      0.00000      0.00000
    128.50000000     11.42167      0.00000      0.00000      0.00000      0.00000
    129.00000000     11.42327      0.00000      0.00000      0.00000      0.00000
    129.50000000     11.42583      0.00000      0.00000      0.00000      0.00000
    130.00000000     11.42611      0.00000      0.00000      0.00000      0.00000
    130.50000000     11.42757      0.00000      0.00000      0.00000      0.00000
    131.00000000     11.42825      0.00000      0.00000      0.00000      0.00000
    131.50000000     11.42969      0.00000      0.00000      0.00000      0.00000
    132.00000000     11.43120      0.00000      0.00000      0.00000      0.00000
    132.50000000     11.43522      0.00000      0.00000      0.00000      0.00000
    133.00000000     11.43990      0.00000      0.00000      0.00000      0.00000
    133.50000000     11.44356      0.00000      0.00000      0.00000      0.00000
    134.00000000     11.44372      0.00000      0.00000      0.00000      0.00000
    134.50000000     11.44403      0.00000      0.00000      0.00000      0.00000
    135.00000000     11.44285      0.00000      0.00000      0.00000      0.00000
    135.50000000     11.44074      0.00000      0.00000      0.00000      0.00000
    136.00000000     11.43815      0.00000      0.00000      0.00000      0.00000
    136.50000000     11.43681      0.00000      0.00000      0.00000      0.00000
    137.00000000     11.43486      0.00000      0.00000      0.00000      0.00000
    137.50000000     11.43384      0.00000      0.00000      0.00000      0.00000
    138.00000000     11.43246      0.00000      0.00000      0.00000      0.00000
    138.50000000     11.43004      0.00000      0.00000      0.00000      0.00000
    139.00000000     11.43104      0.00000      0.00000      0.00000      0.00000
    139.50000000     11.43224      0.00000      0.00000      0.00000      0.00000
    140.00000000     11.43230      0.00000      0.00000      0.00000      0.00000
    140.50000000     11.43566      0.00000      0.00000      0.00000      0.00000
    141.00000000     11.43638      0.00000      0.00000      0.00000      0.00000
    141.50000000     11.43675      0.00000      0.00000      0.00000      0.00000
    142.00000000     11.43759      0.00000      0.00000      0.00000      0.00000
    142.50000000     11.43904      0.00000      0.00000      0.00000      0.00000
    143.00000000     11.44041      0.00000      0.00000      0.00000      0.00000
    143.50000000     11.44127      0.00000      0.00000      0.00000      0.00000
    144.00000000     11.44082      0.00000      0.00000      0.00000      0.00000
    144.50000000     11.43957      0.00000      0.00000      0.00000      0.00000
    145.00000000     11.43716      0.00000      0.00000      0.00000      0.00000
    145.50000000     11.43630      0.00000      0.00000      0.00000      0.00000
    146.00000000     11.43394      0.00000      0.00000      0.00000      0.00000
    146.50000000     11.43027      0.00000      0.00000      0.00000      0.00000
    147.00000000     11.42429      0.00000      0.00000      0.00000      0.00000
    147.50000000     11.42118      0.00000      0.00000      0.00000      0.00000
    148.00000000     11.41934      0.00000      0.00000      0.00000      0.00000
    148.50000000     11.41640      0.00000      0.00000      0.00000      0.00000
    149.00000000     11.41368      0.00000      0.00000      0.00000      0.00000
    149.50000000     11.40922      0.00000      0.00000      0.00000      0.00000
    150.00000000     11.40422      0.00000      0.00000      0.00000      0.00000
    150.50000000     11.40168      0.00000      0.00000      0.00000      0.00000
    151.00000000     11.39719      0.00000      0.00000      0.00000      0.00000
    151.50000000     11.39324      0.00000      0.00000      0.00000      0.00000
    152.00000000     11.38871      0.00000      0.00000      0.00000      0.00000
    152.50000000     11.38418      0.00000      0.00000      0.00000      0.00000
    153.00000000     11.37917      0.00000      0.00000      0.00000      0.00000
    153.50000000     11.37503      0.00000      0.00000      0.00000      0.00000
    154.00000000     11.37263      0.00000      0.00000      0.00000      0.00000
    154.50000000     11.37003      0.00000      0.00000      0.00000      0.00000
    155.00000000     11.36570      0.00000      0.00000      0.00000      0.00000
    155.50000000     11.36235      0.00000      0.00000      0.00000      0.00000
    156.00000000     11.36147      0.00000      0.00000      0.00000      0.00000
    156.50000000     11.36294      0.00000      0.00000      0.00000      0.00000
    157.00000000     11.36704      0.00000      0.00000      0.00000      0.00000
    157.50000000     11.36995      0.00000      0.00000      0.00000      0.00000
    158.00000000     11.37271      0.00000      0.00000      0.00000      0.00000
    158.50000000     11.37494      0.00000      0.00000      0.00000      0.00000
    159.00000000     11.37709      0.00000      0.00000      0.00000      0.00000
    159.50000000     11.37888      0.00000      0.00000      0.00000      0.00000
    160.00000000     11.37988      0.00000      0.00000      0.00000      0.00000
    160.50000000     11.38157      0.00000      0.00000      0.00000      0.00000
    161.00000000     11.38021      0.00000      0.00000      0.00000      0.00000
    161.50000000     11.37947      0.00000      0.00000      0.00000      0.00000
    162.00000000     11.37620      0.00000      0.00000      0.00000      0.00000
    162.50000000     11.37420      0.00000      0.00000      0.00000      0.00000
    163.00000000     11.37347      0.00000      0.00000      0.00000      0.00000
    163.50000000     11.37066      0.00000      0.00000      0.00000      0.00000
    164.00000000     11.36926      0.00000      0.00000      0.00000      0.00000
    164.50000000     11.36512      0.00000      0.00000      0.00000      0.00000
    165.00000000     11.36095      0.00000      0.00000      0.00000      0.00000
    165.50000000     11.35904      0.00000      0.00000      0.00000      0.00000
    166.00000000     11.35752      0.00000      0.00000      0.00000      0.00000
    166.50000000     11.35291      0.00000      0.00000      0.00000      0.00000
    167.00000000     11.34596      0.00000      0.00000      0.00000      0.00000
    167.50000000     11.33897      0.00000      0.00000      0.00000      0.00000
    168.00000000     11.32960      0.00000      0.00000      0.00000      0.00000
    168.50000000     11.32220      0.00000      0.00000      0.00000      0.00000
    169.00000000     11.31497      0.00000      0.00000      0.00000      0.00000
    169.50000000     11.30846      0.00000      0.00000      0.00000      0.00000
    170.00000000     11.30335      0.00000      0.00000      0.00000      0.00000
    170.50000000     11.29521      0.00000      0.00000      0.00000      0.00000
    171.00000000     11.28750      0.00000      0.00000      0.00000      0.00000
    171.50000000     11.28011      0.00000      0.00000      0.00000      0.00000
    172.00000000     11.27402      0.00000      0.00000      0.00000      0.00000
    172.50000000     11.26688      0.00000      0.00000      0.00000      0.00000
    173.00000000     11.26072      0.00000      0.00000      0.00000      0.00000
    173.50000000     11.25377      0.00000      0.00000      0.00000      0.00000
    174.00000000     11.24682      0.00000      0.00000      0.00000      0.00000
    174.50000000     11.24005      0.00000      0.00000      0.00000      0.00000
    175.00000000     11.23411      0.00000      0.00000      0.00000      0.00000
    175.50000000     11.22743      0.00000      0.00000      0.00000      0.00000
    176.00000000     11.22369      0.00000      0.00000      0.00000      0.00000
    176.50000000     11.22092      0.00000      0.00000      0.00000      0.00000
    177.00000000     11.21695      0.00000      0.00000      0.00000      0.00000
    177.50000000     11.21460      0.00000      0.00000      0.00000      0.00000
    178.00000000     11.20993      0.00000      0.00000      0.00000      0.00000
    178.50000000     11.20498      0.00000      0.00000      0.00000      0.00000
