   2360.00000000     14.74724      0.00000      0.00000      0.00000      0.00000
   2360.50000000     14.74771      0.00000      0.00000      0.00000      0.00000
   2361.00000000     14.75091      0.00000      0.00000      0.00000      0.00000
   2361.50000000     14.75729      0.00000      0.00000      0.00000      0.00000
   2362.00000000     14.76353      0.00000      0.00000      0.00000      0.00000
   2362.50000000     14.76955      0.00000      0.00000      0.00000      0.00000
   2363.00000000     14.77614      0.00000      0.00000      0.00000      0.00000
   2363.50000000     14.78179      0.00000      0.00000      0.00000      0.00000
   2364.00000000     14.78793      0.00000      0.00000      0.00000      0.00000
   2364.50000000     14.79272      0.00000      0.00000      0.00000      0.00000
   2365.00000000     14.79865      0.00000      0.00000      0.00000      0.00000
   2365.50000000     14.80425      0.00000      0.00000      0.00000      0.00000
   2366.00000000     14.80878      0.00000      0.00000      0.00000      0.00000
   2366.50000000     14.81547      0.00000      0.00000      0.00000      0.00000
   2367.00000000     14.82047      0.00000      0.00000      0.00000      0.00000
   2367.50000000     14.82682      0.00000      0.00000      0.00000      0.00000
   2368.00000000     14.83353      0.00000      0.00000      0.00000      0.00000
   2368.50000000     14.84151      0.00000      0.00000      0.00000      0.00000
   2369.00000000     14.85021      0.00000      0.00000      0.00000      0.00000
   2369.50000000     14.85921      0.00000      0.00000      0.00000      0.00000
   2370.00000000     14.86721      0.00000      0.00000      0.00000      0.00000
   2370.50000000     14.87958      0.00000      0.00000      0.00000      0.00000
   2371.00000000     14.88999      0.00000      0.00000      0.00000      0.00000
   2371.50000000     14.89838      0.00000      0.00000      0.00000      0.00000
   2372.00000000     14.90742      0.00000      0.00000      0.00000      0.00000
   2372.50000000     14.91337      0.00000      0.00000      0.00000      0.00000
   2373.00000000     14.92191      0.00000      0.00000      0.00000      0.00000
   2373.50000000     14.93059      0.00000      0.00000      0.00000      0.00000
   2374.00000000     14.93915      0.00000      0.00000      0.00000      0.00000
   2374.50000000     14.94731      0.00000      0.00000      0.00000      0.00000
   2375.00000000     14.95685      0.00000      0.00000      0.00000      0.00000
   2375.50000000     14.96575      0.00000      0.00000      0.00000      0.00000
   2376.00000000     14.97559      0.00000      0.00000      0.00000      0.00000
   2376.50000000     14.98211      0.00000      0.00000      0.00000      0.00000
   2377.00000000     14.98769      0.00000      0.00000      0.00000      0.00000
   2377.50000000     14.99016      0.00000      0.00000      0.00000      0.00000
   2378.00000000     14.99386      0.00000      0.00000      0.00000      0.00000
   2378.50000000     14.99470      0.00000      0.00000      0.00000      0.00000
   2379.00000000     14.99702      0.00000      0.00000      0.00000      0.00000
   2379.50000000     14.99829      0.00000      0.00000      0.00000      0.00000
   2380.00000000     14.99953      0.00000      0.00000      0.00000      0.00000
   2380.50000000     15.00265      0.00000      0.00000      0.00000      0.00000
   2381.00000000     15.00644      0.00000      0.00000      0.00000      0.00000
   2381.50000000     15.01241      0.00000      0.00000      0.00000      0.00000
   2382.00000000     15.01756      0.00000      0.00000      0.00000      0.00000
   2382.50000000     15.02506      0.00000      0.00000      0.00000      0.00000
   2383.00000000     15.03226      0.00000      0.00000      0.00000      0.00000
   2383.50000000     15.03907      0.00000      0.00000      0.00000      0.00000
   2384.00000000     15.04476      0.00000      0.00000      0.00000      0.00000
   2384.50000000     15.04981      0.00000      0.00000      0.00000      0.00000
   2385.00000000     15.05331      0.00000      0.00000      0.00000      0.00000
   2385.50000000     15.05744      0.00000      0.00000      0.00000      0.00000
   2386.00000000     15.06434      0.00000      0.00000      0.00000      0.00000
   2386.50000000     15.07201      0.00000      0.00000      0.00000      0.00000
   2387.00000000     15.07878      0.00000      0.00000      0.00000      0.00000
   2387.50000000     15.08275      0.00000      0.00000      0.00000      0.00000
   2388.00000000     15.08616      0.00000      0.00000      0.00000      0.00000
   2388.50000000     15.09050      0.00000      0.00000      0.00000      0.00000
   2389.00000000     15.09461      0.00000      0.00000      0.00000      0.00000
   2389.50000000     15.09705      0.00000      0.00000      0.00000      0.00000
   2390.00000000     15.09963      0.00000      0.00000      0.00000      0.00000
   2390.50000000     15.10308      0.00000      0.00000      0.00000      0.00000
   2391.00000000     15.10570      0.00000      0.00000      0.00000      0.00000
   2391.50000000     15.10983      0.00000      0.00000      0.00000      0.00000
   2392.00000000     15.11312      0.00000      0.00000      0.00000      0.00000
   2392.50000000     15.11752      0.00000      0.00000      0.00000      0.00000
   2393.00000000     15.12272      0.00000      0.00000      0.00000      0.00000
   2393.50000000     15.12704      0.00000      0.00000      0.00000      0.00000
   2394.00000000     15.12952      0.00000      0.00000      0.00000      0.00000
   2394.50000000     15.12893      0.00000      0.00000      0.00000      0.00000
   2395.00000000     15.12960      0.00000      0.00000      0.00000      0.00000
   2395.50000000     15.12830      0.00000      0.00000      0.00000      0.00000
   2396.00000000     15.12829      0.00000      0.00000      0.00000      0.00000
   2396.50000000     15.12895      0.00000      0.00000      0.00000      0.00000
   2397.00000000     15.12847      0.00000      0.00000      0.00000      0.00000
   2397.50000000     15.12501      0.00000      0.00000      0.00000      0.00000
   2398.00000000     15.12179      0.00000      0.00000      0.00000      0.00000
   2398.50000000     15.11883      0.00000      0.00000      0.00000      0.00000
   2399.00000000     15.11832      0.00000      0.00000      0.00000      0.00000
   2399.50000000     15.11666      0.00000      0.00000      0.00000      0.00000
   2400.00000000     15.11375      0.00000      0.00000      0.00000      0.00000
   2400.50000000     15.10966      0.00000      0.00000      0.00000      0.00000
   2401.00000000     15.10595      0.00000      0.00000      0.00000      0.00000
   2401.50000000     15.10080      0.00000      0.00000      0.00000      0.00000
   2402.00000000     15.09704      0.00000      0.00000      0.00000      0.00000
   2402.50000000     15.09383      0.00000      0.00000      0.00000      0.00000
   2403.00000000     15.09286      0.00000      0.00000      0.00000      0.00000
   2403.50000000     15.09184      0.00000      0.00000      0.00000      0.00000
   2404.00000000     15.09053      0.00000      0.00000      0.00000      0.00000
   2404.50000000     15.09185      0.00000      0.00000      0.00000      0.00000
   2405.00000000     15.09249      0.00000      0.00000      0.00000      0.00000
   2405.50000000     15.09267      0.00000      0.00000      0.00000      0.00000
   2406.00000000     15.09255      0.00000      0.00000      0.00000      0.00000
   2406.50000000     15.09463      0.00000      0.00000      0.00000      0.00000
   2407.00000000     15.09644      0.00000      0.00000      0.00000      0.00000
   2407.50000000     15.09541      0.00000      0.00000      0.00000      0.00000
   2408.00000000     15.09314      0.00000      0.00000      0.00000      0.00000
   2408.50000000     15.09217      0.00000      0.00000      0.00000      0.00000
   2409.00000000     15.09305      0.00000      0.00000      0.00000      0.00000
   2409.50000000     15.09331      0.00000      0.00000      0.00000      0.00000
   2410.00000000     15.09010      0.00000      0.00000      0.00000      0.00000
   2410.50000000     15.08670      0.00000      0.00000      0.00000      0.00000
   2411.00000000     15.08153      0.00000      0.00000      0.00000      0.00000
   2411.50000000     15.07802      0.00000      0.00000      0.00000      0.00000
   2412.00000000     15.07286      0.00000      0.00000      0.00000      0.00000
   2412.50000000     15.07124      0.00000      0.00000      0.00000      0.00000
   2413.00000000     15.07084      0.00000      0.00000      0.00000      0.00000
   2413.50000000     15.07235      0.00000      0.00000      0.00000      0.00000
   2414.00000000     15.07488      0.00000      0.00000      0.00000      0.00000
   2414.50000000     15.07732      0.00000      0.00000      0.00000      0.00000
   2415.00000000     15.08254      0.00000      0.00000      0.00000      0.00000
   2415.50000000     15.08971      0.00000      0.00000      0.00000      0.00000
   2416.00000000     15.09724      0.00000      0.00000      0.00000      0.00000
   2416.50000000     15.10279      0.00000      0.00000      0.00000      0.00000
   2417.00000000     15.11009      0.00000      0.00000      0.00000      0.00000
   2417.50000000     15.11362      0.00000      0.00000      0.00000      0.00000
   2418.00000000     15.11754      0.00000      0.00000      0.00000      0.00000
   2418.50000000     15.12123      0.00000      0.00000      0.00000      0.00000
   2419.00000000     15.12318      0.00000      0.00000      0.00000      0.00000
   2419.50000000     15.12607      0.00000      0.00000      0.00000      0.00000
   2420.00000000     15.12769      0.00000      0.00000      0.00000      0.00000
   2420.50000000     15.12749      0.00000      0.00000      0.00000      0.00000
   2421.00000000     15.12882      0.00000      0.00000      0.00000      0.00000
   2421.50000000     15.12973      0.00000      0.00000      0.00000      0.00000
   2422.00000000     15.13030      0.00000      0.00000      0.00000      0.00000
   2422.50000000     15.13111      0.00000      0.00000      0.00000      0.00000
   2423.00000000     15.13130      0.00000      0.00000      0.00000      0.00000
   2423.50000000     15.13061      0.00000      0.00000      0.00000      0.00000
   2424.00000000     15.12981      0.00000      0.00000      0.00000      0.00000
   2424.50000000     15.12932      0.00000      0.00000      0.00000      0.00000
   2425.00000000     15.13135      0.00000      0.00000      0.00000      0.00000
   2425.50000000     15.13297      0.00000      0.00000      0.00000      0.00000
   2426.00000000     15.13140      0.00000      0.00000      0.00000      0.00000
   2426.50000000     15.12704      0.00000      0.00000      0.00000      0.00000
   2427.00000000     15.12253      0.00000      0.00000      0.00000      0.00000
   2427.50000000     15.12150      0.00000      0.00000      0.00000      0.00000
   2428.00000000     15.12431      0.00000      0.00000      0.00000      0.00000
   2428.50000000     15.12743      0.00000      0.00000      0.00000      0.00000
   2429.00000000     15.12710      0.00000      0.00000      0.00000      0.00000
   2429.50000000     15.12610      0.00000      0.00000      0.00000      0.00000
   2430.00000000     15.12382      0.00000      0.00000      0.00000      0.00000
   2430.50000000     15.12241      0.00000      0.00000      0.00000      0.00000
   2431.00000000     15.12026      0.00000      0.00000      0.00000      0.00000
   2431.50000000     15.11888      0.00000      0.00000      0.00000      0.00000
   2432.00000000     15.11928      0.00000      0.00000      0.00000      0.00000
   2432.50000000     15.11798      0.00000      0.00000      0.00000      0.00000
   2433.00000000     15.11771      0.00000      0.00000      0.00000      0.00000
   2433.50000000     15.11576      0.00000      0.00000      0.00000      0.00000
   2434.00000000     15.11563      0.00000      0.00000      0.00000      0.00000
   2434.50000000     15.11427      0.00000      0.00000      0.00000      0.00000
   2435.00000000     15.11260      0.00000      0.00000      0.00000      0.00000
   2435.50000000     15.11010      0.00000      0.00000      0.00000      0.00000
   2436.00000000     15.10670      0.00000      0.00000      0.00000      0.00000
   2436.50000000     15.10420      0.00000      0.00000      0.00000      0.00000
   2437.00000000     15.10097      0.00000      0.00000      0.00000      0.00000
   2437.50000000     15.09836      0.00000      0.00000      0.00000      0.00000
   2438.00000000     15.09846      0.00000      0.00000      0.00000      0.00000
   2438.50000000     15.10021      0.00000      0.00000      0.00000      0.00000
   2439.00000000     15.10220      0.00000      0.00000      0.00000      0.00000
   2439.50000000     15.10203      0.00000      0.00000      0.00000      0.00000
   2440.00000000     15.10131      0.00000      0.00000      0.00000      0.00000
   2440.50000000     15.10229      0.00000      0.00000      0.00000      0.00000
   2441.00000000     15.10496      0.00000      0.00000      0.00000      0.00000
   2441.50000000     15.10824      0.00000      0.00000      0.00000      0.00000
   2442.00000000     15.11189      0.00000      0.00000      0.00000      0.00000
   2442.50000000     15.11473      0.00000      0.00000      0.00000      0.00000
   2443.00000000     15.11776      0.00000      0.00000      0.00000      0.00000
   2443.50000000     15.12008      0.00000      0.00000      0.00000      0.00000
   2444.00000000     15.12117      0.00000      0.00000      0.00000      0.00000
   2444.50000000     15.12155      0.00000      0.00000      0.00000      0.00000
   2445.00000000     15.12261      0.00000      0.00000      0.00000      0.00000
   2445.50000000     15.12510      0.00000      0.00000      0.00000      0.00000
   2446.00000000     15.12688      0.00000      0.00000      0.00000      0.00000
   2446.50000000     15.12962      0.00000      0.00000      0.00000      0.00000
   2447.00000000     15.13032      0.00000      0.00000      0.00000      0.00000
   2447.50000000     15.12993      0.00000      0.00000      0.00000      0.00000
   2448.00000000     15.12934      0.00000      0.00000      0.00000      0.00000
   2448.50000000     15.12750      0.00000      0.00000      0.00000      0.00000
   2449.00000000     15.12718      0.00000      0.00000      0.00000      0.00000
   2449.50000000     15.12887      0.00000      0.00000      0.00000      0.00000
   2450.00000000     15.12814      0.00000      0.00000      0.00000      0.00000
   2450.50000000     15.12581      0.00000      0.00000      0.00000      0.00000
   2451.00000000     15.12250      0.00000      0.00000      0.00000      0.00000
   2451.50000000     15.12160      0.00000      0.00000      0.00000      0.00000
   2452.00000000     15.12326      0.00000      0.00000      0.00000      0.00000
   2452.50000000     15.12317      0.00000      0.00000      0.00000      0.00000
   2453.00000000     15.12118      0.00000      0.00000      0.00000      0.00000
   2453.50000000     15.12059      0.00000      0.00000      0.00000      0.00000
   2454.00000000     15.12217      0.00000      0.00000      0.00000      0.00000
   2454.50000000     15.12456      0.00000      0.00000      0.00000      0.00000
   2455.00000000     15.12719      0.00000      0.00000      0.00000      0.00000
   2455.50000000     15.12816      0.00000      0.00000      0.00000      0.00000
   2456.00000000     15.12947      0.00000      0.00000      0.00000      0.00000
   2456.50000000     15.13138      0.00000      0.00000      0.00000      0.00000
   2457.00000000     15.13011      0.00000      0.00000      0.00000      0.00000
   2457.50000000     15.12890      0.00000      0.00000      0.00000      0.00000
   2458.00000000     15.12526      0.00000      0.00000      0.00000      0.00000
   2458.50000000     15.11913      0.00000      0.00000      0.00000      0.00000
   2459.00000000     15.11821      0.00000      0.00000      0.00000      0.00000
   2459.50000000     15.11473      0.00000      0.00000      0.00000      0.00000
   2460.00000000     15.11186      0.00000      0.00000      0.00000      0.00000
   2460.50000000     15.10746      0.00000      0.00000      0.00000      0.00000
   2461.00000000     15.10161      0.00000      0.00000      0.00000      0.00000
   2461.50000000     15.09737      0.00000      0.00000      0.00000      0.00000
   2462.00000000     15.09252      0.00000      0.00000      0.00000      0.00000
   2462.50000000     15.08857      0.00000      0.00000      0.00000      0.00000
   2463.00000000     15.08494      0.00000      0.00000      0.00000      0.00000
   2463.50000000     15.08313      0.00000      0.00000      0.00000      0.00000
   2464.00000000     15.08219      0.00000      0.00000      0.00000      0.00000
   2464.50000000     15.08130      0.00000      0.00000      0.00000      0.00000
   2465.00000000     15.08063      0.00000      0.00000      0.00000      0.00000
   2465.50000000     15.07855      0.00000      0.00000      0.00000      0.00000
   2466.00000000     15.07779      0.00000      0.00000      0.00000      0.00000
   2466.50000000     15.07765      0.00000      0.00000      0.00000      0.00000
   2467.00000000     15.07763      0.00000      0.00000      0.00000      0.00000
   2467.50000000     15.07718      0.00000      0.00000      0.00000      0.00000
   2468.00000000     15.07655      0.00000      0.00000      0.00000      0.00000
   2468.50000000     15.07460      0.00000      0.00000      0.00000      0.00000
   2469.00000000     15.07167      0.00000      0.00000      0.00000      0.00000
   2469.50000000     15.06649      0.00000      0.00000      0.00000      0.00000
   2470.00000000     15.06259      0.00000      0.00000      0.00000      0.00000
   2470.50000000     15.06067      0.00000      0.00000      0.00000      0.00000
   2471.00000000     15.06169      0.00000      0.00000      0.00000      0.00000
   2471.50000000     15.06368      0.00000      0.00000      0.00000      0.00000
   2472.00000000     15.06322      0.00000      0.00000      0.00000      0.00000
   2472.50000000     15.06315      0.00000      0.00000      0.00000      0.00000
   2473.00000000     15.06329      0.00000      0.00000      0.00000      0.00000
   2473.50000000     15.06268      0.00000      0.00000      0.00000      0.00000
   2474.00000000     15.06112      0.00000      0.00000      0.00000      0.00000
   2474.50000000     15.05702      0.00000      0.00000      0.00000      0.00000
   2475.00000000     15.05289      0.00000      0.00000      0.00000      0.00000
   2475.50000000     15.05165      0.00000      0.00000      0.00000      0.00000
   2476.00000000     15.05051      0.00000      0.00000      0.00000      0.00000
   2476.50000000     15.04847      0.00000      0.00000      0.00000      0.00000
   2477.00000000     15.04246      0.00000      0.00000      0.00000      0.00000
   2477.50000000     15.03668      0.00000      0.00000      0.00000      0.00000
   2478.00000000     15.03098      0.00000      0.00000      0.00000      0.00000
   2478.50000000     15.02538      0.00000      0.00000      0.00000      0.00000
   2479.00000000     15.01934      0.00000      0.00000      0.00000      0.00000
   2479.50000000     15.01244      0.00000      0.00000      0.00000      0.00000
   2480.00000000     15.00566      0.00000      0.00000      0.00000      0.00000
   2480.50000000     14.99723      0.00000      0.00000      0.00000      0.00000
   2481.00000000     14.98956      0.00000      0.00000      0.00000      0.00000
   2481.50000000     14.98094      0.00000      0.00000      0.00000      0.00000
   2482.00000000     14.97203      0.00000      0.00000      0.00000      0.00000
   2482.50000000     14.96347      0.00000      0.00000      0.00000      0.00000
   2483.00000000     14.95522      0.00000      0.00000      0.00000      0.00000
   2483.50000000     14.94780      0.00000      0.00000      0.00000      0.00000
   2484.00000000     14.93997      0.00000      0.00000      0.00000      0.00000
   2484.50000000     14.93269      0.00000      0.00000      0.00000      0.00000
   2485.00000000     14.92720      0.00000      0.00000      0.00000      0.00000
   2485.50000000     14.92316      0.00000      0.00000      0.00000      0.00000
   2486.00000000     14.91911      0.00000      0.00000      0.00000      0.00000
   2486.50000000     14.91389      0.00000      0.00000      0.00000      0.00000
   2487.00000000     14.90814      0.00000      0.00000      0.00000      0.00000
   2487.50000000     14.90188      0.00000      0.00000      0.00000      0.00000
   2488.00000000     14.89814      0.00000      0.00000      0.00000      0.00000
   2488.50000000     14.89469      0.00000      0.00000      0.00000      0.00000
   2489.00000000     14.89250      0.00000      0.00000      0.00000      0.00000
   2489.50000000     14.89247      0.00000      0.00000      0.00000      0.00000
   2490.00000000     14.89390      0.00000      0.00000      0.00000      0.00000
   2490.50000000     14.89392      0.00000      0.00000      0.00000      0.00000
   2491.00000000     14.89393      0.00000      0.00000      0.00000      0.00000
   2491.50000000     14.89247      0.00000      0.00000      0.00000      0.00000
   2492.00000000     14.89000      0.00000      0.00000      0.00000      0.00000
   2492.50000000     14.88865      0.00000      0.00000      0.00000      0.00000
   2493.00000000     14.88816      0.00000      0.00000      0.00000      0.00000
   2493.50000000     14.88699      0.00000      0.00000      0.00000      0.00000
   2494.00000000     14.88659      0.00000      0.00000      0.00000      0.00000
   2494.50000000     14.88325      0.00000      0.00000      0.00000      0.00000
   2495.00000000     14.88008      0.00000      0.00000      0.00000      0.00000
   2495.50000000     14.87797      0.00000      0.00000      0.00000      0.00000
   2496.00000000     14.87571      0.00000      0.00000      0.00000      0.00000
   2496.50000000     14.86990      0.00000      0.00000      0.00000      0.00000
   2497.00000000     14.86617      0.00000      0.00000      0.00000      0.00000
   2497.50000000     14.86348      0.00000      0.00000      0.00000      0.00000
   2498.00000000     14.86529      0.00000      0.00000      0.00000      0.00000
   2498.50000000     14.86733      0.00000      0.00000      0.00000      0.00000
   2499.00000000     14.86930      0.00000      0.00000      0.00000      0.00000
   2499.50000000     14.86937      0.00000      0.00000      0.00000      0.00000
   2500.00000000     14.86839      0.00000      0.00000      0.00000      0.00000
   2500.50000000     14.86779      0.00000      0.00000      0.00000      0.00000
   2501.00000000     14.86530      0.00000      0.00000      0.00000      0.00000
   2501.50000000     14.86104      0.00000      0.00000      0.00000      0.00000
   2502.00000000     14.85867      0.00000      0.00000      0.00000      0.00000
   2502.50000000     14.85337      0.00000      0.00000      0.00000      0.00000
   2503.00000000     14.84961      0.00000      0.00000      0.00000      0.00000
   2503.50000000     14.84618      0.00000      0.00000      0.00000      0.00000
   2504.00000000     14.84377      0.00000      0.00000      0.00000      0.00000
   2504.50000000     14.84214      0.00000      0.00000      0.00000      0.00000
   2505.00000000     14.83755      0.00000      0.00000      0.00000      0.00000
   2505.50000000     14.83455      0.00000      0.00000      0.00000      0.00000
   2506.00000000     14.83481      0.00000      0.00000      0.00000      0.00000
   2506.50000000     14.83663      0.00000      0.00000      0.00000      0.00000
   2507.00000000     14.83599      0.00000      0.00000      0.00000      0.00000
   2507.50000000     14.83186      0.00000      0.00000      0.00000      0.00000
   2508.00000000     14.82762      0.00000      0.00000      0.00000      0.00000
   2508.50000000     14.82295      0.00000      0.00000      0.00000      0.00000
   2509.00000000     14.81684      0.00000      0.00000      0.00000      0.00000
   2509.50000000     14.81248      0.00000      0.00000      0.00000      0.00000
   2510.00000000     14.80650      0.00000      0.00000      0.00000      0.00000
   2510.50000000     14.80258      0.00000      0.00000      0.00000      0.00000
   2511.00000000     14.80275      0.00000      0.00000      0.00000      0.00000
   2511.50000000     14.80278      0.00000      0.00000      0.00000      0.00000
   2512.00000000     14.80209      0.00000      0.00000      0.00000      0.00000
   2512.50000000     14.80128      0.00000      0.00000      0.00000      0.00000
   2513.00000000     14.80216      0.00000      0.00000      0.00000      0.00000
   2513.50000000     14.80220      0.00000      0.00000      0.00000      0.00000
   2514.00000000     14.80346      0.00000      0.00000      0.00000      0.00000
   2514.50000000     14.80566      0.00000      0.00000      0.00000      0.00000
   2515.00000000     14.80720      0.00000      0.00000      0.00000      0.00000
   2515.50000000     14.81054      0.00000      0.00000      0.00000      0.00000
   2516.00000000     14.81381      0.00000      0.00000      0.00000      0.00000
   2516.50000000     14.81596      0.00000      0.00000      0.00000      0.00000
   2517.00000000     14.81884      0.00000      0.00000      0.00000      0.00000
   2517.50000000     14.82213      0.00000      0.00000      0.00000      0.00000
   2518.00000000     14.82553      0.00000      0.00000      0.00000      0.00000
   2518.50000000     14.82720      0.00000      0.00000      0.00000      0.00000
   2519.00000000     14.83079      0.00000      0.00000      0.00000      0.00000
   2519.50000000     14.83413      0.00000      0.00000      0.00000      0.00000
   2520.00000000     14.83759      0.00000      0.00000      0.00000      0.00000
   2520.50000000     14.83910      0.00000      0.00000      0.00000      0.00000
   2521.00000000     14.84134      0.00000      0.00000      0.00000      0.00000
   2521.50000000     14.84255      0.00000      0.00000      0.00000      0.00000
   2522.00000000     14.84532      0.00000      0.00000      0.00000      0.00000
   2522.50000000     14.84825      0.00000      0.00000      0.00000      0.00000
   2523.00000000     14.85254      0.00000      0.00000      0.00000      0.00000
   2523.50000000     14.85650      0.00000      0.00000      0.00000      0.00000
   2524.00000000     14.86121      0.00000      0.00000      0.00000      0.00000
   2524.50000000     14.86470      0.00000      0.00000      0.00000      0.00000
   2525.00000000     14.86963      0.00000      0.00000      0.00000      0.00000
   2525.50000000     14.87461      0.00000      0.00000      0.00000      0.00000
   2526.00000000     14.87637      0.00000      0.00000      0.00000      0.00000
   2526.50000000     14.87840      0.00000      0.00000      0.00000      0.00000
   2527.00000000     14.88171      0.00000      0.00000      0.00000      0.00000
   2527.50000000     14.88373      0.00000      0.00000      0.00000      0.00000
   2528.00000000     14.88540      0.00000      0.00000      0.00000      0.00000
   2528.50000000     14.88651      0.00000      0.00000      0.00000      0.00000
   2529.00000000     14.88760      0.00000      0.00000      0.00000      0.00000
   2529.50000000     14.89012      0.00000      0.00000      0.00000      0.00000
   2530.00000000     14.89278      0.00000      0.00000      0.00000      0.00000
   2530.50000000     14.89436      0.00000      0.00000      0.00000      0.00000
   2531.00000000     14.89396      0.00000      0.00000      0.00000      0.00000
   2531.50000000     14.89283      0.00000      0.00000      0.00000      0.00000
   2532.00000000     14.89091      0.00000      0.00000      0.00000      0.00000
   2532.50000000     14.88960      0.00000      0.00000      0.00000      0.00000
   2533.00000000     14.88953      0.00000      0.00000      0.00000      0.00000
   2533.50000000     14.89010      0.00000      0.00000      0.00000      0.00000
   2534.00000000     14.88986      0.00000      0.00000      0.00000      0.00000
   2534.50000000     14.88722      0.00000      0.00000      0.00000      0.00000
   2535.00000000     14.88286      0.00000      0.00000      0.00000      0.00000
   2535.50000000     14.88159      0.00000      0.00000      0.00000      0.00000
   2536.00000000     14.87560      0.00000      0.00000      0.00000      0.00000
   2536.50000000     14.86651      0.00000      0.00000      0.00000      0.00000
   2537.00000000     14.85862      0.00000      0.00000      0.00000      0.00000
   2537.50000000     14.85203      0.00000      0.00000      0.00000      0.00000
   2538.00000000     14.84977      0.00000      0.00000      0.00000      0.00000
   2538.50000000     14.84842      0.00000      0.00000      0.00000      0.00000
   2539.00000000     14.84781      0.00000      0.00000      0.00000      0.00000
   2539.50000000     14.84271      0.00000      0.00000      0.00000      0.00000
   2540.00000000     14.83700      0.00000      0.00000      0.00000      0.00000
   2540.50000000     14.83156      0.00000      0.00000      0.00000      0.00000
   2541.00000000     14.82512      0.00000      0.00000      0.00000      0.00000
   2541.50000000     14.81874      0.00000      0.00000      0.00000      0.00000
   2542.00000000     14.81282      0.00000      0.00000      0.00000      0.00000
   2542.50000000     14.80618      0.00000      0.00000      0.00000      0.00000
   2543.00000000     14.79695      0.00000      0.00000      0.00000      0.00000
   2543.50000000     14.78923      0.00000      0.00000      0.00000      0.00000
   2544.00000000     14.78353      0.00000      0.00000      0.00000      0.00000
   2544.50000000     14.77854      0.00000      0.00000      0.00000      0.00000
   2545.00000000     14.77449      0.00000      0.00000      0.00000      0.00000
   2545.50000000     14.76994      0.00000      0.00000      0.00000      0.00000
   2546.00000000     14.76557      0.00000      0.00000      0.00000      0.00000
   2546.50000000     14.76186      0.00000      0.00000      0.00000      0.00000
   2547.00000000     14.75709      0.00000      0.00000      0.00000      0.00000
   2547.50000000     14.75159      0.00000      0.00000      0.00000      0.00000
   2548.00000000     14.74591      0.00000      0.00000      0.00000      0.00000
   2548.50000000     14.73938      0.00000      0.00000      0.00000      0.00000
   2549.00000000     14.73115      0.00000      0.00000      0.00000      0.00000
   2549.50000000     14.72376      0.00000      0.00000      0.00000      0.00000
   2550.00000000     14.72038      0.00000      0.00000      0.00000      0.00000
   2550.50000000     14.71804      0.00000      0.00000      0.00000      0.00000
   2551.00000000     14.71670      0.00000      0.00000      0.00000      0.00000
   2551.50000000     14.71570      0.00000      0.00000      0.00000      0.00000
   2552.00000000     14.71076      0.00000      0.00000      0.00000      0.00000
   2552.50000000     14.70634      0.00000      0.00000      0.00000      0.00000
   2553.00000000     14.70481      0.00000      0.00000      0.00000      0.00000
   2553.50000000     14.70374      0.00000      0.00000      0.00000      0.00000
   2554.00000000     14.70241      0.00000      0.00000      0.00000      0.00000
   2554.50000000     14.69768      0.00000      0.00000      0.00000      0.00000
   2555.00000000     14.69377      0.00000      0.00000      0.00000      0.00000
   2555.50000000     14.68820      0.00000      0.00000      0.00000      0.00000
   2556.00000000     14.68496      0.00000      0.00000      0.00000      0.00000
   2556.50000000     14.68287      0.00000      0.00000      0.00000      0.00000
   2557.00000000     14.67737      0.00000      0.00000      0.00000      0.00000
   2557.50000000     14.67191      0.00000      0.00000      0.00000      0.00000
   2558.00000000     14.66343      0.00000      0.00000      0.00000      0.00000
   2558.50000000     14.65562      0.00000      0.00000      0.00000      0.00000
   2559.00000000     14.64929      0.00000      0.00000      0.00000      0.00000
   2559.50000000     14.64242      0.00000      0.00000      0.00000      0.00000
   2560.00000000     14.63332      0.00000      0.00000      0.00000      0.00000
   2560.50000000     14.62171      0.00000      0.00000      0.00000      0.00000
   2561.00000000     14.61266      0.00000      0.00000      0.00000      0.00000
   2561.50000000     14.60569      0.00000      0.00000      0.00000      0.00000
   2562.00000000     14.60100      0.00000      0.00000      0.00000      0.00000
   2562.50000000     14.59590      0.00000      0.00000      0.00000      0.00000
   2563.00000000     14.59141      0.00000      0.00000      0.00000      0.00000
   2563.50000000     14.58649      0.00000      0.00000      0.00000      0.00000
   2564.00000000     14.58098      0.00000      0.00000      0.00000      0.00000
   2564.50000000     14.57579      0.00000      0.00000      0.00000      0.00000
   2565.00000000     14.56958      0.00000      0.00000      0.00000      0.00000
   2565.50000000     14.56389      0.00000      0.00000      0.00000      0.00000
   2566.00000000     14.55706      0.00000      0.00000      0.00000      0.00000
   2566.50000000     14.55408      0.00000      0.00000      0.00000      0.00000
   2567.00000000     14.54862      0.00000      0.00000      0.00000      0.00000
   2567.50000000     14.54174      0.00000      0.00000      0.00000      0.00000
   2568.00000000     14.53323      0.00000      0.00000      0.00000      0.00000
   2568.50000000     14.52541      0.00000      0.00000      0.00000      0.00000
   2569.00000000     14.51699      0.00000      0.00000      0.00000      0.00000
   2569.50000000     14.50938      0.00000      0.00000      0.00000      0.00000
   2570.00000000     14.50248      0.00000      0.00000      0.00000      0.00000
   2570.50000000     14.49554      0.00000      0.00000      0.00000      0.00000
   2571.00000000     14.48923      0.00000      0.00000      0.00000      0.00000
   2571.50000000     14.48265      0.00000      0.00000      0.00000      0.00000
   2572.00000000     14.47596      0.00000      0.00000      0.00000      0.00000
   2572.50000000     14.46922      0.00000      0.00000      0.00000      0.00000
   2573.00000000     14.46335      0.00000      0.00000      0.00000      0.00000
   2573.50000000     14.45556      0.00000      0.00000      0.00000      0.00000
   2574.00000000     14.44612      0.00000      0.00000      0.00000      0.00000
   2574.50000000     14.43963      0.00000      0.00000      0.00000      0.00000
   2575.00000000     14.43251      0.00000      0.00000      0.00000      0.00000
   2575.50000000     14.42756      0.00000      0.00000      0.00000      0.00000
   2576.00000000     14.42471      0.00000      0.00000      0.00000      0.00000
   2576.50000000     14.42186      0.00000      0.00000      0.00000      0.00000
   2577.00000000     14.41966      0.00000      0.00000      0.00000      0.00000
   2577.50000000     14.41781      0.00000      0.00000      0.00000      0.00000
   2578.00000000     14.41361      0.00000      0.00000      0.00000      0.00000
   2578.50000000     14.41040      0.00000      0.00000      0.00000      0.00000
   2579.00000000     14.40729      0.00000      0.00000      0.00000      0.00000
   2579.50000000     14.40735      0.00000      0.00000      0.00000      0.00000
   2580.00000000     14.40821      0.00000      0.00000      0.00000      0.00000
   2580.50000000     14.41045      0.00000      0.00000      0.00000      0.00000
   2581.00000000     14.41349      0.00000      0.00000      0.00000      0.00000
   2581.50000000     14.41701      0.00000      0.00000      0.00000      0.00000
   2582.00000000     14.41761      0.00000      0.00000      0.00000      0.00000
   2582.50000000     14.41793      0.00000      0.00000      0.00000      0.00000
   2583.00000000     14.41912      0.00000      0.00000      0.00000      0.00000
   2583.50000000     14.41940      0.00000      0.00000      0.00000      0.00000
   2584.00000000     14.41787      0.00000      0.00000      0.00000      0.00000
   2584.50000000     14.41848      0.00000      0.00000      0.00000      0.00000
   2585.00000000     14.42061      0.00000      0.00000      0.00000      0.00000
   2585.50000000     14.42213      0.00000      0.00000      0.00000      0.00000
   2586.00000000     14.42207      0.00000      0.00000      0.00000      0.00000
   2586.50000000     14.42494      0.00000      0.00000      0.00000      0.00000
   2587.00000000     14.42673      0.00000      0.00000      0.00000      0.00000
   2587.50000000     14.42796      0.00000      0.00000      0.00000      0.00000
   2588.00000000     14.43094      0.00000      0.00000      0.00000      0.00000
   2588.50000000     14.43463      0.00000      0.00000      0.00000      0.00000
   2589.00000000     14.44058      0.00000      0.00000      0.00000      0.00000
   2589.50000000     14.44388      0.00000      0.00000      0.00000      0.00000
   2590.00000000     14.44493      0.00000      0.00000      0.00000      0.00000
   2590.50000000     14.44360      0.00000      0.00000      0.00000      0.00000
   2591.00000000     14.44510      0.00000      0.00000      0.00000      0.00000
   2591.50000000     14.44726      0.00000      0.00000      0.00000      0.00000
   2592.00000000     14.44788      0.00000      0.00000      0.00000      0.00000
   2592.50000000     14.44969      0.00000      0.00000      0.00000      0.00000
   2593.00000000     14.45018      0.00000      0.00000      0.00000      0.00000
   2593.50000000     14.45346      0.00000      0.00000      0.00000      0.00000
   2594.00000000     14.45666      0.00000      0.00000      0.00000      0.00000
   2594.50000000     14.45923      0.00000      0.00000      0.00000      0.00000
   2595.00000000     14.46214      0.00000      0.00000      0.00000      0.00000
   2595.50000000     14.46376      0.00000      0.00000      0.00000      0.00000
   2596.00000000     14.46851      0.00000      0.00000      0.00000      0.00000
   2596.50000000     14.47294      0.00000      0.00000      0.00000      0.00000
   2597.00000000     14.47718      0.00000      0.00000      0.00000      0.00000
   2597.50000000     14.48075      0.00000      0.00000      0.00000      0.00000
   2598.00000000     14.47884      0.00000      0.00000      0.00000      0.00000
   2598.50000000     14.47734      0.00000      0.00000      0.00000      0.00000
   2599.00000000     14.47598      0.00000      0.00000      0.00000      0.00000
   2599.50000000     14.47626      0.00000      0.00000      0.00000      0.00000
   2600.00000000     14.47595      0.00000      0.00000      0.00000      0.00000
   2600.50000000     14.47345      0.00000      0.00000      0.00000      0.00000
   2601.00000000     14.46846      0.00000      0.00000      0.00000      0.00000
   2601.50000000     14.46268      0.00000      0.00000      0.00000      0.00000
   2602.00000000     14.45537      0.00000      0.00000      0.00000      0.00000
   2602.50000000     14.44731      0.00000      0.00000      0.00000      0.00000
   2603.00000000     14.44052      0.00000      0.00000      0.00000      0.00000
   2603.50000000     14.43645      0.00000      0.00000      0.00000      0.00000
   2604.00000000     14.43110      0.00000      0.00000      0.00000      0.00000
   2604.50000000     14.42520      0.00000      0.00000      0.00000      0.00000
   2605.00000000     14.42257      0.00000      0.00000      0.00000      0.00000
   2605.50000000     14.41995      0.00000      0.00000      0.00000      0.00000
   2606.00000000     14.41949      0.00000      0.00000      0.00000      0.00000
   2606.50000000     14.41980      0.00000      0.00000      0.00000      0.00000
   2607.00000000     14.41982      0.00000      0.00000      0.00000      0.00000
   2607.50000000     14.42033      0.00000      0.00000      0.00000      0.00000
   2608.00000000     14.42051      0.00000      0.00000      0.00000      0.00000
   2608.50000000     14.41833      0.00000      0.00000      0.00000      0.00000
   2609.00000000     14.41671      0.00000      0.00000      0.00000      0.00000
   2609.50000000     14.41509      0.00000      0.00000      0.00000      0.00000
   2610.00000000     14.41404      0.00000      0.00000      0.00000      0.00000
   2610.50000000     14.41073      0.00000      0.00000      0.00000      0.00000
   2611.00000000     14.40789      0.00000      0.00000      0.00000      0.00000
   2611.50000000     14.40615      0.00000      0.00000      0.00000      0.00000
   2612.00000000     14.40436      0.00000      0.00000      0.00000      0.00000
   2612.50000000     14.40283      0.00000      0.00000      0.00000      0.00000
   2613.00000000     14.40345      0.00000      0.00000      0.00000      0.00000
   2613.50000000     14.40377      0.00000      0.00000      0.00000      0.00000
   2614.00000000     14.40643      0.00000      0.00000      0.00000      0.00000
   2614.50000000     14.40955      0.00000      0.00000      0.00000      0.00000
   2615.00000000     14.41119      0.00000      0.00000      0.00000      0.00000
   2615.50000000     14.41260      0.00000      0.00000      0.00000      0.00000
   2616.00000000     14.41451      0.00000      0.00000      0.00000      0.00000
   2616.50000000     14.41727      0.00000      0.00000      0.00000      0.00000
   2617.00000000     14.42371      0.00000      0.00000      0.00000      0.00000
   2617.50000000     14.42629      0.00000      0.00000      0.00000      0.00000
   2618.00000000     14.42891      0.00000      0.00000      0.00000      0.00000
   2618.50000000     14.43073      0.00000      0.00000      0.00000      0.00000
   2619.00000000     14.43154      0.00000      0.00000      0.00000      0.00000
   2619.50000000     14.42928      0.00000      0.00000      0.00000      0.00000
   2620.00000000     14.42851      0.00000      0.00000      0.00000      0.00000
   2620.50000000     14.43067      0.00000      0.00000      0.00000      0.00000
   2621.00000000     14.43261      0.00000      0.00000      0.00000      0.00000
   2621.50000000     14.43538      0.00000      0.00000      0.00000      0.00000
   2622.00000000     14.44012      0.00000      0.00000      0.00000      0.00000
   2622.50000000     14.44285      0.00000      0.00000      0.00000      0.00000
   2623.00000000     14.44675      0.00000      0.00000      0.00000      0.00000
   2623.50000000     14.45170      0.00000      0.00000      0.00000      0.00000
   2624.00000000     14.45821      0.00000      0.00000      0.00000      0.00000
   2624.50000000     14.46421      0.00000      0.00000      0.00000      0.00000
   2625.00000000     14.46827      0.00000      0.00000      0.00000      0.00000
   2625.50000000     14.47429      0.00000      0.00000      0.00000      0.00000
   2626.00000000     14.47743      0.00000      0.00000      0.00000      0.00000
   2626.50000000     14.48168      0.00000      0.00000      0.00000      0.00000
   2627.00000000     14.48285      0.00000      0.00000      0.00000      0.00000
   2627.50000000     14.48259      0.00000      0.00000      0.00000      0.00000
   2628.00000000     14.48580      0.00000      0.00000      0.00000      0.00000
   2628.50000000     14.48777      0.00000      0.00000      0.00000      0.00000
   2629.00000000     14.49249      0.00000      0.00000      0.00000      0.00000
   2629.50000000     14.49542      0.00000      0.00000      0.00000      0.00000
   2630.00000000     14.49685      0.00000      0.00000      0.00000      0.00000
   2630.50000000     14.50191      0.00000      0.00000      0.00000      0.00000
   2631.00000000     14.50538      0.00000      0.00000      0.00000      0.00000
   2631.50000000     14.50749      0.00000      0.00000      0.00000      0.00000
   2632.00000000     14.51124      0.00000      0.00000      0.00000      0.00000
   2632.50000000     14.51464      0.00000      0.00000      0.00000      0.00000
   2633.00000000     14.51776      0.00000      0.00000      0.00000      0.00000
   2633.50000000     14.52235      0.00000      0.00000      0.00000      0.00000
   2634.00000000     14.52729      0.00000      0.00000      0.00000      0.00000
   2634.50000000     14.53446      0.00000      0.00000      0.00000      0.00000
   2635.00000000     14.53893      0.00000      0.00000      0.00000      0.00000
   2635.50000000     14.53889      0.00000      0.00000      0.00000      0.00000
   2636.00000000     14.53781      0.00000      0.00000      0.00000      0.00000
   2636.50000000     14.53403      0.00000      0.00000      0.00000      0.00000
   2637.00000000     14.53135      0.00000      0.00000      0.00000      0.00000
   2637.50000000     14.52476      0.00000      0.00000      0.00000      0.00000
   2638.00000000     14.51772      0.00000      0.00000      0.00000      0.00000
   2638.50000000     14.51247      0.00000      0.00000      0.00000      0.00000
   2639.00000000     14.50814      0.00000      0.00000      0.00000      0.00000
   2639.50000000     14.50515      0.00000      0.00000      0.00000      0.00000
   2640.00000000     14.50353      0.00000      0.00000      0.00000      0.00000
   2640.50000000     14.50194      0.00000      0.00000      0.00000      0.00000
   2641.00000000     14.50083      0.00000      0.00000      0.00000      0.00000
   2641.50000000     14.49934      0.00000      0.00000      0.00000      0.00000
   2642.00000000     14.49673      0.00000      0.00000      0.00000      0.00000
   2642.50000000     14.49395      0.00000      0.00000      0.00000      0.00000
   2643.00000000     14.49232      0.00000      0.00000      0.00000      0.00000
   2643.50000000     14.49002      0.00000      0.00000      0.00000      0.00000
   2644.00000000     14.48852      0.00000      0.00000      0.00000      0.00000
   2644.50000000     14.48595      0.00000      0.00000      0.00000      0.00000
   2645.00000000     14.48042      0.00000      0.00000      0.00000      0.00000
   2645.50000000     14.47556      0.00000      0.00000      0.00000      0.00000
   2646.00000000     14.47097      0.00000      0.00000      0.00000      0.00000
   2646.50000000     14.46630      0.00000      0.00000      0.00000      0.00000
   2647.00000000     14.46013      0.00000      0.00000      0.00000      0.00000
   2647.50000000     14.45546      0.00000      0.00000      0.00000      0.00000
   2648.00000000     14.45180      0.00000      0.00000      0.00000      0.00000
   2648.50000000     14.44656      0.00000      0.00000      0.00000      0.00000
   2649.00000000     14.44423      0.00000      0.00000      0.00000      0.00000
   2649.50000000     14.44487      0.00000      0.00000      0.00000      0.00000
   2650.00000000     14.44757      0.00000      0.00000      0.00000      0.00000
   2650.50000000     14.44636      0.00000      0.00000      0.00000      0.00000
   2651.00000000     14.44647      0.00000      0.00000      0.00000      0.00000
   2651.50000000     14.44638      0.00000      0.00000      0.00000      0.00000
   2652.00000000     14.44730      0.00000      0.00000      0.00000      0.00000
   2652.50000000     14.44648      0.00000      0.00000      0.00000      0.00000
   2653.00000000     14.44665      0.00000      0.00000      0.00000      0.00000
   2653.50000000     14.44545      0.00000      0.00000      0.00000      0.00000
   2654.00000000     14.44496      0.00000      0.00000      0.00000      0.00000
   2654.50000000     14.44544      0.00000      0.00000      0.00000      0.00000
   2655.00000000     14.44556      0.00000      0.00000      0.00000      0.00000
   2655.50000000     14.44798      0.00000      0.00000      0.00000      0.00000
   2656.00000000     14.44991      0.00000      0.00000      0.00000      0.00000
   2656.50000000     14.45165      0.00000      0.00000      0.00000      0.00000
   2657.00000000     14.45318      0.00000      0.00000      0.00000      0.00000
   2657.50000000     14.45640      0.00000      0.00000      0.00000      0.00000
   2658.00000000     14.45863      0.00000      0.00000      0.00000      0.00000
   2658.50000000     14.46176      0.00000      0.00000      0.00000      0.00000
   2659.00000000     14.46348      0.00000      0.00000      0.00000      0.00000
   2659.50000000     14.46323      0.00000      0.00000      0.00000      0.00000
   2660.00000000     14.46250      0.00000      0.00000      0.00000      0.00000
   2660.50000000     14.46178      0.00000      0.00000      0.00000      0.00000
   2661.00000000     14.46038      0.00000      0.00000      0.00000      0.00000
   2661.50000000     14.46221      0.00000      0.00000      0.00000      0.00000
   2662.00000000     14.46441      0.00000      0.00000      0.00000      0.00000
   2662.50000000     14.46359      0.00000      0.00000      0.00000      0.00000
   2663.00000000     14.46338      0.00000      0.00000      0.00000      0.00000
   2663.50000000     14.46116      0.00000      0.00000      0.00000      0.00000
   2664.00000000     14.46136      0.00000      0.00000      0.00000      0.00000
   2664.50000000     14.46223      0.00000      0.00000      0.00000      0.00000
   2665.00000000     14.46401      0.00000      0.00000      0.00000      0.00000
   2665.50000000     14.46431      0.00000      0.00000      0.00000      0.00000
   2666.00000000     14.46320      0.00000      0.00000      0.00000      0.00000
   2666.50000000     14.46251      0.00000      0.00000      0.00000      0.00000
   2667.00000000     14.46088      0.00000      0.00000      0.00000      0.00000
   2667.50000000     14.45999      0.00000      0.00000      0.00000      0.00000
   2668.00000000     14.46070      0.00000      0.00000      0.00000      0.00000
   2668.50000000     14.46052      0.00000      0.00000      0.00000      0.00000
   2669.00000000     14.46161      0.00000      0.00000      0.00000      0.00000
   2669.50000000     14.46321      0.00000      0.00000      0.00000      0.00000
   2670.00000000     14.46366      0.00000      0.00000      0.00000      0.00000
   2670.50000000     14.46241      0.00000      0.00000      0.00000      0.00000
   2671.00000000     14.46001      0.00000      0.00000      0.00000      0.00000
   2671.50000000     14.45820      0.00000      0.00000      0.00000      0.00000
   2672.00000000     14.45546      0.00000      0.00000      0.00000      0.00000
   2672.50000000     14.45100      0.00000      0.00000      0.00000      0.00000
   2673.00000000     14.44596      0.00000      0.00000      0.00000      0.00000
   2673.50000000     14.44149      0.00000      0.00000      0.00000      0.00000
   2674.00000000     14.43840      0.00000      0.00000      0.00000      0.00000
   2674.50000000     14.43721      0.00000      0.00000      0.00000      0.00000
   2675.00000000     14.43527      0.00000      0.00000      0.00000      0.00000
   2675.50000000     14.43457      0.00000      0.00000      0.00000      0.00000
   2676.00000000     14.43391      0.00000      0.00000      0.00000      0.00000
   2676.50000000     14.43499      0.00000      0.00000      0.00000      0.00000
   2677.00000000     14.43502      0.00000      0.00000      0.00000      0.00000
   2677.50000000     14.43378      0.00000      0.00000      0.00000      0.00000
   2678.00000000     14.43586      0.00000      0.00000      0.00000      0.00000
   2678.50000000     14.43739      0.00000      0.00000      0.00000      0.00000
   2679.00000000     14.43813      0.00000      0.00000      0.00000      0.00000
   2679.50000000     14.43760      0.00000      0.00000      0.00000      0.00000
   2680.00000000     14.43655      0.00000      0.00000      0.00000      0.00000
   2680.50000000     14.43520      0.00000      0.00000      0.00000      0.00000
   2681.00000000     14.43368      0.00000      0.00000      0.00000      0.00000
   2681.50000000     14.43396      0.00000      0.00000      0.00000      0.00000
   2682.00000000     14.43551      0.00000      0.00000      0.00000      0.00000
   2682.50000000     14.43709      0.00000      0.00000      0.00000      0.00000
   2683.00000000     14.43983      0.00000      0.00000      0.00000      0.00000
   2683.50000000     14.44407      0.00000      0.00000      0.00000      0.00000
   2684.00000000     14.44964      0.00000      0.00000      0.00000      0.00000
   2684.50000000     14.45246      0.00000      0.00000      0.00000      0.00000
   2685.00000000     14.45576      0.00000      0.00000      0.00000      0.00000
   2685.50000000     14.45684      0.00000      0.00000      0.00000      0.00000
   2686.00000000     14.45692      0.00000      0.00000      0.00000      0.00000
   2686.50000000     14.45859      0.00000      0.00000      0.00000      0.00000
   2687.00000000     14.45816      0.00000      0.00000      0.00000      0.00000
   2687.50000000     14.45967      0.00000      0.00000      0.00000      0.00000
   2688.00000000     14.46006      0.00000      0.00000      0.00000      0.00000
   2688.50000000     14.46038      0.00000      0.00000      0.00000      0.00000
   2689.00000000     14.46318      0.00000      0.00000      0.00000      0.00000
   2689.50000000     14.46316      0.00000      0.00000      0.00000      0.00000
   2690.00000000     14.46633      0.00000      0.00000      0.00000      0.00000
   2690.50000000     14.47080      0.00000      0.00000      0.00000      0.00000
   2691.00000000     14.47470      0.00000      0.00000      0.00000      0.00000
   2691.50000000     14.47911      0.00000      0.00000      0.00000      0.00000
   2692.00000000     14.48140      0.00000      0.00000      0.00000      0.00000
   2692.50000000     14.48416      0.00000      0.00000      0.00000      0.00000
   2693.00000000     14.48947      0.00000      0.00000      0.00000      0.00000
   2693.50000000     14.49585      0.00000      0.00000      0.00000      0.00000
   2694.00000000     14.50238      0.00000      0.00000      0.00000      0.00000
   2694.50000000     14.50700      0.00000      0.00000      0.00000      0.00000
   2695.00000000     14.51191      0.00000      0.00000      0.00000      0.00000
   2695.50000000     14.51958      0.00000      0.00000      0.00000      0.00000
   2696.00000000     14.52653      0.00000      0.00000      0.00000      0.00000
   2696.50000000     14.53504      0.00000      0.00000      0.00000      0.00000
   2697.00000000     14.54347      0.00000      0.00000      0.00000      0.00000
   2697.50000000     14.54813      0.00000      0.00000      0.00000      0.00000
   2698.00000000     14.55418      0.00000      0.00000      0.00000      0.00000
   2698.50000000     14.56168      0.00000      0.00000      0.00000      0.00000
   2699.00000000     14.56862      0.00000      0.00000      0.00000      0.00000
   2699.50000000     14.57284      0.00000      0.00000      0.00000      0.00000
   2700.00000000     14.57876      0.00000      0.00000      0.00000      0.00000
   2700.50000000     14.58196      0.00000      0.00000      0.00000      0.00000
   2701.00000000     14.58460      0.00000      0.00000      0.00000      0.00000
   2701.50000000     14.58857      0.00000      0.00000      0.00000      0.00000
   2702.00000000     14.59185      0.00000      0.00000      0.00000      0.00000
   2702.50000000     14.59472      0.00000      0.00000      0.00000      0.00000
   2703.00000000     14.59908      0.00000      0.00000      0.00000      0.00000
   2703.50000000     14.60303      0.00000      0.00000      0.00000      0.00000
   2704.00000000     14.60391      0.00000      0.00000      0.00000      0.00000
   2704.50000000     14.60479      0.00000      0.00000      0.00000      0.00000
   2705.00000000     14.60618      0.00000      0.00000      0.00000      0.00000
   2705.50000000     14.60571      0.00000      0.00000      0.00000      0.00000
   2706.00000000     14.60944      0.00000      0.00000      0.00000      0.00000
   2706.50000000     14.61342      0.00000      0.00000      0.00000      0.00000
   2707.00000000     14.61452      0.00000      0.00000      0.00000      0.00000
   2707.50000000     14.61764      0.00000      0.00000      0.00000      0.00000
   2708.00000000     14.61931      0.00000      0.00000      0.00000      0.00000
   2708.50000000     14.62048      0.00000      0.00000      0.00000      0.00000
   2709.00000000     14.61895      0.00000      0.00000      0.00000      0.00000
   2709.50000000     14.61825      0.00000      0.00000      0.00000      0.00000
   2710.00000000     14.61850      0.00000      0.00000      0.00000      0.00000
   2710.50000000     14.61763      0.00000      0.00000      0.00000      0.00000
   2711.00000000     14.61573      0.00000      0.00000      0.00000      0.00000
   2711.50000000     14.61367      0.00000      0.00000      0.00000      0.00000
   2712.00000000     14.60997      0.00000      0.00000      0.00000      0.00000
   2712.50000000     14.60585      0.00000      0.00000      0.00000      0.00000
   2713.00000000     14.60016      0.00000      0.00000      0.00000      0.00000
   2713.50000000     14.59539      0.00000      0.00000      0.00000      0.00000
   2714.00000000     14.59216      0.00000      0.00000      0.00000      0.00000
   2714.50000000     14.58944      0.00000      0.00000      0.00000      0.00000
   2715.00000000     14.58551      0.00000      0.00000      0.00000      0.00000
   2715.50000000     14.57790      0.00000      0.00000      0.00000      0.00000
   2716.00000000     14.57227      0.00000      0.00000      0.00000      0.00000
   2716.50000000     14.56809      0.00000      0.00000      0.00000      0.00000
   2717.00000000     14.56554      0.00000      0.00000      0.00000      0.00000
   2717.50000000     14.56348      0.00000      0.00000      0.00000      0.00000
   2718.00000000     14.56289      0.00000      0.00000      0.00000      0.00000
   2718.50000000     14.56067      0.00000      0.00000      0.00000      0.00000
   2719.00000000     14.55680      0.00000      0.00000      0.00000      0.00000
   2719.50000000     14.55243      0.00000      0.00000      0.00000      0.00000
   2720.00000000     14.54914      0.00000      0.00000      0.00000      0.00000
   2720.50000000     14.54850      0.00000      0.00000      0.00000      0.00000
   2721.00000000     14.54782      0.00000      0.00000      0.00000      0.00000
   2721.50000000     14.54595      0.00000      0.00000      0.00000      0.00000
   2722.00000000     14.54433      0.00000      0.00000      0.00000      0.00000
   2722.50000000     14.54277      0.00000      0.00000      0.00000      0.00000
   2723.00000000     14.54051      0.00000      0.00000      0.00000      0.00000
   2723.50000000     14.54071      0.00000      0.00000      0.00000      0.00000
   2724.00000000     14.54158      0.00000      0.00000      0.00000      0.00000
   2724.50000000     14.54397      0.00000      0.00000      0.00000      0.00000
   2725.00000000     14.54758      0.00000      0.00000      0.00000      0.00000
   2725.50000000     14.54741      0.00000      0.00000      0.00000      0.00000
   2726.00000000     14.54773      0.00000      0.00000      0.00000      0.00000
   2726.50000000     14.54718      0.00000      0.00000      0.00000      0.00000
   2727.00000000     14.54479      0.00000      0.00000      0.00000      0.00000
   2727.50000000     14.54363      0.00000      0.00000      0.00000      0.00000
   2728.00000000     14.54191      0.00000      0.00000      0.00000      0.00000
   2728.50000000     14.54239      0.00000      0.00000      0.00000      0.00000
   2729.00000000     14.54258      0.00000      0.00000      0.00000      0.00000
   2729.50000000     14.54353      0.00000      0.00000      0.00000      0.00000
   2730.00000000     14.54505      0.00000      0.00000      0.00000      0.00000
   2730.50000000     14.54832      0.00000      0.00000      0.00000      0.00000
   2731.00000000     14.55117      0.00000      0.00000      0.00000      0.00000
   2731.50000000     14.55188      0.00000      0.00000      0.00000      0.00000
   2732.00000000     14.55133      0.00000      0.00000      0.00000      0.00000
   2732.50000000     14.55217      0.00000      0.00000      0.00000      0.00000
   2733.00000000     14.55352      0.00000      0.00000      0.00000      0.00000
   2733.50000000     14.55608      0.00000      0.00000      0.00000      0.00000
   2734.00000000     14.55948      0.00000      0.00000      0.00000      0.00000
   2734.50000000     14.56174      0.00000      0.00000      0.00000      0.00000
   2735.00000000     14.56226      0.00000      0.00000      0.00000      0.00000
   2735.50000000     14.56050      0.00000      0.00000      0.00000      0.00000
   2736.00000000     14.55926      0.00000      0.00000      0.00000      0.00000
