     30.00000000     13.99803      0.00000      0.00000      0.00000      0.00000
     30.50000000     13.99664      0.00000      0.00000      0.00000      0.00000
     31.00000000     13.99434      0.00000      0.00000      0.00000      0.00000
     31.50000000     13.99072      0.00000      0.00000      0.00000      0.00000
     32.00000000     13.98918      0.00000      0.00000      0.00000      0.00000
     32.50000000     13.98953      0.00000      0.00000      0.00000      0.00000
     33.00000000     13.98781      0.00000      0.00000      0.00000      0.00000
     33.50000000     13.98560      0.00000      0.00000      0.00000      0.00000
     34.00000000     13.98175      0.00000      0.00000      0.00000      0.00000
     34.50000000     13.97512      0.00000      0.00000      0.00000      0.00000
     35.00000000     13.97011      0.00000      0.00000      0.00000      0.00000
     35.50000000     13.96344      0.00000      0.00000      0.00000      0.00000
     36.00000000     13.95563      0.00000      0.00000      0.00000      0.00000
     36.50000000     13.94865      0.00000      0.00000      0.00000      0.00000
     37.00000000     13.93989      0.00000      0.00000      0.00000      0.00000
     37.50000000     13.93289      0.00000      0.00000      0.00000      0.00000
     38.00000000     13.92719      0.00000      0.00000      0.00000      0.00000
     38.50000000     13.92207      0.00000      0.00000      0.00000      0.00000
     39.00000000     13.91728      0.00000      0.00000      0.00000      0.00000
     39.50000000     13.91509      0.00000      0.00000      0.00000      0.00000
     40.00000000     13.91437      0.00000      0.00000      0.00000      0.00000
     40.50000000     13.91596      0.00000      0.00000      0.00000      0.00000
     41.00000000     13.91749      0.00000      0.00000      0.00000      0.00000
     41.50000000     13.91845      0.00000      0.00000      0.00000      0.00000
     42.00000000     13.92040      0.00000      0.00000      0.00000      0.00000
     42.50000000     13.92143      0.00000      0.00000      0.00000      0.00000
     43.00000000     13.92127      0.00000      0.00000      0.00000      0.00000
     43.50000000     13.92395      0.00000      0.00000      0.00000      0.00000
     44.00000000     13.92685      0.00000      0.00000      0.00000      0.00000
     44.50000000     13.92707      0.00000      0.00000      0.00000      0.00000
     45.00000000     13.92945      0.00000      0.00000      0.00000      0.00000
     45.50000000     13.93102      0.00000      0.00000      0.00000      0.00000
     46.00000000     13.93276      0.00000      0.00000      0.00000      0.00000
     46.50000000     13.93567      0.00000      0.00000      0.00000      0.00000
     47.00000000     13.93632      0.00000      0.00000      0.00000      0.00000
     47.50000000     13.93674      0.00000      0.00000      0.00000      0.00000
     48.00000000     13.93842      0.00000      0.00000      0.00000      0.00000
     48.50000000     13.93912      0.00000      0.00000      0.00000      0.00000
     49.00000000     13.93950      0.00000      0.00000      0.00000      0.00000
     49.50000000     13.93870      0.00000      0.00000      0.00000      0.00000
     50.00000000     13.93717      0.00000      0.00000      0.00000      0.00000
     50.50000000     13.93550      0.00000      0.00000      0.00000      0.00000
     51.00000000     13.93269      0.00000      0.00000      0.00000      0.00000
     51.50000000     13.92803      0.00000      0.00000      0.00000      0.00000
     52.00000000     13.92392      0.00000      0.00000      0.00000      0.00000
     52.50000000     13.92072      0.00000      0.00000      0.00000      0.00000
     53.00000000     13.91876      0.00000      0.00000      0.00000      0.00000
     53.50000000     13.91889      0.00000      0.00000      0.00000      0.00000
     54.00000000     13.91661      0.00000      0.00000      0.00000      0.00000
     54.50000000     13.91754      0.00000      0.00000      0.00000      0.00000
     55.00000000     13.91964      0.00000      0.00000      0.00000      0.00000
     55.50000000     13.91997      0.00000      0.00000      0.00000      0.00000
     56.00000000     13.92299      0.00000      0.00000      0.00000      0.00000
     56.50000000     13.92450      0.00000      0.00000      0.00000      0.00000
     57.00000000     13.92644      0.00000      0.00000      0.00000      0.00000
     57.50000000     13.92981      0.00000      0.00000      0.00000      0.00000
     58.00000000     13.93240      0.00000      0.00000      0.00000      0.00000
     58.50000000     13.93377      0.00000      0.00000      0.00000      0.00000
     59.00000000     13.93468      0.00000      0.00000      0.00000      0.00000
     59.50000000     13.93436      0.00000      0.00000      0.00000      0.00000
     60.00000000     13.93599      0.00000      0.00000      0.00000      0.00000
     60.50000000     13.94064      0.00000      0.00000      0.00000      0.00000
     61.00000000     13.94636      0.00000      0.00000      0.00000      0.00000
     61.50000000     13.95150      0.00000      0.00000      0.00000      0.00000
     62.00000000     13.95469      0.00000      0.00000      0.00000      0.00000
     62.50000000     13.95652      0.00000      0.00000      0.00000      0.00000
     63.00000000     13.95901      0.00000      0.00000      0.00000      0.00000
     63.50000000     13.96268      0.00000      0.00000      0.00000      0.00000
     64.00000000     13.96347      0.00000      0.00000      0.00000      0.00000
     64.50000000     13.96461      0.00000      0.00000      0.00000      0.00000
     65.00000000     13.96299      0.00000      0.00000      0.00000      0.00000
     65.50000000     13.96237      0.00000      0.00000      0.00000      0.00000
     66.00000000     13.96204      0.00000      0.00000      0.00000      0.00000
     66.50000000     13.95828      0.00000      0.00000      0.00000      0.00000
     67.00000000     13.95508      0.00000      0.00000      0.00000      0.00000
     67.50000000     13.95259      0.00000      0.00000      0.00000      0.00000
     68.00000000     13.94949      0.00000      0.00000      0.00000      0.00000
     68.50000000     13.94645      0.00000      0.00000      0.00000      0.00000
     69.00000000     13.94717      0.00000      0.00000      0.00000      0.00000
     69.50000000     13.94669      0.00000      0.00000      0.00000      0.00000
     70.00000000     13.94558      0.00000      0.00000      0.00000      0.00000
     70.50000000     13.94480      0.00000      0.00000      0.00000      0.00000
     71.00000000     13.94037      0.00000      0.00000      0.00000      0.00000
     71.50000000     13.93359      0.00000      0.00000      0.00000      0.00000
     72.00000000     13.92810      0.00000      0.00000      0.00000      0.00000
     72.50000000     13.92217      0.00000      0.00000      0.00000      0.00000
     73.00000000     13.91619      0.00000      0.00000      0.00000      0.00000
     73.50000000     13.90972      0.00000      0.00000      0.00000      0.00000
     74.00000000     13.90559      0.00000      0.00000      0.00000      0.00000
     74.50000000     13.90101      0.00000      0.00000      0.00000      0.00000
     75.00000000     13.89538      0.00000      0.00000      0.00000      0.00000
     75.50000000     13.88942      0.00000      0.00000      0.00000      0.00000
     76.00000000     13.88445      0.00000      0.00000      0.00000      0.00000
     76.50000000     13.87717      0.00000      0.00000      0.00000      0.00000
     77.00000000     13.87306      0.00000      0.00000      0.00000      0.00000
     77.50000000     13.86852      0.00000      0.00000      0.00000      0.00000
     78.00000000     13.86290      0.00000      0.00000      0.00000      0.00000
     78.50000000     13.85903      0.00000      0.00000      0.00000      0.00000
     79.00000000     13.85283      0.00000      0.00000      0.00000      0.00000
     79.50000000     13.84862      0.00000      0.00000      0.00000      0.00000
     80.00000000     13.84437      0.00000      0.00000      0.00000      0.00000
     80.50000000     13.84015      0.00000      0.00000      0.00000      0.00000
     81.00000000     13.83534      0.00000      0.00000      0.00000      0.00000
     81.50000000     13.83039      0.00000      0.00000      0.00000      0.00000
     82.00000000     13.82564      0.00000      0.00000      0.00000      0.00000
     82.50000000     13.82275      0.00000      0.00000      0.00000      0.00000
     83.00000000     13.82182      0.00000      0.00000      0.00000      0.00000
     83.50000000     13.82410      0.00000      0.00000      0.00000      0.00000
     84.00000000     13.82866      0.00000      0.00000      0.00000      0.00000
     84.50000000     13.83300      0.00000      0.00000      0.00000      0.00000
     85.00000000     13.83821      0.00000      0.00000      0.00000      0.00000
     85.50000000     13.84079      0.00000      0.00000      0.00000      0.00000
     86.00000000     13.84280      0.00000      0.00000      0.00000      0.00000
     86.50000000     13.84652      0.00000      0.00000      0.00000      0.00000
     87.00000000     13.84892      0.00000      0.00000      0.00000      0.00000
     87.50000000     13.85102      0.00000      0.00000      0.00000      0.00000
     88.00000000     13.85455      0.00000      0.00000      0.00000      0.00000
     88.50000000     13.86076      0.00000      0.00000      0.00000      0.00000
     89.00000000     13.86551      0.00000      0.00000      0.00000      0.00000
     89.50000000     13.87012      0.00000      0.00000      0.00000      0.00000
     90.00000000     13.87393      0.00000      0.00000      0.00000      0.00000
     90.50000000     13.87552      0.00000      0.00000      0.00000      0.00000
     91.00000000     13.87786      0.00000      0.00000      0.00000      0.00000
     91.50000000     13.87794      0.00000      0.00000      0.00000      0.00000
     92.00000000     13.87965      0.00000      0.00000      0.00000      0.00000
     92.50000000     13.87832      0.00000      0.00000      0.00000      0.00000
     93.00000000     13.87393      0.00000      0.00000      0.00000      0.00000
     93.50000000     13.86877      0.00000      0.00000      0.00000      0.00000
     94.00000000     13.86167      0.00000      0.00000      0.00000      0.00000
     94.50000000     13.85611      0.00000      0.00000      0.00000      0.00000
     95.00000000     13.84944      0.00000      0.00000      0.00000      0.00000
     95.50000000     13.84162      0.00000      0.00000      0.00000      0.00000
     96.00000000     13.83178      0.00000      0.00000      0.00000      0.00000
     96.50000000     13.82458      0.00000      0.00000      0.00000      0.00000
     97.00000000     13.81635      0.00000      0.00000      0.00000      0.00000
     97.50000000     13.80729      0.00000      0.00000      0.00000      0.00000
     98.00000000     13.79659      0.00000      0.00000      0.00000      0.00000
     98.50000000     13.78393      0.00000      0.00000      0.00000      0.00000
     99.00000000     13.77520      0.00000      0.00000      0.00000      0.00000
     99.50000000     13.76688      0.00000      0.00000      0.00000      0.00000
    100.00000000     13.76065      0.00000      0.00000      0.00000      0.00000
    100.50000000     13.75404      0.00000      0.00000      0.00000      0.00000
    101.00000000     13.74474      0.00000      0.00000      0.00000      0.00000
    101.50000000     13.73753      0.00000      0.00000      0.00000      0.00000
    102.00000000     13.72980      0.00000      0.00000      0.00000      0.00000
    102.50000000     13.72466      0.00000      0.00000      0.00000      0.00000
    103.00000000     13.72313      0.00000      0.00000      0.00000      0.00000
    103.50000000     13.72335      0.00000      0.00000      0.00000      0.00000
    104.00000000     13.72165      0.00000      0.00000      0.00000      0.00000
    104.50000000     13.71949      0.00000      0.00000      0.00000      0.00000
    105.00000000     13.71742      0.00000      0.00000      0.00000      0.00000
    105.50000000     13.71411      0.00000      0.00000      0.00000      0.00000
    106.00000000     13.71339      0.00000      0.00000      0.00000      0.00000
    106.50000000     13.71022      0.00000      0.00000      0.00000      0.00000
    107.00000000     13.70544      0.00000      0.00000      0.00000      0.00000
    107.50000000     13.69975      0.00000      0.00000      0.00000      0.00000
    108.00000000     13.69544      0.00000      0.00000      0.00000      0.00000
    108.50000000     13.69405      0.00000      0.00000      0.00000      0.00000
    109.00000000     13.69589      0.00000      0.00000      0.00000      0.00000
    109.50000000     13.69695      0.00000      0.00000      0.00000      0.00000
    110.00000000     13.69855      0.00000      0.00000      0.00000      0.00000
    110.50000000     13.70011      0.00000      0.00000      0.00000      0.00000
    111.00000000     13.70290      0.00000      0.00000      0.00000      0.00000
    111.50000000     13.70532      0.00000      0.00000      0.00000      0.00000
    112.00000000     13.70958      0.00000      0.00000      0.00000      0.00000
    112.50000000     13.71318      0.00000      0.00000      0.00000      0.00000
    113.00000000     13.71615      0.00000      0.00000      0.00000      0.00000
    113.50000000     13.71955      0.00000      0.00000      0.00000      0.00000
    114.00000000     13.72333      0.00000      0.00000      0.00000      0.00000
    114.50000000     13.72738      0.00000      0.00000      0.00000      0.00000
    115.00000000     13.72889      0.00000      0.00000      0.00000      0.00000
    115.50000000     13.72770      0.00000      0.00000      0.00000      0.00000
    116.00000000     13.72688      0.00000      0.00000      0.00000      0.00000
    116.50000000     13.72598      0.00000      0.00000      0.00000      0.00000
    117.00000000     13.72770      0.00000      0.00000      0.00000      0.00000
    117.50000000     13.73028      0.00000      0.00000      0.00000      0.00000
    118.00000000     13.73330      0.00000      0.00000      0.00000      0.00000
    118.50000000     13.73624      0.00000      0.00000      0.00000      0.00000
    119.00000000     13.73981      0.00000      0.00000      0.00000      0.00000
    119.50000000     13.73895      0.00000      0.00000      0.00000      0.00000
    120.00000000     13.73727      0.00000      0.00000      0.00000      0.00000
    120.50000000     13.73267      0.00000      0.00000      0.00000      0.00000
    121.00000000     13.72631      0.00000      0.00000      0.00000      0.00000
    121.50000000     13.71950      0.00000      0.00000      0.00000      0.00000
    122.00000000     13.71307      0.00000      0.00000      0.00000      0.00000
    122.50000000     13.70698      0.00000      0.00000      0.00000      0.00000
    123.00000000     13.69931      0.00000      0.00000      0.00000      0.00000
    123.50000000     13.69373      0.00000      0.00000      0.00000      0.00000
    124.00000000     13.68968      0.00000      0.00000      0.00000      0.00000
    124.50000000     13.68574      0.00000      0.00000      0.00000      0.00000
    125.00000000     13.68294      0.00000      0.00000      0.00000      0.00000
    125.50000000     13.67985      0.00000      0.00000      0.00000      0.00000
    126.00000000     13.67701      0.00000      0.00000      0.00000      0.00000
    126.50000000     13.67561      0.00000      0.00000      0.00000      0.00000
    127.00000000     13.67247      0.00000      0.00000      0.00000      0.00000
    127.50000000     13.66943      0.00000      0.00000      0.00000      0.00000
    128.00000000     13.66740      0.00000      0.00000      0.00000      0.00000
    128.50000000     13.66388      0.00000      0.00000      0.00000      0.00000
    129.00000000     13.66276      0.00000      0.00000      0.00000      0.00000
    129.50000000     13.66393      0.00000      0.00000      0.00000      0.00000
    130.00000000     13.66546      0.00000      0.00000      0.00000      0.00000
    130.50000000     13.66649      0.00000      0.00000      0.00000      0.00000
    131.00000000     13.66610      0.00000      0.00000      0.00000      0.00000
    131.50000000     13.66553      0.00000      0.00000      0.00000      0.00000
    132.00000000     13.66609      0.00000      0.00000      0.00000      0.00000
    132.50000000     13.66837      0.00000      0.00000      0.00000      0.00000
    133.00000000     13.66856      0.00000      0.00000      0.00000      0.00000
    133.50000000     13.66783      0.00000      0.00000      0.00000      0.00000
    134.00000000     13.66722      0.00000      0.00000      0.00000      0.00000
    134.50000000     13.66366      0.00000      0.00000      0.00000      0.00000
    135.00000000     13.66345      0.00000      0.00000      0.00000      0.00000
    135.50000000     13.66173      0.00000      0.00000      0.00000      0.00000
    136.00000000     13.65898      0.00000      0.00000      0.00000      0.00000
    136.50000000     13.65586      0.00000      0.00000      0.00000      0.00000
    137.00000000     13.65140      0.00000      0.00000      0.00000      0.00000
    137.50000000     13.64496      0.00000      0.00000      0.00000      0.00000
    138.00000000     13.64017      0.00000      0.00000      0.00000      0.00000
    138.50000000     13.63568      0.00000      0.00000      0.00000      0.00000
    139.00000000     13.63324      0.00000      0.00000      0.00000      0.00000
    139.50000000     13.63261      0.00000      0.00000      0.00000      0.00000
    140.00000000     13.63345      0.00000      0.00000      0.00000      0.00000
    140.50000000     13.63379      0.00000      0.00000      0.00000      0.00000
    141.00000000     13.63515      0.00000      0.00000      0.00000      0.00000
    141.50000000     13.63543      0.00000      0.00000      0.00000      0.00000
    142.00000000     13.63308      0.00000      0.00000      0.00000      0.00000
    142.50000000     13.63024      0.00000      0.00000      0.00000      0.00000
    143.00000000     13.62430      0.00000      0.00000      0.00000      0.00000
    143.50000000     13.61815      0.00000      0.00000      0.00000      0.00000
    144.00000000     13.61465      0.00000      0.00000      0.00000      0.00000
    144.50000000     13.61333      0.00000      0.00000      0.00000      0.00000
    145.00000000     13.61044      0.00000      0.00000      0.00000      0.00000
    145.50000000     13.60982      0.00000      0.00000      0.00000      0.00000
    146.00000000     13.60841      0.00000      0.00000      0.00000      0.00000
    146.50000000     13.60875      0.00000      0.00000      0.00000      0.00000
    147.00000000     13.60971      0.00000      0.00000      0.00000      0.00000
    147.50000000     13.61032      0.00000      0.00000      0.00000      0.00000
    148.00000000     13.61290      0.00000      0.00000      0.00000      0.00000
    148.50000000     13.61754      0.00000      0.00000      0.00000      0.00000
    149.00000000     13.62222      0.00000      0.00000      0.00000      0.00000
    149.50000000     13.62789      0.00000      0.00000      0.00000      0.00000
    150.00000000     13.62987      0.00000      0.00000      0.00000      0.00000
    150.50000000     13.63249      0.00000      0.00000      0.00000      0.00000
    151.00000000     13.63658      0.00000      0.00000      0.00000      0.00000
    151.50000000     13.64235      0.00000      0.00000      0.00000      0.00000
    152.00000000     13.64612      0.00000      0.00000      0.00000      0.00000
    152.50000000     13.64915      0.00000      0.00000      0.00000      0.00000
    153.00000000     13.65127      0.00000      0.00000      0.00000      0.00000
    153.50000000     13.65220      0.00000      0.00000      0.00000      0.00000
    154.00000000     13.65402      0.00000      0.00000      0.00000      0.00000
    154.50000000     13.65763      0.00000      0.00000      0.00000      0.00000
    155.00000000     13.65981      0.00000      0.00000      0.00000      0.00000
    155.50000000     13.66011      0.00000      0.00000      0.00000      0.00000
    156.00000000     13.66289      0.00000      0.00000      0.00000      0.00000
    156.50000000     13.66785      0.00000      0.00000      0.00000      0.00000
    157.00000000     13.67160      0.00000      0.00000      0.00000      0.00000
    157.50000000     13.67551      0.00000      0.00000      0.00000      0.00000
    158.00000000     13.67908      0.00000      0.00000      0.00000      0.00000
    158.50000000     13.68159      0.00000      0.00000      0.00000      0.00000
    159.00000000     13.68262      0.00000      0.00000      0.00000      0.00000
    159.50000000     13.68429      0.00000      0.00000      0.00000      0.00000
    160.00000000     13.68723      0.00000      0.00000      0.00000      0.00000
    160.50000000     13.69118      0.00000      0.00000      0.00000      0.00000
    161.00000000     13.69500      0.00000      0.00000      0.00000      0.00000
    161.50000000     13.69967      0.00000      0.00000      0.00000      0.00000
    162.00000000     13.70114      0.00000      0.00000      0.00000      0.00000
    162.50000000     13.70112      0.00000      0.00000      0.00000      0.00000
    163.00000000     13.69964      0.00000      0.00000      0.00000      0.00000
    163.50000000     13.69849      0.00000      0.00000      0.00000      0.00000
    164.00000000     13.69825      0.00000      0.00000      0.00000      0.00000
    164.50000000     13.69846      0.00000      0.00000      0.00000      0.00000
    165.00000000     13.69847      0.00000      0.00000      0.00000      0.00000
    165.50000000     13.69796      0.00000      0.00000      0.00000      0.00000
    166.00000000     13.69808      0.00000      0.00000      0.00000      0.00000
    166.50000000     13.69833      0.00000      0.00000      0.00000      0.00000
    167.00000000     13.69700      0.00000      0.00000      0.00000      0.00000
    167.50000000     13.69687      0.00000      0.00000      0.00000      0.00000
    168.00000000     13.69900      0.00000      0.00000      0.00000      0.00000
    168.50000000     13.69908      0.00000      0.00000      0.00000      0.00000
    169.00000000     13.69727      0.00000      0.00000      0.00000      0.00000
    169.50000000     13.69604      0.00000      0.00000      0.00000      0.00000
    170.00000000     13.69392      0.00000      0.00000      0.00000      0.00000
    170.50000000     13.69453      0.00000      0.00000      0.00000      0.00000
    171.00000000     13.69348      0.00000      0.00000      0.00000      0.00000
    171.50000000     13.69463      0.00000      0.00000      0.00000      0.00000
    172.00000000     13.69737      0.00000      0.00000      0.00000      0.00000
    172.50000000     13.70036      0.00000      0.00000      0.00000      0.00000
    173.00000000     13.70133      0.00000      0.00000      0.00000      0.00000
    173.50000000     13.70429      0.00000      0.00000      0.00000      0.00000
    174.00000000     13.70703      0.00000      0.00000      0.00000      0.00000
    174.50000000     13.70870      0.00000      0.00000      0.00000      0.00000
    175.00000000     13.71084      0.00000      0.00000      0.00000      0.00000
    175.50000000     13.71454      0.00000      0.00000      0.00000      0.00000
    176.00000000     13.71746      0.00000      0.00000      0.00000      0.00000
    176.50000000     13.71960      0.00000      0.00000      0.00000      0.00000
    177.00000000     13.71843      0.00000      0.00000      0.00000      0.00000
    177.50000000     13.71840      0.00000      0.00000      0.00000      0.00000
    178.00000000     13.71926      0.00000      0.00000      0.00000      0.00000
    178.50000000     13.72053      0.00000      0.00000      0.00000      0.00000
    179.00000000     13.72069      0.00000      0.00000      0.00000      0.00000
    179.50000000     13.72155      0.00000      0.00000      0.00000      0.00000
    180.00000000     13.72235      0.00000      0.00000      0.00000      0.00000
    180.50000000     13.72457      0.00000      0.00000      0.00000      0.00000
    181.00000000     13.72689      0.00000      0.00000      0.00000      0.00000
    181.50000000     13.72908      0.00000      0.00000      0.00000      0.00000
    182.00000000     13.73018      0.00000      0.00000      0.00000      0.00000
    182.50000000     13.73144      0.00000      0.00000      0.00000      0.00000
    183.00000000     13.73231      0.00000      0.00000      0.00000      0.00000
    183.50000000     13.73265      0.00000      0.00000      0.00000      0.00000
    184.00000000     13.73673      0.00000      0.00000      0.00000      0.00000
    184.50000000     13.74109      0.00000      0.00000      0.00000      0.00000
    185.00000000     13.74262      0.00000      0.00000      0.00000      0.00000
    185.50000000     13.74193      0.00000      0.00000      0.00000      0.00000
    186.00000000     13.74173      0.00000      0.00000      0.00000      0.00000
    186.50000000     13.73954      0.00000      0.00000      0.00000      0.00000
    187.00000000     13.73880      0.00000      0.00000      0.00000      0.00000
    187.50000000     13.73978      0.00000      0.00000      0.00000      0.00000
    188.00000000     13.74155      0.00000      0.00000      0.00000      0.00000
    188.50000000     13.74471      0.00000      0.00000      0.00000      0.00000
    189.00000000     13.74967      0.00000      0.00000      0.00000      0.00000
    189.50000000     13.75505      0.00000      0.00000      0.00000      0.00000
    190.00000000     13.75936      0.00000      0.00000      0.00000      0.00000
    190.50000000     13.76062      0.00000      0.00000      0.00000      0.00000
    191.00000000     13.76160      0.00000      0.00000      0.00000      0.00000
    191.50000000     13.76218      0.00000      0.00000      0.00000      0.00000
    192.00000000     13.76247      0.00000      0.00000      0.00000      0.00000
    192.50000000     13.76356      0.00000      0.00000      0.00000      0.00000
    193.00000000     13.76453      0.00000      0.00000      0.00000      0.00000
    193.50000000     13.76645      0.00000      0.00000      0.00000      0.00000
    194.00000000     13.76750      0.00000      0.00000      0.00000      0.00000
    194.50000000     13.76806      0.00000      0.00000      0.00000      0.00000
    195.00000000     13.76803      0.00000      0.00000      0.00000      0.00000
    195.50000000     13.76588      0.00000      0.00000      0.00000      0.00000
    196.00000000     13.76206      0.00000      0.00000      0.00000      0.00000
    196.50000000     13.76014      0.00000      0.00000      0.00000      0.00000
    197.00000000     13.75786      0.00000      0.00000      0.00000      0.00000
    197.50000000     13.75572      0.00000      0.00000      0.00000      0.00000
    198.00000000     13.75398      0.00000      0.00000      0.00000      0.00000
    198.50000000     13.75344      0.00000      0.00000      0.00000      0.00000
    199.00000000     13.75317      0.00000      0.00000      0.00000      0.00000
    199.50000000     13.75135      0.00000      0.00000      0.00000      0.00000
    200.00000000     13.75115      0.00000      0.00000      0.00000      0.00000
    200.50000000     13.74986      0.00000      0.00000      0.00000      0.00000
    201.00000000     13.74748      0.00000      0.00000      0.00000      0.00000
    201.50000000     13.74397      0.00000      0.00000      0.00000      0.00000
    202.00000000     13.74156      0.00000      0.00000      0.00000      0.00000
    202.50000000     13.74137      0.00000      0.00000      0.00000      0.00000
    203.00000000     13.74162      0.00000      0.00000      0.00000      0.00000
    203.50000000     13.74435      0.00000      0.00000      0.00000      0.00000
    204.00000000     13.74439      0.00000      0.00000      0.00000      0.00000
    204.50000000     13.74635      0.00000      0.00000      0.00000      0.00000
    205.00000000     13.74639      0.00000      0.00000      0.00000      0.00000
    205.50000000     13.74605      0.00000      0.00000      0.00000      0.00000
    206.00000000     13.74888      0.00000      0.00000      0.00000      0.00000
    206.50000000     13.75117      0.00000      0.00000      0.00000      0.00000
    207.00000000     13.75592      0.00000      0.00000      0.00000      0.00000
    207.50000000     13.76060      0.00000      0.00000      0.00000      0.00000
    208.00000000     13.76394      0.00000      0.00000      0.00000      0.00000
    208.50000000     13.76696      0.00000      0.00000      0.00000      0.00000
    209.00000000     13.76903      0.00000      0.00000      0.00000      0.00000
    209.50000000     13.77139      0.00000      0.00000      0.00000      0.00000
    210.00000000     13.77197      0.00000      0.00000      0.00000      0.00000
    210.50000000     13.77321      0.00000      0.00000      0.00000      0.00000
    211.00000000     13.77116      0.00000      0.00000      0.00000      0.00000
    211.50000000     13.77123      0.00000      0.00000      0.00000      0.00000
    212.00000000     13.77288      0.00000      0.00000      0.00000      0.00000
    212.50000000     13.77624      0.00000      0.00000      0.00000      0.00000
    213.00000000     13.78011      0.00000      0.00000      0.00000      0.00000
    213.50000000     13.78537      0.00000      0.00000      0.00000      0.00000
    214.00000000     13.78952      0.00000      0.00000      0.00000      0.00000
    214.50000000     13.79147      0.00000      0.00000      0.00000      0.00000
    215.00000000     13.79233      0.00000      0.00000      0.00000      0.00000
    215.50000000     13.79480      0.00000      0.00000      0.00000      0.00000
    216.00000000     13.79618      0.00000      0.00000      0.00000      0.00000
    216.50000000     13.80062      0.00000      0.00000      0.00000      0.00000
    217.00000000     13.80259      0.00000      0.00000      0.00000      0.00000
    217.50000000     13.80254      0.00000      0.00000      0.00000      0.00000
    218.00000000     13.80109      0.00000      0.00000      0.00000      0.00000
    218.50000000     13.80219      0.00000      0.00000      0.00000      0.00000
    219.00000000     13.80374      0.00000      0.00000      0.00000      0.00000
    219.50000000     13.80427      0.00000      0.00000      0.00000      0.00000
    220.00000000     13.80433      0.00000      0.00000      0.00000      0.00000
    220.50000000     13.80200      0.00000      0.00000      0.00000      0.00000
    221.00000000     13.80019      0.00000      0.00000      0.00000      0.00000
    221.50000000     13.79844      0.00000      0.00000      0.00000      0.00000
    222.00000000     13.79381      0.00000      0.00000      0.00000      0.00000
    222.50000000     13.78790      0.00000      0.00000      0.00000      0.00000
    223.00000000     13.77872      0.00000      0.00000      0.00000      0.00000
    223.50000000     13.76949      0.00000      0.00000      0.00000      0.00000
    224.00000000     13.76126      0.00000      0.00000      0.00000      0.00000
    224.50000000     13.75131      0.00000      0.00000      0.00000      0.00000
    225.00000000     13.74109      0.00000      0.00000      0.00000      0.00000
    225.50000000     13.73117      0.00000      0.00000      0.00000      0.00000
    226.00000000     13.72266      0.00000      0.00000      0.00000      0.00000
    226.50000000     13.71453      0.00000      0.00000      0.00000      0.00000
    227.00000000     13.70606      0.00000      0.00000      0.00000      0.00000
    227.50000000     13.70032      0.00000      0.00000      0.00000      0.00000
    228.00000000     13.69260      0.00000      0.00000      0.00000      0.00000
    228.50000000     13.68474      0.00000      0.00000      0.00000      0.00000
    229.00000000     13.67710      0.00000      0.00000      0.00000      0.00000
    229.50000000     13.67033      0.00000      0.00000      0.00000      0.00000
    230.00000000     13.66392      0.00000      0.00000      0.00000      0.00000
    230.50000000     13.65647      0.00000      0.00000      0.00000      0.00000
    231.00000000     13.64907      0.00000      0.00000      0.00000      0.00000
    231.50000000     13.64298      0.00000      0.00000      0.00000      0.00000
    232.00000000     13.63754      0.00000      0.00000      0.00000      0.00000
    232.50000000     13.63269      0.00000      0.00000      0.00000      0.00000
    233.00000000     13.62924      0.00000      0.00000      0.00000      0.00000
    233.50000000     13.62448      0.00000      0.00000      0.00000      0.00000
    234.00000000     13.62163      0.00000      0.00000      0.00000      0.00000
    234.50000000     13.61957      0.00000      0.00000      0.00000      0.00000
    235.00000000     13.61888      0.00000      0.00000      0.00000      0.00000
    235.50000000     13.61838      0.00000      0.00000      0.00000      0.00000
    236.00000000     13.61831      0.00000      0.00000      0.00000      0.00000
    236.50000000     13.61931      0.00000      0.00000      0.00000      0.00000
    237.00000000     13.62145      0.00000      0.00000      0.00000      0.00000
    237.50000000     13.62539      0.00000      0.00000      0.00000      0.00000
    238.00000000     13.63031      0.00000      0.00000      0.00000      0.00000
    238.50000000     13.63535      0.00000      0.00000      0.00000      0.00000
    239.00000000     13.63804      0.00000      0.00000      0.00000      0.00000
    239.50000000     13.63900      0.00000      0.00000      0.00000      0.00000
    240.00000000     13.64133      0.00000      0.00000      0.00000      0.00000
    240.50000000     13.64269      0.00000      0.00000      0.00000      0.00000
    241.00000000     13.64224      0.00000      0.00000      0.00000      0.00000
    241.50000000     13.64247      0.00000      0.00000      0.00000      0.00000
    242.00000000     13.64064      0.00000      0.00000      0.00000      0.00000
    242.50000000     13.64059      0.00000      0.00000      0.00000      0.00000
    243.00000000     13.64307      0.00000      0.00000      0.00000      0.00000
    243.50000000     13.64562      0.00000      0.00000      0.00000      0.00000
    244.00000000     13.64542      0.00000      0.00000      0.00000      0.00000
    244.50000000     13.64549      0.00000      0.00000      0.00000      0.00000
    245.00000000     13.64651      0.00000      0.00000      0.00000      0.00000
    245.50000000     13.64848      0.00000      0.00000      0.00000      0.00000
    246.00000000     13.65263      0.00000      0.00000      0.00000      0.00000
    246.50000000     13.65450      0.00000      0.00000      0.00000      0.00000
    247.00000000     13.65477      0.00000      0.00000      0.00000      0.00000
    247.50000000     13.65425      0.00000      0.00000      0.00000      0.00000
    248.00000000     13.65192      0.00000      0.00000      0.00000      0.00000
    248.50000000     13.64786      0.00000      0.00000      0.00000      0.00000
    249.00000000     13.64227      0.00000      0.00000      0.00000      0.00000
    249.50000000     13.64044      0.00000      0.00000      0.00000      0.00000
    250.00000000     13.63830      0.00000      0.00000      0.00000      0.00000
    250.50000000     13.63651      0.00000      0.00000      0.00000      0.00000
    251.00000000     13.63424      0.00000      0.00000      0.00000      0.00000
    251.50000000     13.63078      0.00000      0.00000      0.00000      0.00000
    252.00000000     13.62652      0.00000      0.00000      0.00000      0.00000
    252.50000000     13.62439      0.00000      0.00000      0.00000      0.00000
    253.00000000     13.62311      0.00000      0.00000      0.00000      0.00000
    253.50000000     13.62064      0.00000      0.00000      0.00000      0.00000
    254.00000000     13.61942      0.00000      0.00000      0.00000      0.00000
    254.50000000     13.62021      0.00000      0.00000      0.00000      0.00000
    255.00000000     13.62102      0.00000      0.00000      0.00000      0.00000
    255.50000000     13.62099      0.00000      0.00000      0.00000      0.00000
    256.00000000     13.61899      0.00000      0.00000      0.00000      0.00000
    256.50000000     13.61531      0.00000      0.00000      0.00000      0.00000
    257.00000000     13.61001      0.00000      0.00000      0.00000      0.00000
    257.50000000     13.60669      0.00000      0.00000      0.00000      0.00000
    258.00000000     13.60409      0.00000      0.00000      0.00000      0.00000
    258.50000000     13.59928      0.00000      0.00000      0.00000      0.00000
    259.00000000     13.59361      0.00000      0.00000      0.00000      0.00000
    259.50000000     13.58893      0.00000      0.00000      0.00000      0.00000
    260.00000000     13.58507      0.00000      0.00000      0.00000      0.00000
    260.50000000     13.58357      0.00000      0.00000      0.00000      0.00000
    261.00000000     13.58175      0.00000      0.00000      0.00000      0.00000
    261.50000000     13.58114      0.00000      0.00000      0.00000      0.00000
    262.00000000     13.57804      0.00000      0.00000      0.00000      0.00000
    262.50000000     13.57879      0.00000      0.00000      0.00000      0.00000
    263.00000000     13.58240      0.00000      0.00000      0.00000      0.00000
    263.50000000     13.58748      0.00000      0.00000      0.00000      0.00000
    264.00000000     13.59169      0.00000      0.00000      0.00000      0.00000
    264.50000000     13.59773      0.00000      0.00000      0.00000      0.00000
    265.00000000     13.60351      0.00000      0.00000      0.00000      0.00000
    265.50000000     13.60818      0.00000      0.00000      0.00000      0.00000
    266.00000000     13.61094      0.00000      0.00000      0.00000      0.00000
    266.50000000     13.61458      0.00000      0.00000      0.00000      0.00000
    267.00000000     13.61717      0.00000      0.00000      0.00000      0.00000
    267.50000000     13.62014      0.00000      0.00000      0.00000      0.00000
    268.00000000     13.62335      0.00000      0.00000      0.00000      0.00000
    268.50000000     13.62792      0.00000      0.00000      0.00000      0.00000
    269.00000000     13.63115      0.00000      0.00000      0.00000      0.00000
    269.50000000     13.63572      0.00000      0.00000      0.00000      0.00000
    270.00000000     13.64306      0.00000      0.00000      0.00000      0.00000
    270.50000000     13.64982      0.00000      0.00000      0.00000      0.00000
    271.00000000     13.65636      0.00000      0.00000      0.00000      0.00000
    271.50000000     13.66331      0.00000      0.00000      0.00000      0.00000
    272.00000000     13.66781      0.00000      0.00000      0.00000      0.00000
    272.50000000     13.66923      0.00000      0.00000      0.00000      0.00000
    273.00000000     13.66913      0.00000      0.00000      0.00000      0.00000
    273.50000000     13.66950      0.00000      0.00000      0.00000      0.00000
    274.00000000     13.66989      0.00000      0.00000      0.00000      0.00000
    274.50000000     13.67009      0.00000      0.00000      0.00000      0.00000
    275.00000000     13.66855      0.00000      0.00000      0.00000      0.00000
    275.50000000     13.66859      0.00000      0.00000      0.00000      0.00000
    276.00000000     13.66826      0.00000      0.00000      0.00000      0.00000
    276.50000000     13.66688      0.00000      0.00000      0.00000      0.00000
    277.00000000     13.66502      0.00000      0.00000      0.00000      0.00000
    277.50000000     13.66153      0.00000      0.00000      0.00000      0.00000
    278.00000000     13.66282      0.00000      0.00000      0.00000      0.00000
    278.50000000     13.66135      0.00000      0.00000      0.00000      0.00000
    279.00000000     13.65973      0.00000      0.00000      0.00000      0.00000
    279.50000000     13.65638      0.00000      0.00000      0.00000      0.00000
    280.00000000     13.65230      0.00000      0.00000      0.00000      0.00000
    280.50000000     13.64756      0.00000      0.00000      0.00000      0.00000
    281.00000000     13.64269      0.00000      0.00000      0.00000      0.00000
    281.50000000     13.63558      0.00000      0.00000      0.00000      0.00000
    282.00000000     13.62997      0.00000      0.00000      0.00000      0.00000
    282.50000000     13.62479      0.00000      0.00000      0.00000      0.00000
    283.00000000     13.61987      0.00000      0.00000      0.00000      0.00000
    283.50000000     13.61370      0.00000      0.00000      0.00000      0.00000
    284.00000000     13.60637      0.00000      0.00000      0.00000      0.00000
    284.50000000     13.60012      0.00000      0.00000      0.00000      0.00000
    285.00000000     13.59327      0.00000      0.00000      0.00000      0.00000
    285.50000000     13.58531      0.00000      0.00000      0.00000      0.00000
    286.00000000     13.57766      0.00000      0.00000      0.00000      0.00000
    286.50000000     13.57186      0.00000      0.00000      0.00000      0.00000
    287.00000000     13.56735      0.00000      0.00000      0.00000      0.00000
    287.50000000     13.56344      0.00000      0.00000      0.00000      0.00000
    288.00000000     13.56278      0.00000      0.00000      0.00000      0.00000
    288.50000000     13.56214      0.00000      0.00000      0.00000      0.00000
    289.00000000     13.56216      0.00000      0.00000      0.00000      0.00000
    289.50000000     13.55904      0.00000      0.00000      0.00000      0.00000
    290.00000000     13.55536      0.00000      0.00000      0.00000      0.00000
    290.50000000     13.55251      0.00000      0.00000      0.00000      0.00000
    291.00000000     13.55065      0.00000      0.00000      0.00000      0.00000
    291.50000000     13.55409      0.00000      0.00000      0.00000      0.00000
    292.00000000     13.55853      0.00000      0.00000      0.00000      0.00000
    292.50000000     13.56064      0.00000      0.00000      0.00000      0.00000
    293.00000000     13.56286      0.00000      0.00000      0.00000      0.00000
    293.50000000     13.56514      0.00000      0.00000      0.00000      0.00000
    294.00000000     13.56751      0.00000      0.00000      0.00000      0.00000
    294.50000000     13.56944      0.00000      0.00000      0.00000      0.00000
    295.00000000     13.56861      0.00000      0.00000      0.00000      0.00000
    295.50000000     13.57032      0.00000      0.00000      0.00000      0.00000
    296.00000000     13.57364      0.00000      0.00000      0.00000      0.00000
    296.50000000     13.57355      0.00000      0.00000      0.00000      0.00000
    297.00000000     13.57307      0.00000      0.00000      0.00000      0.00000
    297.50000000     13.57231      0.00000      0.00000      0.00000      0.00000
    298.00000000     13.57068      0.00000      0.00000      0.00000      0.00000
    298.50000000     13.56805      0.00000      0.00000      0.00000      0.00000
    299.00000000     13.56604      0.00000      0.00000      0.00000      0.00000
    299.50000000     13.56489      0.00000      0.00000      0.00000      0.00000
    300.00000000     13.56272      0.00000      0.00000      0.00000      0.00000
    300.50000000     13.56044      0.00000      0.00000      0.00000      0.00000
    301.00000000     13.55715      0.00000      0.00000      0.00000      0.00000
    301.50000000     13.55521      0.00000      0.00000      0.00000      0.00000
    302.00000000     13.55321      0.00000      0.00000      0.00000      0.00000
    302.50000000     13.55238      0.00000      0.00000      0.00000      0.00000
    303.00000000     13.55105      0.00000      0.00000      0.00000      0.00000
    303.50000000     13.55381      0.00000      0.00000      0.00000      0.00000
    304.00000000     13.55508      0.00000      0.00000      0.00000      0.00000
    304.50000000     13.55368      0.00000      0.00000      0.00000      0.00000
    305.00000000     13.55439      0.00000      0.00000      0.00000      0.00000
    305.50000000     13.55268      0.00000      0.00000      0.00000      0.00000
    306.00000000     13.55112      0.00000      0.00000      0.00000      0.00000
    306.50000000     13.54909      0.00000      0.00000      0.00000      0.00000
    307.00000000     13.54597      0.00000      0.00000      0.00000      0.00000
    307.50000000     13.54208      0.00000      0.00000      0.00000      0.00000
    308.00000000     13.54131      0.00000      0.00000      0.00000      0.00000
    308.50000000     13.54042      0.00000      0.00000      0.00000      0.00000
    309.00000000     13.53937      0.00000      0.00000      0.00000      0.00000
    309.50000000     13.53691      0.00000      0.00000      0.00000      0.00000
    310.00000000     13.53230      0.00000      0.00000      0.00000      0.00000
    310.50000000     13.52635      0.00000      0.00000      0.00000      0.00000
    311.00000000     13.51723      0.00000      0.00000      0.00000      0.00000
    311.50000000     13.50760      0.00000      0.00000      0.00000      0.00000
    312.00000000     13.49728      0.00000      0.00000      0.00000      0.00000
    312.50000000     13.48658      0.00000      0.00000      0.00000      0.00000
    313.00000000     13.47687      0.00000      0.00000      0.00000      0.00000
    313.50000000     13.46924      0.00000      0.00000      0.00000      0.00000
    314.00000000     13.46250      0.00000      0.00000      0.00000      0.00000
    314.50000000     13.45726      0.00000      0.00000      0.00000      0.00000
    315.00000000     13.45210      0.00000      0.00000      0.00000      0.00000
    315.50000000     13.44667      0.00000      0.00000      0.00000      0.00000
    316.00000000     13.44003      0.00000      0.00000      0.00000      0.00000
    316.50000000     13.43623      0.00000      0.00000      0.00000      0.00000
    317.00000000     13.43017      0.00000      0.00000      0.00000      0.00000
    317.50000000     13.42557      0.00000      0.00000      0.00000      0.00000
    318.00000000     13.42145      0.00000      0.00000      0.00000      0.00000
    318.50000000     13.41646      0.00000      0.00000      0.00000      0.00000
    319.00000000     13.41062      0.00000      0.00000      0.00000      0.00000
    319.50000000     13.40635      0.00000      0.00000      0.00000      0.00000
    320.00000000     13.40053      0.00000      0.00000      0.00000      0.00000
    320.50000000     13.39604      0.00000      0.00000      0.00000      0.00000
    321.00000000     13.39323      0.00000      0.00000      0.00000      0.00000
    321.50000000     13.39404      0.00000      0.00000      0.00000      0.00000
    322.00000000     13.39374      0.00000      0.00000      0.00000      0.00000
    322.50000000     13.39410      0.00000      0.00000      0.00000      0.00000
    323.00000000     13.39227      0.00000      0.00000      0.00000      0.00000
    323.50000000     13.39090      0.00000      0.00000      0.00000      0.00000
    324.00000000     13.38947      0.00000      0.00000      0.00000      0.00000
    324.50000000     13.38952      0.00000      0.00000      0.00000      0.00000
    325.00000000     13.38689      0.00000      0.00000      0.00000      0.00000
    325.50000000     13.38336      0.00000      0.00000      0.00000      0.00000
    326.00000000     13.37877      0.00000      0.00000      0.00000      0.00000
    326.50000000     13.37374      0.00000      0.00000      0.00000      0.00000
    327.00000000     13.36642      0.00000      0.00000      0.00000      0.00000
    327.50000000     13.35951      0.00000      0.00000      0.00000      0.00000
    328.00000000     13.35275      0.00000      0.00000      0.00000      0.00000
    328.50000000     13.34512      0.00000      0.00000      0.00000      0.00000
    329.00000000     13.33478      0.00000      0.00000      0.00000      0.00000
    329.50000000     13.32119      0.00000      0.00000      0.00000      0.00000
    330.00000000     13.31064      0.00000      0.00000      0.00000      0.00000
    330.50000000     13.29940      0.00000      0.00000      0.00000      0.00000
    331.00000000     13.29026      0.00000      0.00000      0.00000      0.00000
    331.50000000     13.28137      0.00000      0.00000      0.00000      0.00000
    332.00000000     13.27183      0.00000      0.00000      0.00000      0.00000
    332.50000000     13.26409      0.00000      0.00000      0.00000      0.00000
    333.00000000     13.25608      0.00000      0.00000      0.00000      0.00000
    333.50000000     13.24703      0.00000      0.00000      0.00000      0.00000
    334.00000000     13.23952      0.00000      0.00000      0.00000      0.00000
    334.50000000     13.23093      0.00000      0.00000      0.00000      0.00000
    335.00000000     13.22400      0.00000      0.00000      0.00000      0.00000
    335.50000000     13.21664      0.00000      0.00000      0.00000      0.00000
    336.00000000     13.20687      0.00000      0.00000      0.00000      0.00000
    336.50000000     13.19660      0.00000      0.00000      0.00000      0.00000
    337.00000000     13.18737      0.00000      0.00000      0.00000      0.00000
    337.50000000     13.17871      0.00000      0.00000      0.00000      0.00000
    338.00000000     13.16825      0.00000      0.00000      0.00000      0.00000
    338.50000000     13.15973      0.00000      0.00000      0.00000      0.00000
    339.00000000     13.15238      0.00000      0.00000      0.00000      0.00000
    339.50000000     13.14798      0.00000      0.00000      0.00000      0.00000
    340.00000000     13.14246      0.00000      0.00000      0.00000      0.00000
    340.50000000     13.13704      0.00000      0.00000      0.00000      0.00000
    341.00000000     13.13145      0.00000      0.00000      0.00000      0.00000
    341.50000000     13.12651      0.00000      0.00000      0.00000      0.00000
    342.00000000     13.12329      0.00000      0.00000      0.00000      0.00000
    342.50000000     13.11810      0.00000      0.00000      0.00000      0.00000
    343.00000000     13.11151      0.00000      0.00000      0.00000      0.00000
    343.50000000     13.10547      0.00000      0.00000      0.00000      0.00000
    344.00000000     13.10205      0.00000      0.00000      0.00000      0.00000
    344.50000000     13.09851      0.00000      0.00000      0.00000      0.00000
    345.00000000     13.09661      0.00000      0.00000      0.00000      0.00000
    345.50000000     13.09267      0.00000      0.00000      0.00000      0.00000
    346.00000000     13.09067      0.00000      0.00000      0.00000      0.00000
    346.50000000     13.08930      0.00000      0.00000      0.00000      0.00000
    347.00000000     13.08701      0.00000      0.00000      0.00000      0.00000
    347.50000000     13.08645      0.00000      0.00000      0.00000      0.00000
    348.00000000     13.08537      0.00000      0.00000      0.00000      0.00000
    348.50000000     13.08525      0.00000      0.00000      0.00000      0.00000
    349.00000000     13.08214      0.00000      0.00000      0.00000      0.00000
    349.50000000     13.07962      0.00000      0.00000      0.00000      0.00000
    350.00000000     13.07809      0.00000      0.00000      0.00000      0.00000
    350.50000000     13.07723      0.00000      0.00000      0.00000      0.00000
    351.00000000     13.07434      0.00000      0.00000      0.00000      0.00000
    351.50000000     13.07051      0.00000      0.00000      0.00000      0.00000
    352.00000000     13.06544      0.00000      0.00000      0.00000      0.00000
    352.50000000     13.05824      0.00000      0.00000      0.00000      0.00000
    353.00000000     13.05226      0.00000      0.00000      0.00000      0.00000
    353.50000000     13.05098      0.00000      0.00000      0.00000      0.00000
    354.00000000     13.05029      0.00000      0.00000      0.00000      0.00000
    354.50000000     13.04844      0.00000      0.00000      0.00000      0.00000
    355.00000000     13.04763      0.00000      0.00000      0.00000      0.00000
    355.50000000     13.04610      0.00000      0.00000      0.00000      0.00000
    356.00000000     13.04351      0.00000      0.00000      0.00000      0.00000
    356.50000000     13.04257      0.00000      0.00000      0.00000      0.00000
    357.00000000     13.04359      0.00000      0.00000      0.00000      0.00000
    357.50000000     13.04324      0.00000      0.00000      0.00000      0.00000
    358.00000000     13.04406      0.00000      0.00000      0.00000      0.00000
    358.50000000     13.04497      0.00000      0.00000      0.00000      0.00000
    359.00000000     13.04543      0.00000      0.00000      0.00000      0.00000
    359.50000000     13.04488      0.00000      0.00000      0.00000      0.00000
    360.00000000     13.04279      0.00000      0.00000      0.00000      0.00000
    360.50000000     13.04128      0.00000      0.00000      0.00000      0.00000
    361.00000000     13.03811      0.00000      0.00000      0.00000      0.00000
    361.50000000     13.03458      0.00000      0.00000      0.00000      0.00000
    362.00000000     13.03123      0.00000      0.00000      0.00000      0.00000
    362.50000000     13.02834      0.00000      0.00000      0.00000      0.00000
    363.00000000     13.02322      0.00000      0.00000      0.00000      0.00000
    363.50000000     13.02065      0.00000      0.00000      0.00000      0.00000
    364.00000000     13.01759      0.00000      0.00000      0.00000      0.00000
    364.50000000     13.01462      0.00000      0.00000      0.00000      0.00000
    365.00000000     13.01361      0.00000      0.00000      0.00000      0.00000
    365.50000000     13.01305      0.00000      0.00000      0.00000      0.00000
    366.00000000     13.01147      0.00000      0.00000      0.00000      0.00000
    366.50000000     13.00937      0.00000      0.00000      0.00000      0.00000
    367.00000000     13.01009      0.00000      0.00000      0.00000      0.00000
    367.50000000     13.01006      0.00000      0.00000      0.00000      0.00000
    368.00000000     13.00937      0.00000      0.00000      0.00000      0.00000
    368.50000000     13.00827      0.00000      0.00000      0.00000      0.00000
    369.00000000     13.00710      0.00000      0.00000      0.00000      0.00000
    369.50000000     13.00671      0.00000      0.00000      0.00000      0.00000
    370.00000000     13.00439      0.00000      0.00000      0.00000      0.00000
    370.50000000     13.00121      0.00000      0.00000      0.00000      0.00000
    371.00000000     12.99618      0.00000      0.00000      0.00000      0.00000
    371.50000000     12.99213      0.00000      0.00000      0.00000      0.00000
    372.00000000     12.98839      0.00000      0.00000      0.00000      0.00000
    372.50000000     12.98370      0.00000      0.00000      0.00000      0.00000
    373.00000000     12.97774      0.00000      0.00000      0.00000      0.00000
    373.50000000     12.97219      0.00000      0.00000      0.00000      0.00000
    374.00000000     12.96143      0.00000      0.00000      0.00000      0.00000
    374.50000000     12.95119      0.00000      0.00000      0.00000      0.00000
    375.00000000     12.94095      0.00000      0.00000      0.00000      0.00000
    375.50000000     12.92994      0.00000      0.00000      0.00000      0.00000
    376.00000000     12.91659      0.00000      0.00000      0.00000      0.00000
    376.50000000     12.90493      0.00000      0.00000      0.00000      0.00000
    377.00000000     12.89406      0.00000      0.00000      0.00000      0.00000
    377.50000000     12.88501      0.00000      0.00000      0.00000      0.00000
    378.00000000     12.87682      0.00000      0.00000      0.00000      0.00000
    378.50000000     12.86484      0.00000      0.00000      0.00000      0.00000
    379.00000000     12.85351      0.00000      0.00000      0.00000      0.00000
    379.50000000     12.84470      0.00000      0.00000      0.00000      0.00000
    380.00000000     12.83361      0.00000      0.00000      0.00000      0.00000
    380.50000000     12.82293      0.00000      0.00000      0.00000      0.00000
    381.00000000     12.81320      0.00000      0.00000      0.00000      0.00000
    381.50000000     12.80583      0.00000      0.00000      0.00000      0.00000
    382.00000000     12.79832      0.00000      0.00000      0.00000      0.00000
    382.50000000     12.78957      0.00000      0.00000      0.00000      0.00000
    383.00000000     12.78159      0.00000      0.00000      0.00000      0.00000
    383.50000000     12.77483      0.00000      0.00000      0.00000      0.00000
    384.00000000     12.76939      0.00000      0.00000      0.00000      0.00000
    384.50000000     12.76401      0.00000      0.00000      0.00000      0.00000
    385.00000000     12.75908      0.00000      0.00000      0.00000      0.00000
    385.50000000     12.75562      0.00000      0.00000      0.00000      0.00000
    386.00000000     12.74904      0.00000      0.00000      0.00000      0.00000
    386.50000000     12.73669      0.00000      0.00000      0.00000      0.00000
    387.00000000     12.72495      0.00000      0.00000      0.00000      0.00000
    387.50000000     12.71538      0.00000      0.00000      0.00000      0.00000
    388.00000000     12.70707      0.00000      0.00000      0.00000      0.00000
    388.50000000     12.70075      0.00000      0.00000      0.00000      0.00000
    389.00000000     12.69457      0.00000      0.00000      0.00000      0.00000
    389.50000000     12.68776      0.00000      0.00000      0.00000      0.00000
    390.00000000     12.68009      0.00000      0.00000      0.00000      0.00000
    390.50000000     12.67221      0.00000      0.00000      0.00000      0.00000
    391.00000000     12.66464      0.00000      0.00000      0.00000      0.00000
    391.50000000     12.65569      0.00000      0.00000      0.00000      0.00000
    392.00000000     12.64804      0.00000      0.00000      0.00000      0.00000
    392.50000000     12.64252      0.00000      0.00000      0.00000      0.00000
    393.00000000     12.63774      0.00000      0.00000      0.00000      0.00000
    393.50000000     12.63195      0.00000      0.00000      0.00000      0.00000
    394.00000000     12.62488      0.00000      0.00000      0.00000      0.00000
    394.50000000     12.61915      0.00000      0.00000      0.00000      0.00000
    395.00000000     12.61335      0.00000      0.00000      0.00000      0.00000
    395.50000000     12.60833      0.00000      0.00000      0.00000      0.00000
    396.00000000     12.59974      0.00000      0.00000      0.00000      0.00000
    396.50000000     12.58790      0.00000      0.00000      0.00000      0.00000
    397.00000000     12.57918      0.00000      0.00000      0.00000      0.00000
    397.50000000     12.57014      0.00000      0.00000      0.00000      0.00000
    398.00000000     12.56516      0.00000      0.00000      0.00000      0.00000
    398.50000000     12.55993      0.00000      0.00000      0.00000      0.00000
    399.00000000     12.55069      0.00000      0.00000      0.00000      0.00000
    399.50000000     12.54342      0.00000      0.00000      0.00000      0.00000
    400.00000000     12.53412      0.00000      0.00000      0.00000      0.00000
    400.50000000     12.52693      0.00000      0.00000      0.00000      0.00000
    401.00000000     12.51918      0.00000      0.00000      0.00000      0.00000
    401.50000000     12.51032      0.00000      0.00000      0.00000      0.00000
    402.00000000     12.50126      0.00000      0.00000      0.00000      0.00000
    402.50000000     12.49065      0.00000      0.00000      0.00000      0.00000
    403.00000000     12.48081      0.00000      0.00000      0.00000      0.00000
    403.50000000     12.47119      0.00000      0.00000      0.00000      0.00000
    404.00000000     12.46239      0.00000      0.00000      0.00000      0.00000
    404.50000000     12.45287      0.00000      0.00000      0.00000      0.00000
    405.00000000     12.44468      0.00000      0.00000      0.00000      0.00000
    405.50000000     12.43595      0.00000      0.00000      0.00000      0.00000
    406.00000000     12.42739      0.00000      0.00000      0.00000      0.00000
    406.50000000     12.41702      0.00000      0.00000      0.00000      0.00000
    407.00000000     12.40835      0.00000      0.00000      0.00000      0.00000
    407.50000000     12.40201      0.00000      0.00000      0.00000      0.00000
    408.00000000     12.39576      0.00000      0.00000      0.00000      0.00000
    408.50000000     12.39019      0.00000      0.00000      0.00000      0.00000
    409.00000000     12.38587      0.00000      0.00000      0.00000      0.00000
    409.50000000     12.38014      0.00000      0.00000      0.00000      0.00000
    410.00000000     12.37405      0.00000      0.00000      0.00000      0.00000
    410.50000000     12.37056      0.00000      0.00000      0.00000      0.00000
    411.00000000     12.36594      0.00000      0.00000      0.00000      0.00000
    411.50000000     12.36339      0.00000      0.00000      0.00000      0.00000
    412.00000000     12.35973      0.00000      0.00000      0.00000      0.00000
    412.50000000     12.35507      0.00000      0.00000      0.00000      0.00000
    413.00000000     12.34768      0.00000      0.00000      0.00000      0.00000
    413.50000000     12.34083      0.00000      0.00000      0.00000      0.00000
    414.00000000     12.33283      0.00000      0.00000      0.00000      0.00000
    414.50000000     12.32389      0.00000      0.00000      0.00000      0.00000
    415.00000000     12.31270      0.00000      0.00000      0.00000      0.00000
    415.50000000     12.29988      0.00000      0.00000      0.00000      0.00000
    416.00000000     12.28931      0.00000      0.00000      0.00000      0.00000
    416.50000000     12.27593      0.00000      0.00000      0.00000      0.00000
    417.00000000     12.26474      0.00000      0.00000      0.00000      0.00000
    417.50000000     12.25313      0.00000      0.00000      0.00000      0.00000
    418.00000000     12.24247      0.00000      0.00000      0.00000      0.00000
    418.50000000     12.23203      0.00000      0.00000      0.00000      0.00000
    419.00000000     12.22228      0.00000      0.00000      0.00000      0.00000
    419.50000000     12.21657      0.00000      0.00000      0.00000      0.00000
    420.00000000     12.21257      0.00000      0.00000      0.00000      0.00000
    420.50000000     12.20858      0.00000      0.00000      0.00000      0.00000
    421.00000000     12.20517      0.00000      0.00000      0.00000      0.00000
    421.50000000     12.20170      0.00000      0.00000      0.00000      0.00000
    422.00000000     12.19762      0.00000      0.00000      0.00000      0.00000
    422.50000000     12.19590      0.00000      0.00000      0.00000      0.00000
    423.00000000     12.19247      0.00000      0.00000      0.00000      0.00000
    423.50000000     12.19152      0.00000      0.00000      0.00000      0.00000
    424.00000000     12.18789      0.00000      0.00000      0.00000      0.00000
    424.50000000     12.18385      0.00000      0.00000      0.00000      0.00000
    425.00000000     12.18300      0.00000      0.00000      0.00000      0.00000
    425.50000000     12.18078      0.00000      0.00000      0.00000      0.00000
    426.00000000     12.17710      0.00000      0.00000      0.00000      0.00000
    426.50000000     12.17396      0.00000      0.00000      0.00000      0.00000
    427.00000000     12.17528      0.00000      0.00000      0.00000      0.00000
    427.50000000     12.17406      0.00000      0.00000      0.00000      0.00000
    428.00000000     12.17066      0.00000      0.00000      0.00000      0.00000
    428.50000000     12.16653      0.00000      0.00000      0.00000      0.00000
    429.00000000     12.16285      0.00000      0.00000      0.00000      0.00000
    429.50000000     12.16067      0.00000      0.00000      0.00000      0.00000
    430.00000000     12.15918      0.00000      0.00000      0.00000      0.00000
    430.50000000     12.15568      0.00000      0.00000      0.00000      0.00000
    431.00000000     12.15379      0.00000      0.00000      0.00000      0.00000
    431.50000000     12.15187      0.00000      0.00000      0.00000      0.00000
    432.00000000     12.14586      0.00000      0.00000      0.00000      0.00000
    432.50000000     12.14018      0.00000      0.00000      0.00000      0.00000
    433.00000000     12.13429      0.00000      0.00000      0.00000      0.00000
    433.50000000     12.12890      0.00000      0.00000      0.00000      0.00000
    434.00000000     12.12102      0.00000      0.00000      0.00000      0.00000
    434.50000000     12.11088      0.00000      0.00000      0.00000      0.00000
    435.00000000     12.10186      0.00000      0.00000      0.00000      0.00000
    435.50000000     12.09333      0.00000      0.00000      0.00000      0.00000
    436.00000000     12.08689      0.00000      0.00000      0.00000      0.00000
    436.50000000     12.08383      0.00000      0.00000      0.00000      0.00000
    437.00000000     12.07882      0.00000      0.00000      0.00000      0.00000
    437.50000000     12.07536      0.00000      0.00000      0.00000      0.00000
    438.00000000     12.06894      0.00000      0.00000      0.00000      0.00000
    438.50000000     12.06017      0.00000      0.00000      0.00000      0.00000
    439.00000000     12.05124      0.00000      0.00000      0.00000      0.00000
    439.50000000     12.04146      0.00000      0.00000      0.00000      0.00000
    440.00000000     12.03270      0.00000      0.00000      0.00000      0.00000
    440.50000000     12.02371      0.00000      0.00000      0.00000      0.00000
    441.00000000     12.01341      0.00000      0.00000      0.00000      0.00000
    441.50000000     12.00291      0.00000      0.00000      0.00000      0.00000
    442.00000000     11.98993      0.00000      0.00000      0.00000      0.00000
    442.50000000     11.97811      0.00000      0.00000      0.00000      0.00000
    443.00000000     11.96723      0.00000      0.00000      0.00000      0.00000
    443.50000000     11.95600      0.00000      0.00000      0.00000      0.00000
    444.00000000     11.94480      0.00000      0.00000      0.00000      0.00000
    444.50000000     11.93363      0.00000      0.00000      0.00000      0.00000
    445.00000000     11.92394      0.00000      0.00000      0.00000      0.00000
    445.50000000     11.91283      0.00000      0.00000      0.00000      0.00000
    446.00000000     11.90011      0.00000      0.00000      0.00000      0.00000
    446.50000000     11.89137      0.00000      0.00000      0.00000      0.00000
    447.00000000     11.88055      0.00000      0.00000      0.00000      0.00000
    447.50000000     11.87237      0.00000      0.00000      0.00000      0.00000
    448.00000000     11.86232      0.00000      0.00000      0.00000      0.00000
    448.50000000     11.85259      0.00000      0.00000      0.00000      0.00000
    449.00000000     11.84281      0.00000      0.00000      0.00000      0.00000
    449.50000000     11.83459      0.00000      0.00000      0.00000      0.00000
    450.00000000     11.82731      0.00000      0.00000      0.00000      0.00000
    450.50000000     11.82026      0.00000      0.00000      0.00000      0.00000
    451.00000000     11.81360      0.00000      0.00000      0.00000      0.00000
    451.50000000     11.80583      0.00000      0.00000      0.00000      0.00000
    452.00000000     11.79746      0.00000      0.00000      0.00000      0.00000
    452.50000000     11.79077      0.00000      0.00000      0.00000      0.00000
    453.00000000     11.78414      0.00000      0.00000      0.00000      0.00000
    453.50000000     11.77916      0.00000      0.00000      0.00000      0.00000
    454.00000000     11.77473      0.00000      0.00000      0.00000      0.00000
    454.50000000     11.76985      0.00000      0.00000      0.00000      0.00000
    455.00000000     11.76463      0.00000      0.00000      0.00000      0.00000
    455.50000000     11.76037      0.00000      0.00000      0.00000      0.00000
    456.00000000     11.75736      0.00000      0.00000      0.00000      0.00000
    456.50000000     11.75564      0.00000      0.00000      0.00000      0.00000
    457.00000000     11.75626      0.00000      0.00000      0.00000      0.00000
    457.50000000     11.75674      0.00000      0.00000      0.00000      0.00000
    458.00000000     11.75619      0.00000      0.00000      0.00000      0.00000
    458.50000000     11.75764      0.00000      0.00000      0.00000      0.00000
    459.00000000     11.75808      0.00000      0.00000      0.00000      0.00000
    459.50000000     11.75804      0.00000      0.00000      0.00000      0.00000
    460.00000000     11.75751      0.00000      0.00000      0.00000      0.00000
    460.50000000     11.75891      0.00000      0.00000      0.00000      0.00000
    461.00000000     11.75965      0.00000      0.00000      0.00000      0.00000
    461.50000000     11.75776      0.00000      0.00000      0.00000      0.00000
    462.00000000     11.75638      0.00000      0.00000      0.00000      0.00000
    462.50000000     11.75684      0.00000      0.00000      0.00000      0.00000
    463.00000000     11.75716      0.00000      0.00000      0.00000      0.00000
    463.50000000     11.75715      0.00000      0.00000      0.00000      0.00000
    464.00000000     11.75832      0.00000      0.00000      0.00000      0.00000
    464.50000000     11.75771      0.00000      0.00000      0.00000      0.00000
    465.00000000     11.75798      0.00000      0.00000      0.00000      0.00000
    465.50000000     11.75942      0.00000      0.00000      0.00000      0.00000
    466.00000000     11.76387      0.00000      0.00000      0.00000      0.00000
    466.50000000     11.76587      0.00000      0.00000      0.00000      0.00000
    467.00000000     11.76834      0.00000      0.00000      0.00000      0.00000
    467.50000000     11.77127      0.00000      0.00000      0.00000      0.00000
    468.00000000     11.77517      0.00000      0.00000      0.00000      0.00000
    468.50000000     11.77823      0.00000      0.00000      0.00000      0.00000
    469.00000000     11.77982      0.00000      0.00000      0.00000      0.00000
    469.50000000     11.78293      0.00000      0.00000      0.00000      0.00000
    470.00000000     11.78577      0.00000      0.00000      0.00000      0.00000
    470.50000000     11.78819      0.00000      0.00000      0.00000      0.00000
    471.00000000     11.79165      0.00000      0.00000      0.00000      0.00000
    471.50000000     11.79524      0.00000      0.00000      0.00000      0.00000
    472.00000000     11.79774      0.00000      0.00000      0.00000      0.00000
    472.50000000     11.79906      0.00000      0.00000      0.00000      0.00000
    473.00000000     11.80194      0.00000      0.00000      0.00000      0.00000
    473.50000000     11.80528      0.00000      0.00000      0.00000      0.00000
    474.00000000     11.80930      0.00000      0.00000      0.00000      0.00000
    474.50000000     11.81176      0.00000      0.00000      0.00000      0.00000
    475.00000000     11.81348      0.00000      0.00000      0.00000      0.00000
    475.50000000     11.81813      0.00000      0.00000      0.00000      0.00000
    476.00000000     11.82395      0.00000      0.00000      0.00000      0.00000
    476.50000000     11.82599      0.00000      0.00000      0.00000      0.00000
    477.00000000     11.82763      0.00000      0.00000      0.00000      0.00000
    477.50000000     11.82709      0.00000      0.00000      0.00000      0.00000
    478.00000000     11.82667      0.00000      0.00000      0.00000      0.00000
    478.50000000     11.82919      0.00000      0.00000      0.00000      0.00000
    479.00000000     11.83472      0.00000      0.00000      0.00000      0.00000
    479.50000000     11.83992      0.00000      0.00000      0.00000      0.00000
    480.00000000     11.84600      0.00000      0.00000      0.00000      0.00000
    480.50000000     11.85218      0.00000      0.00000      0.00000      0.00000
    481.00000000     11.85827      0.00000      0.00000      0.00000      0.00000
    481.50000000     11.86455      0.00000      0.00000      0.00000      0.00000
    482.00000000     11.86892      0.00000      0.00000      0.00000      0.00000
    482.50000000     11.87269      0.00000      0.00000      0.00000      0.00000
    483.00000000     11.87667      0.00000      0.00000      0.00000      0.00000
    483.50000000     11.88101      0.00000      0.00000      0.00000      0.00000
    484.00000000     11.88266      0.00000      0.00000      0.00000      0.00000
    484.50000000     11.87980      0.00000      0.00000      0.00000      0.00000
    485.00000000     11.87739      0.00000      0.00000      0.00000      0.00000
    485.50000000     11.87368      0.00000      0.00000      0.00000      0.00000
    486.00000000     11.87234      0.00000      0.00000      0.00000      0.00000
    486.50000000     11.87110      0.00000      0.00000      0.00000      0.00000
    487.00000000     11.86796      0.00000      0.00000      0.00000      0.00000
    487.50000000     11.86557      0.00000      0.00000      0.00000      0.00000
    488.00000000     11.86215      0.00000      0.00000      0.00000      0.00000
    488.50000000     11.85823      0.00000      0.00000      0.00000      0.00000
    489.00000000     11.85397      0.00000      0.00000      0.00000      0.00000
    489.50000000     11.85080      0.00000      0.00000      0.00000      0.00000
    490.00000000     11.85149      0.00000      0.00000      0.00000      0.00000
    490.50000000     11.85065      0.00000      0.00000      0.00000      0.00000
    491.00000000     11.85031      0.00000      0.00000      0.00000      0.00000
    491.50000000     11.84974      0.00000      0.00000      0.00000      0.00000
    492.00000000     11.85006      0.00000      0.00000      0.00000      0.00000
    492.50000000     11.84792      0.00000      0.00000      0.00000      0.00000
    493.00000000     11.84585      0.00000      0.00000      0.00000      0.00000
    493.50000000     11.84440      0.00000      0.00000      0.00000      0.00000
    494.00000000     11.84438      0.00000      0.00000      0.00000      0.00000
    494.50000000     11.84446      0.00000      0.00000      0.00000      0.00000
    495.00000000     11.84281      0.00000      0.00000      0.00000      0.00000
    495.50000000     11.83989      0.00000      0.00000      0.00000      0.00000
    496.00000000     11.83642      0.00000      0.00000      0.00000      0.00000
    496.50000000     11.83372      0.00000      0.00000      0.00000      0.00000
    497.00000000     11.82910      0.00000      0.00000      0.00000      0.00000
    497.50000000     11.82546      0.00000      0.00000      0.00000      0.00000
    498.00000000     11.82280      0.00000      0.00000      0.00000      0.00000
    498.50000000     11.82157      0.00000      0.00000      0.00000      0.00000
    499.00000000     11.82111      0.00000      0.00000      0.00000      0.00000
    499.50000000     11.82053      0.00000      0.00000      0.00000      0.00000
    500.00000000     11.82182      0.00000      0.00000      0.00000      0.00000
    500.50000000     11.82221      0.00000      0.00000      0.00000      0.00000
    501.00000000     11.82281      0.00000      0.00000      0.00000      0.00000
    501.50000000     11.82084      0.00000      0.00000      0.00000      0.00000
    502.00000000     11.81818      0.00000      0.00000      0.00000      0.00000
    502.50000000     11.81435      0.00000      0.00000      0.00000      0.00000
    503.00000000     11.81140      0.00000      0.00000      0.00000      0.00000
    503.50000000     11.80857      0.00000      0.00000      0.00000      0.00000
    504.00000000     11.80534      0.00000      0.00000      0.00000      0.00000
    504.50000000     11.80155      0.00000      0.00000      0.00000      0.00000
    505.00000000     11.79709      0.00000      0.00000      0.00000      0.00000
    505.50000000     11.79575      0.00000      0.00000      0.00000      0.00000
    506.00000000     11.79523      0.00000      0.00000      0.00000      0.00000
    506.50000000     11.79583      0.00000      0.00000      0.00000      0.00000
    507.00000000     11.79720      0.00000      0.00000      0.00000      0.00000
    507.50000000     11.79839      0.00000      0.00000      0.00000      0.00000
    508.00000000     11.80033      0.00000      0.00000      0.00000      0.00000
    508.50000000     11.80121      0.00000      0.00000      0.00000      0.00000
    509.00000000     11.80282      0.00000      0.00000      0.00000      0.00000
    509.50000000     11.80605      0.00000      0.00000      0.00000      0.00000
    510.00000000     11.81034      0.00000      0.00000      0.00000      0.00000
    510.50000000     11.81248      0.00000      0.00000      0.00000      0.00000
    511.00000000     11.81584      0.00000      0.00000      0.00000      0.00000
    511.50000000     11.81959      0.00000      0.00000      0.00000      0.00000
    512.00000000     11.82332      0.00000      0.00000      0.00000      0.00000
    512.50000000     11.82412      0.00000      0.00000      0.00000      0.00000
    513.00000000     11.82299      0.00000      0.00000      0.00000      0.00000
    513.50000000     11.82091      0.00000      0.00000      0.00000      0.00000
    514.00000000     11.81903      0.00000      0.00000      0.00000      0.00000
    514.50000000     11.81906      0.00000      0.00000      0.00000      0.00000
    515.00000000     11.82177      0.00000      0.00000      0.00000      0.00000
    515.50000000     11.82691      0.00000      0.00000      0.00000      0.00000
    516.00000000     11.82839      0.00000      0.00000      0.00000      0.00000
    516.50000000     11.82997      0.00000      0.00000      0.00000      0.00000
    517.00000000     11.82975      0.00000      0.00000      0.00000      0.00000
    517.50000000     11.82883      0.00000      0.00000      0.00000      0.00000
    518.00000000     11.82832      0.00000      0.00000      0.00000      0.00000
    518.50000000     11.82966      0.00000      0.00000      0.00000      0.00000
    519.00000000     11.83016      0.00000      0.00000      0.00000      0.00000
    519.50000000     11.83082      0.00000      0.00000      0.00000      0.00000
    520.00000000     11.83175      0.00000      0.00000      0.00000      0.00000
    520.50000000     11.83274      0.00000      0.00000      0.00000      0.00000
    521.00000000     11.83561      0.00000      0.00000      0.00000      0.00000
    521.50000000     11.83987      0.00000      0.00000      0.00000      0.00000
    522.00000000     11.84494      0.00000      0.00000      0.00000      0.00000
    522.50000000     11.84982      0.00000      0.00000      0.00000      0.00000
    523.00000000     11.85031      0.00000      0.00000      0.00000      0.00000
    523.50000000     11.84907      0.00000      0.00000      0.00000      0.00000
    524.00000000     11.84828      0.00000      0.00000      0.00000      0.00000
    524.50000000     11.84642      0.00000      0.00000      0.00000      0.00000
    525.00000000     11.84549      0.00000      0.00000      0.00000      0.00000
    525.50000000     11.84241      0.00000      0.00000      0.00000      0.00000
    526.00000000     11.83814      0.00000      0.00000      0.00000      0.00000
    526.50000000     11.83269      0.00000      0.00000      0.00000      0.00000
    527.00000000     11.82746      0.00000      0.00000      0.00000      0.00000
    527.50000000     11.82688      0.00000      0.00000      0.00000      0.00000
    528.00000000     11.82739      0.00000      0.00000      0.00000      0.00000
    528.50000000     11.82654      0.00000      0.00000      0.00000      0.00000
    529.00000000     11.82751      0.00000      0.00000      0.00000      0.00000
    529.50000000     11.82860      0.00000      0.00000      0.00000      0.00000
    530.00000000     11.83037      0.00000      0.00000      0.00000      0.00000
    530.50000000     11.83182      0.00000      0.00000      0.00000      0.00000
    531.00000000     11.83319      0.00000      0.00000      0.00000      0.00000
    531.50000000     11.83370      0.00000      0.00000      0.00000      0.00000
    532.00000000     11.83511      0.00000      0.00000      0.00000      0.00000
    532.50000000     11.83559      0.00000      0.00000      0.00000      0.00000
    533.00000000     11.83722      0.00000      0.00000      0.00000      0.00000
    533.50000000     11.84075      0.00000      0.00000      0.00000      0.00000
    534.00000000     11.84072      0.00000      0.00000      0.00000      0.00000
    534.50000000     11.84145      0.00000      0.00000      0.00000      0.00000
    535.00000000     11.84120      0.00000      0.00000      0.00000      0.00000
    535.50000000     11.84027      0.00000      0.00000      0.00000      0.00000
    536.00000000     11.84038      0.00000      0.00000      0.00000      0.00000
    536.50000000     11.84233      0.00000      0.00000      0.00000      0.00000
    537.00000000     11.84412      0.00000      0.00000      0.00000      0.00000
    537.50000000     11.84757      0.00000      0.00000      0.00000      0.00000
    538.00000000     11.85104      0.00000      0.00000      0.00000      0.00000
    538.50000000     11.85546      0.00000      0.00000      0.00000      0.00000
    539.00000000     11.86107      0.00000      0.00000      0.00000      0.00000
    539.50000000     11.86430      0.00000      0.00000      0.00000      0.00000
    540.00000000     11.86721      0.00000      0.00000      0.00000      0.00000
    540.50000000     11.87263      0.00000      0.00000      0.00000      0.00000
    541.00000000     11.87827      0.00000      0.00000      0.00000      0.00000
    541.50000000     11.88387      0.00000      0.00000      0.00000      0.00000
    542.00000000     11.88789      0.00000      0.00000      0.00000      0.00000
    542.50000000     11.88989      0.00000      0.00000      0.00000      0.00000
    543.00000000     11.88865      0.00000      0.00000      0.00000      0.00000
    543.50000000     11.88680      0.00000      0.00000      0.00000      0.00000
    544.00000000     11.88369      0.00000      0.00000      0.00000      0.00000
    544.50000000     11.88045      0.00000      0.00000      0.00000      0.00000
    545.00000000     11.87903      0.00000      0.00000      0.00000      0.00000
    545.50000000     11.88006      0.00000      0.00000      0.00000      0.00000
    546.00000000     11.87858      0.00000      0.00000      0.00000      0.00000
    546.50000000     11.87896      0.00000      0.00000      0.00000      0.00000
    547.00000000     11.88229      0.00000      0.00000      0.00000      0.00000
    547.50000000     11.88513      0.00000      0.00000      0.00000      0.00000
    548.00000000     11.88899      0.00000      0.00000      0.00000      0.00000
    548.50000000     11.89100      0.00000      0.00000      0.00000      0.00000
    549.00000000     11.89249      0.00000      0.00000      0.00000      0.00000
    549.50000000     11.89619      0.00000      0.00000      0.00000      0.00000
    550.00000000     11.89962      0.00000      0.00000      0.00000      0.00000
    550.50000000     11.90102      0.00000      0.00000      0.00000      0.00000
    551.00000000     11.89956      0.00000      0.00000      0.00000      0.00000
    551.50000000     11.89772      0.00000      0.00000      0.00000      0.00000
    552.00000000     11.89454      0.00000      0.00000      0.00000      0.00000
    552.50000000     11.88949      0.00000      0.00000      0.00000      0.00000
    553.00000000     11.88582      0.00000      0.00000      0.00000      0.00000
    553.50000000     11.88414      0.00000      0.00000      0.00000      0.00000
    554.00000000     11.88451      0.00000      0.00000      0.00000      0.00000
    554.50000000     11.88523      0.00000      0.00000      0.00000      0.00000
    555.00000000     11.88505      0.00000      0.00000      0.00000      0.00000
    555.50000000     11.88511      0.00000      0.00000      0.00000      0.00000
    556.00000000     11.88557      0.00000      0.00000      0.00000      0.00000
    556.50000000     11.88284      0.00000      0.00000      0.00000      0.00000
    557.00000000     11.87973      0.00000      0.00000      0.00000      0.00000
    557.50000000     11.87886      0.00000      0.00000      0.00000      0.00000
    558.00000000     11.87938      0.00000      0.00000      0.00000      0.00000
    558.50000000     11.88115      0.00000      0.00000      0.00000      0.00000
    559.00000000     11.88727      0.00000      0.00000      0.00000      0.00000
    559.50000000     11.89405      0.00000      0.00000      0.00000      0.00000
    560.00000000     11.90111      0.00000      0.00000      0.00000      0.00000
    560.50000000     11.90683      0.00000      0.00000      0.00000      0.00000
    561.00000000     11.91077      0.00000      0.00000      0.00000      0.00000
    561.50000000     11.91349      0.00000      0.00000      0.00000      0.00000
    562.00000000     11.91646      0.00000      0.00000      0.00000      0.00000
    562.50000000     11.91843      0.00000      0.00000      0.00000      0.00000
