   2270.00000000      8.91349      0.00000      0.00000      0.00000      0.00000
   2270.50000000      8.91065      0.00000      0.00000      0.00000      0.00000
   2271.00000000      8.90708      0.00000      0.00000      0.00000      0.00000
   2271.50000000      8.90249      0.00000      0.00000      0.00000      0.00000
   2272.00000000      8.89614      0.00000      0.00000      0.00000      0.00000
   2272.50000000      8.89266      0.00000      0.00000      0.00000      0.00000
   2273.00000000      8.88851      0.00000      0.00000      0.00000      0.00000
   2273.50000000      8.88451      0.00000      0.00000      0.00000      0.00000
   2274.00000000      8.87889      0.00000      0.00000      0.00000      0.00000
   2274.50000000      8.87786      0.00000      0.00000      0.00000      0.00000
   2275.00000000      8.87532      0.00000      0.00000      0.00000      0.00000
   2275.50000000      8.87473      0.00000      0.00000      0.00000      0.00000
   2276.00000000      8.87537      0.00000      0.00000      0.00000      0.00000
   2276.50000000      8.87631      0.00000      0.00000      0.00000      0.00000
   2277.00000000      8.87736      0.00000      0.00000      0.00000      0.00000
   2277.50000000      8.87994      0.00000      0.00000      0.00000      0.00000
   2278.00000000      8.87987      0.00000      0.00000      0.00000      0.00000
   2278.50000000      8.87613      0.00000      0.00000      0.00000      0.00000
   2279.00000000      8.87127      0.00000      0.00000      0.00000      0.00000
   2279.50000000      8.86865      0.00000      0.00000      0.00000      0.00000
   2280.00000000      8.86769      0.00000      0.00000      0.00000      0.00000
   2280.50000000      8.86746      0.00000      0.00000      0.00000      0.00000
   2281.00000000      8.86444      0.00000      0.00000      0.00000      0.00000
   2281.50000000      8.85932      0.00000      0.00000      0.00000      0.00000
   2282.00000000      8.85436      0.00000      0.00000      0.00000      0.00000
   2282.50000000      8.85003      0.00000      0.00000      0.00000      0.00000
   2283.00000000      8.85028      0.00000      0.00000      0.00000      0.00000
   2283.50000000      8.85125      0.00000      0.00000      0.00000      0.00000
   2284.00000000      8.85383      0.00000      0.00000      0.00000      0.00000
   2284.50000000      8.85520      0.00000      0.00000      0.00000      0.00000
   2285.00000000      8.85812      0.00000      0.00000      0.00000      0.00000
   2285.50000000      8.86118      0.00000      0.00000      0.00000      0.00000
   2286.00000000      8.86470      0.00000      0.00000      0.00000      0.00000
   2286.50000000      8.86480      0.00000      0.00000      0.00000      0.00000
   2287.00000000      8.86419      0.00000      0.00000      0.00000      0.00000
   2287.50000000      8.86492      0.00000      0.00000      0.00000      0.00000
   2288.00000000      8.86314      0.00000      0.00000      0.00000      0.00000
   2288.50000000      8.86422      0.00000      0.00000      0.00000      0.00000
   2289.00000000      8.86449      0.00000      0.00000      0.00000      0.00000
   2289.50000000      8.86625      0.00000      0.00000      0.00000      0.00000
   2290.00000000      8.86676      0.00000      0.00000      0.00000      0.00000
   2290.50000000      8.86808      0.00000      0.00000      0.00000      0.00000
   2291.00000000      8.86855      0.00000      0.00000      0.00000      0.00000
   2291.50000000      8.87087      0.00000      0.00000      0.00000      0.00000
   2292.00000000      8.87325      0.00000      0.00000      0.00000      0.00000
   2292.50000000      8.87641      0.00000      0.00000      0.00000      0.00000
   2293.00000000      8.88137      0.00000      0.00000      0.00000      0.00000
   2293.50000000      8.88329      0.00000      0.00000      0.00000      0.00000
   2294.00000000      8.88575      0.00000      0.00000      0.00000      0.00000
   2294.50000000      8.88964      0.00000      0.00000      0.00000      0.00000
   2295.00000000      8.89307      0.00000      0.00000      0.00000      0.00000
   2295.50000000      8.89718      0.00000      0.00000      0.00000      0.00000
   2296.00000000      8.90186      0.00000      0.00000      0.00000      0.00000
   2296.50000000      8.90496      0.00000      0.00000      0.00000      0.00000
   2297.00000000      8.90987      0.00000      0.00000      0.00000      0.00000
   2297.50000000      8.91685      0.00000      0.00000      0.00000      0.00000
   2298.00000000      8.92353      0.00000      0.00000      0.00000      0.00000
   2298.50000000      8.93041      0.00000      0.00000      0.00000      0.00000
   2299.00000000      8.93400      0.00000      0.00000      0.00000      0.00000
   2299.50000000      8.93741      0.00000      0.00000      0.00000      0.00000
   2300.00000000      8.93952      0.00000      0.00000      0.00000      0.00000
   2300.50000000      8.94005      0.00000      0.00000      0.00000      0.00000
   2301.00000000      8.94273      0.00000      0.00000      0.00000      0.00000
   2301.50000000      8.94735      0.00000      0.00000      0.00000      0.00000
   2302.00000000      8.94790      0.00000      0.00000      0.00000      0.00000
   2302.50000000      8.94730      0.00000      0.00000      0.00000      0.00000
   2303.00000000      8.94806      0.00000      0.00000      0.00000      0.00000
   2303.50000000      8.94975      0.00000      0.00000      0.00000      0.00000
   2304.00000000      8.95155      0.00000      0.00000      0.00000      0.00000
   2304.50000000      8.95389      0.00000      0.00000      0.00000      0.00000
   2305.00000000      8.95629      0.00000      0.00000      0.00000      0.00000
   2305.50000000      8.95971      0.00000      0.00000      0.00000      0.00000
   2306.00000000      8.96364      0.00000      0.00000      0.00000      0.00000
   2306.50000000      8.96695      0.00000      0.00000      0.00000      0.00000
   2307.00000000      8.96883      0.00000      0.00000      0.00000      0.00000
   2307.50000000      8.96964      0.00000      0.00000      0.00000      0.00000
   2308.00000000      8.96970      0.00000      0.00000      0.00000      0.00000
   2308.50000000      8.96859      0.00000      0.00000      0.00000      0.00000
   2309.00000000      8.96768      0.00000      0.00000      0.00000      0.00000
   2309.50000000      8.96564      0.00000      0.00000      0.00000      0.00000
   2310.00000000      8.96403      0.00000      0.00000      0.00000      0.00000
   2310.50000000      8.96262      0.00000      0.00000      0.00000      0.00000
   2311.00000000      8.96131      0.00000      0.00000      0.00000      0.00000
   2311.50000000      8.95875      0.00000      0.00000      0.00000      0.00000
   2312.00000000      8.95690      0.00000      0.00000      0.00000      0.00000
   2312.50000000      8.95306      0.00000      0.00000      0.00000      0.00000
   2313.00000000      8.94785      0.00000      0.00000      0.00000      0.00000
   2313.50000000      8.94385      0.00000      0.00000      0.00000      0.00000
   2314.00000000      8.93995      0.00000      0.00000      0.00000      0.00000
   2314.50000000      8.93277      0.00000      0.00000      0.00000      0.00000
   2315.00000000      8.92475      0.00000      0.00000      0.00000      0.00000
   2315.50000000      8.92234      0.00000      0.00000      0.00000      0.00000
   2316.00000000      8.91967      0.00000      0.00000      0.00000      0.00000
   2316.50000000      8.91990      0.00000      0.00000      0.00000      0.00000
   2317.00000000      8.91995      0.00000      0.00000      0.00000      0.00000
   2317.50000000      8.91694      0.00000      0.00000      0.00000      0.00000
   2318.00000000      8.91592      0.00000      0.00000      0.00000      0.00000
   2318.50000000      8.91481      0.00000      0.00000      0.00000      0.00000
   2319.00000000      8.91204      0.00000      0.00000      0.00000      0.00000
   2319.50000000      8.90900      0.00000      0.00000      0.00000      0.00000
   2320.00000000      8.90579      0.00000      0.00000      0.00000      0.00000
   2320.50000000      8.90365      0.00000      0.00000      0.00000      0.00000
   2321.00000000      8.90316      0.00000      0.00000      0.00000      0.00000
   2321.50000000      8.90313      0.00000      0.00000      0.00000      0.00000
   2322.00000000      8.90244      0.00000      0.00000      0.00000      0.00000
   2322.50000000      8.90239      0.00000      0.00000      0.00000      0.00000
   2323.00000000      8.90438      0.00000      0.00000      0.00000      0.00000
   2323.50000000      8.90675      0.00000      0.00000      0.00000      0.00000
   2324.00000000      8.91027      0.00000      0.00000      0.00000      0.00000
   2324.50000000      8.91372      0.00000      0.00000      0.00000      0.00000
   2325.00000000      8.91763      0.00000      0.00000      0.00000      0.00000
   2325.50000000      8.92198      0.00000      0.00000      0.00000      0.00000
   2326.00000000      8.92887      0.00000      0.00000      0.00000      0.00000
   2326.50000000      8.93464      0.00000      0.00000      0.00000      0.00000
   2327.00000000      8.94024      0.00000      0.00000      0.00000      0.00000
   2327.50000000      8.94571      0.00000      0.00000      0.00000      0.00000
   2328.00000000      8.94896      0.00000      0.00000      0.00000      0.00000
   2328.50000000      8.95110      0.00000      0.00000      0.00000      0.00000
   2329.00000000      8.95128      0.00000      0.00000      0.00000      0.00000
   2329.50000000      8.94985      0.00000      0.00000      0.00000      0.00000
   2330.00000000      8.94628      0.00000      0.00000      0.00000      0.00000
   2330.50000000      8.94566      0.00000      0.00000      0.00000      0.00000
   2331.00000000      8.94637      0.00000      0.00000      0.00000      0.00000
   2331.50000000      8.94786      0.00000      0.00000      0.00000      0.00000
   2332.00000000      8.95047      0.00000      0.00000      0.00000      0.00000
   2332.50000000      8.94997      0.00000      0.00000      0.00000      0.00000
   2333.00000000      8.94978      0.00000      0.00000      0.00000      0.00000
   2333.50000000      8.94994      0.00000      0.00000      0.00000      0.00000
   2334.00000000      8.95038      0.00000      0.00000      0.00000      0.00000
   2334.50000000      8.95328      0.00000      0.00000      0.00000      0.00000
   2335.00000000      8.95565      0.00000      0.00000      0.00000      0.00000
   2335.50000000      8.95892      0.00000      0.00000      0.00000      0.00000
   2336.00000000      8.96018      0.00000      0.00000      0.00000      0.00000
   2336.50000000      8.96144      0.00000      0.00000      0.00000      0.00000
   2337.00000000      8.96175      0.00000      0.00000      0.00000      0.00000
   2337.50000000      8.96260      0.00000      0.00000      0.00000      0.00000
   2338.00000000      8.96167      0.00000      0.00000      0.00000      0.00000
   2338.50000000      8.96015      0.00000      0.00000      0.00000      0.00000
   2339.00000000      8.95988      0.00000      0.00000      0.00000      0.00000
   2339.50000000      8.96145      0.00000      0.00000      0.00000      0.00000
   2340.00000000      8.96318      0.00000      0.00000      0.00000      0.00000
   2340.50000000      8.96167      0.00000      0.00000      0.00000      0.00000
   2341.00000000      8.95959      0.00000      0.00000      0.00000      0.00000
   2341.50000000      8.95654      0.00000      0.00000      0.00000      0.00000
   2342.00000000      8.95518      0.00000      0.00000      0.00000      0.00000
   2342.50000000      8.95588      0.00000      0.00000      0.00000      0.00000
   2343.00000000      8.95650      0.00000      0.00000      0.00000      0.00000
   2343.50000000      8.95697      0.00000      0.00000      0.00000      0.00000
   2344.00000000      8.95506      0.00000      0.00000      0.00000      0.00000
   2344.50000000      8.95180      0.00000      0.00000      0.00000      0.00000
   2345.00000000      8.94704      0.00000      0.00000      0.00000      0.00000
   2345.50000000      8.94301      0.00000      0.00000      0.00000      0.00000
   2346.00000000      8.93827      0.00000      0.00000      0.00000      0.00000
   2346.50000000      8.93600      0.00000      0.00000      0.00000      0.00000
   2347.00000000      8.93459      0.00000      0.00000      0.00000      0.00000
   2347.50000000      8.93414      0.00000      0.00000      0.00000      0.00000
   2348.00000000      8.93456      0.00000      0.00000      0.00000      0.00000
   2348.50000000      8.93513      0.00000      0.00000      0.00000      0.00000
   2349.00000000      8.93322      0.00000      0.00000      0.00000      0.00000
   2349.50000000      8.93111      0.00000      0.00000      0.00000      0.00000
   2350.00000000      8.93011      0.00000      0.00000      0.00000      0.00000
   2350.50000000      8.93131      0.00000      0.00000      0.00000      0.00000
   2351.00000000      8.93188      0.00000      0.00000      0.00000      0.00000
   2351.50000000      8.93335      0.00000      0.00000      0.00000      0.00000
   2352.00000000      8.93246      0.00000      0.00000      0.00000      0.00000
   2352.50000000      8.93173      0.00000      0.00000      0.00000      0.00000
   2353.00000000      8.93163      0.00000      0.00000      0.00000      0.00000
   2353.50000000      8.93220      0.00000      0.00000      0.00000      0.00000
   2354.00000000      8.93209      0.00000      0.00000      0.00000      0.00000
   2354.50000000      8.93156      0.00000      0.00000      0.00000      0.00000
   2355.00000000      8.93155      0.00000      0.00000      0.00000      0.00000
   2355.50000000      8.93110      0.00000      0.00000      0.00000      0.00000
   2356.00000000      8.92967      0.00000      0.00000      0.00000      0.00000
   2356.50000000      8.92784      0.00000      0.00000      0.00000      0.00000
   2357.00000000      8.92718      0.00000      0.00000      0.00000      0.00000
   2357.50000000      8.92446      0.00000      0.00000      0.00000      0.00000
   2358.00000000      8.92407      0.00000      0.00000      0.00000      0.00000
   2358.50000000      8.92015      0.00000      0.00000      0.00000      0.00000
   2359.00000000      8.91521      0.00000      0.00000      0.00000      0.00000
   2359.50000000      8.91255      0.00000      0.00000      0.00000      0.00000
   2360.00000000      8.90798      0.00000      0.00000      0.00000      0.00000
   2360.50000000      8.90420      0.00000      0.00000      0.00000      0.00000
   2361.00000000      8.89984      0.00000      0.00000      0.00000      0.00000
   2361.50000000      8.89487      0.00000      0.00000      0.00000      0.00000
   2362.00000000      8.88834      0.00000      0.00000      0.00000      0.00000
   2362.50000000      8.88294      0.00000      0.00000      0.00000      0.00000
   2363.00000000      8.87720      0.00000      0.00000      0.00000      0.00000
   2363.50000000      8.87266      0.00000      0.00000      0.00000      0.00000
   2364.00000000      8.86724      0.00000      0.00000      0.00000      0.00000
   2364.50000000      8.86194      0.00000      0.00000      0.00000      0.00000
   2365.00000000      8.85659      0.00000      0.00000      0.00000      0.00000
   2365.50000000      8.85122      0.00000      0.00000      0.00000      0.00000
   2366.00000000      8.84819      0.00000      0.00000      0.00000      0.00000
   2366.50000000      8.84519      0.00000      0.00000      0.00000      0.00000
   2367.00000000      8.84182      0.00000      0.00000      0.00000      0.00000
   2367.50000000      8.83958      0.00000      0.00000      0.00000      0.00000
   2368.00000000      8.83730      0.00000      0.00000      0.00000      0.00000
   2368.50000000      8.83418      0.00000      0.00000      0.00000      0.00000
   2369.00000000      8.82917      0.00000      0.00000      0.00000      0.00000
   2369.50000000      8.82408      0.00000      0.00000      0.00000      0.00000
   2370.00000000      8.81820      0.00000      0.00000      0.00000      0.00000
   2370.50000000      8.81359      0.00000      0.00000      0.00000      0.00000
   2371.00000000      8.81106      0.00000      0.00000      0.00000      0.00000
   2371.50000000      8.80802      0.00000      0.00000      0.00000      0.00000
   2372.00000000      8.80631      0.00000      0.00000      0.00000      0.00000
   2372.50000000      8.80342      0.00000      0.00000      0.00000      0.00000
   2373.00000000      8.80092      0.00000      0.00000      0.00000      0.00000
   2373.50000000      8.80131      0.00000      0.00000      0.00000      0.00000
   2374.00000000      8.80400      0.00000      0.00000      0.00000      0.00000
   2374.50000000      8.80651      0.00000      0.00000      0.00000      0.00000
   2375.00000000      8.80832      0.00000      0.00000      0.00000      0.00000
   2375.50000000      8.81142      0.00000      0.00000      0.00000      0.00000
   2376.00000000      8.81415      0.00000      0.00000      0.00000      0.00000
   2376.50000000      8.81830      0.00000      0.00000      0.00000      0.00000
   2377.00000000      8.82198      0.00000      0.00000      0.00000      0.00000
   2377.50000000      8.82306      0.00000      0.00000      0.00000      0.00000
   2378.00000000      8.82349      0.00000      0.00000      0.00000      0.00000
   2378.50000000      8.82222      0.00000      0.00000      0.00000      0.00000
   2379.00000000      8.82101      0.00000      0.00000      0.00000      0.00000
   2379.50000000      8.81821      0.00000      0.00000      0.00000      0.00000
   2380.00000000      8.81735      0.00000      0.00000      0.00000      0.00000
   2380.50000000      8.81737      0.00000      0.00000      0.00000      0.00000
   2381.00000000      8.81673      0.00000      0.00000      0.00000      0.00000
   2381.50000000      8.81742      0.00000      0.00000      0.00000      0.00000
   2382.00000000      8.82065      0.00000      0.00000      0.00000      0.00000
   2382.50000000      8.82723      0.00000      0.00000      0.00000      0.00000
   2383.00000000      8.83157      0.00000      0.00000      0.00000      0.00000
   2383.50000000      8.83798      0.00000      0.00000      0.00000      0.00000
   2384.00000000      8.84270      0.00000      0.00000      0.00000      0.00000
   2384.50000000      8.85014      0.00000      0.00000      0.00000      0.00000
   2385.00000000      8.85730      0.00000      0.00000      0.00000      0.00000
   2385.50000000      8.86311      0.00000      0.00000      0.00000      0.00000
   2386.00000000      8.86768      0.00000      0.00000      0.00000      0.00000
   2386.50000000      8.87387      0.00000      0.00000      0.00000      0.00000
   2387.00000000      8.87888      0.00000      0.00000      0.00000      0.00000
   2387.50000000      8.88590      0.00000      0.00000      0.00000      0.00000
   2388.00000000      8.89229      0.00000      0.00000      0.00000      0.00000
   2388.50000000      8.89835      0.00000      0.00000      0.00000      0.00000
   2389.00000000      8.90436      0.00000      0.00000      0.00000      0.00000
   2389.50000000      8.91294      0.00000      0.00000      0.00000      0.00000
   2390.00000000      8.91869      0.00000      0.00000      0.00000      0.00000
   2390.50000000      8.92352      0.00000      0.00000      0.00000      0.00000
   2391.00000000      8.92875      0.00000      0.00000      0.00000      0.00000
   2391.50000000      8.93524      0.00000      0.00000      0.00000      0.00000
   2392.00000000      8.94201      0.00000      0.00000      0.00000      0.00000
   2392.50000000      8.94679      0.00000      0.00000      0.00000      0.00000
   2393.00000000      8.95071      0.00000      0.00000      0.00000      0.00000
   2393.50000000      8.95612      0.00000      0.00000      0.00000      0.00000
   2394.00000000      8.96244      0.00000      0.00000      0.00000      0.00000
   2394.50000000      8.96845      0.00000      0.00000      0.00000      0.00000
   2395.00000000      8.97333      0.00000      0.00000      0.00000      0.00000
   2395.50000000      8.97704      0.00000      0.00000      0.00000      0.00000
   2396.00000000      8.98390      0.00000      0.00000      0.00000      0.00000
   2396.50000000      8.99126      0.00000      0.00000      0.00000      0.00000
   2397.00000000      9.00086      0.00000      0.00000      0.00000      0.00000
   2397.50000000      9.01090      0.00000      0.00000      0.00000      0.00000
