8.91349	0.001785014	9.448634389
8.91065	0.001785014	9.448634389
8.90708	0.001785014	9.448634389
8.90249	0.001785014	9.448634389
8.896139999999999	0.001785014	9.448634389
8.892660000000001	0.001785014	9.448634389
8.88851	0.001785014	9.448634389
8.88451	0.001785014	9.448634389
8.87889	0.001785014	9.448634389
8.87786	0.001785014	9.448634389
8.87532	0.001785014	9.448634389
8.87473	0.001785014	9.448634389
8.87537	0.001785014	9.448634389
8.87631	0.001785014	9.448634389
8.877360000000001	0.001785014	9.448634389
8.87994	0.001785014	9.448634389
8.87987	0.001785014	9.448634389
8.87613	0.001785014	9.448634389
8.871269999999999	0.001785014	9.448634389
8.86865	0.001785014	9.448634389
8.86769	0.001785014	9.448634389
8.867460000000001	0.001785014	9.448634389
8.86444	0.001785014	9.448634389
8.85932	0.001785014	9.448634389
8.85436	0.001785014	9.448634389
8.85003	0.001785014	9.448634389
8.85028	0.001785014	9.448634389
8.85125	0.001785014	9.448634389
8.85383	0.001785014	9.448634389
8.8552	0.001785014	9.448634389
8.85812	0.001785014	9.448634389
8.861180000000001	0.001785014	9.448634389
8.8647	0.001785014	9.448634389
8.8648	0.001785014	9.448634389
8.864189999999999	0.001785014	9.448634389
8.86492	0.001785014	9.448634389
8.86314	0.001785014	9.448634389
8.86422	0.001785014	9.448634389
8.86449	0.001785014	9.448634389
8.86625	0.001785014	9.448634389
8.866760000000001	0.001785014	9.448634389
8.86808	0.001785014	9.448634389
8.86855	0.001785014	9.448634389
8.87087	0.001785014	9.448634389
8.87325	0.001785014	9.448634389
8.87641	0.001785014	9.448634389
8.88137	0.001785014	9.448634389
8.883289999999999	0.001785014	9.448634389
8.88575	0.001785014	9.448634389
8.88964	0.001785014	9.448634389
8.89307	0.001785014	9.448634389
8.89718	0.001785014	9.448634389
8.901860000000001	0.001785014	9.448634389
8.90496	0.001785014	9.448634389
8.90987	0.001785014	9.448634389
8.91685	0.001785014	9.448634389
8.92353	0.001785014	9.448634389
8.93041	0.001785014	9.448634389
8.934	0.001785014	9.448634389
8.93741	0.001785014	9.448634389
8.93952	0.001785014	9.448634389
8.94005	0.001785014	9.448634389
8.942730000000001	0.001785014	9.448634389
8.94735	0.001785014	9.448634389
8.9479	0.001785014	9.448634389
8.9473	0.001785014	9.448634389
8.94806	0.001785014	9.448634389
8.94975	0.001785014	9.448634389
8.95155	0.001785014	9.448634389
8.95389	0.001785014	9.448634389
8.95629	0.001785014	9.448634389
8.959710000000001	0.001785014	9.448634389
8.96364	0.001785014	9.448634389
8.96695	0.001785014	9.448634389
8.96883	0.001785014	9.448634389
8.96964	0.001785014	9.448634389
8.9697	0.001785014	9.448634389
8.968589999999999	0.001785014	9.448634389
8.96768	0.001785014	9.448634389
8.965639999999999	0.001785014	9.448634389
8.964030000000001	0.001785014	9.448634389
8.96262	0.001785014	9.448634389
8.961310000000001	0.001785014	9.448634389
8.95875	0.001785014	9.448634389
8.9569	0.001785014	9.448634389
8.95306	0.001785014	9.448634389
8.94785	0.001785014	9.448634389
8.94385	0.001785014	9.448634389
8.93995	0.001785014	9.448634389
8.93277	0.001785014	9.448634389
8.92475	0.001785014	9.448634389
8.92234	0.001785014	9.448634389
8.91967	0.001785014	9.448634389
8.9199	0.001785014	9.448634389
8.91995	0.001785014	9.448634389
8.916939999999999	0.001785014	9.448634389
8.91592	0.001785014	9.448634389
8.914810000000001	0.001785014	9.448634389
8.91204	0.001785014	9.448634389
8.909	0.001785014	9.448634389
8.90579	0.001785014	9.448634389
8.90365	0.001785014	9.448634389
8.90316	0.001785014	9.448634389
8.90313	0.001785014	9.448634389
8.902439999999999	0.001785014	9.448634389
8.902389999999999	0.001785014	9.448634389
8.90438	0.001785014	9.448634389
8.90675	0.001785014	9.448634389
8.91027	0.001785014	9.448634389
8.91372	0.001785014	9.448634389
8.91763	0.001785014	9.448634389
8.92198	0.001785014	9.448634389
8.92887	0.001785014	9.448634389
8.93464	0.001785014	9.448634389
8.94024	0.001785014	9.448634389
8.94571	0.001785014	9.448634389
8.948960000000001	0.001785014	9.448634389
8.9511	0.001785014	9.448634389
8.95128	0.001785014	9.448634389
8.94985	0.001785014	9.448634389
8.94628	0.001785014	9.448634389
8.94566	0.001785014	9.448634389
8.94637	0.001785014	9.448634389
8.94786	0.001785014	9.448634389
8.95047	0.001785014	9.448634389
8.94997	0.001785014	9.448634389
8.94978	0.001785014	9.448634389
8.94994	0.001785014	9.448634389
8.950380000000001	0.001785014	9.448634389
8.95328	0.001785014	9.448634389
8.95565	0.001785014	9.448634389
8.958919999999999	0.001785014	9.448634389
8.960180000000001	0.001785014	9.448634389
8.96144	0.001785014	9.448634389
8.96175	0.001785014	9.448634389
8.9626	0.001785014	9.448634389
8.96167	0.001785014	9.448634389
8.96015	0.001785014	9.448634389
8.95988	0.001785014	9.448634389
8.96145	0.001785014	9.448634389
8.96318	0.001785014	9.448634389
8.96167	0.001785014	9.448634389
8.959589999999999	0.001785014	9.448634389
8.956539999999999	0.001785014	9.448634389
8.95518	0.001785014	9.448634389
8.95588	0.001785014	9.448634389
8.9565	0.001785014	9.448634389
8.95697	0.001785014	9.448634389
8.955060000000001	0.001785014	9.448634389
8.9518	0.001785014	9.448634389
8.94704	0.001785014	9.448634389
8.943010000000001	0.001785014	9.448634389
8.93827	0.001785014	9.448634389
8.936	0.001785014	9.448634389
8.93459	0.001785014	9.448634389
8.93414	0.001785014	9.448634389
8.934560000000001	0.001785014	9.448634389
8.935130000000001	0.001785014	9.448634389
8.93322	0.001785014	9.448634389
8.93111	0.001785014	9.448634389
8.93011	0.001785014	9.448634389
8.93131	0.001785014	9.448634389
8.93188	0.001785014	9.448634389
8.93335	0.001785014	9.448634389
8.93246	0.001785014	9.448634389
8.93173	0.001785014	9.448634389
8.93163	0.001785014	9.448634389
8.9322	0.001785014	9.448634389
8.932089999999999	0.001785014	9.448634389
8.931560000000001	0.001785014	9.448634389
8.93155	0.001785014	9.448634389
8.9311	0.001785014	9.448634389
8.92967	0.001785014	9.448634389
8.92784	0.001785014	9.448634389
8.92718	0.001785014	9.448634389
8.92446	0.001785014	9.448634389
8.92407	0.001785014	9.448634389
8.92015	0.001785014	9.448634389
8.91521	0.001785014	9.448634389
8.91255	0.001785014	9.448634389
8.90798	0.001785014	9.448634389
8.9042	0.001785014	9.448634389
8.89984	0.001785014	9.448634389
8.89487	0.001785014	9.448634389
8.88834	0.001785014	9.448634389
8.88294	0.001785014	9.448634389
8.8772	0.001785014	9.448634389
8.87266	0.001785014	9.448634389
8.867239999999999	0.001785014	9.448634389
8.861939999999999	0.001785014	9.448634389
8.856589999999999	0.001785014	9.448634389
8.85122	0.001785014	9.448634389
8.848189999999999	0.001785014	9.448634389
8.845189999999999	0.001785014	9.448634389
8.84182	0.001785014	9.448634389
8.83958	0.001785014	9.448634389
8.8373	0.001785014	9.448634389
8.83418	0.001785014	9.448634389
8.82917	0.001785014	9.448634389
8.82408	0.001785014	9.448634389
8.8182	0.001785014	9.448634389
8.81359	0.001785014	9.448634389
8.811060000000001	0.001785014	9.448634389
8.808019999999999	0.001785014	9.448634389
8.80631	0.001785014	9.448634389
8.80342	0.001785014	9.448634389
8.80092	0.001785014	9.448634389
8.80131	0.001785014	9.448634389
8.804	0.001785014	9.448634389
8.806510000000001	0.001785014	9.448634389
8.80832	0.001785014	9.448634389
8.81142	0.001785014	9.448634389
8.81415	0.001785014	9.448634389
8.8183	0.001785014	9.448634389
8.82198	0.001785014	9.448634389
8.82306	0.001785014	9.448634389
8.82349	0.001785014	9.448634389
8.82222	0.001785014	9.448634389
8.821010000000001	0.001785014	9.448634389
8.81821	0.001785014	9.448634389
8.81735	0.001785014	9.448634389
8.81737	0.001785014	9.448634389
8.81673	0.001785014	9.448634389
8.81742	0.001785014	9.448634389
8.82065	0.001785014	9.448634389
8.82723	0.001785014	9.448634389
8.83157	0.001785014	9.448634389
8.83798	0.001785014	9.448634389
8.8427	0.001785014	9.448634389
8.85014	0.001785014	9.448634389
8.8573	0.001785014	9.448634389
8.86311	0.001785014	9.448634389
8.86768	0.001785014	9.448634389
8.87387	0.001785014	9.448634389
8.87888	0.001785014	9.448634389
8.8859	0.001785014	9.448634389
8.89229	0.001785014	9.448634389
8.89835	0.001785014	9.448634389
8.90436	0.001785014	9.448634389
8.912939999999999	0.001785014	9.448634389
8.91869	0.001785014	9.448634389
8.92352	0.001785014	9.448634389
8.92875	0.001785014	9.448634389
8.93524	0.001785014	9.448634389
8.94201	0.001785014	9.448634389
8.94679	0.001785014	9.448634389
8.95071	0.001785014	9.448634389
8.95612	0.001785014	9.448634389
8.962439999999999	0.001785014	9.448634389
8.96845	0.001785014	9.448634389
8.97333	0.001785014	9.448634389
8.977039999999999	0.001785014	9.448634389
8.9839	0.001785014	9.448634389
8.99126	0.001785014	9.448634389
9.000860000000001	0.001785014	9.448634389
9.0109	0.001785014	9.448634389
