11.8798	0.001785014	11.149388579
11.8873	0.001785014	11.149388579
11.895439999999999	0.001785014	11.149388579
11.90029	0.001785014	11.149388579
11.906460000000001	0.001785014	11.149388579
11.91412	0.001785014	11.149388579
11.92176	0.001785014	11.149388579
11.926260000000001	0.001785014	11.149388579
11.93092	0.001785014	11.149388579
11.936760000000001	0.001785014	11.149388579
11.942210000000001	0.001785014	11.149388579
11.9446	0.001785014	11.149388579
11.94266	0.001785014	11.149388579
11.94235	0.001785014	11.149388579
11.94492	0.001785014	11.149388579
11.94563	0.001785014	11.149388579
11.94603	0.001785014	11.149388579
11.94585	0.001785014	11.149388579
11.94562	0.001785014	11.149388579
11.94608	0.001785014	11.149388579
11.94898	0.001785014	11.149388579
11.95162	0.001785014	11.149388579
11.954460000000001	0.001785014	11.149388579
11.9569	0.001785014	11.149388579
11.95829	0.001785014	11.149388579
11.96043	0.001785014	11.149388579
11.96177	0.001785014	11.149388579
11.96256	0.001785014	11.149388579
11.96387	0.001785014	11.149388579
11.966239999999999	0.001785014	11.149388579
11.968689999999999	0.001785014	11.149388579
11.97023	0.001785014	11.149388579
11.97136	0.001785014	11.149388579
11.96989	0.001785014	11.149388579
11.96768	0.001785014	11.149388579
11.966560000000001	0.001785014	11.149388579
11.96725	0.001785014	11.149388579
11.96963	0.001785014	11.149388579
11.97107	0.001785014	11.149388579
11.974730000000001	0.001785014	11.149388579
11.981869999999999	0.001785014	11.149388579
11.98739	0.001785014	11.149388579
11.9928	0.001785014	11.149388579
11.998610000000001	0.001785014	11.149388579
12.001560000000001	0.001785014	11.149388579
12.00512	0.001785014	11.149388579
12.010539999999999	0.001785014	11.149388579
12.015360000000001	0.001785014	11.149388579
12.01978	0.001785014	11.149388579
12.02538	0.001785014	11.149388579
12.03063	0.001785014	11.149388579
12.03537	0.001785014	11.149388579
12.03925	0.001785014	11.149388579
12.04425	0.001785014	11.149388579
12.04953	0.001785014	11.149388579
12.055860000000001	0.001785014	11.149388579
12.0613	0.001785014	11.149388579
12.06665	0.001785014	11.149388579
12.068810000000001	0.001785014	11.149388579
12.07165	0.001785014	11.149388579
12.07365	0.001785014	11.149388579
12.0719	0.001785014	11.149388579
12.06974	0.001785014	11.149388579
12.068	0.001785014	11.149388579
12.067730000000001	0.001785014	11.149388579
12.06931	0.001785014	11.149388579
12.07131	0.001785014	11.149388579
12.07334	0.001785014	11.149388579
12.07928	0.001785014	11.149388579
12.08355	0.001785014	11.149388579
12.08584	0.001785014	11.149388579
12.08362	0.001785014	11.149388579
12.082989999999999	0.001785014	11.149388579
12.08192	0.001785014	11.149388579
12.0825	0.001785014	11.149388579
12.0812	0.001785014	11.149388579
12.08036	0.001785014	11.149388579
12.077210000000001	0.001785014	11.149388579
12.07489	0.001785014	11.149388579
12.0722	0.001785014	11.149388579
12.06855	0.001785014	11.149388579
12.06514	0.001785014	11.149388579
12.06212	0.001785014	11.149388579
12.0585	0.001785014	11.149388579
12.05188	0.001785014	11.149388579
12.0459	0.001785014	11.149388579
12.04149	0.001785014	11.149388579
12.03843	0.001785014	11.149388579
12.0352	0.001785014	11.149388579
12.03122	0.001785014	11.149388579
12.02699	0.001785014	11.149388579
12.0234	0.001785014	11.149388579
12.01958	0.001785014	11.149388579
12.0164	0.001785014	11.149388579
12.01431	0.001785014	11.149388579
12.01202	0.001785014	11.149388579
12.01319	0.001785014	11.149388579
12.01343	0.001785014	11.149388579
12.010769999999999	0.001785014	11.149388579
12.0072	0.001785014	11.149388579
12.005460000000001	0.001785014	11.149388579
12.001660000000001	0.001785014	11.149388579
11.99559	0.001785014	11.149388579
11.99075	0.001785014	11.149388579
11.98633	0.001785014	11.149388579
11.98134	0.001785014	11.149388579
11.97471	0.001785014	11.149388579
11.968869999999999	0.001785014	11.149388579
11.962810000000001	0.001785014	11.149388579
11.95541	0.001785014	11.149388579
11.948030000000001	0.001785014	11.149388579
11.939960000000001	0.001785014	11.149388579
11.93575	0.001785014	11.149388579
11.93384	0.001785014	11.149388579
11.9299	0.001785014	11.149388579
11.9263	0.001785014	11.149388579
11.92715	0.001785014	11.149388579
11.92862	0.001785014	11.149388579
11.93017	0.001785014	11.149388579
11.93334	0.001785014	11.149388579
11.935960000000001	0.001785014	11.149388579
11.93802	0.001785014	11.149388579
11.93892	0.001785014	11.149388579
11.93773	0.001785014	11.149388579
11.9361	0.001785014	11.149388579
11.93383	0.001785014	11.149388579
11.93263	0.001785014	11.149388579
11.93407	0.001785014	11.149388579
11.932910000000001	0.001785014	11.149388579
11.930439999999999	0.001785014	11.149388579
11.92917	0.001785014	11.149388579
11.9269	0.001785014	11.149388579
11.92367	0.001785014	11.149388579
11.92157	0.001785014	11.149388579
11.92021	0.001785014	11.149388579
11.918280000000001	0.001785014	11.149388579
11.9196	0.001785014	11.149388579
11.9201	0.001785014	11.149388579
11.92004	0.001785014	11.149388579
11.919780000000001	0.001785014	11.149388579
11.918339999999999	0.001785014	11.149388579
11.91382	0.001785014	11.149388579
11.9093	0.001785014	11.149388579
11.90264	0.001785014	11.149388579
11.894789999999999	0.001785014	11.149388579
11.88608	0.001785014	11.149388579
11.877880000000001	0.001785014	11.149388579
11.86968	0.001785014	11.149388579
11.86045	0.001785014	11.149388579
11.84862	0.001785014	11.149388579
11.83589	0.001785014	11.149388579
11.826210000000001	0.001785014	11.149388579
11.81775	0.001785014	11.149388579
11.81168	0.001785014	11.149388579
11.80534	0.001785014	11.149388579
11.79851	0.001785014	11.149388579
11.79279	0.001785014	11.149388579
11.78552	0.001785014	11.149388579
11.77935	0.001785014	11.149388579
11.77576	0.001785014	11.149388579
11.768410000000001	0.001785014	11.149388579
11.76079	0.001785014	11.149388579
11.75266	0.001785014	11.149388579
11.74864	0.001785014	11.149388579
11.746089999999999	0.001785014	11.149388579
11.741710000000001	0.001785014	11.149388579
11.73677	0.001785014	11.149388579
11.73357	0.001785014	11.149388579
11.731689999999999	0.001785014	11.149388579
11.7302	0.001785014	11.149388579
11.72797	0.001785014	11.149388579
11.72514	0.001785014	11.149388579
11.720260000000001	0.001785014	11.149388579
11.71697	0.001785014	11.149388579
11.71237	0.001785014	11.149388579
11.70699	0.001785014	11.149388579
11.70288	0.001785014	11.149388579
11.70019	0.001785014	11.149388579
11.69805	0.001785014	11.149388579
11.69708	0.001785014	11.149388579
11.69495	0.001785014	11.149388579
11.69487	0.001785014	11.149388579
11.69614	0.001785014	11.149388579
11.69935	0.001785014	11.149388579
11.70134	0.001785014	11.149388579
11.70032	0.001785014	11.149388579
11.69864	0.001785014	11.149388579
11.69228	0.001785014	11.149388579
11.6866	0.001785014	11.149388579
11.679269999999999	0.001785014	11.149388579
11.6724	0.001785014	11.149388579
11.66597	0.001785014	11.149388579
11.65986	0.001785014	11.149388579
11.65554	0.001785014	11.149388579
11.6512	0.001785014	11.149388579
11.64963	0.001785014	11.149388579
11.65019	0.001785014	11.149388579
11.64976	0.001785014	11.149388579
11.64839	0.001785014	11.149388579
11.644	0.001785014	11.149388579
11.64072	0.001785014	11.149388579
11.63618	0.001785014	11.149388579
11.63063	0.001785014	11.149388579
11.62668	0.001785014	11.149388579
11.6235	0.001785014	11.149388579
11.61933	0.001785014	11.149388579
11.61698	0.001785014	11.149388579
11.61379	0.001785014	11.149388579
11.61249	0.001785014	11.149388579
11.61409	0.001785014	11.149388579
11.61411	0.001785014	11.149388579
11.61491	0.001785014	11.149388579
11.61535	0.001785014	11.149388579
11.61508	0.001785014	11.149388579
11.61708	0.001785014	11.149388579
11.61589	0.001785014	11.149388579
11.61307	0.001785014	11.149388579
11.611130000000001	0.001785014	11.149388579
11.608239999999999	0.001785014	11.149388579
11.60207	0.001785014	11.149388579
11.595469999999999	0.001785014	11.149388579
11.589889999999999	0.001785014	11.149388579
11.582130000000001	0.001785014	11.149388579
11.57696	0.001785014	11.149388579
11.57263	0.001785014	11.149388579
11.566939999999999	0.001785014	11.149388579
11.56066	0.001785014	11.149388579
11.55844	0.001785014	11.149388579
11.55414	0.001785014	11.149388579
11.54735	0.001785014	11.149388579
11.53766	0.001785014	11.149388579
11.52726	0.001785014	11.149388579
11.51707	0.001785014	11.149388579
11.50629	0.001785014	11.149388579
11.49602	0.001785014	11.149388579
11.48707	0.001785014	11.149388579
11.47645	0.001785014	11.149388579
11.46928	0.001785014	11.149388579
11.46411	0.001785014	11.149388579
11.45832	0.001785014	11.149388579
11.45452	0.001785014	11.149388579
11.44864	0.001785014	11.149388579
11.44259	0.001785014	11.149388579
11.435989999999999	0.001785014	11.149388579
11.42975	0.001785014	11.149388579
11.422789999999999	0.001785014	11.149388579
11.415289999999999	0.001785014	11.149388579
11.4123	0.001785014	11.149388579
11.41098	0.001785014	11.149388579
11.41061	0.001785014	11.149388579
11.41009	0.001785014	11.149388579
11.41009	0.001785014	11.149388579
11.40997	0.001785014	11.149388579
11.412939999999999	0.001785014	11.149388579
11.416260000000001	0.001785014	11.149388579
11.41692	0.001785014	11.149388579
11.419080000000001	0.001785014	11.149388579
11.421669999999999	0.001785014	11.149388579
11.42327	0.001785014	11.149388579
11.42583	0.001785014	11.149388579
11.426110000000001	0.001785014	11.149388579
11.42757	0.001785014	11.149388579
11.42825	0.001785014	11.149388579
11.429689999999999	0.001785014	11.149388579
11.4312	0.001785014	11.149388579
11.43522	0.001785014	11.149388579
11.4399	0.001785014	11.149388579
11.44356	0.001785014	11.149388579
11.443719999999999	0.001785014	11.149388579
11.44403	0.001785014	11.149388579
11.44285	0.001785014	11.149388579
11.44074	0.001785014	11.149388579
11.43815	0.001785014	11.149388579
11.436810000000001	0.001785014	11.149388579
11.43486	0.001785014	11.149388579
11.43384	0.001785014	11.149388579
11.43246	0.001785014	11.149388579
11.43004	0.001785014	11.149388579
11.43104	0.001785014	11.149388579
11.43224	0.001785014	11.149388579
11.4323	0.001785014	11.149388579
11.43566	0.001785014	11.149388579
11.43638	0.001785014	11.149388579
11.43675	0.001785014	11.149388579
11.43759	0.001785014	11.149388579
11.439039999999999	0.001785014	11.149388579
11.44041	0.001785014	11.149388579
11.44127	0.001785014	11.149388579
11.44082	0.001785014	11.149388579
11.43957	0.001785014	11.149388579
11.43716	0.001785014	11.149388579
11.4363	0.001785014	11.149388579
11.43394	0.001785014	11.149388579
11.43027	0.001785014	11.149388579
11.42429	0.001785014	11.149388579
11.42118	0.001785014	11.149388579
11.41934	0.001785014	11.149388579
11.4164	0.001785014	11.149388579
11.413680000000001	0.001785014	11.149388579
11.40922	0.001785014	11.149388579
11.40422	0.001785014	11.149388579
11.40168	0.001785014	11.149388579
11.39719	0.001785014	11.149388579
11.393239999999999	0.001785014	11.149388579
11.388710000000001	0.001785014	11.149388579
11.38418	0.001785014	11.149388579
11.37917	0.001785014	11.149388579
11.37503	0.001785014	11.149388579
11.372630000000001	0.001785014	11.149388579
11.37003	0.001785014	11.149388579
11.3657	0.001785014	11.149388579
11.36235	0.001785014	11.149388579
11.361469999999999	0.001785014	11.149388579
11.36294	0.001785014	11.149388579
11.36704	0.001785014	11.149388579
11.36995	0.001785014	11.149388579
11.372710000000001	0.001785014	11.149388579
11.374939999999999	0.001785014	11.149388579
11.377089999999999	0.001785014	11.149388579
11.37888	0.001785014	11.149388579
11.37988	0.001785014	11.149388579
11.38157	0.001785014	11.149388579
11.38021	0.001785014	11.149388579
11.37947	0.001785014	11.149388579
11.3762	0.001785014	11.149388579
11.3742	0.001785014	11.149388579
11.37347	0.001785014	11.149388579
11.37066	0.001785014	11.149388579
11.36926	0.001785014	11.149388579
11.36512	0.001785014	11.149388579
11.36095	0.001785014	11.149388579
11.35904	0.001785014	11.149388579
11.35752	0.001785014	11.149388579
11.352910000000001	0.001785014	11.149388579
11.34596	0.001785014	11.149388579
11.33897	0.001785014	11.149388579
11.3296	0.001785014	11.149388579
11.3222	0.001785014	11.149388579
11.314969999999999	0.001785014	11.149388579
11.30846	0.001785014	11.149388579
11.30335	0.001785014	11.149388579
11.29521	0.001785014	11.149388579
11.2875	0.001785014	11.149388579
11.28011	0.001785014	11.149388579
11.27402	0.001785014	11.149388579
11.26688	0.001785014	11.149388579
11.26072	0.001785014	11.149388579
11.25377	0.001785014	11.149388579
11.24682	0.001785014	11.149388579
11.24005	0.001785014	11.149388579
11.234110000000001	0.001785014	11.149388579
11.22743	0.001785014	11.149388579
11.22369	0.001785014	11.149388579
11.22092	0.001785014	11.149388579
11.21695	0.001785014	11.149388579
11.2146	0.001785014	11.149388579
11.20993	0.001785014	11.149388579
11.20498	0.001785014	11.149388579
