8.8791	0.001785014	8.314798262
8.87894	0.001785014	8.314798262
8.879669999999999	0.001785014	8.314798262
8.880989999999999	0.001785014	8.314798262
8.87935	0.001785014	8.314798262
8.87694	0.001785014	8.314798262
8.87377	0.001785014	8.314798262
8.87048	0.001785014	8.314798262
8.86908	0.001785014	8.314798262
8.86398	0.001785014	8.314798262
8.857330000000001	0.001785014	8.314798262
8.85228	0.001785014	8.314798262
8.84597	0.001785014	8.314798262
8.8373	0.001785014	8.314798262
8.82874	0.001785014	8.314798262
8.82175	0.001785014	8.314798262
8.81777	0.001785014	8.314798262
8.811689999999999	0.001785014	8.314798262
8.804160000000001	0.001785014	8.314798262
8.79893	0.001785014	8.314798262
8.792639999999999	0.001785014	8.314798262
8.78702	0.001785014	8.314798262
8.78008	0.001785014	8.314798262
8.77261	0.001785014	8.314798262
8.763760000000001	0.001785014	8.314798262
8.75929	0.001785014	8.314798262
8.755410000000001	0.001785014	8.314798262
8.750060000000001	0.001785014	8.314798262
8.743039999999999	0.001785014	8.314798262
8.73615	0.001785014	8.314798262
8.72966	0.001785014	8.314798262
8.72289	0.001785014	8.314798262
8.718869999999999	0.001785014	8.314798262
8.71387	0.001785014	8.314798262
8.708860000000001	0.001785014	8.314798262
8.70519	0.001785014	8.314798262
8.70181	0.001785014	8.314798262
8.69818	0.001785014	8.314798262
8.69618	0.001785014	8.314798262
8.69529	0.001785014	8.314798262
8.6971	0.001785014	8.314798262
8.70036	0.001785014	8.314798262
8.70434	0.001785014	8.314798262
8.70797	0.001785014	8.314798262
8.70956	0.001785014	8.314798262
8.710469999999999	0.001785014	8.314798262
8.71164	0.001785014	8.314798262
8.71123	0.001785014	8.314798262
8.710980000000001	0.001785014	8.314798262
8.71112	0.001785014	8.314798262
8.71084	0.001785014	8.314798262
8.70849	0.001785014	8.314798262
8.70761	0.001785014	8.314798262
8.708039999999999	0.001785014	8.314798262
8.710139999999999	0.001785014	8.314798262
8.708969999999999	0.001785014	8.314798262
8.70885	0.001785014	8.314798262
8.71081	0.001785014	8.314798262
8.71071	0.001785014	8.314798262
8.709430000000001	0.001785014	8.314798262
8.70921	0.001785014	8.314798262
8.70825	0.001785014	8.314798262
8.708839999999999	0.001785014	8.314798262
8.70963	0.001785014	8.314798262
8.70552	0.001785014	8.314798262
8.69994	0.001785014	8.314798262
8.69149	0.001785014	8.314798262
8.683710000000001	0.001785014	8.314798262
8.67383	0.001785014	8.314798262
8.663739999999999	0.001785014	8.314798262
8.654710000000001	0.001785014	8.314798262
8.64086	0.001785014	8.314798262
8.627310000000001	0.001785014	8.314798262
8.617339999999999	0.001785014	8.314798262
8.60741	0.001785014	8.314798262
8.597430000000001	0.001785014	8.314798262
8.5881	0.001785014	8.314798262
8.57952	0.001785014	8.314798262
8.57057	0.001785014	8.314798262
8.56443	0.001785014	8.314798262
8.55917	0.001785014	8.314798262
8.55371	0.001785014	8.314798262
8.548960000000001	0.001785014	8.314798262
8.543339999999999	0.001785014	8.314798262
8.53975	0.001785014	8.314798262
8.53462	0.001785014	8.314798262
8.52822	0.001785014	8.314798262
8.52233	0.001785014	8.314798262
8.51578	0.001785014	8.314798262
8.50907	0.001785014	8.314798262
8.50544	0.001785014	8.314798262
8.50258	0.001785014	8.314798262
8.49977	0.001785014	8.314798262
8.497010000000001	0.001785014	8.314798262
8.496039999999999	0.001785014	8.314798262
8.49347	0.001785014	8.314798262
8.49222	0.001785014	8.314798262
8.49372	0.001785014	8.314798262
8.493310000000001	0.001785014	8.314798262
8.493739999999999	0.001785014	8.314798262
8.493269999999999	0.001785014	8.314798262
8.492389999999999	0.001785014	8.314798262
8.49517	0.001785014	8.314798262
8.49767	0.001785014	8.314798262
8.50121	0.001785014	8.314798262
8.5038	0.001785014	8.314798262
8.50671	0.001785014	8.314798262
8.50892	0.001785014	8.314798262
8.51017	0.001785014	8.314798262
8.51195	0.001785014	8.314798262
8.51325	0.001785014	8.314798262
8.51085	0.001785014	8.314798262
8.509160000000001	0.001785014	8.314798262
8.50595	0.001785014	8.314798262
8.50482	0.001785014	8.314798262
8.50479	0.001785014	8.314798262
8.5012	0.001785014	8.314798262
8.496260000000001	0.001785014	8.314798262
8.49473	0.001785014	8.314798262
8.49438	0.001785014	8.314798262
8.49277	0.001785014	8.314798262
8.49248	0.001785014	8.314798262
8.495230000000001	0.001785014	8.314798262
8.49507	0.001785014	8.314798262
8.49359	0.001785014	8.314798262
8.49202	0.001785014	8.314798262
8.48905	0.001785014	8.314798262
8.48569	0.001785014	8.314798262
8.48583	0.001785014	8.314798262
8.48315	0.001785014	8.314798262
8.47958	0.001785014	8.314798262
8.47678	0.001785014	8.314798262
8.47343	0.001785014	8.314798262
8.47171	0.001785014	8.314798262
8.4681	0.001785014	8.314798262
8.4643	0.001785014	8.314798262
8.45986	0.001785014	8.314798262
8.455960000000001	0.001785014	8.314798262
8.45406	0.001785014	8.314798262
8.45204	0.001785014	8.314798262
8.448	0.001785014	8.314798262
8.44375	0.001785014	8.314798262
8.4405	0.001785014	8.314798262
8.4349	0.001785014	8.314798262
8.4296	0.001785014	8.314798262
8.42694	0.001785014	8.314798262
8.424539999999999	0.001785014	8.314798262
8.42173	0.001785014	8.314798262
8.42032	0.001785014	8.314798262
8.41381	0.001785014	8.314798262
8.40972	0.001785014	8.314798262
8.40667	0.001785014	8.314798262
8.40343	0.001785014	8.314798262
8.402460000000001	0.001785014	8.314798262
8.402560000000001	0.001785014	8.314798262
8.403739999999999	0.001785014	8.314798262
8.4062	0.001785014	8.314798262
8.409880000000001	0.001785014	8.314798262
8.41038	0.001785014	8.314798262
8.41126	0.001785014	8.314798262
8.41343	0.001785014	8.314798262
8.41686	0.001785014	8.314798262
8.419130000000001	0.001785014	8.314798262
8.42435	0.001785014	8.314798262
8.42586	0.001785014	8.314798262
8.42607	0.001785014	8.314798262
8.42706	0.001785014	8.314798262
8.42652	0.001785014	8.314798262
8.42614	0.001785014	8.314798262
8.42568	0.001785014	8.314798262
8.42567	0.001785014	8.314798262
8.423789999999999	0.001785014	8.314798262
8.42079	0.001785014	8.314798262
8.41731	0.001785014	8.314798262
8.41491	0.001785014	8.314798262
8.4131	0.001785014	8.314798262
8.41235	0.001785014	8.314798262
8.41031	0.001785014	8.314798262
8.41065	0.001785014	8.314798262
8.4104	0.001785014	8.314798262
8.4092	0.001785014	8.314798262
8.406	0.001785014	8.314798262
8.40202	0.001785014	8.314798262
8.39986	0.001785014	8.314798262
8.399230000000001	0.001785014	8.314798262
8.39822	0.001785014	8.314798262
8.39846	0.001785014	8.314798262
8.39966	0.001785014	8.314798262
8.40028	0.001785014	8.314798262
8.40161	0.001785014	8.314798262
8.402619999999999	0.001785014	8.314798262
8.40462	0.001785014	8.314798262
