8.78864	0.001785014	8.881716326
8.78466	0.001785014	8.881716326
8.77779	0.001785014	8.881716326
8.770710000000001	0.001785014	8.881716326
8.7626	0.001785014	8.881716326
8.75411	0.001785014	8.881716326
8.7463	0.001785014	8.881716326
8.74044	0.001785014	8.881716326
8.73557	0.001785014	8.881716326
8.73215	0.001785014	8.881716326
8.72874	0.001785014	8.881716326
8.725060000000001	0.001785014	8.881716326
8.720180000000001	0.001785014	8.881716326
8.71827	0.001785014	8.881716326
8.714310000000001	0.001785014	8.881716326
8.71155	0.001785014	8.881716326
8.7095	0.001785014	8.881716326
8.7065	0.001785014	8.881716326
8.70256	0.001785014	8.881716326
8.69992	0.001785014	8.881716326
8.69525	0.001785014	8.881716326
8.69182	0.001785014	8.881716326
8.6899	0.001785014	8.881716326
8.69128	0.001785014	8.881716326
8.6915	0.001785014	8.881716326
8.69265	0.001785014	8.881716326
8.69149	0.001785014	8.881716326
8.69088	0.001785014	8.881716326
8.69042	0.001785014	8.881716326
8.69163	0.001785014	8.881716326
8.69046	0.001785014	8.881716326
8.68854	0.001785014	8.881716326
8.68565	0.001785014	8.881716326
8.68268	0.001785014	8.881716326
8.67742	0.001785014	8.881716326
8.67281	0.001785014	8.881716326
8.66879	0.001785014	8.881716326
8.66375	0.001785014	8.881716326
8.65633	0.001785014	8.881716326
8.645610000000001	0.001785014	8.881716326
8.63792	0.001785014	8.881716326
8.62968	0.001785014	8.881716326
8.62359	0.001785014	8.881716326
8.61753	0.001785014	8.881716326
8.61096	0.001785014	8.881716326
8.60617	0.001785014	8.881716326
8.60087	0.001785014	8.881716326
8.59479	0.001785014	8.881716326
8.590060000000001	0.001785014	8.881716326
8.58428	0.001785014	8.881716326
8.58013	0.001785014	8.881716326
8.575389999999999	0.001785014	8.881716326
8.56837	0.001785014	8.881716326
8.56092	0.001785014	8.881716326
8.55452	0.001785014	8.881716326
8.54872	0.001785014	8.881716326
8.54115	0.001785014	8.881716326
8.53565	0.001785014	8.881716326
8.53151	0.001785014	8.881716326
8.53012	0.001785014	8.881716326
8.52775	0.001785014	8.881716326
8.52544	0.001785014	8.881716326
8.52294	0.001785014	8.881716326
8.52108	0.001785014	8.881716326
8.52093	0.001785014	8.881716326
8.51872	0.001785014	8.881716326
8.51502	0.001785014	8.881716326
8.51186	0.001785014	8.881716326
8.51136	0.001785014	8.881716326
8.51062	0.001785014	8.881716326
8.5112	0.001785014	8.881716326
8.50966	0.001785014	8.881716326
8.5099	0.001785014	8.881716326
8.51091	0.001785014	8.881716326
8.51092	0.001785014	8.881716326
8.5124	0.001785014	8.881716326
8.51331	0.001785014	8.881716326
8.51529	0.001785014	8.881716326
8.51445	0.001785014	8.881716326
8.51409	0.001785014	8.881716326
8.51482	0.001785014	8.881716326
8.51643	0.001785014	8.881716326
8.51613	0.001785014	8.881716326
8.5149	0.001785014	8.881716326
8.51259	0.001785014	8.881716326
8.50862	0.001785014	8.881716326
8.50601	0.001785014	8.881716326
8.50816	0.001785014	8.881716326
8.51095	0.001785014	8.881716326
8.51249	0.001785014	8.881716326
8.51515	0.001785014	8.881716326
8.51707	0.001785014	8.881716326
8.5179	0.001785014	8.881716326
8.52024	0.001785014	8.881716326
8.52442	0.001785014	8.881716326
8.52708	0.001785014	8.881716326
8.53094	0.001785014	8.881716326
8.53468	0.001785014	8.881716326
8.53806	0.001785014	8.881716326
8.54071	0.001785014	8.881716326
8.541910000000001	0.001785014	8.881716326
8.5438	0.001785014	8.881716326
8.54411	0.001785014	8.881716326
8.54405	0.001785014	8.881716326
8.54456	0.001785014	8.881716326
8.545869999999999	0.001785014	8.881716326
8.54498	0.001785014	8.881716326
8.54654	0.001785014	8.881716326
8.54756	0.001785014	8.881716326
8.548689999999999	0.001785014	8.881716326
8.551739999999999	0.001785014	8.881716326
8.55518	0.001785014	8.881716326
8.55725	0.001785014	8.881716326
8.5586	0.001785014	8.881716326
8.56226	0.001785014	8.881716326
8.564969999999999	0.001785014	8.881716326
8.56678	0.001785014	8.881716326
8.56781	0.001785014	8.881716326
8.56878	0.001785014	8.881716326
8.5706	0.001785014	8.881716326
8.57037	0.001785014	8.881716326
8.56949	0.001785014	8.881716326
8.56659	0.001785014	8.881716326
8.564680000000001	0.001785014	8.881716326
8.56348	0.001785014	8.881716326
8.56136	0.001785014	8.881716326
8.55824	0.001785014	8.881716326
8.55545	0.001785014	8.881716326
8.547460000000001	0.001785014	8.881716326
8.54011	0.001785014	8.881716326
8.5334	0.001785014	8.881716326
8.52617	0.001785014	8.881716326
8.51679	0.001785014	8.881716326
8.5092	0.001785014	8.881716326
8.50263	0.001785014	8.881716326
8.49811	0.001785014	8.881716326
8.494580000000001	0.001785014	8.881716326
8.48772	0.001785014	8.881716326
8.48165	0.001785014	8.881716326
8.47805	0.001785014	8.881716326
8.47208	0.001785014	8.881716326
8.46658	0.001785014	8.881716326
8.462	0.001785014	8.881716326
8.45967	0.001785014	8.881716326
8.45694	0.001785014	8.881716326
8.45319	0.001785014	8.881716326
8.44994	0.001785014	8.881716326
8.4479	0.001785014	8.881716326
8.44727	0.001785014	8.881716326
8.44657	0.001785014	8.881716326
8.44628	0.001785014	8.881716326
8.447330000000001	0.001785014	8.881716326
8.44519	0.001785014	8.881716326
8.43716	0.001785014	8.881716326
8.429789999999999	0.001785014	8.881716326
8.42474	0.001785014	8.881716326
8.42107	0.001785014	8.881716326
8.41934	0.001785014	8.881716326
8.41772	0.001785014	8.881716326
8.41522	0.001785014	8.881716326
8.41189	0.001785014	8.881716326
8.40823	0.001785014	8.881716326
8.40516	0.001785014	8.881716326
8.40061	0.001785014	8.881716326
8.39745	0.001785014	8.881716326
8.39637	0.001785014	8.881716326
8.39592	0.001785014	8.881716326
8.39431	0.001785014	8.881716326
8.39167	0.001785014	8.881716326
8.39038	0.001785014	8.881716326
8.388810000000001	0.001785014	8.881716326
8.38804	0.001785014	8.881716326
8.38366	0.001785014	8.881716326
8.37619	0.001785014	8.881716326
8.3719	0.001785014	8.881716326
8.36722	0.001785014	8.881716326
8.36678	0.001785014	8.881716326
8.36627	0.001785014	8.881716326
8.3616	0.001785014	8.881716326
8.359060000000001	0.001785014	8.881716326
8.35458	0.001785014	8.881716326
8.3525	0.001785014	8.881716326
8.34993	0.001785014	8.881716326
8.346210000000001	0.001785014	8.881716326
8.34252	0.001785014	8.881716326
8.33731	0.001785014	8.881716326
8.33282	0.001785014	8.881716326
8.32852	0.001785014	8.881716326
8.32497	0.001785014	8.881716326
8.32059	0.001785014	8.881716326
8.31732	0.001785014	8.881716326
8.313369999999999	0.001785014	8.881716326
8.30971	0.001785014	8.881716326
8.30415	0.001785014	8.881716326
8.30043	0.001785014	8.881716326
8.29911	0.001785014	8.881716326
8.29798	0.001785014	8.881716326
8.29725	0.001785014	8.881716326
8.29772	0.001785014	8.881716326
8.29684	0.001785014	8.881716326
8.295630000000001	0.001785014	8.881716326
8.29717	0.001785014	8.881716326
8.29738	0.001785014	8.881716326
8.29952	0.001785014	8.881716326
8.30057	0.001785014	8.881716326
8.30069	0.001785014	8.881716326
8.29813	0.001785014	8.881716326
8.29616	0.001785014	8.881716326
8.29307	0.001785014	8.881716326
8.289010000000001	0.001785014	8.881716326
8.28265	0.001785014	8.881716326
8.27458	0.001785014	8.881716326
8.26875	0.001785014	8.881716326
8.26013	0.001785014	8.881716326
8.25358	0.001785014	8.881716326
8.246310000000001	0.001785014	8.881716326
8.23982	0.001785014	8.881716326
8.23339	0.001785014	8.881716326
8.2274	0.001785014	8.881716326
8.22528	0.001785014	8.881716326
8.22475	0.001785014	8.881716326
8.224	0.001785014	8.881716326
8.22392	0.001785014	8.881716326
8.2239	0.001785014	8.881716326
8.22304	0.001785014	8.881716326
8.22454	0.001785014	8.881716326
8.22425	0.001785014	8.881716326
8.226519999999999	0.001785014	8.881716326
8.2261	0.001785014	8.881716326
8.225539999999999	0.001785014	8.881716326
8.22824	0.001785014	8.881716326
8.22977	0.001785014	8.881716326
8.22983	0.001785014	8.881716326
8.23063	0.001785014	8.881716326
8.23607	0.001785014	8.881716326
8.23915	0.001785014	8.881716326
8.24044	0.001785014	8.881716326
8.24126	0.001785014	8.881716326
8.24262	0.001785014	8.881716326
8.24549	0.001785014	8.881716326
8.24905	0.001785014	8.881716326
8.25072	0.001785014	8.881716326
8.253730000000001	0.001785014	8.881716326
8.25659	0.001785014	8.881716326
8.2553	0.001785014	8.881716326
8.25432	0.001785014	8.881716326
8.253039999999999	0.001785014	8.881716326
8.25227	0.001785014	8.881716326
8.24895	0.001785014	8.881716326
8.24328	0.001785014	8.881716326
8.23874	0.001785014	8.881716326
8.234580000000001	0.001785014	8.881716326
8.23284	0.001785014	8.881716326
8.234580000000001	0.001785014	8.881716326
8.2343	0.001785014	8.881716326
8.235610000000001	0.001785014	8.881716326
8.23403	0.001785014	8.881716326
8.230080000000001	0.001785014	8.881716326
8.22604	0.001785014	8.881716326
8.22134	0.001785014	8.881716326
8.21764	0.001785014	8.881716326
8.21363	0.001785014	8.881716326
8.20823	0.001785014	8.881716326
8.202630000000001	0.001785014	8.881716326
8.19449	0.001785014	8.881716326
8.18742	0.001785014	8.881716326
8.18104	0.001785014	8.881716326
8.17429	0.001785014	8.881716326
8.16741	0.001785014	8.881716326
8.16032	0.001785014	8.881716326
8.154630000000001	0.001785014	8.881716326
8.14733	0.001785014	8.881716326
8.13836	0.001785014	8.881716326
8.13313	0.001785014	8.881716326
8.125589999999999	0.001785014	8.881716326
8.120519999999999	0.001785014	8.881716326
8.113430000000001	0.001785014	8.881716326
8.10639	0.001785014	8.881716326
8.099210000000001	0.001785014	8.881716326
8.09325	0.001785014	8.881716326
8.08815	0.001785014	8.881716326
8.08324	0.001785014	8.881716326
8.07859	0.001785014	8.881716326
8.07282	0.001785014	8.881716326
8.06621	0.001785014	8.881716326
8.0611	0.001785014	8.881716326
8.0559	0.001785014	8.881716326
8.05219	0.001785014	8.881716326
8.04893	0.001785014	8.881716326
8.045069999999999	0.001785014	8.881716326
8.04075	0.001785014	8.881716326
8.037339999999999	0.001785014	8.881716326
8.03507	0.001785014	8.881716326
8.03417	0.001785014	8.881716326
8.03561	0.001785014	8.881716326
8.03684	0.001785014	8.881716326
8.03688	0.001785014	8.881716326
8.038910000000001	0.001785014	8.881716326
8.039860000000001	0.001785014	8.881716326
8.04042	0.001785014	8.881716326
8.04076	0.001785014	8.881716326
8.04313	0.001785014	8.881716326
8.044989999999999	0.001785014	8.881716326
8.04435	0.001785014	8.881716326
8.0444	0.001785014	8.881716326
8.04652	0.001785014	8.881716326
8.04856	0.001785014	8.881716326
8.05015	0.001785014	8.881716326
8.05296	0.001785014	8.881716326
8.054110000000001	0.001785014	8.881716326
8.056239999999999	0.001785014	8.881716326
8.05945	0.001785014	8.881716326
8.065610000000001	0.001785014	8.881716326
8.0694	0.001785014	8.881716326
8.07382	0.001785014	8.881716326
8.07892	0.001785014	8.881716326
8.085180000000001	0.001785014	8.881716326
8.090580000000001	0.001785014	8.881716326
8.09454	0.001785014	8.881716326
8.1	0.001785014	8.881716326
8.1052	0.001785014	8.881716326
8.10997	0.001785014	8.881716326
8.11571	0.001785014	8.881716326
8.12161	0.001785014	8.881716326
8.126389999999999	0.001785014	8.881716326
8.13004	0.001785014	8.881716326
8.13518	0.001785014	8.881716326
8.14063	0.001785014	8.881716326
8.14664	0.001785014	8.881716326
8.15093	0.001785014	8.881716326
8.1543	0.001785014	8.881716326
8.16036	0.001785014	8.881716326
8.16729	0.001785014	8.881716326
8.17027	0.001785014	8.881716326
8.172410000000001	0.001785014	8.881716326
8.17206	0.001785014	8.881716326
8.17137	0.001785014	8.881716326
8.17333	0.001785014	8.881716326
8.17811	0.001785014	8.881716326
8.18235	0.001785014	8.881716326
8.18747	0.001785014	8.881716326
8.1927	0.001785014	8.881716326
8.19781	0.001785014	8.881716326
8.203	0.001785014	8.881716326
8.20623	0.001785014	8.881716326
8.20888	0.001785014	8.881716326
8.211689999999999	0.001785014	8.881716326
8.21499	0.001785014	8.881716326
8.215639999999999	0.001785014	8.881716326
8.21185	0.001785014	8.881716326
8.2088	0.001785014	8.881716326
8.20452	0.001785014	8.881716326
8.2027	0.001785014	8.881716326
8.20106	0.001785014	8.881716326
8.19772	0.001785014	8.881716326
8.19542	0.001785014	8.881716326
8.1922	0.001785014	8.881716326
8.18847	0.001785014	8.881716326
8.1843	0.001785014	8.881716326
8.18111	0.001785014	8.881716326
8.18172	0.001785014	8.881716326
8.180639999999999	0.001785014	8.881716326
8.179910000000001	0.001785014	8.881716326
8.17887	0.001785014	8.881716326
8.178519999999999	0.001785014	8.881716326
8.17569	0.001785014	8.881716326
8.17296	0.001785014	8.881716326
8.170860000000001	0.001785014	8.881716326
8.17019	0.001785014	8.881716326
8.16949	0.001785014	8.881716326
8.167069999999999	0.001785014	8.881716326
8.1635	0.001785014	8.881716326
8.15949	0.001785014	8.881716326
8.1563	0.001785014	8.881716326
8.15125	0.001785014	8.881716326
8.14715	0.001785014	8.881716326
8.14414	0.001785014	8.881716326
8.14264	0.001785014	8.881716326
8.14204	0.001785014	8.881716326
8.14144	0.001785014	8.881716326
8.14286	0.001785014	8.881716326
8.14349	0.001785014	8.881716326
8.14448	0.001785014	8.881716326
8.14304	0.001785014	8.881716326
8.14102	0.001785014	8.881716326
8.13791	0.001785014	8.881716326
8.1358	0.001785014	8.881716326
8.13391	0.001785014	8.881716326
8.13154	0.001785014	8.881716326
8.12854	0.001785014	8.881716326
8.124889999999999	0.001785014	8.881716326
8.124319999999999	0.001785014	8.881716326
8.124460000000001	0.001785014	8.881716326
8.12562	0.001785014	8.881716326
8.127419999999999	0.001785014	8.881716326
8.12899	0.001785014	8.881716326
8.1312	0.001785014	8.881716326
8.13237	0.001785014	8.881716326
8.13442	0.001785014	8.881716326
8.13803	0.001785014	8.881716326
8.14274	0.001785014	8.881716326
8.14537	0.001785014	8.881716326
8.14921	0.001785014	8.881716326
8.15347	0.001785014	8.881716326
8.157789999999999	0.001785014	8.881716326
8.159310000000001	0.001785014	8.881716326
8.159	0.001785014	8.881716326
8.157810000000001	0.001785014	8.881716326
8.156930000000001	0.001785014	8.881716326
8.15801	0.001785014	8.881716326
8.16194	0.001785014	8.881716326
8.16832	0.001785014	8.881716326
8.17109	0.001785014	8.881716326
8.17405	0.001785014	8.881716326
8.17511	0.001785014	8.881716326
8.17544	0.001785014	8.881716326
8.176110000000001	0.001785014	8.881716326
8.17843	0.001785014	8.881716326
8.17967	0.001785014	8.881716326
8.1809	0.001785014	8.881716326
8.18222	0.001785014	8.881716326
8.18348	0.001785014	8.881716326
8.18641	0.001785014	8.881716326
8.19064	0.001785014	8.881716326
8.19554	0.001785014	8.881716326
8.200239999999999	0.001785014	8.881716326
8.2005	0.001785014	8.881716326
8.19898	0.001785014	8.881716326
8.1979	0.001785014	8.881716326
8.19582	0.001785014	8.881716326
8.19486	0.001785014	8.881716326
8.19187	0.001785014	8.881716326
8.18783	0.001785014	8.881716326
8.18261	0.001785014	8.881716326
8.17775	0.001785014	8.881716326
8.1776	0.001785014	8.881716326
8.17865	0.001785014	8.881716326
8.17855	0.001785014	8.881716326
8.180439999999999	0.001785014	8.881716326
8.18263	0.001785014	8.881716326
8.18562	0.001785014	8.881716326
8.18844	0.001785014	8.881716326
8.19121	0.001785014	8.881716326
8.19309	0.001785014	8.881716326
8.19587	0.001785014	8.881716326
8.19774	0.001785014	8.881716326
8.20078	0.001785014	8.881716326
8.205680000000001	0.001785014	8.881716326
8.20698	0.001785014	8.881716326
8.208960000000001	0.001785014	8.881716326
8.2099	0.001785014	8.881716326
8.2102	0.001785014	8.881716326
8.21159	0.001785014	8.881716326
8.21487	0.001785014	8.881716326
8.21803	0.001785014	8.881716326
8.2229	0.001785014	8.881716326
8.22781	0.001785014	8.881716326
8.23376	0.001785014	8.881716326
8.24098	0.001785014	8.881716326
8.24592	0.001785014	8.881716326
8.250539999999999	0.001785014	8.881716326
8.25768	0.001785014	8.881716326
8.265039999999999	0.001785014	8.881716326
8.27241	0.001785014	8.881716326
8.27824	0.001785014	8.881716326
8.28205	0.001785014	8.881716326
8.2826	0.001785014	8.881716326
8.28248	0.001785014	8.881716326
8.28092	0.001785014	8.881716326
8.279069999999999	0.001785014	8.881716326
8.279010000000001	0.001785014	8.881716326
8.28133	0.001785014	8.881716326
8.28092	0.001785014	8.881716326
8.28222	0.001785014	8.881716326
8.28632	0.001785014	8.881716326
8.28975	0.001785014	8.881716326
8.29415	0.001785014	8.881716326
8.2965	0.001785014	8.881716326
8.29822	0.001785014	8.881716326
8.30206	0.001785014	8.881716326
8.30551	0.001785014	8.881716326
8.3069	0.001785014	8.881716326
8.30533	0.001785014	8.881716326
8.303289999999999	0.001785014	8.881716326
8.29985	0.001785014	8.881716326
8.29451	0.001785014	8.881716326
8.29047	0.001785014	8.881716326
8.28842	0.001785014	8.881716326
8.288310000000001	0.001785014	8.881716326
8.28848	0.001785014	8.881716326
8.28769	0.001785014	8.881716326
8.28688	0.001785014	8.881716326
8.286480000000001	0.001785014	8.881716326
8.28266	0.001785014	8.881716326
8.278310000000001	0.001785014	8.881716326
8.276019999999999	0.001785014	8.881716326
8.27501	0.001785014	8.881716326
8.27508	0.001785014	8.881716326
8.27935	0.001785014	8.881716326
8.28426	0.001785014	8.881716326
8.28933	0.001785014	8.881716326
8.292910000000001	0.001785014	8.881716326
8.29462	0.001785014	8.881716326
8.29502	0.001785014	8.881716326
8.295589999999999	0.001785014	8.881716326
8.295119999999999	0.001785014	8.881716326
8.29729	0.001785014	8.881716326
8.29928	0.001785014	8.881716326
8.30223	0.001785014	8.881716326
8.30538	0.001785014	8.881716326
8.307160000000001	0.001785014	8.881716326
8.30896	0.001785014	8.881716326
8.31148	0.001785014	8.881716326
8.3133	0.001785014	8.881716326
8.31502	0.001785014	8.881716326
8.31678	0.001785014	8.881716326
8.32002	0.001785014	8.881716326
8.32475	0.001785014	8.881716326
8.32859	0.001785014	8.881716326
8.33237	0.001785014	8.881716326
8.33455	0.001785014	8.881716326
8.33733	0.001785014	8.881716326
8.33797	0.001785014	8.881716326
8.3407	0.001785014	8.881716326
8.34046	0.001785014	8.881716326
8.34341	0.001785014	8.881716326
8.3452	0.001785014	8.881716326
8.34598	0.001785014	8.881716326
8.3473	0.001785014	8.881716326
8.34602	0.001785014	8.881716326
8.34378	0.001785014	8.881716326
8.34225	0.001785014	8.881716326
8.34023	0.001785014	8.881716326
8.34257	0.001785014	8.881716326
8.3453	0.001785014	8.881716326
8.35169	0.001785014	8.881716326
8.356639999999999	0.001785014	8.881716326
8.36289	0.001785014	8.881716326
8.36787	0.001785014	8.881716326
8.37195	0.001785014	8.881716326
8.373660000000001	0.001785014	8.881716326
8.377089999999999	0.001785014	8.881716326
8.38209	0.001785014	8.881716326
8.38654	0.001785014	8.881716326
8.39223	0.001785014	8.881716326
8.398710000000001	0.001785014	8.881716326
8.40403	0.001785014	8.881716326
8.40639	0.001785014	8.881716326
8.408710000000001	0.001785014	8.881716326
8.41206	0.001785014	8.881716326
8.41578	0.001785014	8.881716326
8.41968	0.001785014	8.881716326
8.42415	0.001785014	8.881716326
8.42707	0.001785014	8.881716326
8.42915	0.001785014	8.881716326
8.43246	0.001785014	8.881716326
8.43604	0.001785014	8.881716326
8.43887	0.001785014	8.881716326
8.44097	0.001785014	8.881716326
8.44223	0.001785014	8.881716326
8.44036	0.001785014	8.881716326
8.436010000000001	0.001785014	8.881716326
8.43184	0.001785014	8.881716326
8.429960000000001	0.001785014	8.881716326
8.42937	0.001785014	8.881716326
8.429039999999999	0.001785014	8.881716326
8.4271	0.001785014	8.881716326
8.42557	0.001785014	8.881716326
8.42571	0.001785014	8.881716326
8.42527	0.001785014	8.881716326
8.42612	0.001785014	8.881716326
8.42677	0.001785014	8.881716326
8.42808	0.001785014	8.881716326
8.43055	0.001785014	8.881716326
8.43365	0.001785014	8.881716326
8.43593	0.001785014	8.881716326
8.43747	0.001785014	8.881716326
8.439589999999999	0.001785014	8.881716326
8.44261	0.001785014	8.881716326
8.4468	0.001785014	8.881716326
8.44996	0.001785014	8.881716326
8.44943	0.001785014	8.881716326
8.449910000000001	0.001785014	8.881716326
8.44789	0.001785014	8.881716326
8.44507	0.001785014	8.881716326
8.44309	0.001785014	8.881716326
8.441889999999999	0.001785014	8.881716326
8.44386	0.001785014	8.881716326
8.443589999999999	0.001785014	8.881716326
8.44483	0.001785014	8.881716326
8.445160000000001	0.001785014	8.881716326
8.44484	0.001785014	8.881716326
8.443769999999999	0.001785014	8.881716326
8.444989999999999	0.001785014	8.881716326
8.44536	0.001785014	8.881716326
8.44426	0.001785014	8.881716326
8.44336	0.001785014	8.881716326
8.44337	0.001785014	8.881716326
8.44281	0.001785014	8.881716326
8.43864	0.001785014	8.881716326
8.43467	0.001785014	8.881716326
8.43309	0.001785014	8.881716326
8.4322	0.001785014	8.881716326
8.43108	0.001785014	8.881716326
8.42707	0.001785014	8.881716326
8.42494	0.001785014	8.881716326
8.4231	0.001785014	8.881716326
8.4216	0.001785014	8.881716326
8.41668	0.001785014	8.881716326
8.41371	0.001785014	8.881716326
8.41183	0.001785014	8.881716326
8.408560000000001	0.001785014	8.881716326
8.40669	0.001785014	8.881716326
8.40725	0.001785014	8.881716326
8.40755	0.001785014	8.881716326
8.409189999999999	0.001785014	8.881716326
8.4115	0.001785014	8.881716326
8.412560000000001	0.001785014	8.881716326
8.41555	0.001785014	8.881716326
8.41409	0.001785014	8.881716326
8.41517	0.001785014	8.881716326
8.41485	0.001785014	8.881716326
8.41507	0.001785014	8.881716326
8.41638	0.001785014	8.881716326
8.41727	0.001785014	8.881716326
8.41929	0.001785014	8.881716326
8.41878	0.001785014	8.881716326
8.421660000000001	0.001785014	8.881716326
8.42445	0.001785014	8.881716326
8.42341	0.001785014	8.881716326
8.42174	0.001785014	8.881716326
8.422089999999999	0.001785014	8.881716326
8.4238	0.001785014	8.881716326
8.42801	0.001785014	8.881716326
8.42932	0.001785014	8.881716326
8.42806	0.001785014	8.881716326
8.43041	0.001785014	8.881716326
8.431280000000001	0.001785014	8.881716326
8.433539999999999	0.001785014	8.881716326
8.43551	0.001785014	8.881716326
8.43835	0.001785014	8.881716326
8.442	0.001785014	8.881716326
8.444519999999999	0.001785014	8.881716326
8.44707	0.001785014	8.881716326
8.448260000000001	0.001785014	8.881716326
8.44875	0.001785014	8.881716326
8.44811	0.001785014	8.881716326
8.44735	0.001785014	8.881716326
8.44843	0.001785014	8.881716326
8.4476	0.001785014	8.881716326
8.44783	0.001785014	8.881716326
8.446639999999999	0.001785014	8.881716326
8.4446	0.001785014	8.881716326
8.44345	0.001785014	8.881716326
8.44417	0.001785014	8.881716326
8.4447	0.001785014	8.881716326
8.44605	0.001785014	8.881716326
8.448080000000001	0.001785014	8.881716326
8.44928	0.001785014	8.881716326
8.45145	0.001785014	8.881716326
8.45157	0.001785014	8.881716326
8.45445	0.001785014	8.881716326
8.458	0.001785014	8.881716326
8.4618	0.001785014	8.881716326
8.465489999999999	0.001785014	8.881716326
8.46898	0.001785014	8.881716326
8.47083	0.001785014	8.881716326
8.4754	0.001785014	8.881716326
8.47918	0.001785014	8.881716326
8.48102	0.001785014	8.881716326
8.48396	0.001785014	8.881716326
8.48754	0.001785014	8.881716326
8.488439999999999	0.001785014	8.881716326
8.48986	0.001785014	8.881716326
8.49283	0.001785014	8.881716326
8.49468	0.001785014	8.881716326
8.49773	0.001785014	8.881716326
8.49964	0.001785014	8.881716326
8.50094	0.001785014	8.881716326
8.50097	0.001785014	8.881716326
8.50243	0.001785014	8.881716326
8.504710000000001	0.001785014	8.881716326
8.509210000000001	0.001785014	8.881716326
8.51486	0.001785014	8.881716326
8.51719	0.001785014	8.881716326
8.51946	0.001785014	8.881716326
8.52145	0.001785014	8.881716326
8.526860000000001	0.001785014	8.881716326
8.53425	0.001785014	8.881716326
8.54012	0.001785014	8.881716326
8.54513	0.001785014	8.881716326
8.54759	0.001785014	8.881716326
8.54831	0.001785014	8.881716326
8.55028	0.001785014	8.881716326
8.54852	0.001785014	8.881716326
8.54725	0.001785014	8.881716326
8.543330000000001	0.001785014	8.881716326
8.53859	0.001785014	8.881716326
8.53497	0.001785014	8.881716326
8.53215	0.001785014	8.881716326
8.53075	0.001785014	8.881716326
8.527280000000001	0.001785014	8.881716326
8.521410000000001	0.001785014	8.881716326
8.51399	0.001785014	8.881716326
8.50858	0.001785014	8.881716326
8.50157	0.001785014	8.881716326
8.49249	0.001785014	8.881716326
8.48638	0.001785014	8.881716326
8.47998	0.001785014	8.881716326
8.47317	0.001785014	8.881716326
8.46687	0.001785014	8.881716326
8.465019999999999	0.001785014	8.881716326
8.463339999999999	0.001785014	8.881716326
8.46208	0.001785014	8.881716326
8.4602	0.001785014	8.881716326
8.460989999999999	0.001785014	8.881716326
8.45887	0.001785014	8.881716326
8.45515	0.001785014	8.881716326
8.45196	0.001785014	8.881716326
8.44853	0.001785014	8.881716326
8.44507	0.001785014	8.881716326
8.44195	0.001785014	8.881716326
8.4412	0.001785014	8.881716326
8.43985	0.001785014	8.881716326
8.44009	0.001785014	8.881716326
8.44096	0.001785014	8.881716326
8.44332	0.001785014	8.881716326
8.44492	0.001785014	8.881716326
8.44661	0.001785014	8.881716326
8.45246	0.001785014	8.881716326
8.457	0.001785014	8.881716326
8.459480000000001	0.001785014	8.881716326
8.45831	0.001785014	8.881716326
8.45802	0.001785014	8.881716326
8.4585	0.001785014	8.881716326
8.45928	0.001785014	8.881716326
8.45898	0.001785014	8.881716326
8.458039999999999	0.001785014	8.881716326
8.45917	0.001785014	8.881716326
8.461110000000001	0.001785014	8.881716326
8.4637	0.001785014	8.881716326
8.46733	0.001785014	8.881716326
8.47223	0.001785014	8.881716326
8.47688	0.001785014	8.881716326
8.48272	0.001785014	8.881716326
8.48865	0.001785014	8.881716326
8.491710000000001	0.001785014	8.881716326
8.49518	0.001785014	8.881716326
8.49484	0.001785014	8.881716326
8.49538	0.001785014	8.881716326
8.49502	0.001785014	8.881716326
8.49412	0.001785014	8.881716326
8.49587	0.001785014	8.881716326
8.49723	0.001785014	8.881716326
8.49958	0.001785014	8.881716326
8.50305	0.001785014	8.881716326
8.51028	0.001785014	8.881716326
8.5171	0.001785014	8.881716326
8.52128	0.001785014	8.881716326
8.52464	0.001785014	8.881716326
8.5291	0.001785014	8.881716326
8.53244	0.001785014	8.881716326
8.535910000000001	0.001785014	8.881716326
8.54001	0.001785014	8.881716326
8.54066	0.001785014	8.881716326
8.539010000000001	0.001785014	8.881716326
8.5371	0.001785014	8.881716326
8.53369	0.001785014	8.881716326
8.52952	0.001785014	8.881716326
8.52548	0.001785014	8.881716326
8.52247	0.001785014	8.881716326
8.52285	0.001785014	8.881716326
8.5235	0.001785014	8.881716326
8.52213	0.001785014	8.881716326
8.52422	0.001785014	8.881716326
8.52627	0.001785014	8.881716326
8.526580000000001	0.001785014	8.881716326
8.527569999999999	0.001785014	8.881716326
8.52768	0.001785014	8.881716326
8.52644	0.001785014	8.881716326
8.526580000000001	0.001785014	8.881716326
8.527989999999999	0.001785014	8.881716326
8.530389999999999	0.001785014	8.881716326
8.52865	0.001785014	8.881716326
8.52936	0.001785014	8.881716326
8.53158	0.001785014	8.881716326
8.53556	0.001785014	8.881716326
8.538269999999999	0.001785014	8.881716326
8.54256	0.001785014	8.881716326
8.54616	0.001785014	8.881716326
8.547189999999999	0.001785014	8.881716326
8.54764	0.001785014	8.881716326
8.54679	0.001785014	8.881716326
8.54733	0.001785014	8.881716326
8.5465	0.001785014	8.881716326
8.545069999999999	0.001785014	8.881716326
8.541080000000001	0.001785014	8.881716326
8.53817	0.001785014	8.881716326
8.53224	0.001785014	8.881716326
8.527660000000001	0.001785014	8.881716326
8.523489999999999	0.001785014	8.881716326
8.51873	0.001785014	8.881716326
8.513739999999999	0.001785014	8.881716326
8.50863	0.001785014	8.881716326
8.50746	0.001785014	8.881716326
8.50811	0.001785014	8.881716326
8.50942	0.001785014	8.881716326
8.50693	0.001785014	8.881716326
8.50505	0.001785014	8.881716326
8.50323	0.001785014	8.881716326
8.50014	0.001785014	8.881716326
8.49762	0.001785014	8.881716326
8.4949	0.001785014	8.881716326
8.4941	0.001785014	8.881716326
8.49429	0.001785014	8.881716326
8.493780000000001	0.001785014	8.881716326
8.49235	0.001785014	8.881716326
8.489889999999999	0.001785014	8.881716326
8.48832	0.001785014	8.881716326
8.488489999999999	0.001785014	8.881716326
8.48886	0.001785014	8.881716326
8.49076	0.001785014	8.881716326
8.492	0.001785014	8.881716326
8.49487	0.001785014	8.881716326
8.49516	0.001785014	8.881716326
8.49495	0.001785014	8.881716326
8.49589	0.001785014	8.881716326
8.497160000000001	0.001785014	8.881716326
8.49927	0.001785014	8.881716326
8.501380000000001	0.001785014	8.881716326
8.50742	0.001785014	8.881716326
8.51464	0.001785014	8.881716326
8.52201	0.001785014	8.881716326
8.52764	0.001785014	8.881716326
8.534	0.001785014	8.881716326
8.53656	0.001785014	8.881716326
8.53656	0.001785014	8.881716326
8.53712	0.001785014	8.881716326
8.53611	0.001785014	8.881716326
8.5379	0.001785014	8.881716326
8.53947	0.001785014	8.881716326
8.54138	0.001785014	8.881716326
8.54218	0.001785014	8.881716326
8.543460000000001	0.001785014	8.881716326
8.54485	0.001785014	8.881716326
8.54358	0.001785014	8.881716326
8.54238	0.001785014	8.881716326
8.53995	0.001785014	8.881716326
8.53544	0.001785014	8.881716326
8.534510000000001	0.001785014	8.881716326
8.53501	0.001785014	8.881716326
8.53888	0.001785014	8.881716326
8.543330000000001	0.001785014	8.881716326
8.54766	0.001785014	8.881716326
8.5532	0.001785014	8.881716326
8.558589999999999	0.001785014	8.881716326
8.56208	0.001785014	8.881716326
8.56582	0.001785014	8.881716326
8.57212	0.001785014	8.881716326
8.57746	0.001785014	8.881716326
8.58227	0.001785014	8.881716326
8.587010000000001	0.001785014	8.881716326
8.59056	0.001785014	8.881716326
8.59442	0.001785014	8.881716326
8.601410000000001	0.001785014	8.881716326
8.60772	0.001785014	8.881716326
8.61578	0.001785014	8.881716326
8.62283	0.001785014	8.881716326
8.62831	0.001785014	8.881716326
8.63143	0.001785014	8.881716326
8.63159	0.001785014	8.881716326
8.634160000000001	0.001785014	8.881716326
8.63911	0.001785014	8.881716326
8.64545	0.001785014	8.881716326
8.648010000000001	0.001785014	8.881716326
8.64815	0.001785014	8.881716326
8.649410000000001	0.001785014	8.881716326
8.65359	0.001785014	8.881716326
8.65943	0.001785014	8.881716326
8.66253	0.001785014	8.881716326
8.661660000000001	0.001785014	8.881716326
8.660680000000001	0.001785014	8.881716326
8.66043	0.001785014	8.881716326
8.65881	0.001785014	8.881716326
8.65864	0.001785014	8.881716326
8.660810000000001	0.001785014	8.881716326
8.66111	0.001785014	8.881716326
8.66213	0.001785014	8.881716326
8.65948	0.001785014	8.881716326
8.65898	0.001785014	8.881716326
8.65827	0.001785014	8.881716326
8.65587	0.001785014	8.881716326
8.65369	0.001785014	8.881716326
8.653360000000001	0.001785014	8.881716326
8.64974	0.001785014	8.881716326
8.648539999999999	0.001785014	8.881716326
8.64725	0.001785014	8.881716326
8.643	0.001785014	8.881716326
8.638910000000001	0.001785014	8.881716326
8.63402	0.001785014	8.881716326
8.63012	0.001785014	8.881716326
8.625110000000001	0.001785014	8.881716326
8.61961	0.001785014	8.881716326
8.611080000000001	0.001785014	8.881716326
8.6027	0.001785014	8.881716326
8.59476	0.001785014	8.881716326
8.58965	0.001785014	8.881716326
8.58602	0.001785014	8.881716326
8.584480000000001	0.001785014	8.881716326
8.5808	0.001785014	8.881716326
8.57612	0.001785014	8.881716326
8.57288	0.001785014	8.881716326
8.57192	0.001785014	8.881716326
8.570780000000001	0.001785014	8.881716326
8.56767	0.001785014	8.881716326
8.5659	0.001785014	8.881716326
8.56494	0.001785014	8.881716326
8.562610000000001	0.001785014	8.881716326
8.561760000000001	0.001785014	8.881716326
8.55949	0.001785014	8.881716326
8.55588	0.001785014	8.881716326
8.55424	0.001785014	8.881716326
8.550989999999999	0.001785014	8.881716326
8.5467	0.001785014	8.881716326
8.5415	0.001785014	8.881716326
8.53621	0.001785014	8.881716326
8.53234	0.001785014	8.881716326
8.52941	0.001785014	8.881716326
8.52473	0.001785014	8.881716326
8.52169	0.001785014	8.881716326
8.518239999999999	0.001785014	8.881716326
8.51533	0.001785014	8.881716326
8.513119999999999	0.001785014	8.881716326
8.5118	0.001785014	8.881716326
8.510060000000001	0.001785014	8.881716326
8.51063	0.001785014	8.881716326
8.51333	0.001785014	8.881716326
8.51791	0.001785014	8.881716326
8.52229	0.001785014	8.881716326
8.52924	0.001785014	8.881716326
8.53402	0.001785014	8.881716326
8.538889999999999	0.001785014	8.881716326
8.54082	0.001785014	8.881716326
8.541160000000001	0.001785014	8.881716326
8.542860000000001	0.001785014	8.881716326
8.54166	0.001785014	8.881716326
8.53985	0.001785014	8.881716326
8.5395	0.001785014	8.881716326
8.541210000000001	0.001785014	8.881716326
8.54658	0.001785014	8.881716326
8.54991	0.001785014	8.881716326
8.55207	0.001785014	8.881716326
8.55425	0.001785014	8.881716326
8.55595	0.001785014	8.881716326
8.55835	0.001785014	8.881716326
8.56155	0.001785014	8.881716326
8.56335	0.001785014	8.881716326
8.56407	0.001785014	8.881716326
8.56559	0.001785014	8.881716326
8.56658	0.001785014	8.881716326
8.56912	0.001785014	8.881716326
8.57206	0.001785014	8.881716326
8.57363	0.001785014	8.881716326
8.577869999999999	0.001785014	8.881716326
8.57987	0.001785014	8.881716326
8.58361	0.001785014	8.881716326
8.58591	0.001785014	8.881716326
8.5876	0.001785014	8.881716326
8.58873	0.001785014	8.881716326
8.58975	0.001785014	8.881716326
8.58955	0.001785014	8.881716326
8.5902	0.001785014	8.881716326
8.590160000000001	0.001785014	8.881716326
8.59215	0.001785014	8.881716326
8.59625	0.001785014	8.881716326
8.599860000000001	0.001785014	8.881716326
8.59897	0.001785014	8.881716326
8.5939	0.001785014	8.881716326
8.58617	0.001785014	8.881716326
8.57775	0.001785014	8.881716326
8.56835	0.001785014	8.881716326
8.56051	0.001785014	8.881716326
8.55384	0.001785014	8.881716326
8.545810000000001	0.001785014	8.881716326
8.54016	0.001785014	8.881716326
8.53305	0.001785014	8.881716326
8.52818	0.001785014	8.881716326
8.52175	0.001785014	8.881716326
8.51646	0.001785014	8.881716326
8.51416	0.001785014	8.881716326
8.5101	0.001785014	8.881716326
8.50732	0.001785014	8.881716326
8.50532	0.001785014	8.881716326
8.500689999999999	0.001785014	8.881716326
8.49807	0.001785014	8.881716326
8.49581	0.001785014	8.881716326
8.49265	0.001785014	8.881716326
8.49044	0.001785014	8.881716326
8.48805	0.001785014	8.881716326
8.487119999999999	0.001785014	8.881716326
8.48536	0.001785014	8.881716326
8.48214	0.001785014	8.881716326
8.47816	0.001785014	8.881716326
8.47475	0.001785014	8.881716326
8.47245	0.001785014	8.881716326
8.47123	0.001785014	8.881716326
8.4707	0.001785014	8.881716326
8.47033	0.001785014	8.881716326
8.47207	0.001785014	8.881716326
8.473230000000001	0.001785014	8.881716326
8.47392	0.001785014	8.881716326
8.47734	0.001785014	8.881716326
8.48344	0.001785014	8.881716326
8.49075	0.001785014	8.881716326
8.49978	0.001785014	8.881716326
8.50859	0.001785014	8.881716326
8.51652	0.001785014	8.881716326
8.52334	0.001785014	8.881716326
8.530339999999999	0.001785014	8.881716326
8.53731	0.001785014	8.881716326
8.54251	0.001785014	8.881716326
8.54699	0.001785014	8.881716326
8.55083	0.001785014	8.881716326
8.55288	0.001785014	8.881716326
8.55466	0.001785014	8.881716326
8.55312	0.001785014	8.881716326
8.55227	0.001785014	8.881716326
8.55052	0.001785014	8.881716326
8.54973	0.001785014	8.881716326
8.54873	0.001785014	8.881716326
8.54813	0.001785014	8.881716326
8.5454	0.001785014	8.881716326
8.54256	0.001785014	8.881716326
8.53588	0.001785014	8.881716326
8.52989	0.001785014	8.881716326
8.52459	0.001785014	8.881716326
8.52145	0.001785014	8.881716326
8.52094	0.001785014	8.881716326
8.518889999999999	0.001785014	8.881716326
8.51732	0.001785014	8.881716326
8.51552	0.001785014	8.881716326
8.51484	0.001785014	8.881716326
8.51309	0.001785014	8.881716326
8.50997	0.001785014	8.881716326
8.50763	0.001785014	8.881716326
8.50722	0.001785014	8.881716326
8.50667	0.001785014	8.881716326
8.50435	0.001785014	8.881716326
8.50146	0.001785014	8.881716326
8.49906	0.001785014	8.881716326
8.49822	0.001785014	8.881716326
8.499830000000001	0.001785014	8.881716326
8.50182	0.001785014	8.881716326
8.505560000000001	0.001785014	8.881716326
8.50871	0.001785014	8.881716326
8.511289999999999	0.001785014	8.881716326
8.51207	0.001785014	8.881716326
8.51538	0.001785014	8.881716326
8.51718	0.001785014	8.881716326
8.5197	0.001785014	8.881716326
8.5218	0.001785014	8.881716326
8.519039999999999	0.001785014	8.881716326
8.515360000000001	0.001785014	8.881716326
8.51287	0.001785014	8.881716326
8.513010000000001	0.001785014	8.881716326
8.51313	0.001785014	8.881716326
8.51395	0.001785014	8.881716326
8.51641	0.001785014	8.881716326
8.51735	0.001785014	8.881716326
8.51572	0.001785014	8.881716326
8.51182	0.001785014	8.881716326
8.50521	0.001785014	8.881716326
8.49978	0.001785014	8.881716326
8.49416	0.001785014	8.881716326
8.487680000000001	0.001785014	8.881716326
8.4784	0.001785014	8.881716326
8.47252	0.001785014	8.881716326
8.46717	0.001785014	8.881716326
8.46	0.001785014	8.881716326
8.45479	0.001785014	8.881716326
8.44994	0.001785014	8.881716326
8.44759	0.001785014	8.881716326
8.44507	0.001785014	8.881716326
8.44413	0.001785014	8.881716326
8.443539999999999	0.001785014	8.881716326
8.44257	0.001785014	8.881716326
8.44011	0.001785014	8.881716326
8.43902	0.001785014	8.881716326
8.43667	0.001785014	8.881716326
8.435130000000001	0.001785014	8.881716326
8.43341	0.001785014	8.881716326
8.43153	0.001785014	8.881716326
8.42876	0.001785014	8.881716326
8.42393	0.001785014	8.881716326
8.4211	0.001785014	8.881716326
8.42333	0.001785014	8.881716326
8.42492	0.001785014	8.881716326
8.42548	0.001785014	8.881716326
8.42608	0.001785014	8.881716326
8.42421	0.001785014	8.881716326
8.42121	0.001785014	8.881716326
8.42053	0.001785014	8.881716326
8.42039	0.001785014	8.881716326
8.4189	0.001785014	8.881716326
8.41735	0.001785014	8.881716326
8.41336	0.001785014	8.881716326
8.41142	0.001785014	8.881716326
8.41263	0.001785014	8.881716326
8.411480000000001	0.001785014	8.881716326
8.41264	0.001785014	8.881716326
8.41359	0.001785014	8.881716326
8.413960000000001	0.001785014	8.881716326
8.41429	0.001785014	8.881716326
8.41668	0.001785014	8.881716326
8.417860000000001	0.001785014	8.881716326
8.41458	0.001785014	8.881716326
8.41235	0.001785014	8.881716326
8.407789999999999	0.001785014	8.881716326
8.40511	0.001785014	8.881716326
8.40188	0.001785014	8.881716326
8.39949	0.001785014	8.881716326
8.396519999999999	0.001785014	8.881716326
8.39503	0.001785014	8.881716326
8.394	0.001785014	8.881716326
8.39371	0.001785014	8.881716326
8.393139999999999	0.001785014	8.881716326
8.3925	0.001785014	8.881716326
8.38998	0.001785014	8.881716326
8.389330000000001	0.001785014	8.881716326
8.38952	0.001785014	8.881716326
8.390830000000001	0.001785014	8.881716326
8.390239999999999	0.001785014	8.881716326
8.38908	0.001785014	8.881716326
8.38959	0.001785014	8.881716326
8.39171	0.001785014	8.881716326
8.39109	0.001785014	8.881716326
8.3915	0.001785014	8.881716326
8.39145	0.001785014	8.881716326
8.39494	0.001785014	8.881716326
8.39522	0.001785014	8.881716326
8.39402	0.001785014	8.881716326
8.3944	0.001785014	8.881716326
8.39296	0.001785014	8.881716326
8.39225	0.001785014	8.881716326
8.3901	0.001785014	8.881716326
8.38715	0.001785014	8.881716326
8.38573	0.001785014	8.881716326
8.38391	0.001785014	8.881716326
