5.72128	0.001785014	7.180962136
5.71876	0.001785014	7.180962136
5.717219999999999	0.001785014	7.180962136
5.71521	0.001785014	7.180962136
5.714090000000001	0.001785014	7.180962136
5.71555	0.001785014	7.180962136
5.71664	0.001785014	7.180962136
5.717230000000001	0.001785014	7.180962136
5.72139	0.001785014	7.180962136
5.72173	0.001785014	7.180962136
5.72353	0.001785014	7.180962136
5.72559	0.001785014	7.180962136
5.72464	0.001785014	7.180962136
5.72461	0.001785014	7.180962136
5.726719999999999	0.001785014	7.180962136
5.72613	0.001785014	7.180962136
5.72468	0.001785014	7.180962136
5.72686	0.001785014	7.180962136
5.731330000000001	0.001785014	7.180962136
5.73647	0.001785014	7.180962136
5.74141	0.001785014	7.180962136
5.747319999999999	0.001785014	7.180962136
5.75283	0.001785014	7.180962136
5.758030000000001	0.001785014	7.180962136
5.76074	0.001785014	7.180962136
5.76204	0.001785014	7.180962136
5.7623	0.001785014	7.180962136
5.76122	0.001785014	7.180962136
5.76131	0.001785014	7.180962136
5.762980000000001	0.001785014	7.180962136
5.7663400000000005	0.001785014	7.180962136
5.77031	0.001785014	7.180962136
5.7737300000000005	0.001785014	7.180962136
5.77794	0.001785014	7.180962136
5.78161	0.001785014	7.180962136
5.78425	0.001785014	7.180962136
5.7880199999999995	0.001785014	7.180962136
5.79045	0.001785014	7.180962136
5.791119999999999	0.001785014	7.180962136
5.7915	0.001785014	7.180962136
5.79183	0.001785014	7.180962136
5.7910900000000005	0.001785014	7.180962136
5.78944	0.001785014	7.180962136
5.78627	0.001785014	7.180962136
5.78373	0.001785014	7.180962136
5.78263	0.001785014	7.180962136
5.78461	0.001785014	7.180962136
5.78621	0.001785014	7.180962136
5.78958	0.001785014	7.180962136
5.79272	0.001785014	7.180962136
5.79629	0.001785014	7.180962136
5.79975	0.001785014	7.180962136
5.80147	0.001785014	7.180962136
5.80251	0.001785014	7.180962136
5.80424	0.001785014	7.180962136
5.8042300000000004	0.001785014	7.180962136
5.80502	0.001785014	7.180962136
5.80622	0.001785014	7.180962136
5.80481	0.001785014	7.180962136
5.80462	0.001785014	7.180962136
5.80467	0.001785014	7.180962136
5.8057099999999995	0.001785014	7.180962136
5.80693	0.001785014	7.180962136
5.80591	0.001785014	7.180962136
5.80312	0.001785014	7.180962136
5.8007599999999995	0.001785014	7.180962136
5.798109999999999	0.001785014	7.180962136
5.79328	0.001785014	7.180962136
5.790019999999999	0.001785014	7.180962136
5.78758	0.001785014	7.180962136
5.78378	0.001785014	7.180962136
5.78179	0.001785014	7.180962136
5.77807	0.001785014	7.180962136
5.77388	0.001785014	7.180962136
5.769340000000001	0.001785014	7.180962136
5.7681	0.001785014	7.180962136
5.77025	0.001785014	7.180962136
5.77219	0.001785014	7.180962136
5.77355	0.001785014	7.180962136
5.774369999999999	0.001785014	7.180962136
5.77182	0.001785014	7.180962136
5.76854	0.001785014	7.180962136
5.76555	0.001785014	7.180962136
5.76269	0.001785014	7.180962136
5.76239	0.001785014	7.180962136
5.76231	0.001785014	7.180962136
5.7593	0.001785014	7.180962136
5.75747	0.001785014	7.180962136
5.75636	0.001785014	7.180962136
5.75367	0.001785014	7.180962136
5.75132	0.001785014	7.180962136
5.74799	0.001785014	7.180962136
5.74512	0.001785014	7.180962136
5.74081	0.001785014	7.180962136
5.7361	0.001785014	7.180962136
5.73043	0.001785014	7.180962136
5.727130000000001	0.001785014	7.180962136
5.7243699999999995	0.001785014	7.180962136
5.72095	0.001785014	7.180962136
5.719180000000001	0.001785014	7.180962136
5.7180800000000005	0.001785014	7.180962136
5.71709	0.001785014	7.180962136
5.71605	0.001785014	7.180962136
5.7148699999999995	0.001785014	7.180962136
5.71248	0.001785014	7.180962136
5.71185	0.001785014	7.180962136
5.70919	0.001785014	7.180962136
5.70466	0.001785014	7.180962136
5.69873	0.001785014	7.180962136
5.6944	0.001785014	7.180962136
5.69025	0.001785014	7.180962136
5.68553	0.001785014	7.180962136
5.68157	0.001785014	7.180962136
5.68076	0.001785014	7.180962136
5.6759699999999995	0.001785014	7.180962136
5.6723300000000005	0.001785014	7.180962136
5.66824	0.001785014	7.180962136
5.66527	0.001785014	7.180962136
5.6635599999999995	0.001785014	7.180962136
5.66437	0.001785014	7.180962136
5.66394	0.001785014	7.180962136
5.66573	0.001785014	7.180962136
5.66885	0.001785014	7.180962136
5.66948	0.001785014	7.180962136
5.6685300000000005	0.001785014	7.180962136
5.66376	0.001785014	7.180962136
5.65885	0.001785014	7.180962136
5.65484	0.001785014	7.180962136
5.65037	0.001785014	7.180962136
5.64762	0.001785014	7.180962136
5.64452	0.001785014	7.180962136
5.64278	0.001785014	7.180962136
5.64158	0.001785014	7.180962136
5.641719999999999	0.001785014	7.180962136
5.64161	0.001785014	7.180962136
5.6427	0.001785014	7.180962136
5.64049	0.001785014	7.180962136
5.6381	0.001785014	7.180962136
5.6376	0.001785014	7.180962136
5.635680000000001	0.001785014	7.180962136
5.634530000000001	0.001785014	7.180962136
5.63269	0.001785014	7.180962136
5.63229	0.001785014	7.180962136
5.630730000000001	0.001785014	7.180962136
5.62763	0.001785014	7.180962136
5.62795	0.001785014	7.180962136
5.6291199999999995	0.001785014	7.180962136
5.62972	0.001785014	7.180962136
5.62766	0.001785014	7.180962136
5.62641	0.001785014	7.180962136
5.6241900000000005	0.001785014	7.180962136
5.6224099999999995	0.001785014	7.180962136
5.62194	0.001785014	7.180962136
5.62125	0.001785014	7.180962136
5.62028	0.001785014	7.180962136
5.61911	0.001785014	7.180962136
5.6156	0.001785014	7.180962136
5.61222	0.001785014	7.180962136
5.60982	0.001785014	7.180962136
5.605919999999999	0.001785014	7.180962136
5.60208	0.001785014	7.180962136
5.59815	0.001785014	7.180962136
5.59555	0.001785014	7.180962136
5.5948199999999995	0.001785014	7.180962136
5.59405	0.001785014	7.180962136
5.59529	0.001785014	7.180962136
5.59545	0.001785014	7.180962136
5.5981	0.001785014	7.180962136
5.60095	0.001785014	7.180962136
5.60164	0.001785014	7.180962136
5.60325	0.001785014	7.180962136
5.60508	0.001785014	7.180962136
5.607130000000001	0.001785014	7.180962136
5.6089400000000005	0.001785014	7.180962136
5.6072	0.001785014	7.180962136
5.60227	0.001785014	7.180962136
5.5994	0.001785014	7.180962136
5.59673	0.001785014	7.180962136
5.5943	0.001785014	7.180962136
5.59319	0.001785014	7.180962136
5.5917	0.001785014	7.180962136
5.5912	0.001785014	7.180962136
5.59241	0.001785014	7.180962136
5.59365	0.001785014	7.180962136
5.594519999999999	0.001785014	7.180962136
5.5944199999999995	0.001785014	7.180962136
5.59281	0.001785014	7.180962136
5.59235	0.001785014	7.180962136
5.59173	0.001785014	7.180962136
5.59026	0.001785014	7.180962136
5.59195	0.001785014	7.180962136
5.59596	0.001785014	7.180962136
5.5987	0.001785014	7.180962136
5.60313	0.001785014	7.180962136
5.611	0.001785014	7.180962136
5.6179	0.001785014	7.180962136
5.6235599999999994	0.001785014	7.180962136
5.62783	0.001785014	7.180962136
5.63404	0.001785014	7.180962136
5.64006	0.001785014	7.180962136
5.647959999999999	0.001785014	7.180962136
5.65626	0.001785014	7.180962136
5.66317	0.001785014	7.180962136
5.67171	0.001785014	7.180962136
5.6786	0.001785014	7.180962136
5.68665	0.001785014	7.180962136
5.693219999999999	0.001785014	7.180962136
5.69982	0.001785014	7.180962136
5.70453	0.001785014	7.180962136
5.71253	0.001785014	7.180962136
5.71765	0.001785014	7.180962136
5.72593	0.001785014	7.180962136
5.73275	0.001785014	7.180962136
5.741140000000001	0.001785014	7.180962136
5.7462800000000005	0.001785014	7.180962136
5.75005	0.001785014	7.180962136
5.753019999999999	0.001785014	7.180962136
5.756530000000001	0.001785014	7.180962136
5.76039	0.001785014	7.180962136
5.76323	0.001785014	7.180962136
5.76772	0.001785014	7.180962136
5.76896	0.001785014	7.180962136
5.77251	0.001785014	7.180962136
5.77541	0.001785014	7.180962136
5.7781199999999995	0.001785014	7.180962136
5.78215	0.001785014	7.180962136
5.7857199999999995	0.001785014	7.180962136
5.7911	0.001785014	7.180962136
5.7932	0.001785014	7.180962136
5.79708	0.001785014	7.180962136
5.79928	0.001785014	7.180962136
5.79956	0.001785014	7.180962136
5.80015	0.001785014	7.180962136
5.8005	0.001785014	7.180962136
5.80098	0.001785014	7.180962136
5.8021400000000005	0.001785014	7.180962136
5.80345	0.001785014	7.180962136
5.80467	0.001785014	7.180962136
5.80796	0.001785014	7.180962136
5.81086	0.001785014	7.180962136
5.811640000000001	0.001785014	7.180962136
5.81285	0.001785014	7.180962136
5.81505	0.001785014	7.180962136
5.8158	0.001785014	7.180962136
5.81567	0.001785014	7.180962136
5.81851	0.001785014	7.180962136
5.82313	0.001785014	7.180962136
5.826169999999999	0.001785014	7.180962136
5.82734	0.001785014	7.180962136
5.82761	0.001785014	7.180962136
5.82808	0.001785014	7.180962136
5.829269999999999	0.001785014	7.180962136
5.82995	0.001785014	7.180962136
5.83322	0.001785014	7.180962136
5.83783	0.001785014	7.180962136
