14.54505	0.001785014	15.117815022
14.54832	0.001785014	15.117815022
14.55117	0.001785014	15.117815022
14.551879999999999	0.001785014	15.117815022
14.551329999999998	0.001785014	15.117815022
14.552170000000002	0.001785014	15.117815022
14.55352	0.001785014	15.117815022
14.55608	0.001785014	15.117815022
14.559479999999999	0.001785014	15.117815022
14.561739999999999	0.001785014	15.117815022
14.56225	0.001785014	15.117815022
14.5605	0.001785014	15.117815022
14.55926	0.001785014	15.117815022
14.55732	0.001785014	15.117815022
14.55494	0.001785014	15.117815022
14.55221	0.001785014	15.117815022
14.55114	0.001785014	15.117815022
14.550139999999999	0.001785014	15.117815022
14.550529999999998	0.001785014	15.117815022
14.5518	0.001785014	15.117815022
14.55101	0.001785014	15.117815022
14.54941	0.001785014	15.117815022
14.54645	0.001785014	15.117815022
14.54474	0.001785014	15.117815022
14.542329999999998	0.001785014	15.117815022
14.537529999999999	0.001785014	15.117815022
14.53209	0.001785014	15.117815022
14.5265	0.001785014	15.117815022
14.52263	0.001785014	15.117815022
14.517729999999998	0.001785014	15.117815022
14.51544	0.001785014	15.117815022
14.51096	0.001785014	15.117815022
14.50731	0.001785014	15.117815022
14.50162	0.001785014	15.117815022
14.50004	0.001785014	15.117815022
14.49629	0.001785014	15.117815022
14.492820000000002	0.001785014	15.117815022
14.488170000000002	0.001785014	15.117815022
14.48521	0.001785014	15.117815022
14.483720000000002	0.001785014	15.117815022
14.480929999999999	0.001785014	15.117815022
14.48071	0.001785014	15.117815022
14.48117	0.001785014	15.117815022
14.480329999999999	0.001785014	15.117815022
14.48131	0.001785014	15.117815022
14.481229999999998	0.001785014	15.117815022
14.48174	0.001785014	15.117815022
14.48155	0.001785014	15.117815022
14.482820000000002	0.001785014	15.117815022
14.483820000000001	0.001785014	15.117815022
14.48233	0.001785014	15.117815022
14.478679999999999	0.001785014	15.117815022
14.47819	0.001785014	15.117815022
14.47585	0.001785014	15.117815022
14.47494	0.001785014	15.117815022
14.47101	0.001785014	15.117815022
14.464620000000002	0.001785014	15.117815022
14.45476	0.001785014	15.117815022
14.446489999999999	0.001785014	15.117815022
14.44149	0.001785014	15.117815022
14.43791	0.001785014	15.117815022
14.43511	0.001785014	15.117815022
14.4317	0.001785014	15.117815022
14.429920000000001	0.001785014	15.117815022
14.427520000000001	0.001785014	15.117815022
14.428279999999999	0.001785014	15.117815022
14.4295	0.001785014	15.117815022
14.431679999999998	0.001785014	15.117815022
14.43283	0.001785014	15.117815022
14.434320000000001	0.001785014	15.117815022
14.436020000000001	0.001785014	15.117815022
14.43806	0.001785014	15.117815022
14.441189999999999	0.001785014	15.117815022
14.44123	0.001785014	15.117815022
14.441870000000002	0.001785014	15.117815022
14.442070000000001	0.001785014	15.117815022
14.44118	0.001785014	15.117815022
14.44253	0.001785014	15.117815022
14.43934	0.001785014	15.117815022
14.43551	0.001785014	15.117815022
14.43345	0.001785014	15.117815022
14.431970000000002	0.001785014	15.117815022
14.42949	0.001785014	15.117815022
14.424920000000002	0.001785014	15.117815022
14.420960000000001	0.001785014	15.117815022
14.417710000000001	0.001785014	15.117815022
14.415370000000001	0.001785014	15.117815022
14.4142	0.001785014	15.117815022
14.4144	0.001785014	15.117815022
14.415939999999999	0.001785014	15.117815022
14.41797	0.001785014	15.117815022
14.418510000000001	0.001785014	15.117815022
14.421289999999999	0.001785014	15.117815022
14.42281	0.001785014	15.117815022
14.42334	0.001785014	15.117815022
14.42281	0.001785014	15.117815022
14.42175	0.001785014	15.117815022
14.420160000000001	0.001785014	15.117815022
14.41755	0.001785014	15.117815022
14.416129999999999	0.001785014	15.117815022
14.41884	0.001785014	15.117815022
14.420879999999999	0.001785014	15.117815022
14.42216	0.001785014	15.117815022
14.423860000000001	0.001785014	15.117815022
14.428	0.001785014	15.117815022
14.43375	0.001785014	15.117815022
14.439689999999999	0.001785014	15.117815022
14.444579999999998	0.001785014	15.117815022
14.451179999999999	0.001785014	15.117815022
14.456920000000002	0.001785014	15.117815022
