6.21627	0.001785014	5.669180633
6.21557	0.001785014	5.669180633
6.214930000000001	0.001785014	5.669180633
6.21595	0.001785014	5.669180633
6.21767	0.001785014	5.669180633
6.22007	0.001785014	5.669180633
6.2194199999999995	0.001785014	5.669180633
6.21979	0.001785014	5.669180633
6.2199	0.001785014	5.669180633
6.22002	0.001785014	5.669180633
6.221769999999999	0.001785014	5.669180633
6.22475	0.001785014	5.669180633
6.22612	0.001785014	5.669180633
6.228219999999999	0.001785014	5.669180633
6.23183	0.001785014	5.669180633
6.2329099999999995	0.001785014	5.669180633
6.23488	0.001785014	5.669180633
6.23639	0.001785014	5.669180633
6.23754	0.001785014	5.669180633
6.23836	0.001785014	5.669180633
6.240469999999999	0.001785014	5.669180633
6.2419199999999995	0.001785014	5.669180633
6.24568	0.001785014	5.669180633
6.25047	0.001785014	5.669180633
6.25111	0.001785014	5.669180633
6.25218	0.001785014	5.669180633
6.2531300000000005	0.001785014	5.669180633
6.25736	0.001785014	5.669180633
6.2631	0.001785014	5.669180633
6.26861	0.001785014	5.669180633
6.275	0.001785014	5.669180633
6.2782	0.001785014	5.669180633
6.280959999999999	0.001785014	5.669180633
6.28471	0.001785014	5.669180633
6.28544	0.001785014	5.669180633
6.28761	0.001785014	5.669180633
6.2874300000000005	0.001785014	5.669180633
6.286	0.001785014	5.669180633
6.2843	0.001785014	5.669180633
6.2842	0.001785014	5.669180633
6.28573	0.001785014	5.669180633
6.28442	0.001785014	5.669180633
6.28185	0.001785014	5.669180633
6.27797	0.001785014	5.669180633
6.27497	0.001785014	5.669180633
6.27263	0.001785014	5.669180633
6.2685900000000006	0.001785014	5.669180633
6.26505	0.001785014	5.669180633
6.26169	0.001785014	5.669180633
6.25851	0.001785014	5.669180633
6.25625	0.001785014	5.669180633
6.2594	0.001785014	5.669180633
6.26173	0.001785014	5.669180633
6.26316	0.001785014	5.669180633
6.26422	0.001785014	5.669180633
6.2670900000000005	0.001785014	5.669180633
6.26805	0.001785014	5.669180633
6.2674199999999995	0.001785014	5.669180633
6.26737	0.001785014	5.669180633
6.26743	0.001785014	5.669180633
6.26635	0.001785014	5.669180633
6.26618	0.001785014	5.669180633
6.268269999999999	0.001785014	5.669180633
6.26935	0.001785014	5.669180633
6.2711	0.001785014	5.669180633
6.2733	0.001785014	5.669180633
6.27792	0.001785014	5.669180633
6.28226	0.001785014	5.669180633
6.28681	0.001785014	5.669180633
6.29558	0.001785014	5.669180633
6.3028900000000005	0.001785014	5.669180633
6.30809	0.001785014	5.669180633
6.3087	0.001785014	5.669180633
6.3095300000000005	0.001785014	5.669180633
6.31149	0.001785014	5.669180633
6.312180000000001	0.001785014	5.669180633
6.31177	0.001785014	5.669180633
6.31029	0.001785014	5.669180633
6.3109	0.001785014	5.669180633
6.31261	0.001785014	5.669180633
6.31453	0.001785014	5.669180633
6.31836	0.001785014	5.669180633
6.32206	0.001785014	5.669180633
6.3265400000000005	0.001785014	5.669180633
6.3314900000000005	0.001785014	5.669180633
6.3358099999999995	0.001785014	5.669180633
6.33871	0.001785014	5.669180633
6.3421400000000006	0.001785014	5.669180633
6.34169	0.001785014	5.669180633
6.34299	0.001785014	5.669180633
6.3439	0.001785014	5.669180633
6.34358	0.001785014	5.669180633
6.34708	0.001785014	5.669180633
6.3519	0.001785014	5.669180633
6.35656	0.001785014	5.669180633
6.36131	0.001785014	5.669180633
6.3694	0.001785014	5.669180633
6.375769999999999	0.001785014	5.669180633
6.37948	0.001785014	5.669180633
6.38345	0.001785014	5.669180633
6.38759	0.001785014	5.669180633
6.3926099999999995	0.001785014	5.669180633
6.39936	0.001785014	5.669180633
6.40643	0.001785014	5.669180633
6.41003	0.001785014	5.669180633
6.41286	0.001785014	5.669180633
6.413880000000001	0.001785014	5.669180633
6.41558	0.001785014	5.669180633
6.4171	0.001785014	5.669180633
6.41976	0.001785014	5.669180633
6.42352	0.001785014	5.669180633
6.429119999999999	0.001785014	5.669180633
6.43421	0.001785014	5.669180633
6.4366900000000005	0.001785014	5.669180633
6.44116	0.001785014	5.669180633
6.4450400000000005	0.001785014	5.669180633
6.44685	0.001785014	5.669180633
6.44867	0.001785014	5.669180633
6.44853	0.001785014	5.669180633
6.4471099999999995	0.001785014	5.669180633
6.44681	0.001785014	5.669180633
6.44742	0.001785014	5.669180633
6.45003	0.001785014	5.669180633
6.449730000000001	0.001785014	5.669180633
6.4517	0.001785014	5.669180633
6.45458	0.001785014	5.669180633
6.459230000000001	0.001785014	5.669180633
6.46166	0.001785014	5.669180633
6.46633	0.001785014	5.669180633
6.47021	0.001785014	5.669180633
6.47171	0.001785014	5.669180633
6.4728699999999995	0.001785014	5.669180633
6.4730099999999995	0.001785014	5.669180633
6.47446	0.001785014	5.669180633
6.47485	0.001785014	5.669180633
6.47475	0.001785014	5.669180633
6.47115	0.001785014	5.669180633
6.468319999999999	0.001785014	5.669180633
6.4641	0.001785014	5.669180633
6.45967	0.001785014	5.669180633
6.45622	0.001785014	5.669180633
6.45289	0.001785014	5.669180633
6.44943	0.001785014	5.669180633
6.44548	0.001785014	5.669180633
6.44463	0.001785014	5.669180633
6.4455599999999995	0.001785014	5.669180633
6.44652	0.001785014	5.669180633
6.44428	0.001785014	5.669180633
6.44252	0.001785014	5.669180633
6.44051	0.001785014	5.669180633
6.43813	0.001785014	5.669180633
6.436319999999999	0.001785014	5.669180633
6.43374	0.001785014	5.669180633
6.43309	0.001785014	5.669180633
6.43291	0.001785014	5.669180633
6.43192	0.001785014	5.669180633
6.43024	0.001785014	5.669180633
6.42779	0.001785014	5.669180633
6.42669	0.001785014	5.669180633
6.4271400000000005	0.001785014	5.669180633
6.4265300000000005	0.001785014	5.669180633
6.42689	0.001785014	5.669180633
6.42711	0.001785014	5.669180633
6.42811	0.001785014	5.669180633
6.42779	0.001785014	5.669180633
6.42675	0.001785014	5.669180633
6.4267	0.001785014	5.669180633
6.4282699999999995	0.001785014	5.669180633
6.43105	0.001785014	5.669180633
6.43306	0.001785014	5.669180633
6.43759	0.001785014	5.669180633
6.44377	0.001785014	5.669180633
6.45096	0.001785014	5.669180633
6.4568900000000005	0.001785014	5.669180633
6.463769999999999	0.001785014	5.669180633
6.46667	0.001785014	5.669180633
6.46812	0.001785014	5.669180633
6.46976	0.001785014	5.669180633
6.46865	0.001785014	5.669180633
6.46974	0.001785014	5.669180633
6.47032	0.001785014	5.669180633
6.4709699999999994	0.001785014	5.669180633
6.47084	0.001785014	5.669180633
6.472	0.001785014	5.669180633
6.47358	0.001785014	5.669180633
6.4722800000000005	0.001785014	5.669180633
6.46985	0.001785014	5.669180633
6.46721	0.001785014	5.669180633
6.46368	0.001785014	5.669180633
6.46345	0.001785014	5.669180633
6.46422	0.001785014	5.669180633
6.46877	0.001785014	5.669180633
6.47381	0.001785014	5.669180633
6.4778	0.001785014	5.669180633
6.4823900000000005	0.001785014	5.669180633
6.48642	0.001785014	5.669180633
6.4907	0.001785014	5.669180633
6.49596	0.001785014	5.669180633
6.503	0.001785014	5.669180633
6.5087	0.001785014	5.669180633
6.51371	0.001785014	5.669180633
6.51856	0.001785014	5.669180633
6.52297	0.001785014	5.669180633
6.5273900000000005	0.001785014	5.669180633
6.53441	0.001785014	5.669180633
6.54087	0.001785014	5.669180633
6.54854	0.001785014	5.669180633
6.55543	0.001785014	5.669180633
6.5604	0.001785014	5.669180633
6.56505	0.001785014	5.669180633
6.56688	0.001785014	5.669180633
6.570869999999999	0.001785014	5.669180633
6.57605	0.001785014	5.669180633
6.58228	0.001785014	5.669180633
6.58547	0.001785014	5.669180633
6.586119999999999	0.001785014	5.669180633
6.58741	0.001785014	5.669180633
6.5929199999999994	0.001785014	5.669180633
6.599880000000001	0.001785014	5.669180633
6.60343	0.001785014	5.669180633
6.60352	0.001785014	5.669180633
6.60257	0.001785014	5.669180633
6.60162	0.001785014	5.669180633
6.600210000000001	0.001785014	5.669180633
6.59969	0.001785014	5.669180633
6.60233	0.001785014	5.669180633
6.603089999999999	0.001785014	5.669180633
6.60568	0.001785014	5.669180633
6.604369999999999	0.001785014	5.669180633
6.604839999999999	0.001785014	5.669180633
6.60579	0.001785014	5.669180633
6.60561	0.001785014	5.669180633
6.604589999999999	0.001785014	5.669180633
6.6060300000000005	0.001785014	5.669180633
6.60405	0.001785014	5.669180633
6.60272	0.001785014	5.669180633
6.60245	0.001785014	5.669180633
6.59854	0.001785014	5.669180633
6.5949800000000005	0.001785014	5.669180633
6.590110000000001	0.001785014	5.669180633
6.586530000000001	0.001785014	5.669180633
6.582839999999999	0.001785014	5.669180633
6.579269999999999	0.001785014	5.669180633
6.5739600000000005	0.001785014	5.669180633
6.57044	0.001785014	5.669180633
6.56659	0.001785014	5.669180633
6.566	0.001785014	5.669180633
6.5651	0.001785014	5.669180633
6.5666	0.001785014	5.669180633
6.565289999999999	0.001785014	5.669180633
6.56343	0.001785014	5.669180633
6.563960000000001	0.001785014	5.669180633
6.56538	0.001785014	5.669180633
6.5667	0.001785014	5.669180633
6.56628	0.001785014	5.669180633
6.56687	0.001785014	5.669180633
6.5677	0.001785014	5.669180633
6.56607	0.001785014	5.669180633
6.56588	0.001785014	5.669180633
6.565010000000001	0.001785014	5.669180633
6.56338	0.001785014	5.669180633
6.5639	0.001785014	5.669180633
6.562869999999999	0.001785014	5.669180633
6.562130000000001	0.001785014	5.669180633
6.560230000000001	0.001785014	5.669180633
6.558269999999999	0.001785014	5.669180633
6.55702	0.001785014	5.669180633
6.556660000000001	0.001785014	5.669180633
6.554189999999999	0.001785014	5.669180633
6.55274	0.001785014	5.669180633
6.55103	0.001785014	5.669180633
6.54977	0.001785014	5.669180633
6.5492300000000006	0.001785014	5.669180633
6.5504	0.001785014	5.669180633
6.55213	0.001785014	5.669180633
6.556039999999999	0.001785014	5.669180633
6.56245	0.001785014	5.669180633
6.570310000000001	0.001785014	5.669180633
6.57915	0.001785014	5.669180633
6.590210000000001	0.001785014	5.669180633
6.599260000000001	0.001785014	5.669180633
6.60705	0.001785014	5.669180633
6.612080000000001	0.001785014	5.669180633
6.61504	0.001785014	5.669180633
6.61913	0.001785014	5.669180633
6.62045	0.001785014	5.669180633
6.62172	0.001785014	5.669180633
6.624289999999999	0.001785014	5.669180633
6.6292	0.001785014	5.669180633
6.63693	0.001785014	5.669180633
6.6429100000000005	0.001785014	5.669180633
6.647760000000001	0.001785014	5.669180633
6.652880000000001	0.001785014	5.669180633
6.657310000000001	0.001785014	5.669180633
6.66188	0.001785014	5.669180633
6.66677	0.001785014	5.669180633
6.66945	0.001785014	5.669180633
6.67135	0.001785014	5.669180633
6.6741600000000005	0.001785014	5.669180633
6.6760600000000005	0.001785014	5.669180633
6.67968	0.001785014	5.669180633
6.68347	0.001785014	5.669180633
6.68662	0.001785014	5.669180633
6.69295	0.001785014	5.669180633
6.69707	0.001785014	5.669180633
6.70299	0.001785014	5.669180633
6.70792	0.001785014	5.669180633
6.712960000000001	0.001785014	5.669180633
6.71893	0.001785014	5.669180633
6.7241100000000005	0.001785014	5.669180633
6.728510000000001	0.001785014	5.669180633
6.7328600000000005	0.001785014	5.669180633
6.735860000000001	0.001785014	5.669180633
6.740880000000001	0.001785014	5.669180633
6.74597	0.001785014	5.669180633
6.74995	0.001785014	5.669180633
6.74943	0.001785014	5.669180633
6.744489999999999	0.001785014	5.669180633
6.7369699999999995	0.001785014	5.669180633
6.72963	0.001785014	5.669180633
6.72288	0.001785014	5.669180633
6.71813	0.001785014	5.669180633
6.7148	0.001785014	5.669180633
6.71042	0.001785014	5.669180633
6.70822	0.001785014	5.669180633
6.704860000000001	0.001785014	5.669180633
6.7046	0.001785014	5.669180633
6.7027399999999995	0.001785014	5.669180633
6.70175	0.001785014	5.669180633
6.70185	0.001785014	5.669180633
6.70207	0.001785014	5.669180633
6.70258	0.001785014	5.669180633
6.7041699999999995	0.001785014	5.669180633
6.70241	0.001785014	5.669180633
6.70143	0.001785014	5.669180633
6.700310000000001	0.001785014	5.669180633
6.69755	0.001785014	5.669180633
6.6948	0.001785014	5.669180633
6.692489999999999	0.001785014	5.669180633
6.69233	0.001785014	5.669180633
6.68964	0.001785014	5.669180633
6.6879	0.001785014	5.669180633
6.6864	0.001785014	5.669180633
6.685560000000001	0.001785014	5.669180633
6.684639999999999	0.001785014	5.669180633
6.686380000000001	0.001785014	5.669180633
6.687860000000001	0.001785014	5.669180633
6.689189999999999	0.001785014	5.669180633
6.692310000000001	0.001785014	5.669180633
6.69423	0.001785014	5.669180633
6.6958899999999995	0.001785014	5.669180633
6.69947	0.001785014	5.669180633
6.7062	0.001785014	5.669180633
6.71462	0.001785014	5.669180633
6.7253	0.001785014	5.669180633
6.735939999999999	0.001785014	5.669180633
6.745989999999999	0.001785014	5.669180633
6.7549399999999995	0.001785014	5.669180633
6.7640899999999995	0.001785014	5.669180633
6.772639999999999	0.001785014	5.669180633
6.778739999999999	0.001785014	5.669180633
6.784089999999999	0.001785014	5.669180633
6.78878	0.001785014	5.669180633
6.79184	0.001785014	5.669180633
6.79453	0.001785014	5.669180633
6.793760000000001	0.001785014	5.669180633
6.794630000000001	0.001785014	5.669180633
6.794580000000001	0.001785014	5.669180633
6.7954300000000005	0.001785014	5.669180633
6.7964899999999995	0.001785014	5.669180633
6.79788	0.001785014	5.669180633
6.79709	0.001785014	5.669180633
6.795730000000001	0.001785014	5.669180633
6.79035	0.001785014	5.669180633
6.7861899999999995	0.001785014	5.669180633
6.78287	0.001785014	5.669180633
6.782589999999999	0.001785014	5.669180633
6.78481	0.001785014	5.669180633
6.78523	0.001785014	5.669180633
6.7864	0.001785014	5.669180633
6.78826	0.001785014	5.669180633
6.788760000000001	0.001785014	5.669180633
6.78728	0.001785014	5.669180633
6.784669999999999	0.001785014	5.669180633
6.78313	0.001785014	5.669180633
6.784339999999999	0.001785014	5.669180633
6.785260000000001	0.001785014	5.669180633
6.7851300000000005	0.001785014	5.669180633
6.784560000000001	0.001785014	5.669180633
6.782889999999999	0.001785014	5.669180633
6.7816399999999994	0.001785014	5.669180633
6.78185	0.001785014	5.669180633
6.78303	0.001785014	5.669180633
6.7872699999999995	0.001785014	5.669180633
6.7914699999999995	0.001785014	5.669180633
6.7936	0.001785014	5.669180633
6.79512	0.001785014	5.669180633
6.7979	0.001785014	5.669180633
6.79855	0.001785014	5.669180633
6.80042	0.001785014	5.669180633
6.801360000000001	0.001785014	5.669180633
6.79712	0.001785014	5.669180633
6.79166	0.001785014	5.669180633
6.7872699999999995	0.001785014	5.669180633
6.78561	0.001785014	5.669180633
6.78424	0.001785014	5.669180633
6.783530000000001	0.001785014	5.669180633
6.78452	0.001785014	5.669180633
6.78297	0.001785014	5.669180633
6.77935	0.001785014	5.669180633
6.77371	0.001785014	5.669180633
6.765289999999999	0.001785014	5.669180633
6.75897	0.001785014	5.669180633
6.751510000000001	0.001785014	5.669180633
6.74299	0.001785014	5.669180633
6.73234	0.001785014	5.669180633
6.72368	0.001785014	5.669180633
6.71572	0.001785014	5.669180633
6.7062800000000005	0.001785014	5.669180633
6.699160000000001	0.001785014	5.669180633
6.693	0.001785014	5.669180633
6.689310000000001	0.001785014	5.669180633
6.68508	0.001785014	5.669180633
6.68237	0.001785014	5.669180633
6.68013	0.001785014	5.669180633
6.67705	0.001785014	5.669180633
6.6736	0.001785014	5.669180633
6.67232	0.001785014	5.669180633
6.669739999999999	0.001785014	5.669180633
6.66785	0.001785014	5.669180633
6.66725	0.001785014	5.669180633
6.666510000000001	0.001785014	5.669180633
6.6660699999999995	0.001785014	5.669180633
6.66395	0.001785014	5.669180633
6.662960000000001	0.001785014	5.669180633
6.666980000000001	0.001785014	5.669180633
6.66942	0.001785014	5.669180633
6.6713	0.001785014	5.669180633
6.6734800000000005	0.001785014	5.669180633
6.67408	0.001785014	5.669180633
6.67365	0.001785014	5.669180633
6.67535	0.001785014	5.669180633
6.6779399999999995	0.001785014	5.669180633
6.67963	0.001785014	5.669180633
6.680630000000001	0.001785014	5.669180633
6.680160000000001	0.001785014	5.669180633
6.68226	0.001785014	5.669180633
6.686319999999999	0.001785014	5.669180633
6.687869999999999	0.001785014	5.669180633
6.69106	0.001785014	5.669180633
6.694439999999999	0.001785014	5.669180633
6.69687	0.001785014	5.669180633
6.698989999999999	0.001785014	5.669180633
6.7036	0.001785014	5.669180633
6.70706	0.001785014	5.669180633
6.706180000000001	0.001785014	5.669180633
6.7058	0.001785014	5.669180633
6.70368	0.001785014	5.669180633
6.70325	0.001785014	5.669180633
6.702030000000001	0.001785014	5.669180633
6.70149	0.001785014	5.669180633
6.70028	0.001785014	5.669180633
6.7002	0.001785014	5.669180633
6.70136	0.001785014	5.669180633
6.70291	0.001785014	5.669180633
6.7032300000000005	0.001785014	5.669180633
6.703069999999999	0.001785014	5.669180633
6.70167	0.001785014	5.669180633
6.7019899999999994	0.001785014	5.669180633
6.70298	0.001785014	5.669180633
6.7053899999999995	0.001785014	5.669180633
6.7059	0.001785014	5.669180633
6.705939999999999	0.001785014	5.669180633
6.70757	0.001785014	5.669180633
6.70975	0.001785014	5.669180633
6.710160000000001	0.001785014	5.669180633
6.71137	0.001785014	5.669180633
6.7111	0.001785014	5.669180633
6.71553	0.001785014	5.669180633
6.717110000000001	0.001785014	5.669180633
6.71727	0.001785014	5.669180633
6.7185	0.001785014	5.669180633
6.71817	0.001785014	5.669180633
6.71825	0.001785014	5.669180633
6.71662	0.001785014	5.669180633
6.7147	0.001785014	5.669180633
6.71338	0.001785014	5.669180633
6.71242	0.001785014	5.669180633
6.70834	0.001785014	5.669180633
6.704039999999999	0.001785014	5.669180633
6.70142	0.001785014	5.669180633
6.703010000000001	0.001785014	5.669180633
6.704510000000001	0.001785014	5.669180633
6.70794	0.001785014	5.669180633
6.71249	0.001785014	5.669180633
6.71583	0.001785014	5.669180633
6.722919999999999	0.001785014	5.669180633
6.72767	0.001785014	5.669180633
6.731839999999999	0.001785014	5.669180633
6.73562	0.001785014	5.669180633
6.7383	0.001785014	5.669180633
6.73832	0.001785014	5.669180633
6.74078	0.001785014	5.669180633
6.742210000000001	0.001785014	5.669180633
6.74255	0.001785014	5.669180633
6.74165	0.001785014	5.669180633
6.74172	0.001785014	5.669180633
6.7401100000000005	0.001785014	5.669180633
6.74171	0.001785014	5.669180633
6.7439100000000005	0.001785014	5.669180633
6.745410000000001	0.001785014	5.669180633
6.747260000000001	0.001785014	5.669180633
6.74516	0.001785014	5.669180633
6.74153	0.001785014	5.669180633
6.74171	0.001785014	5.669180633
6.74286	0.001785014	5.669180633
6.743860000000001	0.001785014	5.669180633
6.748539999999999	0.001785014	5.669180633
6.750769999999999	0.001785014	5.669180633
6.751589999999999	0.001785014	5.669180633
6.751289999999999	0.001785014	5.669180633
6.75203	0.001785014	5.669180633
6.752269999999999	0.001785014	5.669180633
6.75012	0.001785014	5.669180633
6.750489999999999	0.001785014	5.669180633
6.7500100000000005	0.001785014	5.669180633
6.74919	0.001785014	5.669180633
6.7503899999999994	0.001785014	5.669180633
6.747310000000001	0.001785014	5.669180633
6.7477	0.001785014	5.669180633
6.747319999999999	0.001785014	5.669180633
6.74675	0.001785014	5.669180633
6.74914	0.001785014	5.669180633
6.74998	0.001785014	5.669180633
6.75085	0.001785014	5.669180633
6.7491	0.001785014	5.669180633
6.746989999999999	0.001785014	5.669180633
6.74538	0.001785014	5.669180633
6.744460000000001	0.001785014	5.669180633
6.744330000000001	0.001785014	5.669180633
6.74515	0.001785014	5.669180633
6.74339	0.001785014	5.669180633
6.7419	0.001785014	5.669180633
6.738	0.001785014	5.669180633
6.73113	0.001785014	5.669180633
6.725639999999999	0.001785014	5.669180633
6.719939999999999	0.001785014	5.669180633
6.71449	0.001785014	5.669180633
6.71117	0.001785014	5.669180633
6.70379	0.001785014	5.669180633
6.6966399999999995	0.001785014	5.669180633
6.68819	0.001785014	5.669180633
6.68127	0.001785014	5.669180633
6.6730100000000006	0.001785014	5.669180633
6.6659	0.001785014	5.669180633
6.6582300000000005	0.001785014	5.669180633
6.64942	0.001785014	5.669180633
6.64244	0.001785014	5.669180633
6.6362	0.001785014	5.669180633
6.6291199999999995	0.001785014	5.669180633
6.61868	0.001785014	5.669180633
6.60969	0.001785014	5.669180633
6.59939	0.001785014	5.669180633
6.58882	0.001785014	5.669180633
6.57902	0.001785014	5.669180633
6.5708899999999995	0.001785014	5.669180633
6.56468	0.001785014	5.669180633
6.56065	0.001785014	5.669180633
6.558330000000001	0.001785014	5.669180633
6.556710000000001	0.001785014	5.669180633
6.557010000000001	0.001785014	5.669180633
6.55922	0.001785014	5.669180633
6.55978	0.001785014	5.669180633
6.56142	0.001785014	5.669180633
6.563739999999999	0.001785014	5.669180633
6.56642	0.001785014	5.669180633
6.57096	0.001785014	5.669180633
6.57464	0.001785014	5.669180633
6.576	0.001785014	5.669180633
6.579280000000001	0.001785014	5.669180633
6.58087	0.001785014	5.669180633
6.583060000000001	0.001785014	5.669180633
6.58432	0.001785014	5.669180633
6.5847	0.001785014	5.669180633
6.58673	0.001785014	5.669180633
6.59196	0.001785014	5.669180633
6.59552	0.001785014	5.669180633
6.597460000000001	0.001785014	5.669180633
6.59766	0.001785014	5.669180633
6.59933	0.001785014	5.669180633
6.601310000000001	0.001785014	5.669180633
6.60185	0.001785014	5.669180633
6.60215	0.001785014	5.669180633
6.60215	0.001785014	5.669180633
6.60025	0.001785014	5.669180633
6.59939	0.001785014	5.669180633
6.59987	0.001785014	5.669180633
6.6017600000000005	0.001785014	5.669180633
6.603	0.001785014	5.669180633
6.60602	0.001785014	5.669180633
6.60716	0.001785014	5.669180633
6.61061	0.001785014	5.669180633
6.61258	0.001785014	5.669180633
6.6123	0.001785014	5.669180633
6.6105100000000006	0.001785014	5.669180633
6.60918	0.001785014	5.669180633
6.6067100000000005	0.001785014	5.669180633
6.60186	0.001785014	5.669180633
6.597580000000001	0.001785014	5.669180633
6.59547	0.001785014	5.669180633
6.5925899999999995	0.001785014	5.669180633
6.59007	0.001785014	5.669180633
6.58701	0.001785014	5.669180633
6.58343	0.001785014	5.669180633
6.5780199999999995	0.001785014	5.669180633
6.57044	0.001785014	5.669180633
6.560410000000001	0.001785014	5.669180633
6.54973	0.001785014	5.669180633
6.540430000000001	0.001785014	5.669180633
6.53106	0.001785014	5.669180633
6.51845	0.001785014	5.669180633
6.50819	0.001785014	5.669180633
6.49953	0.001785014	5.669180633
6.4916599999999995	0.001785014	5.669180633
6.48287	0.001785014	5.669180633
6.47304	0.001785014	5.669180633
6.4659	0.001785014	5.669180633
6.4581599999999995	0.001785014	5.669180633
6.4501800000000005	0.001785014	5.669180633
6.4436599999999995	0.001785014	5.669180633
6.4379	0.001785014	5.669180633
6.43342	0.001785014	5.669180633
6.431369999999999	0.001785014	5.669180633
6.42719	0.001785014	5.669180633
6.42428	0.001785014	5.669180633
6.4215	0.001785014	5.669180633
6.41845	0.001785014	5.669180633
6.4187	0.001785014	5.669180633
6.41973	0.001785014	5.669180633
6.41976	0.001785014	5.669180633
6.42086	0.001785014	5.669180633
6.42044	0.001785014	5.669180633
6.42159	0.001785014	5.669180633
6.4211599999999995	0.001785014	5.669180633
6.42281	0.001785014	5.669180633
6.4267199999999995	0.001785014	5.669180633
6.43088	0.001785014	5.669180633
6.4323	0.001785014	5.669180633
6.43476	0.001785014	5.669180633
6.43791	0.001785014	5.669180633
6.43926	0.001785014	5.669180633
6.44509	0.001785014	5.669180633
6.44961	0.001785014	5.669180633
6.45326	0.001785014	5.669180633
6.45867	0.001785014	5.669180633
6.46623	0.001785014	5.669180633
6.47049	0.001785014	5.669180633
6.47823	0.001785014	5.669180633
6.485609999999999	0.001785014	5.669180633
6.492380000000001	0.001785014	5.669180633
6.49797	0.001785014	5.669180633
6.50075	0.001785014	5.669180633
6.50519	0.001785014	5.669180633
6.50854	0.001785014	5.669180633
6.51409	0.001785014	5.669180633
6.5212	0.001785014	5.669180633
6.52529	0.001785014	5.669180633
6.52695	0.001785014	5.669180633
6.52959	0.001785014	5.669180633
6.53175	0.001785014	5.669180633
6.53236	0.001785014	5.669180633
6.53156	0.001785014	5.669180633
6.53181	0.001785014	5.669180633
6.53351	0.001785014	5.669180633
6.53596	0.001785014	5.669180633
6.53763	0.001785014	5.669180633
6.5389	0.001785014	5.669180633
6.53924	0.001785014	5.669180633
6.53695	0.001785014	5.669180633
6.53345	0.001785014	5.669180633
6.528169999999999	0.001785014	5.669180633
6.52548	0.001785014	5.669180633
6.52046	0.001785014	5.669180633
6.516769999999999	0.001785014	5.669180633
6.516830000000001	0.001785014	5.669180633
6.51947	0.001785014	5.669180633
6.52305	0.001785014	5.669180633
6.52209	0.001785014	5.669180633
6.51872	0.001785014	5.669180633
6.51601	0.001785014	5.669180633
6.51237	0.001785014	5.669180633
6.50823	0.001785014	5.669180633
6.50574	0.001785014	5.669180633
6.50125	0.001785014	5.669180633
6.49948	0.001785014	5.669180633
6.4972	0.001785014	5.669180633
6.4951300000000005	0.001785014	5.669180633
6.49432	0.001785014	5.669180633
6.49415	0.001785014	5.669180633
6.49212	0.001785014	5.669180633
6.49247	0.001785014	5.669180633
6.4892900000000004	0.001785014	5.669180633
6.48759	0.001785014	5.669180633
6.4861699999999995	0.001785014	5.669180633
6.484030000000001	0.001785014	5.669180633
6.4820199999999994	0.001785014	5.669180633
6.48108	0.001785014	5.669180633
6.4807	0.001785014	5.669180633
6.48015	0.001785014	5.669180633
6.479419999999999	0.001785014	5.669180633
6.47743	0.001785014	5.669180633
6.47492	0.001785014	5.669180633
6.47157	0.001785014	5.669180633
6.47231	0.001785014	5.669180633
6.47237	0.001785014	5.669180633
6.47349	0.001785014	5.669180633
6.4749	0.001785014	5.669180633
6.47572	0.001785014	5.669180633
6.47634	0.001785014	5.669180633
6.4749300000000005	0.001785014	5.669180633
6.47035	0.001785014	5.669180633
6.46552	0.001785014	5.669180633
6.46213	0.001785014	5.669180633
6.4573	0.001785014	5.669180633
6.4542	0.001785014	5.669180633
6.448580000000001	0.001785014	5.669180633
6.44309	0.001785014	5.669180633
6.43807	0.001785014	5.669180633
6.434069999999999	0.001785014	5.669180633
6.43003	0.001785014	5.669180633
6.4281	0.001785014	5.669180633
6.4234599999999995	0.001785014	5.669180633
6.42044	0.001785014	5.669180633
6.41819	0.001785014	5.669180633
6.41777	0.001785014	5.669180633
6.41535	0.001785014	5.669180633
6.41327	0.001785014	5.669180633
6.40983	0.001785014	5.669180633
6.40607	0.001785014	5.669180633
6.40059	0.001785014	5.669180633
6.39299	0.001785014	5.669180633
6.38619	0.001785014	5.669180633
6.37972	0.001785014	5.669180633
6.37404	0.001785014	5.669180633
6.36855	0.001785014	5.669180633
6.3601	0.001785014	5.669180633
6.35264	0.001785014	5.669180633
6.34689	0.001785014	5.669180633
6.34241	0.001785014	5.669180633
6.3371	0.001785014	5.669180633
6.33324	0.001785014	5.669180633
6.32793	0.001785014	5.669180633
6.32371	0.001785014	5.669180633
6.32022	0.001785014	5.669180633
6.3172	0.001785014	5.669180633
6.31084	0.001785014	5.669180633
6.30244	0.001785014	5.669180633
6.29611	0.001785014	5.669180633
6.292669999999999	0.001785014	5.669180633
6.28852	0.001785014	5.669180633
6.28328	0.001785014	5.669180633
6.28067	0.001785014	5.669180633
6.27986	0.001785014	5.669180633
6.27625	0.001785014	5.669180633
6.27228	0.001785014	5.669180633
6.2712	0.001785014	5.669180633
6.26703	0.001785014	5.669180633
6.26241	0.001785014	5.669180633
6.257569999999999	0.001785014	5.669180633
6.25622	0.001785014	5.669180633
6.25453	0.001785014	5.669180633
6.25293	0.001785014	5.669180633
6.25098	0.001785014	5.669180633
6.251180000000001	0.001785014	5.669180633
6.254230000000001	0.001785014	5.669180633
6.25747	0.001785014	5.669180633
6.2618	0.001785014	5.669180633
6.2628699999999995	0.001785014	5.669180633
6.26145	0.001785014	5.669180633
6.26179	0.001785014	5.669180633
6.2615300000000005	0.001785014	5.669180633
6.26017	0.001785014	5.669180633
6.2595	0.001785014	5.669180633
6.25555	0.001785014	5.669180633
6.25116	0.001785014	5.669180633
6.2470099999999995	0.001785014	5.669180633
6.24261	0.001785014	5.669180633
6.2367300000000006	0.001785014	5.669180633
6.23236	0.001785014	5.669180633
6.22861	0.001785014	5.669180633
6.22432	0.001785014	5.669180633
6.22135	0.001785014	5.669180633
6.21969	0.001785014	5.669180633
6.21703	0.001785014	5.669180633
6.213080000000001	0.001785014	5.669180633
6.2093	0.001785014	5.669180633
6.20791	0.001785014	5.669180633
6.20714	0.001785014	5.669180633
6.20656	0.001785014	5.669180633
6.20828	0.001785014	5.669180633
6.20932	0.001785014	5.669180633
6.20829	0.001785014	5.669180633
6.20553	0.001785014	5.669180633
6.20178	0.001785014	5.669180633
6.19491	0.001785014	5.669180633
6.18849	0.001785014	5.669180633
6.182869999999999	0.001785014	5.669180633
6.1772	0.001785014	5.669180633
6.17594	0.001785014	5.669180633
6.17466	0.001785014	5.669180633
6.17467	0.001785014	5.669180633
6.1733199999999995	0.001785014	5.669180633
6.17063	0.001785014	5.669180633
6.16815	0.001785014	5.669180633
6.16381	0.001785014	5.669180633
6.15965	0.001785014	5.669180633
6.15594	0.001785014	5.669180633
6.150119999999999	0.001785014	5.669180633
6.14435	0.001785014	5.669180633
6.14079	0.001785014	5.669180633
6.13544	0.001785014	5.669180633
6.13197	0.001785014	5.669180633
6.13125	0.001785014	5.669180633
6.13096	0.001785014	5.669180633
6.130380000000001	0.001785014	5.669180633
6.128819999999999	0.001785014	5.669180633
6.1254800000000005	0.001785014	5.669180633
6.125030000000001	0.001785014	5.669180633
6.124230000000001	0.001785014	5.669180633
6.12635	0.001785014	5.669180633
6.12905	0.001785014	5.669180633
6.13255	0.001785014	5.669180633
6.13667	0.001785014	5.669180633
6.14078	0.001785014	5.669180633
6.14529	0.001785014	5.669180633
6.14723	0.001785014	5.669180633
6.14695	0.001785014	5.669180633
6.14708	0.001785014	5.669180633
6.146059999999999	0.001785014	5.669180633
6.14519	0.001785014	5.669180633
6.14291	0.001785014	5.669180633
6.14085	0.001785014	5.669180633
6.1368	0.001785014	5.669180633
6.13476	0.001785014	5.669180633
6.13155	0.001785014	5.669180633
6.128909999999999	0.001785014	5.669180633
6.12335	0.001785014	5.669180633
6.118119999999999	0.001785014	5.669180633
6.112509999999999	0.001785014	5.669180633
6.10607	0.001785014	5.669180633
6.099480000000001	0.001785014	5.669180633
6.09199	0.001785014	5.669180633
6.08245	0.001785014	5.669180633
6.0738	0.001785014	5.669180633
6.06599	0.001785014	5.669180633
6.0597	0.001785014	5.669180633
6.0555900000000005	0.001785014	5.669180633
6.05352	0.001785014	5.669180633
6.05391	0.001785014	5.669180633
6.05622	0.001785014	5.669180633
6.0558	0.001785014	5.669180633
6.058680000000001	0.001785014	5.669180633
6.0594	0.001785014	5.669180633
6.05984	0.001785014	5.669180633
6.05978	0.001785014	5.669180633
6.05914	0.001785014	5.669180633
6.05728	0.001785014	5.669180633
6.0569	0.001785014	5.669180633
6.05826	0.001785014	5.669180633
6.05976	0.001785014	5.669180633
6.06157	0.001785014	5.669180633
6.06416	0.001785014	5.669180633
6.06771	0.001785014	5.669180633
6.07279	0.001785014	5.669180633
6.07736	0.001785014	5.669180633
6.081869999999999	0.001785014	5.669180633
6.08518	0.001785014	5.669180633
6.08815	0.001785014	5.669180633
6.08898	0.001785014	5.669180633
6.09128	0.001785014	5.669180633
6.09469	0.001785014	5.669180633
6.09754	0.001785014	5.669180633
6.0998	0.001785014	5.669180633
6.10286	0.001785014	5.669180633
6.10416	0.001785014	5.669180633
6.10462	0.001785014	5.669180633
6.10677	0.001785014	5.669180633
6.10712	0.001785014	5.669180633
6.10764	0.001785014	5.669180633
6.10797	0.001785014	5.669180633
6.10634	0.001785014	5.669180633
6.10496	0.001785014	5.669180633
6.10232	0.001785014	5.669180633
6.09967	0.001785014	5.669180633
6.09697	0.001785014	5.669180633
6.0930599999999995	0.001785014	5.669180633
6.09002	0.001785014	5.669180633
6.08742	0.001785014	5.669180633
6.08596	0.001785014	5.669180633
6.08381	0.001785014	5.669180633
6.0810699999999995	0.001785014	5.669180633
6.07704	0.001785014	5.669180633
6.07313	0.001785014	5.669180633
6.06688	0.001785014	5.669180633
6.06274	0.001785014	5.669180633
6.05852	0.001785014	5.669180633
6.05433	0.001785014	5.669180633
6.04876	0.001785014	5.669180633
6.04195	0.001785014	5.669180633
6.0355300000000005	0.001785014	5.669180633
6.03071	0.001785014	5.669180633
6.02722	0.001785014	5.669180633
6.022469999999999	0.001785014	5.669180633
6.01726	0.001785014	5.669180633
6.010669999999999	0.001785014	5.669180633
6.00536	0.001785014	5.669180633
6.00172	0.001785014	5.669180633
5.999619999999999	0.001785014	5.669180633
5.9953	0.001785014	5.669180633
5.98778	0.001785014	5.669180633
5.98269	0.001785014	5.669180633
5.97809	0.001785014	5.669180633
5.97242	0.001785014	5.669180633
5.96767	0.001785014	5.669180633
5.96272	0.001785014	5.669180633
5.9581800000000005	0.001785014	5.669180633
5.95395	0.001785014	5.669180633
5.95116	0.001785014	5.669180633
5.95036	0.001785014	5.669180633
5.94959	0.001785014	5.669180633
5.94643	0.001785014	5.669180633
5.94109	0.001785014	5.669180633
5.93845	0.001785014	5.669180633
5.9364	0.001785014	5.669180633
5.93524	0.001785014	5.669180633
5.93372	0.001785014	5.669180633
5.93246	0.001785014	5.669180633
5.931690000000001	0.001785014	5.669180633
5.93151	0.001785014	5.669180633
5.93131	0.001785014	5.669180633
5.9311300000000005	0.001785014	5.669180633
5.93162	0.001785014	5.669180633
5.93404	0.001785014	5.669180633
5.9345300000000005	0.001785014	5.669180633
5.934	0.001785014	5.669180633
5.93121	0.001785014	5.669180633
5.928719999999999	0.001785014	5.669180633
5.92619	0.001785014	5.669180633
5.92606	0.001785014	5.669180633
5.92631	0.001785014	5.669180633
5.92483	0.001785014	5.669180633
5.92509	0.001785014	5.669180633
5.9248400000000006	0.001785014	5.669180633
5.92535	0.001785014	5.669180633
5.92585	0.001785014	5.669180633
5.9253599999999995	0.001785014	5.669180633
5.92701	0.001785014	5.669180633
5.9305	0.001785014	5.669180633
5.93529	0.001785014	5.669180633
5.93865	0.001785014	5.669180633
5.94191	0.001785014	5.669180633
5.94516	0.001785014	5.669180633
5.9446900000000005	0.001785014	5.669180633
5.94228	0.001785014	5.669180633
5.94503	0.001785014	5.669180633
5.94653	0.001785014	5.669180633
5.947690000000001	0.001785014	5.669180633
5.94834	0.001785014	5.669180633
5.9486	0.001785014	5.669180633
5.95222	0.001785014	5.669180633
5.9541900000000005	0.001785014	5.669180633
5.9539800000000005	0.001785014	5.669180633
5.95566	0.001785014	5.669180633
5.95939	0.001785014	5.669180633
5.96425	0.001785014	5.669180633
5.96876	0.001785014	5.669180633
5.9737599999999995	0.001785014	5.669180633
5.98059	0.001785014	5.669180633
5.98431	0.001785014	5.669180633
5.98571	0.001785014	5.669180633
5.9901599999999995	0.001785014	5.669180633
5.99465	0.001785014	5.669180633
5.99996	0.001785014	5.669180633
6.00481	0.001785014	5.669180633
6.00517	0.001785014	5.669180633
6.0064400000000004	0.001785014	5.669180633
6.00813	0.001785014	5.669180633
6.00666	0.001785014	5.669180633
6.00473	0.001785014	5.669180633
6.00319	0.001785014	5.669180633
5.99955	0.001785014	5.669180633
5.99942	0.001785014	5.669180633
6.002280000000001	0.001785014	5.669180633
6.00295	0.001785014	5.669180633
6.00249	0.001785014	5.669180633
6.0031300000000005	0.001785014	5.669180633
6.00376	0.001785014	5.669180633
6.001930000000001	0.001785014	5.669180633
6.00065	0.001785014	5.669180633
5.99904	0.001785014	5.669180633
5.99621	0.001785014	5.669180633
5.99373	0.001785014	5.669180633
5.98856	0.001785014	5.669180633
5.984430000000001	0.001785014	5.669180633
5.98222	0.001785014	5.669180633
5.9798800000000005	0.001785014	5.669180633
5.9777	0.001785014	5.669180633
5.974469999999999	0.001785014	5.669180633
5.96877	0.001785014	5.669180633
5.96327	0.001785014	5.669180633
5.95686	0.001785014	5.669180633
5.951219999999999	0.001785014	5.669180633
5.9465	0.001785014	5.669180633
5.94262	0.001785014	5.669180633
5.9366699999999994	0.001785014	5.669180633
5.93086	0.001785014	5.669180633
5.92473	0.001785014	5.669180633
5.917680000000001	0.001785014	5.669180633
5.91225	0.001785014	5.669180633
5.90705	0.001785014	5.669180633
5.90032	0.001785014	5.669180633
5.892519999999999	0.001785014	5.669180633
5.88392	0.001785014	5.669180633
5.87561	0.001785014	5.669180633
5.87231	0.001785014	5.669180633
5.867369999999999	0.001785014	5.669180633
5.86001	0.001785014	5.669180633
5.85449	0.001785014	5.669180633
5.847169999999999	0.001785014	5.669180633
5.838430000000001	0.001785014	5.669180633
5.8332	0.001785014	5.669180633
5.82448	0.001785014	5.669180633
5.814690000000001	0.001785014	5.669180633
5.80578	0.001785014	5.669180633
5.79858	0.001785014	5.669180633
5.79176	0.001785014	5.669180633
5.78426	0.001785014	5.669180633
5.77744	0.001785014	5.669180633
5.7731	0.001785014	5.669180633
5.77184	0.001785014	5.669180633
5.77046	0.001785014	5.669180633
5.7687	0.001785014	5.669180633
5.76534	0.001785014	5.669180633
5.76224	0.001785014	5.669180633
5.76133	0.001785014	5.669180633
5.76189	0.001785014	5.669180633
5.76103	0.001785014	5.669180633
5.75856	0.001785014	5.669180633
5.75568	0.001785014	5.669180633
5.75169	0.001785014	5.669180633
5.74874	0.001785014	5.669180633
5.746919999999999	0.001785014	5.669180633
5.74747	0.001785014	5.669180633
5.746980000000001	0.001785014	5.669180633
5.74584	0.001785014	5.669180633
5.74521	0.001785014	5.669180633
5.74408	0.001785014	5.669180633
5.7449699999999995	0.001785014	5.669180633
5.746630000000001	0.001785014	5.669180633
5.7455	0.001785014	5.669180633
5.74644	0.001785014	5.669180633
5.74561	0.001785014	5.669180633
5.744280000000001	0.001785014	5.669180633
5.74345	0.001785014	5.669180633
5.74075	0.001785014	5.669180633
5.73795	0.001785014	5.669180633
5.73269	0.001785014	5.669180633
5.72676	0.001785014	5.669180633
5.72128	0.001785014	5.669180633
5.71584	0.001785014	5.669180633
5.71151	0.001785014	5.669180633
5.70677	0.001785014	5.669180633
5.7018	0.001785014	5.669180633
5.69585	0.001785014	5.669180633
5.68739	0.001785014	5.669180633
5.67886	0.001785014	5.669180633
5.67312	0.001785014	5.669180633
5.66795	0.001785014	5.669180633
5.66319	0.001785014	5.669180633
5.6586300000000005	0.001785014	5.669180633
5.65497	0.001785014	5.669180633
5.65305	0.001785014	5.669180633
5.64927	0.001785014	5.669180633
5.6433599999999995	0.001785014	5.669180633
5.63868	0.001785014	5.669180633
5.63605	0.001785014	5.669180633
5.63325	0.001785014	5.669180633
5.629580000000001	0.001785014	5.669180633
5.62481	0.001785014	5.669180633
5.6225	0.001785014	5.669180633
5.62368	0.001785014	5.669180633
5.62309	0.001785014	5.669180633
5.621630000000001	0.001785014	5.669180633
5.62177	0.001785014	5.669180633
5.62237	0.001785014	5.669180633
5.6211	0.001785014	5.669180633
5.61857	0.001785014	5.669180633
5.61734	0.001785014	5.669180633
5.6181	0.001785014	5.669180633
5.62124	0.001785014	5.669180633
5.6220300000000005	0.001785014	5.669180633
5.62266	0.001785014	5.669180633
5.62183	0.001785014	5.669180633
5.62101	0.001785014	5.669180633
5.62089	0.001785014	5.669180633
5.6212599999999995	0.001785014	5.669180633
5.6218	0.001785014	5.669180633
5.622809999999999	0.001785014	5.669180633
5.62394	0.001785014	5.669180633
5.623469999999999	0.001785014	5.669180633
5.62216	0.001785014	5.669180633
5.62033	0.001785014	5.669180633
5.61557	0.001785014	5.669180633
5.61196	0.001785014	5.669180633
5.60769	0.001785014	5.669180633
5.60628	0.001785014	5.669180633
5.60584	0.001785014	5.669180633
5.60444	0.001785014	5.669180633
5.60145	0.001785014	5.669180633
5.59891	0.001785014	5.669180633
5.59735	0.001785014	5.669180633
5.59467	0.001785014	5.669180633
5.59111	0.001785014	5.669180633
5.58892	0.001785014	5.669180633
5.58954	0.001785014	5.669180633
5.59243	0.001785014	5.669180633
5.5939	0.001785014	5.669180633
5.59847	0.001785014	5.669180633
5.599	0.001785014	5.669180633
5.59859	0.001785014	5.669180633
5.59698	0.001785014	5.669180633
5.59668	0.001785014	5.669180633
5.59481	0.001785014	5.669180633
5.59512	0.001785014	5.669180633
5.59621	0.001785014	5.669180633
5.59641	0.001785014	5.669180633
5.5961300000000005	0.001785014	5.669180633
5.59455	0.001785014	5.669180633
5.59401	0.001785014	5.669180633
5.59243	0.001785014	5.669180633
5.59128	0.001785014	5.669180633
5.59019	0.001785014	5.669180633
5.59052	0.001785014	5.669180633
5.5906	0.001785014	5.669180633
5.5896099999999995	0.001785014	5.669180633
5.58649	0.001785014	5.669180633
5.58478	0.001785014	5.669180633
5.58511	0.001785014	5.669180633
5.58421	0.001785014	5.669180633
5.58247	0.001785014	5.669180633
5.57881	0.001785014	5.669180633
5.57667	0.001785014	5.669180633
5.57557	0.001785014	5.669180633
5.57264	0.001785014	5.669180633
5.56855	0.001785014	5.669180633
5.56332	0.001785014	5.669180633
5.55831	0.001785014	5.669180633
5.55246	0.001785014	5.669180633
5.54584	0.001785014	5.669180633
5.53883	0.001785014	5.669180633
5.53568	0.001785014	5.669180633
5.53304	0.001785014	5.669180633
5.5300199999999995	0.001785014	5.669180633
5.52578	0.001785014	5.669180633
5.52381	0.001785014	5.669180633
5.52042	0.001785014	5.669180633
5.5197	0.001785014	5.669180633
5.52104	0.001785014	5.669180633
5.52096	0.001785014	5.669180633
5.52325	0.001785014	5.669180633
5.52583	0.001785014	5.669180633
5.52618	0.001785014	5.669180633
5.5282	0.001785014	5.669180633
5.52834	0.001785014	5.669180633
5.526330000000001	0.001785014	5.669180633
5.52439	0.001785014	5.669180633
5.5245	0.001785014	5.669180633
5.52709	0.001785014	5.669180633
5.52873	0.001785014	5.669180633
5.53052	0.001785014	5.669180633
5.52991	0.001785014	5.669180633
5.529	0.001785014	5.669180633
5.53017	0.001785014	5.669180633
5.53125	0.001785014	5.669180633
5.53101	0.001785014	5.669180633
5.528580000000001	0.001785014	5.669180633
5.52637	0.001785014	5.669180633
5.5267599999999995	0.001785014	5.669180633
5.53029	0.001785014	5.669180633
5.533930000000001	0.001785014	5.669180633
5.53635	0.001785014	5.669180633
5.53788	0.001785014	5.669180633
5.53923	0.001785014	5.669180633
5.54044	0.001785014	5.669180633
5.5429900000000005	0.001785014	5.669180633
5.545780000000001	0.001785014	5.669180633
5.548369999999999	0.001785014	5.669180633
5.54676	0.001785014	5.669180633
5.54386	0.001785014	5.669180633
5.54127	0.001785014	5.669180633
5.53884	0.001785014	5.669180633
5.53833	0.001785014	5.669180633
5.5387699999999995	0.001785014	5.669180633
5.53998	0.001785014	5.669180633
5.54126	0.001785014	5.669180633
5.54098	0.001785014	5.669180633
5.54197	0.001785014	5.669180633
5.541930000000001	0.001785014	5.669180633
5.54041	0.001785014	5.669180633
5.53747	0.001785014	5.669180633
5.53259	0.001785014	5.669180633
5.53001	0.001785014	5.669180633
5.52517	0.001785014	5.669180633
5.5226	0.001785014	5.669180633
5.51879	0.001785014	5.669180633
5.51729	0.001785014	5.669180633
5.5141599999999995	0.001785014	5.669180633
5.51168	0.001785014	5.669180633
5.5111099999999995	0.001785014	5.669180633
5.51304	0.001785014	5.669180633
5.51308	0.001785014	5.669180633
5.51119	0.001785014	5.669180633
5.50897	0.001785014	5.669180633
5.50774	0.001785014	5.669180633
5.50695	0.001785014	5.669180633
5.50976	0.001785014	5.669180633
5.51005	0.001785014	5.669180633
5.50802	0.001785014	5.669180633
5.5072	0.001785014	5.669180633
5.5066	0.001785014	5.669180633
5.50779	0.001785014	5.669180633
5.5071900000000005	0.001785014	5.669180633
5.50448	0.001785014	5.669180633
5.50261	0.001785014	5.669180633
5.4989300000000005	0.001785014	5.669180633
5.49563	0.001785014	5.669180633
5.49222	0.001785014	5.669180633
5.49068	0.001785014	5.669180633
5.49023	0.001785014	5.669180633
5.49141	0.001785014	5.669180633
5.49217	0.001785014	5.669180633
5.49153	0.001785014	5.669180633
5.4927	0.001785014	5.669180633
5.4928	0.001785014	5.669180633
5.49199	0.001785014	5.669180633
5.49036	0.001785014	5.669180633
5.48631	0.001785014	5.669180633
5.4755199999999995	0.001785014	5.669180633
5.465	0.001785014	5.669180633
5.4572	0.001785014	5.669180633
5.45062	0.001785014	5.669180633
5.44569	0.001785014	5.669180633
5.438680000000001	0.001785014	5.669180633
5.43297	0.001785014	5.669180633
5.42769	0.001785014	5.669180633
5.42505	0.001785014	5.669180633
5.42223	0.001785014	5.669180633
5.4192599999999995	0.001785014	5.669180633
5.41627	0.001785014	5.669180633
5.41314	0.001785014	5.669180633
5.4103900000000005	0.001785014	5.669180633
5.40826	0.001785014	5.669180633
5.40604	0.001785014	5.669180633
5.40454	0.001785014	5.669180633
5.40308	0.001785014	5.669180633
5.4024	0.001785014	5.669180633
5.40079	0.001785014	5.669180633
5.39985	0.001785014	5.669180633
5.3974400000000005	0.001785014	5.669180633
5.398569999999999	0.001785014	5.669180633
5.39808	0.001785014	5.669180633
5.3966	0.001785014	5.669180633
5.3924199999999995	0.001785014	5.669180633
5.38512	0.001785014	5.669180633
5.37688	0.001785014	5.669180633
5.36925	0.001785014	5.669180633
5.3636099999999995	0.001785014	5.669180633
5.36005	0.001785014	5.669180633
5.3571599999999995	0.001785014	5.669180633
5.35365	0.001785014	5.669180633
5.34893	0.001785014	5.669180633
5.3449599999999995	0.001785014	5.669180633
5.34058	0.001785014	5.669180633
5.33165	0.001785014	5.669180633
5.32446	0.001785014	5.669180633
5.31879	0.001785014	5.669180633
5.31401	0.001785014	5.669180633
5.31122	0.001785014	5.669180633
5.30904	0.001785014	5.669180633
5.30821	0.001785014	5.669180633
5.30739	0.001785014	5.669180633
5.30461	0.001785014	5.669180633
5.30294	0.001785014	5.669180633
5.3022	0.001785014	5.669180633
5.30187	0.001785014	5.669180633
5.30507	0.001785014	5.669180633
5.30701	0.001785014	5.669180633
5.31093	0.001785014	5.669180633
5.31672	0.001785014	5.669180633
5.32222	0.001785014	5.669180633
5.3265199999999995	0.001785014	5.669180633
5.33089	0.001785014	5.669180633
5.33863	0.001785014	5.669180633
5.34379	0.001785014	5.669180633
5.35042	0.001785014	5.669180633
5.3564	0.001785014	5.669180633
5.36315	0.001785014	5.669180633
5.36795	0.001785014	5.669180633
5.3719	0.001785014	5.669180633
5.3766099999999994	0.001785014	5.669180633
5.379659999999999	0.001785014	5.669180633
5.38393	0.001785014	5.669180633
5.39012	0.001785014	5.669180633
5.39676	0.001785014	5.669180633
5.40287	0.001785014	5.669180633
5.40873	0.001785014	5.669180633
5.414	0.001785014	5.669180633
5.42095	0.001785014	5.669180633
5.4265	0.001785014	5.669180633
5.43335	0.001785014	5.669180633
5.43952	0.001785014	5.669180633
5.44676	0.001785014	5.669180633
5.45316	0.001785014	5.669180633
5.4577	0.001785014	5.669180633
5.46354	0.001785014	5.669180633
5.47127	0.001785014	5.669180633
5.47829	0.001785014	5.669180633
5.48706	0.001785014	5.669180633
5.49638	0.001785014	5.669180633
5.50493	0.001785014	5.669180633
5.51411	0.001785014	5.669180633
5.52423	0.001785014	5.669180633
5.5319199999999995	0.001785014	5.669180633
5.53782	0.001785014	5.669180633
5.5445199999999994	0.001785014	5.669180633
5.55184	0.001785014	5.669180633
5.56096	0.001785014	5.669180633
5.57108	0.001785014	5.669180633
5.57874	0.001785014	5.669180633
5.586130000000001	0.001785014	5.669180633
5.59187	0.001785014	5.669180633
5.59778	0.001785014	5.669180633
5.6017	0.001785014	5.669180633
5.6075800000000005	0.001785014	5.669180633
5.6125300000000005	0.001785014	5.669180633
5.61859	0.001785014	5.669180633
5.62167	0.001785014	5.669180633
5.62236	0.001785014	5.669180633
5.62137	0.001785014	5.669180633
5.6193800000000005	0.001785014	5.669180633
