10.99947	0.001785014	11.149388579
11.00101	0.001785014	11.149388579
11.00146	0.001785014	11.149388579
11.00112	0.001785014	11.149388579
11.00146	0.001785014	11.149388579
11.00417	0.001785014	11.149388579
11.00651	0.001785014	11.149388579
11.01168	0.001785014	11.149388579
11.01416	0.001785014	11.149388579
11.017430000000001	0.001785014	11.149388579
11.02115	0.001785014	11.149388579
11.02181	0.001785014	11.149388579
11.02367	0.001785014	11.149388579
11.0233	0.001785014	11.149388579
11.0241	0.001785014	11.149388579
11.02421	0.001785014	11.149388579
11.02479	0.001785014	11.149388579
11.028189999999999	0.001785014	11.149388579
11.033389999999999	0.001785014	11.149388579
11.03786	0.001785014	11.149388579
11.04241	0.001785014	11.149388579
11.04685	0.001785014	11.149388579
11.04965	0.001785014	11.149388579
11.052710000000001	0.001785014	11.149388579
11.056289999999999	0.001785014	11.149388579
11.05953	0.001785014	11.149388579
11.05925	0.001785014	11.149388579
11.05879	0.001785014	11.149388579
11.06161	0.001785014	11.149388579
11.0596	0.001785014	11.149388579
11.057039999999999	0.001785014	11.149388579
11.05415	0.001785014	11.149388579
11.04998	0.001785014	11.149388579
11.044889999999999	0.001785014	11.149388579
11.03958	0.001785014	11.149388579
11.0323	0.001785014	11.149388579
11.02442	0.001785014	11.149388579
11.01855	0.001785014	11.149388579
11.01384	0.001785014	11.149388579
11.008569999999999	0.001785014	11.149388579
11.00434	0.001785014	11.149388579
10.998460000000001	0.001785014	11.149388579
10.99192	0.001785014	11.149388579
10.98403	0.001785014	11.149388579
10.97759	0.001785014	11.149388579
10.97368	0.001785014	11.149388579
10.970360000000001	0.001785014	11.149388579
10.96696	0.001785014	11.149388579
10.96017	0.001785014	11.149388579
10.95348	0.001785014	11.149388579
10.949589999999999	0.001785014	11.149388579
10.94525	0.001785014	11.149388579
10.94373	0.001785014	11.149388579
10.944519999999999	0.001785014	11.149388579
10.943389999999999	0.001785014	11.149388579
10.9422	0.001785014	11.149388579
10.938830000000001	0.001785014	11.149388579
10.93643	0.001785014	11.149388579
10.93794	0.001785014	11.149388579
10.9408	0.001785014	11.149388579
10.944230000000001	0.001785014	11.149388579
10.94771	0.001785014	11.149388579
10.95302	0.001785014	11.149388579
10.95784	0.001785014	11.149388579
10.96251	0.001785014	11.149388579
10.96643	0.001785014	11.149388579
10.96963	0.001785014	11.149388579
10.96995	0.001785014	11.149388579
10.97216	0.001785014	11.149388579
10.9729	0.001785014	11.149388579
10.971260000000001	0.001785014	11.149388579
10.96729	0.001785014	11.149388579
10.96315	0.001785014	11.149388579
10.9577	0.001785014	11.149388579
10.949910000000001	0.001785014	11.149388579
10.943	0.001785014	11.149388579
10.93684	0.001785014	11.149388579
10.93052	0.001785014	11.149388579
10.92453	0.001785014	11.149388579
10.92025	0.001785014	11.149388579
10.91659	0.001785014	11.149388579
10.91642	0.001785014	11.149388579
10.91514	0.001785014	11.149388579
10.912410000000001	0.001785014	11.149388579
10.911480000000001	0.001785014	11.149388579
10.91205	0.001785014	11.149388579
10.9101	0.001785014	11.149388579
10.90751	0.001785014	11.149388579
10.90307	0.001785014	11.149388579
10.89547	0.001785014	11.149388579
10.88908	0.001785014	11.149388579
10.88057	0.001785014	11.149388579
10.8709	0.001785014	11.149388579
10.86202	0.001785014	11.149388579
10.851360000000001	0.001785014	11.149388579
10.84247	0.001785014	11.149388579
10.83499	0.001785014	11.149388579
10.8282	0.001785014	11.149388579
10.821639999999999	0.001785014	11.149388579
10.817689999999999	0.001785014	11.149388579
10.81504	0.001785014	11.149388579
10.814810000000001	0.001785014	11.149388579
10.81455	0.001785014	11.149388579
10.81349	0.001785014	11.149388579
10.81329	0.001785014	11.149388579
10.81193	0.001785014	11.149388579
10.80892	0.001785014	11.149388579
10.808539999999999	0.001785014	11.149388579
10.80793	0.001785014	11.149388579
10.80419	0.001785014	11.149388579
10.80251	0.001785014	11.149388579
10.79997	0.001785014	11.149388579
10.79743	0.001785014	11.149388579
10.79603	0.001785014	11.149388579
10.79244	0.001785014	11.149388579
10.78866	0.001785014	11.149388579
10.7861	0.001785014	11.149388579
10.782919999999999	0.001785014	11.149388579
10.77955	0.001785014	11.149388579
10.775269999999999	0.001785014	11.149388579
10.770430000000001	0.001785014	11.149388579
10.76555	0.001785014	11.149388579
10.759889999999999	0.001785014	11.149388579
10.753060000000001	0.001785014	11.149388579
10.747160000000001	0.001785014	11.149388579
10.74254	0.001785014	11.149388579
10.73926	0.001785014	11.149388579
10.73809	0.001785014	11.149388579
10.73442	0.001785014	11.149388579
10.733839999999999	0.001785014	11.149388579
10.73431	0.001785014	11.149388579
10.73311	0.001785014	11.149388579
10.73475	0.001785014	11.149388579
10.73457	0.001785014	11.149388579
10.734630000000001	0.001785014	11.149388579
10.7358	0.001785014	11.149388579
10.73603	0.001785014	11.149388579
10.73509	0.001785014	11.149388579
10.7338	0.001785014	11.149388579
10.73127	0.001785014	11.149388579
10.73092	0.001785014	11.149388579
10.73365	0.001785014	11.149388579
10.73773	0.001785014	11.149388579
10.74162	0.001785014	11.149388579
10.7438	0.001785014	11.149388579
10.74463	0.001785014	11.149388579
10.74583	0.001785014	11.149388579
10.7482	0.001785014	11.149388579
10.74775	0.001785014	11.149388579
10.74806	0.001785014	11.149388579
10.74573	0.001785014	11.149388579
10.743889999999999	0.001785014	11.149388579
10.74195	0.001785014	11.149388579
10.736239999999999	0.001785014	11.149388579
10.73097	0.001785014	11.149388579
10.72607	0.001785014	11.149388579
10.72072	0.001785014	11.149388579
10.71536	0.001785014	11.149388579
10.71405	0.001785014	11.149388579
10.71167	0.001785014	11.149388579
10.70872	0.001785014	11.149388579
10.70604	0.001785014	11.149388579
10.699589999999999	0.001785014	11.149388579
10.69085	0.001785014	11.149388579
10.68314	0.001785014	11.149388579
10.67543	0.001785014	11.149388579
10.66788	0.001785014	11.149388579
10.65995	0.001785014	11.149388579
10.65436	0.001785014	11.149388579
10.64819	0.001785014	11.149388579
10.64081	0.001785014	11.149388579
10.63306	0.001785014	11.149388579
10.626510000000001	0.001785014	11.149388579
10.61765	0.001785014	11.149388579
10.61214	0.001785014	11.149388579
10.60629	0.001785014	11.149388579
10.599260000000001	0.001785014	11.149388579
10.59394	0.001785014	11.149388579
10.58615	0.001785014	11.149388579
10.580110000000001	0.001785014	11.149388579
10.5739	0.001785014	11.149388579
10.56759	0.001785014	11.149388579
10.56105	0.001785014	11.149388579
10.55437	0.001785014	11.149388579
10.5478	0.001785014	11.149388579
10.54326	0.001785014	11.149388579
10.54067	0.001785014	11.149388579
10.541260000000001	0.001785014	11.149388579
10.544319999999999	0.001785014	11.149388579
10.54755	0.001785014	11.149388579
10.55188	0.001785014	11.149388579
10.55313	0.001785014	11.149388579
10.55392	0.001785014	11.149388579
10.55636	0.001785014	11.149388579
10.55766	0.001785014	11.149388579
10.55862	0.001785014	11.149388579
10.561580000000001	0.001785014	11.149388579
10.56766	0.001785014	11.149388579
10.572410000000001	0.001785014	11.149388579
10.57744	0.001785014	11.149388579
10.582089999999999	0.001785014	11.149388579
10.584589999999999	0.001785014	11.149388579
10.58817	0.001785014	11.149388579
10.58961	0.001785014	11.149388579
10.59318	0.001785014	11.149388579
10.593860000000001	0.001785014	11.149388579
10.59123	0.001785014	11.149388579
10.58805	0.001785014	11.149388579
10.58328	0.001785014	11.149388579
10.58002	0.001785014	11.149388579
10.57547	0.001785014	11.149388579
10.570089999999999	0.001785014	11.149388579
10.56289	0.001785014	11.149388579
10.55814	0.001785014	11.149388579
10.55242	0.001785014	11.149388579
10.546	0.001785014	11.149388579
10.53797	0.001785014	11.149388579
10.5278	0.001785014	11.149388579
10.52111	0.001785014	11.149388579
10.51484	0.001785014	11.149388579
10.51036	0.001785014	11.149388579
10.50571	0.001785014	11.149388579
10.49818	0.001785014	11.149388579
10.49286	0.001785014	11.149388579
10.48676	0.001785014	11.149388579
10.48359	0.001785014	11.149388579
10.4843	0.001785014	11.149388579
10.48677	0.001785014	11.149388579
10.48703	0.001785014	11.149388579
10.486880000000001	0.001785014	11.149388579
10.486880000000001	0.001785014	11.149388579
10.485669999999999	0.001785014	11.149388579
10.486880000000001	0.001785014	11.149388579
10.48526	0.001785014	11.149388579
10.48197	0.001785014	11.149388579
10.477269999999999	0.001785014	11.149388579
10.47369	0.001785014	11.149388579
10.47292	0.001785014	11.149388579
10.475019999999999	0.001785014	11.149388579
10.4765	0.001785014	11.149388579
10.4786	0.001785014	11.149388579
10.48048	0.001785014	11.149388579
10.48361	0.001785014	11.149388579
10.486260000000001	0.001785014	11.149388579
10.49058	0.001785014	11.149388579
10.494589999999999	0.001785014	11.149388579
10.49774	0.001785014	11.149388579
10.50097	0.001785014	11.149388579
10.504480000000001	0.001785014	11.149388579
10.508389999999999	0.001785014	11.149388579
10.5097	0.001785014	11.149388579
10.50798	0.001785014	11.149388579
10.50676	0.001785014	11.149388579
10.50495	0.001785014	11.149388579
10.50576	0.001785014	11.149388579
10.50731	0.001785014	11.149388579
