10.244539999999999	0.001785014	10.582470516
10.24757	0.001785014	10.582470516
10.25256	0.001785014	10.582470516
10.25513	0.001785014	10.582470516
10.257439999999999	0.001785014	10.582470516
10.26118	0.001785014	10.582470516
10.26422	0.001785014	10.582470516
10.268880000000001	0.001785014	10.582470516
10.2708	0.001785014	10.582470516
10.27154	0.001785014	10.582470516
10.27036	0.001785014	10.582470516
10.26737	0.001785014	10.582470516
10.26582	0.001785014	10.582470516
10.26418	0.001785014	10.582470516
10.264330000000001	0.001785014	10.582470516
10.26525	0.001785014	10.582470516
10.26522	0.001785014	10.582470516
10.26568	0.001785014	10.582470516
10.266739999999999	0.001785014	10.582470516
10.26782	0.001785014	10.582470516
10.26714	0.001785014	10.582470516
10.26688	0.001785014	10.582470516
10.26646	0.001785014	10.582470516
10.26596	0.001785014	10.582470516
10.2653	0.001785014	10.582470516
10.266110000000001	0.001785014	10.582470516
10.26777	0.001785014	10.582470516
10.26785	0.001785014	10.582470516
10.2667	0.001785014	10.582470516
10.265410000000001	0.001785014	10.582470516
10.2644	0.001785014	10.582470516
10.26445	0.001785014	10.582470516
10.26496	0.001785014	10.582470516
10.268089999999999	0.001785014	10.582470516
10.27162	0.001785014	10.582470516
10.274289999999999	0.001785014	10.582470516
10.27773	0.001785014	10.582470516
10.27873	0.001785014	10.582470516
10.278139999999999	0.001785014	10.582470516
10.27612	0.001785014	10.582470516
10.27459	0.001785014	10.582470516
10.27165	0.001785014	10.582470516
10.27019	0.001785014	10.582470516
10.26747	0.001785014	10.582470516
10.26716	0.001785014	10.582470516
10.26396	0.001785014	10.582470516
10.26223	0.001785014	10.582470516
10.2603	0.001785014	10.582470516
10.259210000000001	0.001785014	10.582470516
10.254760000000001	0.001785014	10.582470516
10.249089999999999	0.001785014	10.582470516
10.244760000000001	0.001785014	10.582470516
10.240169999999999	0.001785014	10.582470516
10.23433	0.001785014	10.582470516
10.22719	0.001785014	10.582470516
10.2204	0.001785014	10.582470516
10.214960000000001	0.001785014	10.582470516
10.20866	0.001785014	10.582470516
10.20238	0.001785014	10.582470516
10.19542	0.001785014	10.582470516
10.19019	0.001785014	10.582470516
10.1905	0.001785014	10.582470516
10.19121	0.001785014	10.582470516
10.19111	0.001785014	10.582470516
10.191510000000001	0.001785014	10.582470516
10.19158	0.001785014	10.582470516
10.19168	0.001785014	10.582470516
10.19405	0.001785014	10.582470516
10.1984	0.001785014	10.582470516
10.20314	0.001785014	10.582470516
10.207	0.001785014	10.582470516
10.20866	0.001785014	10.582470516
10.2113	0.001785014	10.582470516
10.21303	0.001785014	10.582470516
10.21601	0.001785014	10.582470516
10.21823	0.001785014	10.582470516
10.22215	0.001785014	10.582470516
10.22392	0.001785014	10.582470516
10.22613	0.001785014	10.582470516
10.22878	0.001785014	10.582470516
10.23117	0.001785014	10.582470516
10.231110000000001	0.001785014	10.582470516
10.22948	0.001785014	10.582470516
10.2287	0.001785014	10.582470516
10.2264	0.001785014	10.582470516
10.224910000000001	0.001785014	10.582470516
10.224680000000001	0.001785014	10.582470516
10.22494	0.001785014	10.582470516
10.22753	0.001785014	10.582470516
10.22974	0.001785014	10.582470516
10.22935	0.001785014	10.582470516
10.23129	0.001785014	10.582470516
10.233939999999999	0.001785014	10.582470516
10.23925	0.001785014	10.582470516
10.245389999999999	0.001785014	10.582470516
10.25198	0.001785014	10.582470516
10.255339999999999	0.001785014	10.582470516
10.25971	0.001785014	10.582470516
10.26665	0.001785014	10.582470516
10.27261	0.001785014	10.582470516
10.280669999999999	0.001785014	10.582470516
10.29048	0.001785014	10.582470516
10.29983	0.001785014	10.582470516
10.30681	0.001785014	10.582470516
10.314169999999999	0.001785014	10.582470516
10.32038	0.001785014	10.582470516
10.329369999999999	0.001785014	10.582470516
10.33785	0.001785014	10.582470516
10.34255	0.001785014	10.582470516
10.34641	0.001785014	10.582470516
10.35028	0.001785014	10.582470516
10.35426	0.001785014	10.582470516
10.35684	0.001785014	10.582470516
10.3623	0.001785014	10.582470516
10.36917	0.001785014	10.582470516
10.37593	0.001785014	10.582470516
10.38082	0.001785014	10.582470516
10.385860000000001	0.001785014	10.582470516
10.39119	0.001785014	10.582470516
10.39733	0.001785014	10.582470516
10.40552	0.001785014	10.582470516
10.41362	0.001785014	10.582470516
10.41986	0.001785014	10.582470516
10.42494	0.001785014	10.582470516
10.43046	0.001785014	10.582470516
10.43413	0.001785014	10.582470516
10.44108	0.001785014	10.582470516
10.44486	0.001785014	10.582470516
10.4498	0.001785014	10.582470516
10.456439999999999	0.001785014	10.582470516
10.463560000000001	0.001785014	10.582470516
10.47063	0.001785014	10.582470516
10.477780000000001	0.001785014	10.582470516
10.48473	0.001785014	10.582470516
10.49185	0.001785014	10.582470516
10.5009	0.001785014	10.582470516
10.51046	0.001785014	10.582470516
10.5181	0.001785014	10.582470516
10.52694	0.001785014	10.582470516
10.53373	0.001785014	10.582470516
10.53908	0.001785014	10.582470516
10.5442	0.001785014	10.582470516
10.55033	0.001785014	10.582470516
10.55493	0.001785014	10.582470516
10.558530000000001	0.001785014	10.582470516
10.56143	0.001785014	10.582470516
10.56862	0.001785014	10.582470516
10.57351	0.001785014	10.582470516
10.57661	0.001785014	10.582470516
10.58078	0.001785014	10.582470516
10.58267	0.001785014	10.582470516
10.58562	0.001785014	10.582470516
10.586839999999999	0.001785014	10.582470516
10.58663	0.001785014	10.582470516
10.58633	0.001785014	10.582470516
10.58642	0.001785014	10.582470516
10.58637	0.001785014	10.582470516
10.587589999999999	0.001785014	10.582470516
10.583739999999999	0.001785014	10.582470516
10.57967	0.001785014	10.582470516
10.576939999999999	0.001785014	10.582470516
10.5751	0.001785014	10.582470516
10.573210000000001	0.001785014	10.582470516
10.575289999999999	0.001785014	10.582470516
10.57766	0.001785014	10.582470516
10.581010000000001	0.001785014	10.582470516
10.5842	0.001785014	10.582470516
10.58268	0.001785014	10.582470516
10.58142	0.001785014	10.582470516
10.582460000000001	0.001785014	10.582470516
10.58414	0.001785014	10.582470516
10.58446	0.001785014	10.582470516
10.58431	0.001785014	10.582470516
10.58871	0.001785014	10.582470516
10.59535	0.001785014	10.582470516
10.60132	0.001785014	10.582470516
10.607330000000001	0.001785014	10.582470516
10.61384	0.001785014	10.582470516
10.621960000000001	0.001785014	10.582470516
10.63231	0.001785014	10.582470516
10.64151	0.001785014	10.582470516
10.64935	0.001785014	10.582470516
10.65847	0.001785014	10.582470516
10.669780000000001	0.001785014	10.582470516
10.67874	0.001785014	10.582470516
10.68493	0.001785014	10.582470516
10.68816	0.001785014	10.582470516
10.689910000000001	0.001785014	10.582470516
10.69271	0.001785014	10.582470516
10.695210000000001	0.001785014	10.582470516
10.69477	0.001785014	10.582470516
10.69755	0.001785014	10.582470516
10.702119999999999	0.001785014	10.582470516
10.70544	0.001785014	10.582470516
10.70703	0.001785014	10.582470516
10.71085	0.001785014	10.582470516
10.716560000000001	0.001785014	10.582470516
10.72058	0.001785014	10.582470516
10.72375	0.001785014	10.582470516
10.726560000000001	0.001785014	10.582470516
10.72937	0.001785014	10.582470516
10.73258	0.001785014	10.582470516
10.737160000000001	0.001785014	10.582470516
10.74174	0.001785014	10.582470516
10.74629	0.001785014	10.582470516
10.748619999999999	0.001785014	10.582470516
10.7488	0.001785014	10.582470516
10.7467	0.001785014	10.582470516
10.7444	0.001785014	10.582470516
10.74152	0.001785014	10.582470516
10.739189999999999	0.001785014	10.582470516
10.73664	0.001785014	10.582470516
10.731060000000001	0.001785014	10.582470516
10.72781	0.001785014	10.582470516
10.72445	0.001785014	10.582470516
10.71952	0.001785014	10.582470516
10.713510000000001	0.001785014	10.582470516
10.70733	0.001785014	10.582470516
10.70143	0.001785014	10.582470516
10.69445	0.001785014	10.582470516
10.69052	0.001785014	10.582470516
10.68474	0.001785014	10.582470516
10.67808	0.001785014	10.582470516
10.673630000000001	0.001785014	10.582470516
10.66878	0.001785014	10.582470516
10.66265	0.001785014	10.582470516
10.657810000000001	0.001785014	10.582470516
10.65274	0.001785014	10.582470516
10.65119	0.001785014	10.582470516
10.65071	0.001785014	10.582470516
10.64884	0.001785014	10.582470516
10.64655	0.001785014	10.582470516
10.64327	0.001785014	10.582470516
10.6401	0.001785014	10.582470516
10.63756	0.001785014	10.582470516
10.63659	0.001785014	10.582470516
10.63397	0.001785014	10.582470516
10.63343	0.001785014	10.582470516
10.632060000000001	0.001785014	10.582470516
10.62922	0.001785014	10.582470516
10.627469999999999	0.001785014	10.582470516
10.62313	0.001785014	10.582470516
10.6187	0.001785014	10.582470516
10.61631	0.001785014	10.582470516
10.61163	0.001785014	10.582470516
10.60719	0.001785014	10.582470516
10.60779	0.001785014	10.582470516
10.60752	0.001785014	10.582470516
10.60557	0.001785014	10.582470516
10.60413	0.001785014	10.582470516
10.60288	0.001785014	10.582470516
10.602739999999999	0.001785014	10.582470516
10.60166	0.001785014	10.582470516
10.6013	0.001785014	10.582470516
10.6007	0.001785014	10.582470516
10.602689999999999	0.001785014	10.582470516
10.60415	0.001785014	10.582470516
10.60411	0.001785014	10.582470516
10.60178	0.001785014	10.582470516
10.599310000000001	0.001785014	10.582470516
10.59794	0.001785014	10.582470516
10.59645	0.001785014	10.582470516
10.59338	0.001785014	10.582470516
10.59009	0.001785014	10.582470516
10.58573	0.001785014	10.582470516
10.58033	0.001785014	10.582470516
10.57204	0.001785014	10.582470516
10.562439999999999	0.001785014	10.582470516
10.55477	0.001785014	10.582470516
10.54822	0.001785014	10.582470516
10.538969999999999	0.001785014	10.582470516
10.52931	0.001785014	10.582470516
10.5205	0.001785014	10.582470516
10.51242	0.001785014	10.582470516
10.50545	0.001785014	10.582470516
10.50082	0.001785014	10.582470516
10.49361	0.001785014	10.582470516
10.48771	0.001785014	10.582470516
10.48108	0.001785014	10.582470516
10.47288	0.001785014	10.582470516
10.46524	0.001785014	10.582470516
10.45848	0.001785014	10.582470516
10.45268	0.001785014	10.582470516
10.4484	0.001785014	10.582470516
10.44289	0.001785014	10.582470516
10.43764	0.001785014	10.582470516
10.43181	0.001785014	10.582470516
10.4276	0.001785014	10.582470516
10.42296	0.001785014	10.582470516
10.41948	0.001785014	10.582470516
10.416360000000001	0.001785014	10.582470516
10.41763	0.001785014	10.582470516
10.41651	0.001785014	10.582470516
10.41268	0.001785014	10.582470516
10.40674	0.001785014	10.582470516
10.40209	0.001785014	10.582470516
10.39748	0.001785014	10.582470516
10.39246	0.001785014	10.582470516
10.38748	0.001785014	10.582470516
10.37936	0.001785014	10.582470516
10.37265	0.001785014	10.582470516
10.36697	0.001785014	10.582470516
10.36243	0.001785014	10.582470516
10.35848	0.001785014	10.582470516
10.35316	0.001785014	10.582470516
10.347339999999999	0.001785014	10.582470516
10.34135	0.001785014	10.582470516
10.33666	0.001785014	10.582470516
10.33085	0.001785014	10.582470516
10.32492	0.001785014	10.582470516
10.321860000000001	0.001785014	10.582470516
10.31937	0.001785014	10.582470516
10.31733	0.001785014	10.582470516
10.317860000000001	0.001785014	10.582470516
10.31616	0.001785014	10.582470516
10.31532	0.001785014	10.582470516
10.31396	0.001785014	10.582470516
10.312560000000001	0.001785014	10.582470516
10.313260000000001	0.001785014	10.582470516
10.31523	0.001785014	10.582470516
10.31662	0.001785014	10.582470516
10.316289999999999	0.001785014	10.582470516
10.31461	0.001785014	10.582470516
10.31224	0.001785014	10.582470516
10.3108	0.001785014	10.582470516
10.305819999999999	0.001785014	10.582470516
10.29957	0.001785014	10.582470516
10.293610000000001	0.001785014	10.582470516
10.29049	0.001785014	10.582470516
10.28537	0.001785014	10.582470516
10.27839	0.001785014	10.582470516
10.27406	0.001785014	10.582470516
10.26489	0.001785014	10.582470516
10.2559	0.001785014	10.582470516
10.24788	0.001785014	10.582470516
10.239310000000001	0.001785014	10.582470516
10.232510000000001	0.001785014	10.582470516
10.22523	0.001785014	10.582470516
10.21762	0.001785014	10.582470516
10.2102	0.001785014	10.582470516
10.20239	0.001785014	10.582470516
10.193480000000001	0.001785014	10.582470516
10.18608	0.001785014	10.582470516
10.178	0.001785014	10.582470516
10.16972	0.001785014	10.582470516
10.16531	0.001785014	10.582470516
10.164810000000001	0.001785014	10.582470516
10.16577	0.001785014	10.582470516
10.16819	0.001785014	10.582470516
10.17035	0.001785014	10.582470516
10.17085	0.001785014	10.582470516
10.170580000000001	0.001785014	10.582470516
10.168619999999999	0.001785014	10.582470516
10.16721	0.001785014	10.582470516
10.1676	0.001785014	10.582470516
10.167530000000001	0.001785014	10.582470516
10.16732	0.001785014	10.582470516
10.16685	0.001785014	10.582470516
10.16762	0.001785014	10.582470516
10.16532	0.001785014	10.582470516
10.16404	0.001785014	10.582470516
10.1629	0.001785014	10.582470516
10.16133	0.001785014	10.582470516
10.15805	0.001785014	10.582470516
10.15354	0.001785014	10.582470516
10.1507	0.001785014	10.582470516
10.147110000000001	0.001785014	10.582470516
10.14085	0.001785014	10.582470516
10.13683	0.001785014	10.582470516
10.13156	0.001785014	10.582470516
10.12391	0.001785014	10.582470516
10.11577	0.001785014	10.582470516
10.10559	0.001785014	10.582470516
10.096860000000001	0.001785014	10.582470516
10.09	0.001785014	10.582470516
10.083789999999999	0.001785014	10.582470516
10.07821	0.001785014	10.582470516
10.06925	0.001785014	10.582470516
10.063410000000001	0.001785014	10.582470516
10.05385	0.001785014	10.582470516
10.03955	0.001785014	10.582470516
10.02876	0.001785014	10.582470516
10.01875	0.001785014	10.582470516
10.01027	0.001785014	10.582470516
10.00057	0.001785014	10.582470516
9.99313	0.001785014	10.582470516
9.98439	0.001785014	10.582470516
9.97519	0.001785014	10.582470516
9.967939999999999	0.001785014	10.582470516
9.96135	0.001785014	10.582470516
9.954889999999999	0.001785014	10.582470516
9.94679	0.001785014	10.582470516
9.9394	0.001785014	10.582470516
9.92877	0.001785014	10.582470516
9.91827	0.001785014	10.582470516
9.90943	0.001785014	10.582470516
9.89804	0.001785014	10.582470516
9.88524	0.001785014	10.582470516
9.872760000000001	0.001785014	10.582470516
9.862680000000001	0.001785014	10.582470516
9.85243	0.001785014	10.582470516
9.84361	0.001785014	10.582470516
9.83569	0.001785014	10.582470516
9.8262	0.001785014	10.582470516
9.819410000000001	0.001785014	10.582470516
9.81205	0.001785014	10.582470516
9.80464	0.001785014	10.582470516
9.797130000000001	0.001785014	10.582470516
9.79222	0.001785014	10.582470516
9.7879	0.001785014	10.582470516
9.784460000000001	0.001785014	10.582470516
9.7833	0.001785014	10.582470516
9.78282	0.001785014	10.582470516
9.78266	0.001785014	10.582470516
9.78086	0.001785014	10.582470516
9.77921	0.001785014	10.582470516
9.77543	0.001785014	10.582470516
9.775889999999999	0.001785014	10.582470516
9.77777	0.001785014	10.582470516
9.77737	0.001785014	10.582470516
9.77902	0.001785014	10.582470516
9.78152	0.001785014	10.582470516
9.78262	0.001785014	10.582470516
9.782969999999999	0.001785014	10.582470516
9.785219999999999	0.001785014	10.582470516
9.78709	0.001785014	10.582470516
9.78847	0.001785014	10.582470516
9.79219	0.001785014	10.582470516
9.79327	0.001785014	10.582470516
9.79584	0.001785014	10.582470516
9.796619999999999	0.001785014	10.582470516
9.79755	0.001785014	10.582470516
9.795689999999999	0.001785014	10.582470516
9.79402	0.001785014	10.582470516
9.79219	0.001785014	10.582470516
9.79078	0.001785014	10.582470516
9.78929	0.001785014	10.582470516
9.78471	0.001785014	10.582470516
9.78303	0.001785014	10.582470516
9.77891	0.001785014	10.582470516
9.77568	0.001785014	10.582470516
9.773480000000001	0.001785014	10.582470516
9.77131	0.001785014	10.582470516
9.76866	0.001785014	10.582470516
9.7685	0.001785014	10.582470516
9.766960000000001	0.001785014	10.582470516
9.76308	0.001785014	10.582470516
9.76344	0.001785014	10.582470516
9.76532	0.001785014	10.582470516
9.766110000000001	0.001785014	10.582470516
9.76591	0.001785014	10.582470516
9.76554	0.001785014	10.582470516
9.76468	0.001785014	10.582470516
9.76334	0.001785014	10.582470516
9.76106	0.001785014	10.582470516
9.75873	0.001785014	10.582470516
9.75555	0.001785014	10.582470516
9.753210000000001	0.001785014	10.582470516
9.7512	0.001785014	10.582470516
9.74657	0.001785014	10.582470516
9.74253	0.001785014	10.582470516
9.73885	0.001785014	10.582470516
9.73804	0.001785014	10.582470516
9.74034	0.001785014	10.582470516
9.74281	0.001785014	10.582470516
9.74582	0.001785014	10.582470516
9.74878	0.001785014	10.582470516
9.75097	0.001785014	10.582470516
9.75387	0.001785014	10.582470516
9.75422	0.001785014	10.582470516
9.756089999999999	0.001785014	10.582470516
9.7574	0.001785014	10.582470516
9.757639999999999	0.001785014	10.582470516
9.759730000000001	0.001785014	10.582470516
9.76046	0.001785014	10.582470516
9.76304	0.001785014	10.582470516
9.7658	0.001785014	10.582470516
9.770610000000001	0.001785014	10.582470516
9.77576	0.001785014	10.582470516
9.78078	0.001785014	10.582470516
9.78538	0.001785014	10.582470516
9.79457	0.001785014	10.582470516
9.80145	0.001785014	10.582470516
9.80618	0.001785014	10.582470516
9.81137	0.001785014	10.582470516
9.81358	0.001785014	10.582470516
9.81834	0.001785014	10.582470516
9.82335	0.001785014	10.582470516
9.82932	0.001785014	10.582470516
9.83527	0.001785014	10.582470516
9.84254	0.001785014	10.582470516
9.849269999999999	0.001785014	10.582470516
9.85753	0.001785014	10.582470516
9.86223	0.001785014	10.582470516
9.86636	0.001785014	10.582470516
9.86788	0.001785014	10.582470516
9.87035	0.001785014	10.582470516
9.87003	0.001785014	10.582470516
9.87118	0.001785014	10.582470516
9.870619999999999	0.001785014	10.582470516
9.870519999999999	0.001785014	10.582470516
9.87278	0.001785014	10.582470516
9.8757	0.001785014	10.582470516
9.88079	0.001785014	10.582470516
9.88481	0.001785014	10.582470516
9.89123	0.001785014	10.582470516
9.89701	0.001785014	10.582470516
9.9026	0.001785014	10.582470516
9.90731	0.001785014	10.582470516
9.91129	0.001785014	10.582470516
9.91409	0.001785014	10.582470516
9.917769999999999	0.001785014	10.582470516
9.92352	0.001785014	10.582470516
9.93014	0.001785014	10.582470516
9.9356	0.001785014	10.582470516
9.93829	0.001785014	10.582470516
9.94074	0.001785014	10.582470516
9.94431	0.001785014	10.582470516
9.94722	0.001785014	10.582470516
9.94829	0.001785014	10.582470516
9.94848	0.001785014	10.582470516
9.94962	0.001785014	10.582470516
9.9495	0.001785014	10.582470516
9.95191	0.001785014	10.582470516
9.95388	0.001785014	10.582470516
9.95701	0.001785014	10.582470516
9.96083	0.001785014	10.582470516
9.96326	0.001785014	10.582470516
9.96417	0.001785014	10.582470516
9.96232	0.001785014	10.582470516
9.96153	0.001785014	10.582470516
9.95935	0.001785014	10.582470516
9.957989999999999	0.001785014	10.582470516
9.95705	0.001785014	10.582470516
9.9549	0.001785014	10.582470516
9.94924	0.001785014	10.582470516
9.9443	0.001785014	10.582470516
9.939739999999999	0.001785014	10.582470516
9.93806	0.001785014	10.582470516
9.93516	0.001785014	10.582470516
9.93142	0.001785014	10.582470516
9.926810000000001	0.001785014	10.582470516
9.92268	0.001785014	10.582470516
9.91724	0.001785014	10.582470516
9.91302	0.001785014	10.582470516
9.90945	0.001785014	10.582470516
9.90762	0.001785014	10.582470516
9.90579	0.001785014	10.582470516
9.903030000000001	0.001785014	10.582470516
9.903039999999999	0.001785014	10.582470516
9.90221	0.001785014	10.582470516
9.90135	0.001785014	10.582470516
9.90007	0.001785014	10.582470516
9.9011	0.001785014	10.582470516
9.90191	0.001785014	10.582470516
9.90008	0.001785014	10.582470516
9.89702	0.001785014	10.582470516
9.89584	0.001785014	10.582470516
9.89575	0.001785014	10.582470516
9.89488	0.001785014	10.582470516
9.89092	0.001785014	10.582470516
9.88705	0.001785014	10.582470516
9.88132	0.001785014	10.582470516
9.87716	0.001785014	10.582470516
9.87128	0.001785014	10.582470516
9.86883	0.001785014	10.582470516
9.868030000000001	0.001785014	10.582470516
9.8692	0.001785014	10.582470516
9.87164	0.001785014	10.582470516
9.87393	0.001785014	10.582470516
9.878730000000001	0.001785014	10.582470516
9.88556	0.001785014	10.582470516
9.892510000000001	0.001785014	10.582470516
9.89759	0.001785014	10.582470516
9.904110000000001	0.001785014	10.582470516
9.90676	0.001785014	10.582470516
9.90939	0.001785014	10.582470516
9.91184	0.001785014	10.582470516
9.91328	0.001785014	10.582470516
9.91525	0.001785014	10.582470516
9.91596	0.001785014	10.582470516
9.91518	0.001785014	10.582470516
9.915519999999999	0.001785014	10.582470516
9.91586	0.001785014	10.582470516
9.91568	0.001785014	10.582470516
9.91537	0.001785014	10.582470516
9.91479	0.001785014	10.582470516
9.91287	0.001785014	10.582470516
9.91128	0.001785014	10.582470516
9.90997	0.001785014	10.582470516
9.91094	0.001785014	10.582470516
9.91173	0.001785014	10.582470516
9.90954	0.001785014	10.582470516
9.90494	0.001785014	10.582470516
9.89991	0.001785014	10.582470516
9.898019999999999	0.001785014	10.582470516
9.89973	0.001785014	10.582470516
9.90175	0.001785014	10.582470516
9.90002	0.001785014	10.582470516
9.897689999999999	0.001785014	10.582470516
9.89307	0.001785014	10.582470516
9.88941	0.001785014	10.582470516
9.885019999999999	0.001785014	10.582470516
9.8808	0.001785014	10.582470516
9.87856	0.001785014	10.582470516
9.874880000000001	0.001785014	10.582470516
9.87246	0.001785014	10.582470516
9.86883	0.001785014	10.582470516
9.86715	0.001785014	10.582470516
9.8641	0.001785014	10.582470516
9.86077	0.001785014	10.582470516
9.85679	0.001785014	10.582470516
9.85186	0.001785014	10.582470516
9.84769	0.001785014	10.582470516
9.843069999999999	0.001785014	10.582470516
9.83929	0.001785014	10.582470516
9.83838	0.001785014	10.582470516
9.83885	0.001785014	10.582470516
9.84047	0.001785014	10.582470516
9.840580000000001	0.001785014	10.582470516
9.84039	0.001785014	10.582470516
9.84176	0.001785014	10.582470516
9.844439999999999	0.001785014	10.582470516
9.8475	0.001785014	10.582470516
9.85107	0.001785014	10.582470516
9.85409	0.001785014	10.582470516
9.857289999999999	0.001785014	10.582470516
9.85967	0.001785014	10.582470516
9.861080000000001	0.001785014	10.582470516
9.86182	0.001785014	10.582470516
9.863439999999999	0.001785014	10.582470516
9.866439999999999	0.001785014	10.582470516
9.86872	0.001785014	10.582470516
9.87154	0.001785014	10.582470516
9.87283	0.001785014	10.582470516
9.87353	0.001785014	10.582470516
9.87416	0.001785014	10.582470516
9.87388	0.001785014	10.582470516
9.87531	0.001785014	10.582470516
9.87882	0.001785014	10.582470516
9.87989	0.001785014	10.582470516
9.87981	0.001785014	10.582470516
9.87837	0.001785014	10.582470516
9.879	0.001785014	10.582470516
9.881789999999999	0.001785014	10.582470516
9.88316	0.001785014	10.582470516
9.88222	0.001785014	10.582470516
9.88316	0.001785014	10.582470516
9.8864	0.001785014	10.582470516
9.890039999999999	0.001785014	10.582470516
9.894	0.001785014	10.582470516
9.89639	0.001785014	10.582470516
9.89862	0.001785014	10.582470516
9.9018	0.001785014	10.582470516
9.901819999999999	0.001785014	10.582470516
9.90188	0.001785014	10.582470516
9.899569999999999	0.001785014	10.582470516
9.89484	0.001785014	10.582470516
9.8949	0.001785014	10.582470516
9.89222	0.001785014	10.582470516
9.8901	0.001785014	10.582470516
9.88682	0.001785014	10.582470516
9.88185	0.001785014	10.582470516
9.87917	0.001785014	10.582470516
9.875760000000001	0.001785014	10.582470516
9.873389999999999	0.001785014	10.582470516
9.87113	0.001785014	10.582470516
9.871030000000001	0.001785014	10.582470516
9.87199	0.001785014	10.582470516
9.87332	0.001785014	10.582470516
9.87492	0.001785014	10.582470516
9.8753	0.001785014	10.582470516
9.87717	0.001785014	10.582470516
9.87955	0.001785014	10.582470516
9.88199	0.001785014	10.582470516
9.883389999999999	0.001785014	10.582470516
9.88537	0.001785014	10.582470516
9.88623	0.001785014	10.582470516
9.88573	0.001785014	10.582470516
9.88322	0.001785014	10.582470516
9.88193	0.001785014	10.582470516
9.882539999999999	0.001785014	10.582470516
9.885810000000001	0.001785014	10.582470516
9.88982	0.001785014	10.582470516
9.89133	0.001785014	10.582470516
9.893239999999999	0.001785014	10.582470516
9.89546	0.001785014	10.582470516
9.89714	0.001785014	10.582470516
9.89811	0.001785014	10.582470516
9.89708	0.001785014	10.582470516
9.8958	0.001785014	10.582470516
9.897210000000001	0.001785014	10.582470516
9.89893	0.001785014	10.582470516
9.89945	0.001785014	10.582470516
9.89585	0.001785014	10.582470516
9.892539999999999	0.001785014	10.582470516
9.889	0.001785014	10.582470516
9.88551	0.001785014	10.582470516
9.88166	0.001785014	10.582470516
9.87708	0.001785014	10.582470516
9.87215	0.001785014	10.582470516
9.866010000000001	0.001785014	10.582470516
9.8601	0.001785014	10.582470516
9.85337	0.001785014	10.582470516
9.84603	0.001785014	10.582470516
9.83895	0.001785014	10.582470516
9.83181	0.001785014	10.582470516
9.82588	0.001785014	10.582470516
9.819280000000001	0.001785014	10.582470516
9.81339	0.001785014	10.582470516
9.80897	0.001785014	10.582470516
9.806280000000001	0.001785014	10.582470516
9.80375	0.001785014	10.582470516
9.80023	0.001785014	10.582470516
9.79598	0.001785014	10.582470516
9.7917	0.001785014	10.582470516
9.789530000000001	0.001785014	10.582470516
9.78757	0.001785014	10.582470516
9.78655	0.001785014	10.582470516
9.78743	0.001785014	10.582470516
9.789760000000001	0.001785014	10.582470516
9.7908	0.001785014	10.582470516
9.79157	0.001785014	10.582470516
9.79059	0.001785014	10.582470516
9.78842	0.001785014	10.582470516
9.78726	0.001785014	10.582470516
9.7863	0.001785014	10.582470516
9.78468	0.001785014	10.582470516
9.78322	0.001785014	10.582470516
9.779060000000001	0.001785014	10.582470516
9.77567	0.001785014	10.582470516
9.7733	0.001785014	10.582470516
9.7707	0.001785014	10.582470516
9.76499	0.001785014	10.582470516
9.76179	0.001785014	10.582470516
9.75986	0.001785014	10.582470516
9.762880000000001	0.001785014	10.582470516
9.76629	0.001785014	10.582470516
9.76937	0.001785014	10.582470516
9.77089	0.001785014	10.582470516
9.77144	0.001785014	10.582470516
9.77225	0.001785014	10.582470516
9.77125	0.001785014	10.582470516
9.76816	0.001785014	10.582470516
9.76728	0.001785014	10.582470516
9.76349	0.001785014	10.582470516
9.76105	0.001785014	10.582470516
9.75878	0.001785014	10.582470516
9.75756	0.001785014	10.582470516
9.75722	0.001785014	10.582470516
9.75343	0.001785014	10.582470516
9.75103	0.001785014	10.582470516
9.75191	0.001785014	10.582470516
9.754589999999999	0.001785014	10.582470516
9.75462	0.001785014	10.582470516
9.75112	0.001785014	10.582470516
9.74746	0.001785014	10.582470516
9.7433	0.001785014	10.582470516
9.73802	0.001785014	10.582470516
9.73441	0.001785014	10.582470516
9.72899	0.001785014	10.582470516
9.72526	0.001785014	10.582470516
9.72529	0.001785014	10.582470516
9.725530000000001	0.001785014	10.582470516
9.724860000000001	0.001785014	10.582470516
9.72407	0.001785014	10.582470516
9.7249	0.001785014	10.582470516
9.724680000000001	0.001785014	10.582470516
9.7256	0.001785014	10.582470516
9.7275	0.001785014	10.582470516
9.72865	0.001785014	10.582470516
9.73135	0.001785014	10.582470516
9.7338	0.001785014	10.582470516
9.73483	0.001785014	10.582470516
9.736839999999999	0.001785014	10.582470516
9.739510000000001	0.001785014	10.582470516
9.742339999999999	0.001785014	10.582470516
9.74319	0.001785014	10.582470516
9.745519999999999	0.001785014	10.582470516
9.74735	0.001785014	10.582470516
9.7492	0.001785014	10.582470516
9.749130000000001	0.001785014	10.582470516
9.75002	0.001785014	10.582470516
9.74975	0.001785014	10.582470516
9.7509	0.001785014	10.582470516
9.75212	0.001785014	10.582470516
9.75479	0.001785014	10.582470516
9.756839999999999	0.001785014	10.582470516
9.75967	0.001785014	10.582470516
9.76078	0.001785014	10.582470516
9.763710000000001	0.001785014	10.582470516
9.76683	0.001785014	10.582470516
9.76694	0.001785014	10.582470516
9.76741	0.001785014	10.582470516
9.76923	0.001785014	10.582470516
9.7698	0.001785014	10.582470516
9.77032	0.001785014	10.582470516
9.77014	0.001785014	10.582470516
9.76987	0.001785014	10.582470516
9.771339999999999	0.001785014	10.582470516
9.77346	0.001785014	10.582470516
9.774569999999999	0.001785014	10.582470516
9.7735	0.001785014	10.582470516
9.771560000000001	0.001785014	10.582470516
9.768469999999999	0.001785014	10.582470516
9.765989999999999	0.001785014	10.582470516
9.76525	0.001785014	10.582470516
9.76468	0.001785014	10.582470516
9.763069999999999	0.001785014	10.582470516
9.7591	0.001785014	10.582470516
9.75323	0.001785014	10.582470516
9.75055	0.001785014	10.582470516
9.74315	0.001785014	10.582470516
9.732610000000001	0.001785014	10.582470516
9.72303	0.001785014	10.582470516
9.7149	0.001785014	10.582470516
9.7114	0.001785014	10.582470516
9.708789999999999	0.001785014	10.582470516
9.707360000000001	0.001785014	10.582470516
9.70156	0.001785014	10.582470516
9.6954	0.001785014	10.582470516
9.68931	0.001785014	10.582470516
9.68247	0.001785014	10.582470516
9.67582	0.001785014	10.582470516
9.66966	0.001785014	10.582470516
9.66276	0.001785014	10.582470516
9.6535	0.001785014	10.582470516
9.64592	0.001785014	10.582470516
9.64017	0.001785014	10.582470516
9.6348	0.001785014	10.582470516
9.63049	0.001785014	10.582470516
9.625919999999999	0.001785014	10.582470516
9.6214	0.001785014	10.582470516
9.6174	0.001785014	10.582470516
9.612169999999999	0.001785014	10.582470516
9.606810000000001	0.001785014	10.582470516
9.60186	0.001785014	10.582470516
9.59614	0.001785014	10.582470516
9.58894	0.001785014	10.582470516
9.58196	0.001785014	10.582470516
9.57911	0.001785014	10.582470516
9.57729	0.001785014	10.582470516
9.57644	0.001785014	10.582470516
9.57597	0.001785014	10.582470516
9.57158	0.001785014	10.582470516
9.56758	0.001785014	10.582470516
9.56643	0.001785014	10.582470516
9.56573	0.001785014	10.582470516
9.56476	0.001785014	10.582470516
9.56058	0.001785014	10.582470516
9.55681	0.001785014	10.582470516
9.55153	0.001785014	10.582470516
9.54852	0.001785014	10.582470516
9.54643	0.001785014	10.582470516
9.54076	0.001785014	10.582470516
9.53474	0.001785014	10.582470516
9.52549	0.001785014	10.582470516
9.516639999999999	0.001785014	10.582470516
9.50934	0.001785014	10.582470516
9.5016	0.001785014	10.582470516
9.49182	0.001785014	10.582470516
9.4795	0.001785014	10.582470516
9.47016	0.001785014	10.582470516
9.46306	0.001785014	10.582470516
9.45847	0.001785014	10.582470516
9.452960000000001	0.001785014	10.582470516
9.44818	0.001785014	10.582470516
9.44333	0.001785014	10.582470516
9.43731	0.001785014	10.582470516
9.43195	0.001785014	10.582470516
9.425189999999999	0.001785014	10.582470516
9.41902	0.001785014	10.582470516
9.41147	0.001785014	10.582470516
9.40798	0.001785014	10.582470516
9.402289999999999	0.001785014	10.582470516
9.39547	0.001785014	10.582470516
9.386989999999999	0.001785014	10.582470516
9.37923	0.001785014	10.582470516
9.37106	0.001785014	10.582470516
9.36362	0.001785014	10.582470516
9.35736	0.001785014	10.582470516
9.35122	0.001785014	10.582470516
9.345369999999999	0.001785014	10.582470516
9.339269999999999	0.001785014	10.582470516
9.33258	0.001785014	10.582470516
9.32597	0.001785014	10.582470516
9.320269999999999	0.001785014	10.582470516
9.31274	0.001785014	10.582470516
9.30395	0.001785014	10.582470516
9.29851	0.001785014	10.582470516
9.2923	0.001785014	10.582470516
9.28802	0.001785014	10.582470516
9.28549	0.001785014	10.582470516
9.28309	0.001785014	10.582470516
9.280619999999999	0.001785014	10.582470516
9.27857	0.001785014	10.582470516
9.27367	0.001785014	10.582470516
9.26945	0.001785014	10.582470516
9.26518	0.001785014	10.582470516
9.263530000000001	0.001785014	10.582470516
9.26249	0.001785014	10.582470516
9.2627	0.001785014	10.582470516
9.2635	0.001785014	10.582470516
9.265239999999999	0.001785014	10.582470516
9.26448	0.001785014	10.582470516
9.26336	0.001785014	10.582470516
9.2629	0.001785014	10.582470516
9.261519999999999	0.001785014	10.582470516
9.25812	0.001785014	10.582470516
9.25665	0.001785014	10.582470516
9.2566	0.001785014	10.582470516
9.2555	0.001785014	10.582470516
9.25287	0.001785014	10.582470516
9.253210000000001	0.001785014	10.582470516
9.25239	0.001785014	10.582470516
9.25082	0.001785014	10.582470516
9.25129	0.001785014	10.582470516
9.2527	0.001785014	10.582470516
9.255889999999999	0.001785014	10.582470516
9.25639	0.001785014	10.582470516
9.254560000000001	0.001785014	10.582470516
9.25009	0.001785014	10.582470516
9.248	0.001785014	10.582470516
9.24666	0.001785014	10.582470516
9.24359	0.001785014	10.582470516
9.24178	0.001785014	10.582470516
9.238560000000001	0.001785014	10.582470516
9.238439999999999	0.001785014	10.582470516
9.238010000000001	0.001785014	10.582470516
9.23718	0.001785014	10.582470516
9.23668	0.001785014	10.582470516
9.23519	0.001785014	10.582470516
9.23662	0.001785014	10.582470516
9.23804	0.001785014	10.582470516
9.23972	0.001785014	10.582470516
9.24039	0.001785014	10.582470516
9.2359	0.001785014	10.582470516
9.2324	0.001785014	10.582470516
9.229280000000001	0.001785014	10.582470516
9.2281	0.001785014	10.582470516
9.22603	0.001785014	10.582470516
9.22155	0.001785014	10.582470516
9.21456	0.001785014	10.582470516
9.20704	0.001785014	10.582470516
9.19768	0.001785014	10.582470516
9.18802	0.001785014	10.582470516
9.17972	0.001785014	10.582470516
9.17475	0.001785014	10.582470516
9.16869	0.001785014	10.582470516
9.16192	0.001785014	10.582470516
9.15869	0.001785014	10.582470516
9.15501	0.001785014	10.582470516
9.153319999999999	0.001785014	10.582470516
9.15277	0.001785014	10.582470516
9.15223	0.001785014	10.582470516
9.152389999999999	0.001785014	10.582470516
9.152389999999999	0.001785014	10.582470516
9.15015	0.001785014	10.582470516
9.14834	0.001785014	10.582470516
9.14695	0.001785014	10.582470516
9.14639	0.001785014	10.582470516
9.14335	0.001785014	10.582470516
9.140939999999999	0.001785014	10.582470516
9.139669999999999	0.001785014	10.582470516
9.13802	0.001785014	10.582470516
9.13677	0.001785014	10.582470516
9.13725	0.001785014	10.582470516
9.13752	0.001785014	10.582470516
9.13945	0.001785014	10.582470516
9.14194	0.001785014	10.582470516
9.14285	0.001785014	10.582470516
9.143469999999999	0.001785014	10.582470516
9.14449	0.001785014	10.582470516
9.14588	0.001785014	10.582470516
9.15132	0.001785014	10.582470516
9.15292	0.001785014	10.582470516
9.15479	0.001785014	10.582470516
9.15565	0.001785014	10.582470516
9.15576	0.001785014	10.582470516
9.15298	0.001785014	10.582470516
9.1514	0.001785014	10.582470516
9.15277	0.001785014	10.582470516
9.15352	0.001785014	10.582470516
9.15516	0.001785014	10.582470516
9.15811	0.001785014	10.582470516
9.159189999999999	0.001785014	10.582470516
9.16168	0.001785014	10.582470516
9.16508	0.001785014	10.582470516
9.17035	0.001785014	10.582470516
9.175139999999999	0.001785014	10.582470516
9.177810000000001	0.001785014	10.582470516
9.182839999999999	0.001785014	10.582470516
9.1852	0.001785014	10.582470516
9.18918	0.001785014	10.582470516
9.189969999999999	0.001785014	10.582470516
9.18905	0.001785014	10.582470516
9.19191	0.001785014	10.582470516
9.19352	0.001785014	10.582470516
9.19753	0.001785014	10.582470516
9.19978	0.001785014	10.582470516
9.20098	0.001785014	10.582470516
9.20595	0.001785014	10.582470516
9.20894	0.001785014	10.582470516
9.210519999999999	0.001785014	10.582470516
9.21366	0.001785014	10.582470516
9.21679	0.001785014	10.582470516
9.219610000000001	0.001785014	10.582470516
9.22371	0.001785014	10.582470516
9.22808	0.001785014	10.582470516
9.23449	0.001785014	10.582470516
9.23827	0.001785014	10.582470516
9.2378	0.001785014	10.582470516
9.23593	0.001785014	10.582470516
9.23184	0.001785014	10.582470516
9.22906	0.001785014	10.582470516
9.22182	0.001785014	10.582470516
9.21387	0.001785014	10.582470516
9.20792	0.001785014	10.582470516
9.203489999999999	0.001785014	10.582470516
9.20026	0.001785014	10.582470516
9.19806	0.001785014	10.582470516
9.19609	0.001785014	10.582470516
9.19444	0.001785014	10.582470516
9.192730000000001	0.001785014	10.582470516
9.189869999999999	0.001785014	10.582470516
9.18618	0.001785014	10.582470516
9.18339	0.001785014	10.582470516
9.18011	0.001785014	10.582470516
9.17784	0.001785014	10.582470516
9.174389999999999	0.001785014	10.582470516
9.16748	0.001785014	10.582470516
9.160810000000001	0.001785014	10.582470516
9.15425	0.001785014	10.582470516
9.14745	0.001785014	10.582470516
9.139330000000001	0.001785014	10.582470516
9.13265	0.001785014	10.582470516
9.127360000000001	0.001785014	10.582470516
9.12117	0.001785014	10.582470516
9.117989999999999	0.001785014	10.582470516
9.11767	0.001785014	10.582470516
9.11972	0.001785014	10.582470516
9.118219999999999	0.001785014	10.582470516
9.117980000000001	0.001785014	10.582470516
9.118260000000001	0.001785014	10.582470516
9.119660000000001	0.001785014	10.582470516
9.11885	0.001785014	10.582470516
9.11957	0.001785014	10.582470516
9.119019999999999	0.001785014	10.582470516
9.11913	0.001785014	10.582470516
9.120439999999999	0.001785014	10.582470516
9.12156	0.001785014	10.582470516
9.12493	0.001785014	10.582470516
9.12748	0.001785014	10.582470516
9.12911	0.001785014	10.582470516
9.12986	0.001785014	10.582470516
9.13219	0.001785014	10.582470516
9.133460000000001	0.001785014	10.582470516
9.13575	0.001785014	10.582470516
9.136660000000001	0.001785014	10.582470516
9.13527	0.001785014	10.582470516
9.13291	0.001785014	10.582470516
9.130339999999999	0.001785014	10.582470516
9.12706	0.001785014	10.582470516
9.12733	0.001785014	10.582470516
9.128689999999999	0.001785014	10.582470516
9.127	0.001785014	10.582470516
9.12669	0.001785014	10.582470516
9.12453	0.001785014	10.582470516
9.12462	0.001785014	10.582470516
9.12555	0.001785014	10.582470516
9.1277	0.001785014	10.582470516
9.12825	0.001785014	10.582470516
9.12673	0.001785014	10.582470516
9.125160000000001	0.001785014	10.582470516
9.12241	0.001785014	10.582470516
9.119580000000001	0.001785014	10.582470516
9.1186	0.001785014	10.582470516
9.11748	0.001785014	10.582470516
9.11726	0.001785014	10.582470516
9.11726	0.001785014	10.582470516
9.11607	0.001785014	10.582470516
9.11319	0.001785014	10.582470516
9.10898	0.001785014	10.582470516
9.105310000000001	0.001785014	10.582470516
9.10092	0.001785014	10.582470516
9.09511	0.001785014	10.582470516
9.089	0.001785014	10.582470516
9.08362	0.001785014	10.582470516
9.07953	0.001785014	10.582470516
9.07783	0.001785014	10.582470516
9.07571	0.001785014	10.582470516
9.07504	0.001785014	10.582470516
9.07468	0.001785014	10.582470516
9.076039999999999	0.001785014	10.582470516
9.07659	0.001785014	10.582470516
9.07564	0.001785014	10.582470516
9.07785	0.001785014	10.582470516
9.07933	0.001785014	10.582470516
9.079830000000001	0.001785014	10.582470516
9.07894	0.001785014	10.582470516
9.07751	0.001785014	10.582470516
9.07575	0.001785014	10.582470516
9.07397	0.001785014	10.582470516
9.073839999999999	0.001785014	10.582470516
9.07494	0.001785014	10.582470516
9.07584	0.001785014	10.582470516
9.07775	0.001785014	10.582470516
9.081439999999999	0.001785014	10.582470516
9.08642	0.001785014	10.582470516
9.08859	0.001785014	10.582470516
9.090869999999999	0.001785014	10.582470516
9.09073	0.001785014	10.582470516
9.089260000000001	0.001785014	10.582470516
9.089160000000001	0.001785014	10.582470516
9.08717	0.001785014	10.582470516
9.0875	0.001785014	10.582470516
9.08708	0.001785014	10.582470516
9.086960000000001	0.001785014	10.582470516
9.08952	0.001785014	10.582470516
9.08887	0.001785014	10.582470516
9.09099	0.001785014	10.582470516
9.09406	0.001785014	10.582470516
9.09623	0.001785014	10.582470516
9.09885	0.001785014	10.582470516
9.09905	0.001785014	10.582470516
9.09959	0.001785014	10.582470516
9.1026	0.001785014	10.582470516
9.10666	0.001785014	10.582470516
9.11079	0.001785014	10.582470516
9.11327	0.001785014	10.582470516
9.11592	0.001785014	10.582470516
9.12094	0.001785014	10.582470516
9.125589999999999	0.001785014	10.582470516
9.13135	0.001785014	10.582470516
9.137410000000001	0.001785014	10.582470516
9.1398	0.001785014	10.582470516
9.14373	0.001785014	10.582470516
9.14875	0.001785014	10.582470516
9.15359	0.001785014	10.582470516
9.155619999999999	0.001785014	10.582470516
9.15944	0.001785014	10.582470516
9.1605	0.001785014	10.582470516
9.16121	0.001785014	10.582470516
9.16328	0.001785014	10.582470516
9.16489	0.001785014	10.582470516
9.166089999999999	0.001785014	10.582470516
9.168389999999999	0.001785014	10.582470516
9.1701	0.001785014	10.582470516
9.169130000000001	0.001785014	10.582470516
9.168510000000001	0.001785014	10.582470516
9.16837	0.001785014	10.582470516
9.16649	0.001785014	10.582470516
9.16916	0.001785014	10.582470516
9.172239999999999	0.001785014	10.582470516
9.17251	0.001785014	10.582470516
9.175289999999999	0.001785014	10.582470516
9.17639	0.001785014	10.582470516
9.17762	0.001785014	10.582470516
9.1758	0.001785014	10.582470516
9.174489999999999	0.001785014	10.582470516
9.17436	0.001785014	10.582470516
9.17281	0.001785014	10.582470516
9.17023	0.001785014	10.582470516
9.16703	0.001785014	10.582470516
9.162469999999999	0.001785014	10.582470516
9.15754	0.001785014	10.582470516
9.15105	0.001785014	10.582470516
9.145760000000001	0.001785014	10.582470516
9.14273	0.001785014	10.582470516
9.140460000000001	0.001785014	10.582470516
9.13686	0.001785014	10.582470516
9.12951	0.001785014	10.582470516
9.12462	0.001785014	10.582470516
9.12138	0.001785014	10.582470516
9.12001	0.001785014	10.582470516
9.11933	0.001785014	10.582470516
9.12002	0.001785014	10.582470516
9.11894	0.001785014	10.582470516
9.115960000000001	0.001785014	10.582470516
9.112680000000001	0.001785014	10.582470516
9.1103	0.001785014	10.582470516
9.11083	0.001785014	10.582470516
9.11143	0.001785014	10.582470516
9.11094	0.001785014	10.582470516
9.11053	0.001785014	10.582470516
9.11048	0.001785014	10.582470516
9.10962	0.001785014	10.582470516
9.11115	0.001785014	10.582470516
9.11337	0.001785014	10.582470516
9.11779	0.001785014	10.582470516
9.123339999999999	0.001785014	10.582470516
9.12525	0.001785014	10.582470516
9.12761	0.001785014	10.582470516
9.1287	0.001785014	10.582470516
9.127930000000001	0.001785014	10.582470516
9.1282	0.001785014	10.582470516
9.127989999999999	0.001785014	10.582470516
9.129710000000001	0.001785014	10.582470516
9.13158	0.001785014	10.582470516
9.13412	0.001785014	10.582470516
9.13717	0.001785014	10.582470516
9.14237	0.001785014	10.582470516
9.14723	0.001785014	10.582470516
9.15045	0.001785014	10.582470516
9.15218	0.001785014	10.582470516
9.1548	0.001785014	10.582470516
9.15805	0.001785014	10.582470516
9.16253	0.001785014	10.582470516
9.167539999999999	0.001785014	10.582470516
9.17126	0.001785014	10.582470516
9.1734	0.001785014	10.582470516
9.1731	0.001785014	10.582470516
9.17365	0.001785014	10.582470516
9.17348	0.001785014	10.582470516
9.173210000000001	0.001785014	10.582470516
9.17277	0.001785014	10.582470516
9.174610000000001	0.001785014	10.582470516
9.17608	0.001785014	10.582470516
9.17876	0.001785014	10.582470516
9.18212	0.001785014	10.582470516
9.18327	0.001785014	10.582470516
9.183539999999999	0.001785014	10.582470516
9.182260000000001	0.001785014	10.582470516
9.18229	0.001785014	10.582470516
9.18196	0.001785014	10.582470516
9.17888	0.001785014	10.582470516
9.1751	0.001785014	10.582470516
9.170869999999999	0.001785014	10.582470516
9.16822	0.001785014	10.582470516
9.16429	0.001785014	10.582470516
9.1628	0.001785014	10.582470516
9.15945	0.001785014	10.582470516
9.15687	0.001785014	10.582470516
9.15215	0.001785014	10.582470516
9.151639999999999	0.001785014	10.582470516
9.14829	0.001785014	10.582470516
9.14523	0.001785014	10.582470516
9.14072	0.001785014	10.582470516
9.13805	0.001785014	10.582470516
9.13688	0.001785014	10.582470516
9.13423	0.001785014	10.582470516
9.13353	0.001785014	10.582470516
9.13373	0.001785014	10.582470516
9.13293	0.001785014	10.582470516
9.13408	0.001785014	10.582470516
9.13433	0.001785014	10.582470516
9.13534	0.001785014	10.582470516
9.13565	0.001785014	10.582470516
9.13715	0.001785014	10.582470516
9.13911	0.001785014	10.582470516
9.138760000000001	0.001785014	10.582470516
9.136339999999999	0.001785014	10.582470516
9.13685	0.001785014	10.582470516
9.135769999999999	0.001785014	10.582470516
9.136	0.001785014	10.582470516
9.13345	0.001785014	10.582470516
9.12857	0.001785014	10.582470516
9.12026	0.001785014	10.582470516
9.11321	0.001785014	10.582470516
9.10938	0.001785014	10.582470516
9.10707	0.001785014	10.582470516
9.105189999999999	0.001785014	10.582470516
9.10295	0.001785014	10.582470516
9.102139999999999	0.001785014	10.582470516
9.10078	0.001785014	10.582470516
9.10235	0.001785014	10.582470516
9.10436	0.001785014	10.582470516
9.10748	0.001785014	10.582470516
9.10984	0.001785014	10.582470516
9.11272	0.001785014	10.582470516
9.11642	0.001785014	10.582470516
9.12037	0.001785014	10.582470516
9.12518	0.001785014	10.582470516
9.12725	0.001785014	10.582470516
9.129389999999999	0.001785014	10.582470516
9.13125	0.001785014	10.582470516
9.13213	0.001785014	10.582470516
9.135010000000001	0.001785014	10.582470516
9.13342	0.001785014	10.582470516
9.13141	0.001785014	10.582470516
9.13108	0.001785014	10.582470516
9.13135	0.001785014	10.582470516
9.13071	0.001785014	10.582470516
9.127930000000001	0.001785014	10.582470516
9.12567	0.001785014	10.582470516
9.1241	0.001785014	10.582470516
9.12342	0.001785014	10.582470516
9.12415	0.001785014	10.582470516
9.12648	0.001785014	10.582470516
9.130510000000001	0.001785014	10.582470516
9.1349	0.001785014	10.582470516
9.137830000000001	0.001785014	10.582470516
9.14307	0.001785014	10.582470516
9.14719	0.001785014	10.582470516
9.15059	0.001785014	10.582470516
9.1529	0.001785014	10.582470516
9.1547	0.001785014	10.582470516
9.15597	0.001785014	10.582470516
9.15671	0.001785014	10.582470516
9.15846	0.001785014	10.582470516
9.16434	0.001785014	10.582470516
9.16969	0.001785014	10.582470516
9.17421	0.001785014	10.582470516
9.17875	0.001785014	10.582470516
9.18543	0.001785014	10.582470516
9.19352	0.001785014	10.582470516
9.20166	0.001785014	10.582470516
9.20885	0.001785014	10.582470516
9.21759	0.001785014	10.582470516
9.22551	0.001785014	10.582470516
9.23175	0.001785014	10.582470516
9.23905	0.001785014	10.582470516
9.24666	0.001785014	10.582470516
9.25225	0.001785014	10.582470516
9.25371	0.001785014	10.582470516
9.25587	0.001785014	10.582470516
9.25647	0.001785014	10.582470516
9.25499	0.001785014	10.582470516
9.25116	0.001785014	10.582470516
9.24887	0.001785014	10.582470516
9.24667	0.001785014	10.582470516
9.24649	0.001785014	10.582470516
9.24451	0.001785014	10.582470516
9.24265	0.001785014	10.582470516
9.24042	0.001785014	10.582470516
9.23823	0.001785014	10.582470516
9.2327	0.001785014	10.582470516
9.22676	0.001785014	10.582470516
9.22211	0.001785014	10.582470516
9.21608	0.001785014	10.582470516
9.211319999999999	0.001785014	10.582470516
9.2084	0.001785014	10.582470516
9.2052	0.001785014	10.582470516
9.20342	0.001785014	10.582470516
9.202010000000001	0.001785014	10.582470516
9.20234	0.001785014	10.582470516
9.20345	0.001785014	10.582470516
9.20752	0.001785014	10.582470516
9.21149	0.001785014	10.582470516
9.2118	0.001785014	10.582470516
9.21038	0.001785014	10.582470516
9.20807	0.001785014	10.582470516
9.20486	0.001785014	10.582470516
9.20191	0.001785014	10.582470516
9.198889999999999	0.001785014	10.582470516
9.19633	0.001785014	10.582470516
9.19518	0.001785014	10.582470516
9.195780000000001	0.001785014	10.582470516
9.19813	0.001785014	10.582470516
9.2014	0.001785014	10.582470516
9.20435	0.001785014	10.582470516
9.20769	0.001785014	10.582470516
9.210239999999999	0.001785014	10.582470516
9.213289999999999	0.001785014	10.582470516
9.21837	0.001785014	10.582470516
9.22206	0.001785014	10.582470516
9.22536	0.001785014	10.582470516
9.23098	0.001785014	10.582470516
9.237589999999999	0.001785014	10.582470516
9.240789999999999	0.001785014	10.582470516
9.24329	0.001785014	10.582470516
9.24492	0.001785014	10.582470516
9.24443	0.001785014	10.582470516
9.2456	0.001785014	10.582470516
9.24605	0.001785014	10.582470516
9.246960000000001	0.001785014	10.582470516
9.24774	0.001785014	10.582470516
9.24964	0.001785014	10.582470516
9.25389	0.001785014	10.582470516
9.25778	0.001785014	10.582470516
9.25715	0.001785014	10.582470516
9.25573	0.001785014	10.582470516
9.25792	0.001785014	10.582470516
9.25934	0.001785014	10.582470516
9.26118	0.001785014	10.582470516
9.26379	0.001785014	10.582470516
9.26474	0.001785014	10.582470516
9.26388	0.001785014	10.582470516
9.263060000000001	0.001785014	10.582470516
9.26554	0.001785014	10.582470516
9.2649	0.001785014	10.582470516
9.26473	0.001785014	10.582470516
9.261460000000001	0.001785014	10.582470516
9.25796	0.001785014	10.582470516
9.252239999999999	0.001785014	10.582470516
9.24827	0.001785014	10.582470516
9.2453	0.001785014	10.582470516
9.241610000000001	0.001785014	10.582470516
9.24008	0.001785014	10.582470516
9.23724	0.001785014	10.582470516
9.23258	0.001785014	10.582470516
9.22834	0.001785014	10.582470516
9.22649	0.001785014	10.582470516
9.225719999999999	0.001785014	10.582470516
9.225430000000001	0.001785014	10.582470516
9.22531	0.001785014	10.582470516
9.22538	0.001785014	10.582470516
9.22631	0.001785014	10.582470516
9.22763	0.001785014	10.582470516
9.2291	0.001785014	10.582470516
9.230939999999999	0.001785014	10.582470516
9.2328	0.001785014	10.582470516
9.23303	0.001785014	10.582470516
9.23622	0.001785014	10.582470516
9.239189999999999	0.001785014	10.582470516
9.24103	0.001785014	10.582470516
9.2396	0.001785014	10.582470516
9.23996	0.001785014	10.582470516
9.241010000000001	0.001785014	10.582470516
9.24376	0.001785014	10.582470516
9.2473	0.001785014	10.582470516
9.25099	0.001785014	10.582470516
9.25349	0.001785014	10.582470516
9.25535	0.001785014	10.582470516
9.25571	0.001785014	10.582470516
9.25315	0.001785014	10.582470516
9.25181	0.001785014	10.582470516
9.25183	0.001785014	10.582470516
9.253639999999999	0.001785014	10.582470516
9.25537	0.001785014	10.582470516
9.25741	0.001785014	10.582470516
9.26101	0.001785014	10.582470516
9.263119999999999	0.001785014	10.582470516
9.26413	0.001785014	10.582470516
9.265789999999999	0.001785014	10.582470516
9.26646	0.001785014	10.582470516
9.26549	0.001785014	10.582470516
9.26791	0.001785014	10.582470516
9.271469999999999	0.001785014	10.582470516
9.27386	0.001785014	10.582470516
9.2735	0.001785014	10.582470516
9.27035	0.001785014	10.582470516
9.269860000000001	0.001785014	10.582470516
9.26987	0.001785014	10.582470516
9.27164	0.001785014	10.582470516
9.27206	0.001785014	10.582470516
9.27249	0.001785014	10.582470516
9.274289999999999	0.001785014	10.582470516
9.27816	0.001785014	10.582470516
9.28055	0.001785014	10.582470516
9.28144	0.001785014	10.582470516
9.28352	0.001785014	10.582470516
9.2829	0.001785014	10.582470516
9.28226	0.001785014	10.582470516
9.28377	0.001785014	10.582470516
9.284189999999999	0.001785014	10.582470516
9.28064	0.001785014	10.582470516
9.275730000000001	0.001785014	10.582470516
9.27065	0.001785014	10.582470516
9.266580000000001	0.001785014	10.582470516
9.26334	0.001785014	10.582470516
9.26225	0.001785014	10.582470516
9.262210000000001	0.001785014	10.582470516
9.259689999999999	0.001785014	10.582470516
9.2554	0.001785014	10.582470516
9.251660000000001	0.001785014	10.582470516
9.24531	0.001785014	10.582470516
9.2393	0.001785014	10.582470516
9.23398	0.001785014	10.582470516
9.22742	0.001785014	10.582470516
9.2201	0.001785014	10.582470516
9.21075	0.001785014	10.582470516
9.202739999999999	0.001785014	10.582470516
9.19358	0.001785014	10.582470516
9.18685	0.001785014	10.582470516
9.18043	0.001785014	10.582470516
9.175839999999999	0.001785014	10.582470516
9.17055	0.001785014	10.582470516
9.1674	0.001785014	10.582470516
9.16333	0.001785014	10.582470516
9.15956	0.001785014	10.582470516
9.1553	0.001785014	10.582470516
9.152289999999999	0.001785014	10.582470516
9.14921	0.001785014	10.582470516
9.14631	0.001785014	10.582470516
9.14482	0.001785014	10.582470516
9.14371	0.001785014	10.582470516
9.14173	0.001785014	10.582470516
9.13804	0.001785014	10.582470516
9.13536	0.001785014	10.582470516
9.134089999999999	0.001785014	10.582470516
9.12989	0.001785014	10.582470516
9.12601	0.001785014	10.582470516
9.1212	0.001785014	10.582470516
9.11744	0.001785014	10.582470516
9.114930000000001	0.001785014	10.582470516
9.11347	0.001785014	10.582470516
9.11238	0.001785014	10.582470516
9.11058	0.001785014	10.582470516
9.10984	0.001785014	10.582470516
9.11218	0.001785014	10.582470516
9.11276	0.001785014	10.582470516
9.11186	0.001785014	10.582470516
9.11104	0.001785014	10.582470516
9.10915	0.001785014	10.582470516
9.106760000000001	0.001785014	10.582470516
9.10634	0.001785014	10.582470516
9.10838	0.001785014	10.582470516
9.11303	0.001785014	10.582470516
9.11714	0.001785014	10.582470516
9.12016	0.001785014	10.582470516
9.121	0.001785014	10.582470516
9.119819999999999	0.001785014	10.582470516
9.12043	0.001785014	10.582470516
9.12091	0.001785014	10.582470516
9.12082	0.001785014	10.582470516
9.11863	0.001785014	10.582470516
9.113539999999999	0.001785014	10.582470516
9.11464	0.001785014	10.582470516
9.116539999999999	0.001785014	10.582470516
9.11704	0.001785014	10.582470516
9.11638	0.001785014	10.582470516
9.11497	0.001785014	10.582470516
9.11262	0.001785014	10.582470516
9.11001	0.001785014	10.582470516
9.106819999999999	0.001785014	10.582470516
9.10474	0.001785014	10.582470516
9.10258	0.001785014	10.582470516
9.098939999999999	0.001785014	10.582470516
9.09412	0.001785014	10.582470516
9.08907	0.001785014	10.582470516
9.08095	0.001785014	10.582470516
9.07602	0.001785014	10.582470516
9.07083	0.001785014	10.582470516
9.0651	0.001785014	10.582470516
9.06467	0.001785014	10.582470516
9.0633	0.001785014	10.582470516
9.06104	0.001785014	10.582470516
9.05724	0.001785014	10.582470516
9.053889999999999	0.001785014	10.582470516
9.05144	0.001785014	10.582470516
9.04979	0.001785014	10.582470516
9.0485	0.001785014	10.582470516
9.04448	0.001785014	10.582470516
9.04053	0.001785014	10.582470516
9.0377	0.001785014	10.582470516
9.03529	0.001785014	10.582470516
9.03249	0.001785014	10.582470516
9.029919999999999	0.001785014	10.582470516
9.0284	0.001785014	10.582470516
9.02665	0.001785014	10.582470516
9.02458	0.001785014	10.582470516
9.024239999999999	0.001785014	10.582470516
9.02307	0.001785014	10.582470516
9.02345	0.001785014	10.582470516
9.02415	0.001785014	10.582470516
9.02409	0.001785014	10.582470516
9.02263	0.001785014	10.582470516
9.0231	0.001785014	10.582470516
9.02468	0.001785014	10.582470516
9.02863	0.001785014	10.582470516
9.032860000000001	0.001785014	10.582470516
9.03693	0.001785014	10.582470516
9.040989999999999	0.001785014	10.582470516
9.04653	0.001785014	10.582470516
9.05236	0.001785014	10.582470516
9.058710000000001	0.001785014	10.582470516
9.06591	0.001785014	10.582470516
9.07369	0.001785014	10.582470516
9.07864	0.001785014	10.582470516
9.08464	0.001785014	10.582470516
9.08941	0.001785014	10.582470516
9.09794	0.001785014	10.582470516
9.10774	0.001785014	10.582470516
9.11529	0.001785014	10.582470516
9.12247	0.001785014	10.582470516
9.13004	0.001785014	10.582470516
9.131860000000001	0.001785014	10.582470516
9.134780000000001	0.001785014	10.582470516
9.13844	0.001785014	10.582470516
9.138580000000001	0.001785014	10.582470516
9.14028	0.001785014	10.582470516
9.14173	0.001785014	10.582470516
9.14333	0.001785014	10.582470516
9.146560000000001	0.001785014	10.582470516
9.15226	0.001785014	10.582470516
9.15887	0.001785014	10.582470516
9.16315	0.001785014	10.582470516
9.16651	0.001785014	10.582470516
9.1691	0.001785014	10.582470516
9.17158	0.001785014	10.582470516
9.17304	0.001785014	10.582470516
9.17399	0.001785014	10.582470516
9.176810000000001	0.001785014	10.582470516
9.17752	0.001785014	10.582470516
9.1789	0.001785014	10.582470516
9.18143	0.001785014	10.582470516
9.1859	0.001785014	10.582470516
9.19046	0.001785014	10.582470516
9.19652	0.001785014	10.582470516
9.20186	0.001785014	10.582470516
9.20848	0.001785014	10.582470516
9.21573	0.001785014	10.582470516
9.2218	0.001785014	10.582470516
9.22852	0.001785014	10.582470516
9.234110000000001	0.001785014	10.582470516
9.24208	0.001785014	10.582470516
9.25163	0.001785014	10.582470516
9.259960000000001	0.001785014	10.582470516
9.26758	0.001785014	10.582470516
9.27334	0.001785014	10.582470516
9.27913	0.001785014	10.582470516
9.28449	0.001785014	10.582470516
9.28888	0.001785014	10.582470516
9.29266	0.001785014	10.582470516
9.29637	0.001785014	10.582470516
9.29911	0.001785014	10.582470516
9.30313	0.001785014	10.582470516
9.30531	0.001785014	10.582470516
9.30827	0.001785014	10.582470516
9.31198	0.001785014	10.582470516
9.31632	0.001785014	10.582470516
9.32161	0.001785014	10.582470516
9.32494	0.001785014	10.582470516
9.32547	0.001785014	10.582470516
9.32579	0.001785014	10.582470516
9.325280000000001	0.001785014	10.582470516
9.32409	0.001785014	10.582470516
9.32237	0.001785014	10.582470516
9.31904	0.001785014	10.582470516
9.31584	0.001785014	10.582470516
9.31215	0.001785014	10.582470516
9.31072	0.001785014	10.582470516
9.30905	0.001785014	10.582470516
9.30718	0.001785014	10.582470516
9.30659	0.001785014	10.582470516
9.307160000000001	0.001785014	10.582470516
9.30884	0.001785014	10.582470516
9.30959	0.001785014	10.582470516
9.30839	0.001785014	10.582470516
9.306280000000001	0.001785014	10.582470516
9.30596	0.001785014	10.582470516
9.30742	0.001785014	10.582470516
9.30675	0.001785014	10.582470516
9.30339	0.001785014	10.582470516
9.29999	0.001785014	10.582470516
9.3009	0.001785014	10.582470516
9.303339999999999	0.001785014	10.582470516
9.30328	0.001785014	10.582470516
9.30295	0.001785014	10.582470516
9.30349	0.001785014	10.582470516
9.306560000000001	0.001785014	10.582470516
9.30912	0.001785014	10.582470516
9.31011	0.001785014	10.582470516
9.31315	0.001785014	10.582470516
9.314039999999999	0.001785014	10.582470516
9.31392	0.001785014	10.582470516
9.31063	0.001785014	10.582470516
9.308910000000001	0.001785014	10.582470516
9.307780000000001	0.001785014	10.582470516
9.308869999999999	0.001785014	10.582470516
9.30875	0.001785014	10.582470516
9.30755	0.001785014	10.582470516
9.30722	0.001785014	10.582470516
9.30819	0.001785014	10.582470516
9.30718	0.001785014	10.582470516
9.30739	0.001785014	10.582470516
9.30795	0.001785014	10.582470516
9.30733	0.001785014	10.582470516
9.3092	0.001785014	10.582470516
9.310080000000001	0.001785014	10.582470516
9.307939999999999	0.001785014	10.582470516
9.30504	0.001785014	10.582470516
9.30344	0.001785014	10.582470516
9.30345	0.001785014	10.582470516
9.30388	0.001785014	10.582470516
9.30457	0.001785014	10.582470516
9.30447	0.001785014	10.582470516
9.30382	0.001785014	10.582470516
9.30328	0.001785014	10.582470516
9.30339	0.001785014	10.582470516
9.30584	0.001785014	10.582470516
9.30816	0.001785014	10.582470516
9.30829	0.001785014	10.582470516
9.308639999999999	0.001785014	10.582470516
9.31005	0.001785014	10.582470516
9.31188	0.001785014	10.582470516
9.31371	0.001785014	10.582470516
9.31349	0.001785014	10.582470516
9.315010000000001	0.001785014	10.582470516
9.31335	0.001785014	10.582470516
9.31188	0.001785014	10.582470516
9.31002	0.001785014	10.582470516
9.3083	0.001785014	10.582470516
9.306980000000001	0.001785014	10.582470516
9.3038	0.001785014	10.582470516
9.30159	0.001785014	10.582470516
9.29804	0.001785014	10.582470516
9.29331	0.001785014	10.582470516
9.28929	0.001785014	10.582470516
9.28218	0.001785014	10.582470516
9.275889999999999	0.001785014	10.582470516
9.27011	0.001785014	10.582470516
9.26631	0.001785014	10.582470516
9.26393	0.001785014	10.582470516
9.26093	0.001785014	10.582470516
9.25827	0.001785014	10.582470516
9.255339999999999	0.001785014	10.582470516
9.25425	0.001785014	10.582470516
9.25371	0.001785014	10.582470516
9.25203	0.001785014	10.582470516
9.25036	0.001785014	10.582470516
9.24873	0.001785014	10.582470516
9.24595	0.001785014	10.582470516
9.24443	0.001785014	10.582470516
9.24048	0.001785014	10.582470516
9.2368	0.001785014	10.582470516
9.23293	0.001785014	10.582470516
9.230089999999999	0.001785014	10.582470516
9.22937	0.001785014	10.582470516
9.22968	0.001785014	10.582470516
9.23208	0.001785014	10.582470516
9.23528	0.001785014	10.582470516
9.24045	0.001785014	10.582470516
9.243889999999999	0.001785014	10.582470516
9.25061	0.001785014	10.582470516
9.255289999999999	0.001785014	10.582470516
9.25802	0.001785014	10.582470516
9.26021	0.001785014	10.582470516
9.26239	0.001785014	10.582470516
9.26377	0.001785014	10.582470516
9.26787	0.001785014	10.582470516
9.27223	0.001785014	10.582470516
9.2793	0.001785014	10.582470516
9.28711	0.001785014	10.582470516
9.29089	0.001785014	10.582470516
9.29278	0.001785014	10.582470516
9.295069999999999	0.001785014	10.582470516
9.29588	0.001785014	10.582470516
9.29735	0.001785014	10.582470516
9.295919999999999	0.001785014	10.582470516
9.29571	0.001785014	10.582470516
9.29772	0.001785014	10.582470516
9.29908	0.001785014	10.582470516
9.30231	0.001785014	10.582470516
9.30772	0.001785014	10.582470516
9.31125	0.001785014	10.582470516
9.31476	0.001785014	10.582470516
9.31603	0.001785014	10.582470516
9.31577	0.001785014	10.582470516
9.31813	0.001785014	10.582470516
9.32174	0.001785014	10.582470516
9.325	0.001785014	10.582470516
9.33051	0.001785014	10.582470516
9.33699	0.001785014	10.582470516
9.34319	0.001785014	10.582470516
9.3491	0.001785014	10.582470516
9.35288	0.001785014	10.582470516
9.35515	0.001785014	10.582470516
9.35443	0.001785014	10.582470516
9.35486	0.001785014	10.582470516
9.35511	0.001785014	10.582470516
9.35384	0.001785014	10.582470516
9.3526	0.001785014	10.582470516
9.35173	0.001785014	10.582470516
9.35004	0.001785014	10.582470516
9.35112	0.001785014	10.582470516
9.34794	0.001785014	10.582470516
9.34488	0.001785014	10.582470516
9.34282	0.001785014	10.582470516
9.340110000000001	0.001785014	10.582470516
9.33653	0.001785014	10.582470516
9.3325	0.001785014	10.582470516
9.326839999999999	0.001785014	10.582470516
9.32113	0.001785014	10.582470516
9.31683	0.001785014	10.582470516
9.315439999999999	0.001785014	10.582470516
9.31356	0.001785014	10.582470516
9.31121	0.001785014	10.582470516
9.30741	0.001785014	10.582470516
9.30282	0.001785014	10.582470516
9.299380000000001	0.001785014	10.582470516
9.29695	0.001785014	10.582470516
9.29462	0.001785014	10.582470516
9.293660000000001	0.001785014	10.582470516
9.29448	0.001785014	10.582470516
9.29487	0.001785014	10.582470516
9.29751	0.001785014	10.582470516
9.29824	0.001785014	10.582470516
9.3007	0.001785014	10.582470516
9.30332	0.001785014	10.582470516
9.30481	0.001785014	10.582470516
9.30822	0.001785014	10.582470516
9.30905	0.001785014	10.582470516
9.30997	0.001785014	10.582470516
9.31177	0.001785014	10.582470516
9.31635	0.001785014	10.582470516
9.3209	0.001785014	10.582470516
9.3271	0.001785014	10.582470516
9.33543	0.001785014	10.582470516
9.34419	0.001785014	10.582470516
9.35177	0.001785014	10.582470516
9.35944	0.001785014	10.582470516
9.36652	0.001785014	10.582470516
9.37422	0.001785014	10.582470516
9.37895	0.001785014	10.582470516
9.38693	0.001785014	10.582470516
9.399189999999999	0.001785014	10.582470516
9.410960000000001	0.001785014	10.582470516
9.42229	0.001785014	10.582470516
9.433060000000001	0.001785014	10.582470516
9.44087	0.001785014	10.582470516
9.44963	0.001785014	10.582470516
9.45832	0.001785014	10.582470516
9.46622	0.001785014	10.582470516
9.47158	0.001785014	10.582470516
9.479460000000001	0.001785014	10.582470516
9.4881	0.001785014	10.582470516
9.49343	0.001785014	10.582470516
9.49891	0.001785014	10.582470516
9.50658	0.001785014	10.582470516
9.51356	0.001785014	10.582470516
9.51908	0.001785014	10.582470516
9.5235	0.001785014	10.582470516
9.52747	0.001785014	10.582470516
9.5304	0.001785014	10.582470516
9.53246	0.001785014	10.582470516
9.53232	0.001785014	10.582470516
9.53096	0.001785014	10.582470516
9.52973	0.001785014	10.582470516
9.52812	0.001785014	10.582470516
9.52765	0.001785014	10.582470516
9.5266	0.001785014	10.582470516
9.52415	0.001785014	10.582470516
9.52205	0.001785014	10.582470516
9.51808	0.001785014	10.582470516
9.51329	0.001785014	10.582470516
9.50809	0.001785014	10.582470516
9.50429	0.001785014	10.582470516
9.49948	0.001785014	10.582470516
9.496210000000001	0.001785014	10.582470516
9.49585	0.001785014	10.582470516
9.49456	0.001785014	10.582470516
9.49388	0.001785014	10.582470516
9.49527	0.001785014	10.582470516
9.496410000000001	0.001785014	10.582470516
9.49773	0.001785014	10.582470516
9.4995	0.001785014	10.582470516
9.49948	0.001785014	10.582470516
9.499939999999999	0.001785014	10.582470516
9.49877	0.001785014	10.582470516
9.49738	0.001785014	10.582470516
9.49775	0.001785014	10.582470516
9.50044	0.001785014	10.582470516
9.50612	0.001785014	10.582470516
9.51065	0.001785014	10.582470516
9.514289999999999	0.001785014	10.582470516
9.516860000000001	0.001785014	10.582470516
9.517330000000001	0.001785014	10.582470516
9.516580000000001	0.001785014	10.582470516
9.51324	0.001785014	10.582470516
9.513	0.001785014	10.582470516
9.5139	0.001785014	10.582470516
9.51476	0.001785014	10.582470516
9.51618	0.001785014	10.582470516
9.51747	0.001785014	10.582470516
9.51825	0.001785014	10.582470516
9.51874	0.001785014	10.582470516
9.5192	0.001785014	10.582470516
9.51891	0.001785014	10.582470516
9.52155	0.001785014	10.582470516
9.52546	0.001785014	10.582470516
9.52701	0.001785014	10.582470516
9.52853	0.001785014	10.582470516
9.53185	0.001785014	10.582470516
9.536810000000001	0.001785014	10.582470516
9.54125	0.001785014	10.582470516
9.54461	0.001785014	10.582470516
9.54693	0.001785014	10.582470516
9.54698	0.001785014	10.582470516
9.54691	0.001785014	10.582470516
9.54744	0.001785014	10.582470516
9.54848	0.001785014	10.582470516
9.54818	0.001785014	10.582470516
9.54786	0.001785014	10.582470516
9.54523	0.001785014	10.582470516
9.54293	0.001785014	10.582470516
9.54001	0.001785014	10.582470516
9.53735	0.001785014	10.582470516
9.534130000000001	0.001785014	10.582470516
9.53237	0.001785014	10.582470516
9.53218	0.001785014	10.582470516
9.5326	0.001785014	10.582470516
9.53275	0.001785014	10.582470516
9.52994	0.001785014	10.582470516
9.528739999999999	0.001785014	10.582470516
9.52798	0.001785014	10.582470516
9.52956	0.001785014	10.582470516
9.53214	0.001785014	10.582470516
9.53403	0.001785014	10.582470516
9.534289999999999	0.001785014	10.582470516
9.53813	0.001785014	10.582470516
9.542819999999999	0.001785014	10.582470516
9.54728	0.001785014	10.582470516
9.55375	0.001785014	10.582470516
9.558810000000001	0.001785014	10.582470516
9.56359	0.001785014	10.582470516
9.567169999999999	0.001785014	10.582470516
9.57068	0.001785014	10.582470516
9.57891	0.001785014	10.582470516
9.58713	0.001785014	10.582470516
9.59332	0.001785014	10.582470516
9.60064	0.001785014	10.582470516
9.60732	0.001785014	10.582470516
9.61159	0.001785014	10.582470516
9.613539999999999	0.001785014	10.582470516
9.61685	0.001785014	10.582470516
9.61987	0.001785014	10.582470516
9.62197	0.001785014	10.582470516
9.62386	0.001785014	10.582470516
9.62604	0.001785014	10.582470516
9.62682	0.001785014	10.582470516
9.627130000000001	0.001785014	10.582470516
9.62532	0.001785014	10.582470516
9.624939999999999	0.001785014	10.582470516
9.62765	0.001785014	10.582470516
9.6269	0.001785014	10.582470516
9.62575	0.001785014	10.582470516
9.62372	0.001785014	10.582470516
9.623280000000001	0.001785014	10.582470516
9.62085	0.001785014	10.582470516
9.6181	0.001785014	10.582470516
9.6138	0.001785014	10.582470516
9.61275	0.001785014	10.582470516
9.61506	0.001785014	10.582470516
9.617339999999999	0.001785014	10.582470516
9.6181	0.001785014	10.582470516
9.61778	0.001785014	10.582470516
9.6166	0.001785014	10.582470516
9.61481	0.001785014	10.582470516
9.60985	0.001785014	10.582470516
9.60877	0.001785014	10.582470516
9.60905	0.001785014	10.582470516
9.610339999999999	0.001785014	10.582470516
9.610619999999999	0.001785014	10.582470516
9.60891	0.001785014	10.582470516
9.60742	0.001785014	10.582470516
9.60644	0.001785014	10.582470516
9.60608	0.001785014	10.582470516
9.60332	0.001785014	10.582470516
9.598310000000001	0.001785014	10.582470516
9.59222	0.001785014	10.582470516
9.58623	0.001785014	10.582470516
9.582930000000001	0.001785014	10.582470516
9.57959	0.001785014	10.582470516
9.5776	0.001785014	10.582470516
9.57583	0.001785014	10.582470516
9.573039999999999	0.001785014	10.582470516
9.56921	0.001785014	10.582470516
9.56409	0.001785014	10.582470516
9.56306	0.001785014	10.582470516
9.56241	0.001785014	10.582470516
9.56332	0.001785014	10.582470516
9.563930000000001	0.001785014	10.582470516
9.56454	0.001785014	10.582470516
9.56332	0.001785014	10.582470516
9.56141	0.001785014	10.582470516
9.56118	0.001785014	10.582470516
9.560310000000001	0.001785014	10.582470516
9.56033	0.001785014	10.582470516
9.56149	0.001785014	10.582470516
9.562660000000001	0.001785014	10.582470516
9.56435	0.001785014	10.582470516
9.56377	0.001785014	10.582470516
9.56048	0.001785014	10.582470516
9.55683	0.001785014	10.582470516
9.55538	0.001785014	10.582470516
9.55381	0.001785014	10.582470516
9.55364	0.001785014	10.582470516
9.55515	0.001785014	10.582470516
9.5548	0.001785014	10.582470516
9.55383	0.001785014	10.582470516
9.55741	0.001785014	10.582470516
9.56431	0.001785014	10.582470516
9.570269999999999	0.001785014	10.582470516
9.57419	0.001785014	10.582470516
9.58041	0.001785014	10.582470516
9.58876	0.001785014	10.582470516
9.59534	0.001785014	10.582470516
9.6003	0.001785014	10.582470516
9.60546	0.001785014	10.582470516
9.60957	0.001785014	10.582470516
9.61261	0.001785014	10.582470516
9.61841	0.001785014	10.582470516
9.6259	0.001785014	10.582470516
9.634089999999999	0.001785014	10.582470516
9.643289999999999	0.001785014	10.582470516
9.65298	0.001785014	10.582470516
9.66261	0.001785014	10.582470516
9.67105	0.001785014	10.582470516
9.68176	0.001785014	10.582470516
9.68877	0.001785014	10.582470516
9.69624	0.001785014	10.582470516
9.70092	0.001785014	10.582470516
9.705160000000001	0.001785014	10.582470516
9.710510000000001	0.001785014	10.582470516
9.71486	0.001785014	10.582470516
9.7166	0.001785014	10.582470516
9.71805	0.001785014	10.582470516
9.72017	0.001785014	10.582470516
9.72317	0.001785014	10.582470516
9.72504	0.001785014	10.582470516
9.72613	0.001785014	10.582470516
9.72894	0.001785014	10.582470516
9.73148	0.001785014	10.582470516
9.73402	0.001785014	10.582470516
9.73457	0.001785014	10.582470516
9.73425	0.001785014	10.582470516
9.737219999999999	0.001785014	10.582470516
9.74093	0.001785014	10.582470516
9.7458	0.001785014	10.582470516
9.74896	0.001785014	10.582470516
9.75155	0.001785014	10.582470516
9.754560000000001	0.001785014	10.582470516
9.75655	0.001785014	10.582470516
9.76005	0.001785014	10.582470516
9.764	0.001785014	10.582470516
9.76857	0.001785014	10.582470516
9.77459	0.001785014	10.582470516
9.77961	0.001785014	10.582470516
9.78515	0.001785014	10.582470516
9.78782	0.001785014	10.582470516
9.78955	0.001785014	10.582470516
9.79402	0.001785014	10.582470516
9.79802	0.001785014	10.582470516
9.80133	0.001785014	10.582470516
9.80804	0.001785014	10.582470516
9.81552	0.001785014	10.582470516
9.8237	0.001785014	10.582470516
9.83013	0.001785014	10.582470516
9.833039999999999	0.001785014	10.582470516
9.83655	0.001785014	10.582470516
9.84108	0.001785014	10.582470516
9.8445	0.001785014	10.582470516
9.846639999999999	0.001785014	10.582470516
9.84958	0.001785014	10.582470516
9.852319999999999	0.001785014	10.582470516
9.8566	0.001785014	10.582470516
9.86537	0.001785014	10.582470516
9.87166	0.001785014	10.582470516
9.87347	0.001785014	10.582470516
9.875119999999999	0.001785014	10.582470516
9.87728	0.001785014	10.582470516
9.881839999999999	0.001785014	10.582470516
9.88377	0.001785014	10.582470516
9.885819999999999	0.001785014	10.582470516
9.88767	0.001785014	10.582470516
9.892610000000001	0.001785014	10.582470516
9.89612	0.001785014	10.582470516
9.8994	0.001785014	10.582470516
9.8982	0.001785014	10.582470516
9.89434	0.001785014	10.582470516
9.89325	0.001785014	10.582470516
9.89364	0.001785014	10.582470516
9.89396	0.001785014	10.582470516
9.89179	0.001785014	10.582470516
9.889510000000001	0.001785014	10.582470516
9.88636	0.001785014	10.582470516
9.88239	0.001785014	10.582470516
9.87802	0.001785014	10.582470516
9.87382	0.001785014	10.582470516
9.871789999999999	0.001785014	10.582470516
9.86941	0.001785014	10.582470516
9.86456	0.001785014	10.582470516
9.85927	0.001785014	10.582470516
9.856580000000001	0.001785014	10.582470516
9.853660000000001	0.001785014	10.582470516
9.8526	0.001785014	10.582470516
9.85333	0.001785014	10.582470516
9.8531	0.001785014	10.582470516
9.8514	0.001785014	10.582470516
9.85015	0.001785014	10.582470516
9.85078	0.001785014	10.582470516
9.8501	0.001785014	10.582470516
9.85165	0.001785014	10.582470516
9.855839999999999	0.001785014	10.582470516
9.85896	0.001785014	10.582470516
9.862589999999999	0.001785014	10.582470516
9.86818	0.001785014	10.582470516
9.87257	0.001785014	10.582470516
9.87776	0.001785014	10.582470516
9.883510000000001	0.001785014	10.582470516
9.88745	0.001785014	10.582470516
9.8879	0.001785014	10.582470516
9.88897	0.001785014	10.582470516
9.88931	0.001785014	10.582470516
9.88896	0.001785014	10.582470516
9.88782	0.001785014	10.582470516
9.88673	0.001785014	10.582470516
9.88389	0.001785014	10.582470516
9.881269999999999	0.001785014	10.582470516
9.87815	0.001785014	10.582470516
9.87883	0.001785014	10.582470516
9.880289999999999	0.001785014	10.582470516
9.87998	0.001785014	10.582470516
9.87955	0.001785014	10.582470516
9.881160000000001	0.001785014	10.582470516
9.88395	0.001785014	10.582470516
9.88684	0.001785014	10.582470516
9.88686	0.001785014	10.582470516
9.88617	0.001785014	10.582470516
9.88494	0.001785014	10.582470516
9.88298	0.001785014	10.582470516
9.87957	0.001785014	10.582470516
9.875689999999999	0.001785014	10.582470516
9.87369	0.001785014	10.582470516
9.87255	0.001785014	10.582470516
9.86975	0.001785014	10.582470516
9.868219999999999	0.001785014	10.582470516
9.865	0.001785014	10.582470516
9.86161	0.001785014	10.582470516
9.85598	0.001785014	10.582470516
9.8511	0.001785014	10.582470516
9.84685	0.001785014	10.582470516
9.84329	0.001785014	10.582470516
9.83859	0.001785014	10.582470516
9.83666	0.001785014	10.582470516
9.83315	0.001785014	10.582470516
9.82812	0.001785014	10.582470516
9.82043	0.001785014	10.582470516
9.81436	0.001785014	10.582470516
9.80833	0.001785014	10.582470516
9.804730000000001	0.001785014	10.582470516
9.80135	0.001785014	10.582470516
9.79957	0.001785014	10.582470516
9.79678	0.001785014	10.582470516
9.79205	0.001785014	10.582470516
9.78957	0.001785014	10.582470516
9.79093	0.001785014	10.582470516
9.79297	0.001785014	10.582470516
9.792760000000001	0.001785014	10.582470516
9.791360000000001	0.001785014	10.582470516
9.78744	0.001785014	10.582470516
9.7853	0.001785014	10.582470516
9.78288	0.001785014	10.582470516
9.78284	0.001785014	10.582470516
9.78103	0.001785014	10.582470516
9.77915	0.001785014	10.582470516
9.77877	0.001785014	10.582470516
9.780660000000001	0.001785014	10.582470516
9.78241	0.001785014	10.582470516
9.78467	0.001785014	10.582470516
9.78473	0.001785014	10.582470516
9.785960000000001	0.001785014	10.582470516
9.78396	0.001785014	10.582470516
9.782060000000001	0.001785014	10.582470516
9.78176	0.001785014	10.582470516
9.78121	0.001785014	10.582470516
9.78302	0.001785014	10.582470516
9.7846	0.001785014	10.582470516
9.78683	0.001785014	10.582470516
9.78918	0.001785014	10.582470516
9.79063	0.001785014	10.582470516
9.7903	0.001785014	10.582470516
9.79	0.001785014	10.582470516
9.78853	0.001785014	10.582470516
9.78623	0.001785014	10.582470516
9.78495	0.001785014	10.582470516
9.78407	0.001785014	10.582470516
9.78603	0.001785014	10.582470516
9.78642	0.001785014	10.582470516
9.7869	0.001785014	10.582470516
9.78421	0.001785014	10.582470516
9.78314	0.001785014	10.582470516
9.78195	0.001785014	10.582470516
9.77881	0.001785014	10.582470516
9.77652	0.001785014	10.582470516
9.77473	0.001785014	10.582470516
9.77463	0.001785014	10.582470516
9.77425	0.001785014	10.582470516
9.77373	0.001785014	10.582470516
9.77393	0.001785014	10.582470516
9.77524	0.001785014	10.582470516
9.77486	0.001785014	10.582470516
9.774460000000001	0.001785014	10.582470516
9.77635	0.001785014	10.582470516
9.778789999999999	0.001785014	10.582470516
9.78025	0.001785014	10.582470516
9.78058	0.001785014	10.582470516
9.77996	0.001785014	10.582470516
9.781089999999999	0.001785014	10.582470516
9.78331	0.001785014	10.582470516
9.78561	0.001785014	10.582470516
9.78694	0.001785014	10.582470516
9.78914	0.001785014	10.582470516
9.791030000000001	0.001785014	10.582470516
9.79219	0.001785014	10.582470516
9.79222	0.001785014	10.582470516
9.79036	0.001785014	10.582470516
9.78823	0.001785014	10.582470516
9.788730000000001	0.001785014	10.582470516
9.7881	0.001785014	10.582470516
9.787469999999999	0.001785014	10.582470516
9.78768	0.001785014	10.582470516
9.790510000000001	0.001785014	10.582470516
9.79278	0.001785014	10.582470516
9.79319	0.001785014	10.582470516
9.79338	0.001785014	10.582470516
9.792810000000001	0.001785014	10.582470516
9.78962	0.001785014	10.582470516
9.78706	0.001785014	10.582470516
9.78382	0.001785014	10.582470516
9.78335	0.001785014	10.582470516
9.78099	0.001785014	10.582470516
9.78197	0.001785014	10.582470516
9.78598	0.001785014	10.582470516
9.78845	0.001785014	10.582470516
9.79027	0.001785014	10.582470516
9.79158	0.001785014	10.582470516
9.7924	0.001785014	10.582470516
9.7902	0.001785014	10.582470516
9.788789999999999	0.001785014	10.582470516
9.78941	0.001785014	10.582470516
9.7914	0.001785014	10.582470516
9.7924	0.001785014	10.582470516
9.79485	0.001785014	10.582470516
9.79659	0.001785014	10.582470516
9.798680000000001	0.001785014	10.582470516
9.80127	0.001785014	10.582470516
9.80223	0.001785014	10.582470516
9.80313	0.001785014	10.582470516
9.80437	0.001785014	10.582470516
9.8037	0.001785014	10.582470516
9.80492	0.001785014	10.582470516
9.80562	0.001785014	10.582470516
9.80749	0.001785014	10.582470516
9.80969	0.001785014	10.582470516
9.81011	0.001785014	10.582470516
9.81156	0.001785014	10.582470516
9.812560000000001	0.001785014	10.582470516
9.81353	0.001785014	10.582470516
9.81364	0.001785014	10.582470516
9.81502	0.001785014	10.582470516
9.81868	0.001785014	10.582470516
9.824060000000001	0.001785014	10.582470516
9.82801	0.001785014	10.582470516
9.83252	0.001785014	10.582470516
9.83783	0.001785014	10.582470516
9.840539999999999	0.001785014	10.582470516
9.845410000000001	0.001785014	10.582470516
9.85051	0.001785014	10.582470516
9.85477	0.001785014	10.582470516
9.8559	0.001785014	10.582470516
9.85807	0.001785014	10.582470516
9.858360000000001	0.001785014	10.582470516
9.85652	0.001785014	10.582470516
