14.74724	0.001785014	15.117815022
14.747710000000001	0.001785014	15.117815022
14.750910000000001	0.001785014	15.117815022
14.75729	0.001785014	15.117815022
14.76353	0.001785014	15.117815022
14.76955	0.001785014	15.117815022
14.77614	0.001785014	15.117815022
14.781789999999999	0.001785014	15.117815022
14.78793	0.001785014	15.117815022
14.792720000000001	0.001785014	15.117815022
14.79865	0.001785014	15.117815022
14.80425	0.001785014	15.117815022
14.808779999999999	0.001785014	15.117815022
14.815470000000001	0.001785014	15.117815022
14.820470000000002	0.001785014	15.117815022
14.826820000000001	0.001785014	15.117815022
14.83353	0.001785014	15.117815022
14.841510000000001	0.001785014	15.117815022
14.85021	0.001785014	15.117815022
14.859210000000001	0.001785014	15.117815022
14.86721	0.001785014	15.117815022
14.879579999999999	0.001785014	15.117815022
14.88999	0.001785014	15.117815022
14.89838	0.001785014	15.117815022
14.907420000000002	0.001785014	15.117815022
14.91337	0.001785014	15.117815022
14.92191	0.001785014	15.117815022
14.930589999999999	0.001785014	15.117815022
14.93915	0.001785014	15.117815022
14.94731	0.001785014	15.117815022
14.95685	0.001785014	15.117815022
14.96575	0.001785014	15.117815022
14.975589999999999	0.001785014	15.117815022
14.98211	0.001785014	15.117815022
14.987689999999999	0.001785014	15.117815022
14.990160000000001	0.001785014	15.117815022
14.99386	0.001785014	15.117815022
14.9947	0.001785014	15.117815022
14.997020000000001	0.001785014	15.117815022
14.998289999999999	0.001785014	15.117815022
14.999529999999998	0.001785014	15.117815022
15.00265	0.001785014	15.117815022
15.00644	0.001785014	15.117815022
15.012410000000001	0.001785014	15.117815022
15.017560000000001	0.001785014	15.117815022
15.02506	0.001785014	15.117815022
15.03226	0.001785014	15.117815022
15.03907	0.001785014	15.117815022
15.04476	0.001785014	15.117815022
15.04981	0.001785014	15.117815022
15.05331	0.001785014	15.117815022
15.05744	0.001785014	15.117815022
15.06434	0.001785014	15.117815022
15.07201	0.001785014	15.117815022
15.078779999999998	0.001785014	15.117815022
15.08275	0.001785014	15.117815022
15.086160000000001	0.001785014	15.117815022
15.0905	0.001785014	15.117815022
15.094610000000001	0.001785014	15.117815022
15.09705	0.001785014	15.117815022
15.09963	0.001785014	15.117815022
15.103079999999999	0.001785014	15.117815022
15.1057	0.001785014	15.117815022
15.109829999999999	0.001785014	15.117815022
15.11312	0.001785014	15.117815022
15.11752	0.001785014	15.117815022
15.122720000000001	0.001785014	15.117815022
15.12704	0.001785014	15.117815022
15.129520000000001	0.001785014	15.117815022
15.128929999999999	0.001785014	15.117815022
15.1296	0.001785014	15.117815022
15.1283	0.001785014	15.117815022
15.12829	0.001785014	15.117815022
15.12895	0.001785014	15.117815022
15.128470000000002	0.001785014	15.117815022
15.125010000000001	0.001785014	15.117815022
15.121789999999999	0.001785014	15.117815022
15.118829999999999	0.001785014	15.117815022
15.11832	0.001785014	15.117815022
15.116660000000001	0.001785014	15.117815022
15.11375	0.001785014	15.117815022
15.10966	0.001785014	15.117815022
15.10595	0.001785014	15.117815022
15.1008	0.001785014	15.117815022
15.09704	0.001785014	15.117815022
15.093829999999999	0.001785014	15.117815022
15.09286	0.001785014	15.117815022
15.09184	0.001785014	15.117815022
15.09053	0.001785014	15.117815022
15.09185	0.001785014	15.117815022
15.09249	0.001785014	15.117815022
15.092670000000002	0.001785014	15.117815022
15.09255	0.001785014	15.117815022
15.094629999999999	0.001785014	15.117815022
15.09644	0.001785014	15.117815022
15.095410000000001	0.001785014	15.117815022
15.09314	0.001785014	15.117815022
15.092170000000001	0.001785014	15.117815022
15.09305	0.001785014	15.117815022
15.09331	0.001785014	15.117815022
15.0901	0.001785014	15.117815022
15.0867	0.001785014	15.117815022
15.081529999999999	0.001785014	15.117815022
15.07802	0.001785014	15.117815022
15.07286	0.001785014	15.117815022
15.07124	0.001785014	15.117815022
15.070839999999999	0.001785014	15.117815022
15.07235	0.001785014	15.117815022
15.074879999999999	0.001785014	15.117815022
15.07732	0.001785014	15.117815022
15.08254	0.001785014	15.117815022
15.08971	0.001785014	15.117815022
15.09724	0.001785014	15.117815022
15.102789999999999	0.001785014	15.117815022
15.11009	0.001785014	15.117815022
15.113620000000001	0.001785014	15.117815022
15.11754	0.001785014	15.117815022
15.121229999999999	0.001785014	15.117815022
15.12318	0.001785014	15.117815022
15.12607	0.001785014	15.117815022
15.12769	0.001785014	15.117815022
15.12749	0.001785014	15.117815022
15.128820000000001	0.001785014	15.117815022
15.129729999999999	0.001785014	15.117815022
15.1303	0.001785014	15.117815022
15.131110000000001	0.001785014	15.117815022
15.1313	0.001785014	15.117815022
15.13061	0.001785014	15.117815022
15.12981	0.001785014	15.117815022
15.129320000000002	0.001785014	15.117815022
15.13135	0.001785014	15.117815022
15.132970000000002	0.001785014	15.117815022
15.1314	0.001785014	15.117815022
15.12704	0.001785014	15.117815022
15.12253	0.001785014	15.117815022
15.1215	0.001785014	15.117815022
15.124310000000001	0.001785014	15.117815022
15.127429999999999	0.001785014	15.117815022
15.1271	0.001785014	15.117815022
15.1261	0.001785014	15.117815022
15.123820000000002	0.001785014	15.117815022
15.12241	0.001785014	15.117815022
15.12026	0.001785014	15.117815022
15.118879999999999	0.001785014	15.117815022
15.119279999999998	0.001785014	15.117815022
15.11798	0.001785014	15.117815022
15.11771	0.001785014	15.117815022
15.11576	0.001785014	15.117815022
15.11563	0.001785014	15.117815022
15.114270000000001	0.001785014	15.117815022
15.1126	0.001785014	15.117815022
15.1101	0.001785014	15.117815022
15.1067	0.001785014	15.117815022
15.1042	0.001785014	15.117815022
15.100970000000002	0.001785014	15.117815022
15.098360000000001	0.001785014	15.117815022
15.098460000000001	0.001785014	15.117815022
15.10021	0.001785014	15.117815022
15.1022	0.001785014	15.117815022
15.10203	0.001785014	15.117815022
15.10131	0.001785014	15.117815022
15.10229	0.001785014	15.117815022
15.10496	0.001785014	15.117815022
15.108239999999999	0.001785014	15.117815022
15.111889999999999	0.001785014	15.117815022
15.114729999999998	0.001785014	15.117815022
15.11776	0.001785014	15.117815022
15.120079999999998	0.001785014	15.117815022
15.121170000000001	0.001785014	15.117815022
15.12155	0.001785014	15.117815022
15.12261	0.001785014	15.117815022
15.1251	0.001785014	15.117815022
15.126879999999998	0.001785014	15.117815022
15.129620000000001	0.001785014	15.117815022
15.130320000000001	0.001785014	15.117815022
15.129929999999998	0.001785014	15.117815022
15.12934	0.001785014	15.117815022
15.1275	0.001785014	15.117815022
15.12718	0.001785014	15.117815022
15.128870000000001	0.001785014	15.117815022
15.12814	0.001785014	15.117815022
15.125810000000001	0.001785014	15.117815022
15.1225	0.001785014	15.117815022
15.1216	0.001785014	15.117815022
15.12326	0.001785014	15.117815022
15.123170000000002	0.001785014	15.117815022
15.121179999999999	0.001785014	15.117815022
15.12059	0.001785014	15.117815022
15.12217	0.001785014	15.117815022
15.12456	0.001785014	15.117815022
15.127189999999999	0.001785014	15.117815022
15.128160000000001	0.001785014	15.117815022
15.129470000000001	0.001785014	15.117815022
15.131379999999998	0.001785014	15.117815022
15.13011	0.001785014	15.117815022
15.1289	0.001785014	15.117815022
15.12526	0.001785014	15.117815022
15.119129999999998	0.001785014	15.117815022
15.118210000000001	0.001785014	15.117815022
15.114729999999998	0.001785014	15.117815022
15.11186	0.001785014	15.117815022
15.107460000000001	0.001785014	15.117815022
15.10161	0.001785014	15.117815022
15.097370000000002	0.001785014	15.117815022
15.09252	0.001785014	15.117815022
15.08857	0.001785014	15.117815022
15.08494	0.001785014	15.117815022
15.083129999999999	0.001785014	15.117815022
15.082189999999999	0.001785014	15.117815022
15.0813	0.001785014	15.117815022
15.08063	0.001785014	15.117815022
15.07855	0.001785014	15.117815022
15.07779	0.001785014	15.117815022
15.07765	0.001785014	15.117815022
15.07763	0.001785014	15.117815022
15.077179999999998	0.001785014	15.117815022
15.07655	0.001785014	15.117815022
15.0746	0.001785014	15.117815022
15.071670000000001	0.001785014	15.117815022
15.06649	0.001785014	15.117815022
15.06259	0.001785014	15.117815022
15.060670000000002	0.001785014	15.117815022
15.061689999999999	0.001785014	15.117815022
15.063679999999998	0.001785014	15.117815022
15.063220000000001	0.001785014	15.117815022
15.06315	0.001785014	15.117815022
15.06329	0.001785014	15.117815022
15.062679999999999	0.001785014	15.117815022
15.06112	0.001785014	15.117815022
15.057020000000001	0.001785014	15.117815022
15.05289	0.001785014	15.117815022
15.05165	0.001785014	15.117815022
15.050510000000001	0.001785014	15.117815022
15.048470000000002	0.001785014	15.117815022
15.04246	0.001785014	15.117815022
15.036679999999999	0.001785014	15.117815022
15.03098	0.001785014	15.117815022
15.025379999999998	0.001785014	15.117815022
15.01934	0.001785014	15.117815022
15.01244	0.001785014	15.117815022
15.00566	0.001785014	15.117815022
14.997229999999998	0.001785014	15.117815022
14.98956	0.001785014	15.117815022
14.980939999999999	0.001785014	15.117815022
14.972029999999998	0.001785014	15.117815022
14.963470000000001	0.001785014	15.117815022
14.95522	0.001785014	15.117815022
14.9478	0.001785014	15.117815022
14.93997	0.001785014	15.117815022
14.93269	0.001785014	15.117815022
14.9272	0.001785014	15.117815022
14.923160000000001	0.001785014	15.117815022
14.91911	0.001785014	15.117815022
14.913889999999999	0.001785014	15.117815022
14.90814	0.001785014	15.117815022
14.901879999999998	0.001785014	15.117815022
14.89814	0.001785014	15.117815022
14.894689999999999	0.001785014	15.117815022
14.8925	0.001785014	15.117815022
14.892470000000001	0.001785014	15.117815022
14.8939	0.001785014	15.117815022
14.893920000000001	0.001785014	15.117815022
14.89393	0.001785014	15.117815022
14.892470000000001	0.001785014	15.117815022
14.89	0.001785014	15.117815022
14.88865	0.001785014	15.117815022
14.888160000000001	0.001785014	15.117815022
14.886989999999999	0.001785014	15.117815022
14.88659	0.001785014	15.117815022
14.88325	0.001785014	15.117815022
14.88008	0.001785014	15.117815022
14.877970000000001	0.001785014	15.117815022
14.87571	0.001785014	15.117815022
14.8699	0.001785014	15.117815022
14.86617	0.001785014	15.117815022
14.86348	0.001785014	15.117815022
14.86529	0.001785014	15.117815022
14.867329999999999	0.001785014	15.117815022
14.8693	0.001785014	15.117815022
14.869370000000002	0.001785014	15.117815022
14.86839	0.001785014	15.117815022
14.86779	0.001785014	15.117815022
14.8653	0.001785014	15.117815022
14.86104	0.001785014	15.117815022
14.858670000000002	0.001785014	15.117815022
14.853370000000002	0.001785014	15.117815022
14.84961	0.001785014	15.117815022
14.846179999999999	0.001785014	15.117815022
14.843770000000001	0.001785014	15.117815022
14.842139999999999	0.001785014	15.117815022
14.83755	0.001785014	15.117815022
14.83455	0.001785014	15.117815022
14.834810000000001	0.001785014	15.117815022
14.83663	0.001785014	15.117815022
14.835989999999999	0.001785014	15.117815022
14.83186	0.001785014	15.117815022
14.827620000000001	0.001785014	15.117815022
14.82295	0.001785014	15.117815022
14.81684	0.001785014	15.117815022
14.812479999999999	0.001785014	15.117815022
14.8065	0.001785014	15.117815022
14.802579999999999	0.001785014	15.117815022
14.80275	0.001785014	15.117815022
14.802779999999998	0.001785014	15.117815022
14.80209	0.001785014	15.117815022
14.801279999999998	0.001785014	15.117815022
14.80216	0.001785014	15.117815022
14.8022	0.001785014	15.117815022
14.803460000000001	0.001785014	15.117815022
14.805660000000001	0.001785014	15.117815022
14.8072	0.001785014	15.117815022
14.81054	0.001785014	15.117815022
14.81381	0.001785014	15.117815022
14.81596	0.001785014	15.117815022
14.81884	0.001785014	15.117815022
14.82213	0.001785014	15.117815022
14.825529999999999	0.001785014	15.117815022
14.8272	0.001785014	15.117815022
14.830789999999999	0.001785014	15.117815022
14.834129999999998	0.001785014	15.117815022
14.837589999999999	0.001785014	15.117815022
14.8391	0.001785014	15.117815022
14.841339999999999	0.001785014	15.117815022
14.84255	0.001785014	15.117815022
14.845320000000001	0.001785014	15.117815022
14.84825	0.001785014	15.117815022
14.85254	0.001785014	15.117815022
14.8565	0.001785014	15.117815022
14.86121	0.001785014	15.117815022
14.8647	0.001785014	15.117815022
14.869629999999999	0.001785014	15.117815022
14.87461	0.001785014	15.117815022
14.876370000000001	0.001785014	15.117815022
14.8784	0.001785014	15.117815022
14.88171	0.001785014	15.117815022
14.883729999999998	0.001785014	15.117815022
14.8854	0.001785014	15.117815022
14.886510000000001	0.001785014	15.117815022
14.8876	0.001785014	15.117815022
14.890120000000001	0.001785014	15.117815022
14.892779999999998	0.001785014	15.117815022
14.89436	0.001785014	15.117815022
14.89396	0.001785014	15.117815022
14.892829999999998	0.001785014	15.117815022
14.89091	0.001785014	15.117815022
14.8896	0.001785014	15.117815022
14.889529999999999	0.001785014	15.117815022
14.8901	0.001785014	15.117815022
14.88986	0.001785014	15.117815022
14.887220000000001	0.001785014	15.117815022
14.88286	0.001785014	15.117815022
14.88159	0.001785014	15.117815022
14.8756	0.001785014	15.117815022
14.86651	0.001785014	15.117815022
14.858620000000002	0.001785014	15.117815022
14.85203	0.001785014	15.117815022
14.849770000000001	0.001785014	15.117815022
14.84842	0.001785014	15.117815022
14.84781	0.001785014	15.117815022
14.84271	0.001785014	15.117815022
14.837	0.001785014	15.117815022
14.831560000000001	0.001785014	15.117815022
14.825120000000002	0.001785014	15.117815022
14.81874	0.001785014	15.117815022
14.81282	0.001785014	15.117815022
14.80618	0.001785014	15.117815022
14.79695	0.001785014	15.117815022
14.789229999999998	0.001785014	15.117815022
14.783529999999999	0.001785014	15.117815022
14.77854	0.001785014	15.117815022
14.77449	0.001785014	15.117815022
14.76994	0.001785014	15.117815022
14.76557	0.001785014	15.117815022
14.76186	0.001785014	15.117815022
14.75709	0.001785014	15.117815022
14.75159	0.001785014	15.117815022
14.74591	0.001785014	15.117815022
14.739379999999999	0.001785014	15.117815022
14.73115	0.001785014	15.117815022
14.72376	0.001785014	15.117815022
14.720379999999999	0.001785014	15.117815022
14.71804	0.001785014	15.117815022
14.7167	0.001785014	15.117815022
14.7157	0.001785014	15.117815022
14.71076	0.001785014	15.117815022
14.706339999999999	0.001785014	15.117815022
14.70481	0.001785014	15.117815022
14.70374	0.001785014	15.117815022
14.70241	0.001785014	15.117815022
14.697679999999998	0.001785014	15.117815022
14.69377	0.001785014	15.117815022
14.6882	0.001785014	15.117815022
14.68496	0.001785014	15.117815022
14.682870000000001	0.001785014	15.117815022
14.677370000000002	0.001785014	15.117815022
14.67191	0.001785014	15.117815022
14.663429999999998	0.001785014	15.117815022
14.65562	0.001785014	15.117815022
14.649289999999999	0.001785014	15.117815022
14.642420000000001	0.001785014	15.117815022
14.633320000000001	0.001785014	15.117815022
14.62171	0.001785014	15.117815022
14.61266	0.001785014	15.117815022
14.60569	0.001785014	15.117815022
14.601	0.001785014	15.117815022
14.5959	0.001785014	15.117815022
14.59141	0.001785014	15.117815022
14.58649	0.001785014	15.117815022
14.580979999999998	0.001785014	15.117815022
14.57579	0.001785014	15.117815022
14.569579999999998	0.001785014	15.117815022
14.563889999999999	0.001785014	15.117815022
14.55706	0.001785014	15.117815022
14.554079999999999	0.001785014	15.117815022
14.548620000000001	0.001785014	15.117815022
14.541739999999999	0.001785014	15.117815022
14.53323	0.001785014	15.117815022
14.52541	0.001785014	15.117815022
14.51699	0.001785014	15.117815022
14.509379999999998	0.001785014	15.117815022
14.502479999999998	0.001785014	15.117815022
14.49554	0.001785014	15.117815022
14.48923	0.001785014	15.117815022
14.48265	0.001785014	15.117815022
14.47596	0.001785014	15.117815022
14.469220000000002	0.001785014	15.117815022
14.46335	0.001785014	15.117815022
14.45556	0.001785014	15.117815022
14.44612	0.001785014	15.117815022
14.43963	0.001785014	15.117815022
14.43251	0.001785014	15.117815022
14.42756	0.001785014	15.117815022
14.424710000000001	0.001785014	15.117815022
14.42186	0.001785014	15.117815022
14.41966	0.001785014	15.117815022
14.417810000000001	0.001785014	15.117815022
14.41361	0.001785014	15.117815022
14.4104	0.001785014	15.117815022
14.40729	0.001785014	15.117815022
14.40735	0.001785014	15.117815022
14.40821	0.001785014	15.117815022
14.41045	0.001785014	15.117815022
14.41349	0.001785014	15.117815022
14.417010000000001	0.001785014	15.117815022
14.41761	0.001785014	15.117815022
14.417929999999998	0.001785014	15.117815022
14.419120000000001	0.001785014	15.117815022
14.4194	0.001785014	15.117815022
14.41787	0.001785014	15.117815022
14.418479999999999	0.001785014	15.117815022
14.42061	0.001785014	15.117815022
14.42213	0.001785014	15.117815022
14.422070000000001	0.001785014	15.117815022
14.42494	0.001785014	15.117815022
14.42673	0.001785014	15.117815022
14.42796	0.001785014	15.117815022
14.43094	0.001785014	15.117815022
14.434629999999999	0.001785014	15.117815022
14.440579999999999	0.001785014	15.117815022
14.443879999999998	0.001785014	15.117815022
14.44493	0.001785014	15.117815022
14.4436	0.001785014	15.117815022
14.4451	0.001785014	15.117815022
14.44726	0.001785014	15.117815022
14.44788	0.001785014	15.117815022
14.449689999999999	0.001785014	15.117815022
14.45018	0.001785014	15.117815022
14.45346	0.001785014	15.117815022
14.456660000000001	0.001785014	15.117815022
14.459229999999998	0.001785014	15.117815022
14.46214	0.001785014	15.117815022
14.46376	0.001785014	15.117815022
14.46851	0.001785014	15.117815022
14.47294	0.001785014	15.117815022
14.477179999999999	0.001785014	15.117815022
14.48075	0.001785014	15.117815022
14.47884	0.001785014	15.117815022
14.47734	0.001785014	15.117815022
14.475979999999998	0.001785014	15.117815022
14.47626	0.001785014	15.117815022
14.47595	0.001785014	15.117815022
14.47345	0.001785014	15.117815022
14.46846	0.001785014	15.117815022
14.462679999999999	0.001785014	15.117815022
14.455370000000002	0.001785014	15.117815022
14.44731	0.001785014	15.117815022
14.440520000000001	0.001785014	15.117815022
14.43645	0.001785014	15.117815022
14.4311	0.001785014	15.117815022
14.4252	0.001785014	15.117815022
14.42257	0.001785014	15.117815022
14.41995	0.001785014	15.117815022
14.41949	0.001785014	15.117815022
14.4198	0.001785014	15.117815022
14.419820000000001	0.001785014	15.117815022
14.420329999999998	0.001785014	15.117815022
14.42051	0.001785014	15.117815022
14.41833	0.001785014	15.117815022
14.41671	0.001785014	15.117815022
14.41509	0.001785014	15.117815022
14.41404	0.001785014	15.117815022
14.41073	0.001785014	15.117815022
14.40789	0.001785014	15.117815022
14.40615	0.001785014	15.117815022
14.40436	0.001785014	15.117815022
14.402829999999998	0.001785014	15.117815022
14.40345	0.001785014	15.117815022
14.403770000000002	0.001785014	15.117815022
14.406429999999999	0.001785014	15.117815022
14.40955	0.001785014	15.117815022
14.41119	0.001785014	15.117815022
14.4126	0.001785014	15.117815022
14.41451	0.001785014	15.117815022
14.417270000000002	0.001785014	15.117815022
14.42371	0.001785014	15.117815022
14.42629	0.001785014	15.117815022
14.42891	0.001785014	15.117815022
14.430729999999999	0.001785014	15.117815022
14.43154	0.001785014	15.117815022
14.429279999999999	0.001785014	15.117815022
14.428510000000001	0.001785014	15.117815022
14.430670000000001	0.001785014	15.117815022
14.43261	0.001785014	15.117815022
14.435379999999999	0.001785014	15.117815022
14.44012	0.001785014	15.117815022
14.44285	0.001785014	15.117815022
14.44675	0.001785014	15.117815022
14.4517	0.001785014	15.117815022
14.458210000000001	0.001785014	15.117815022
14.464210000000001	0.001785014	15.117815022
14.46827	0.001785014	15.117815022
14.47429	0.001785014	15.117815022
14.477429999999998	0.001785014	15.117815022
14.481679999999999	0.001785014	15.117815022
14.48285	0.001785014	15.117815022
14.48259	0.001785014	15.117815022
14.4858	0.001785014	15.117815022
14.487770000000001	0.001785014	15.117815022
14.49249	0.001785014	15.117815022
14.495420000000001	0.001785014	15.117815022
14.49685	0.001785014	15.117815022
14.50191	0.001785014	15.117815022
14.505379999999999	0.001785014	15.117815022
14.507489999999999	0.001785014	15.117815022
14.511239999999999	0.001785014	15.117815022
14.51464	0.001785014	15.117815022
14.51776	0.001785014	15.117815022
14.52235	0.001785014	15.117815022
14.527289999999999	0.001785014	15.117815022
14.534460000000001	0.001785014	15.117815022
14.538929999999999	0.001785014	15.117815022
14.538889999999999	0.001785014	15.117815022
14.53781	0.001785014	15.117815022
14.53403	0.001785014	15.117815022
14.53135	0.001785014	15.117815022
14.52476	0.001785014	15.117815022
14.51772	0.001785014	15.117815022
14.51247	0.001785014	15.117815022
14.50814	0.001785014	15.117815022
14.50515	0.001785014	15.117815022
14.50353	0.001785014	15.117815022
14.50194	0.001785014	15.117815022
14.500829999999999	0.001785014	15.117815022
14.49934	0.001785014	15.117815022
14.49673	0.001785014	15.117815022
14.49395	0.001785014	15.117815022
14.492320000000001	0.001785014	15.117815022
14.490020000000001	0.001785014	15.117815022
14.488520000000001	0.001785014	15.117815022
14.48595	0.001785014	15.117815022
14.48042	0.001785014	15.117815022
14.47556	0.001785014	15.117815022
14.470970000000001	0.001785014	15.117815022
14.4663	0.001785014	15.117815022
14.46013	0.001785014	15.117815022
14.45546	0.001785014	15.117815022
14.4518	0.001785014	15.117815022
14.44656	0.001785014	15.117815022
14.44423	0.001785014	15.117815022
14.444870000000002	0.001785014	15.117815022
14.44757	0.001785014	15.117815022
14.44636	0.001785014	15.117815022
14.446470000000001	0.001785014	15.117815022
14.44638	0.001785014	15.117815022
14.4473	0.001785014	15.117815022
14.44648	0.001785014	15.117815022
14.44665	0.001785014	15.117815022
14.44545	0.001785014	15.117815022
14.44496	0.001785014	15.117815022
14.44544	0.001785014	15.117815022
14.44556	0.001785014	15.117815022
14.44798	0.001785014	15.117815022
14.449910000000001	0.001785014	15.117815022
14.45165	0.001785014	15.117815022
14.45318	0.001785014	15.117815022
14.4564	0.001785014	15.117815022
14.45863	0.001785014	15.117815022
14.46176	0.001785014	15.117815022
14.463479999999999	0.001785014	15.117815022
14.46323	0.001785014	15.117815022
14.4625	0.001785014	15.117815022
14.46178	0.001785014	15.117815022
14.460379999999999	0.001785014	15.117815022
14.46221	0.001785014	15.117815022
14.46441	0.001785014	15.117815022
14.46359	0.001785014	15.117815022
14.463379999999999	0.001785014	15.117815022
14.461160000000001	0.001785014	15.117815022
14.46136	0.001785014	15.117815022
14.462229999999998	0.001785014	15.117815022
14.46401	0.001785014	15.117815022
14.464310000000001	0.001785014	15.117815022
14.4632	0.001785014	15.117815022
14.46251	0.001785014	15.117815022
14.46088	0.001785014	15.117815022
14.45999	0.001785014	15.117815022
14.4607	0.001785014	15.117815022
14.46052	0.001785014	15.117815022
14.46161	0.001785014	15.117815022
14.46321	0.001785014	15.117815022
14.46366	0.001785014	15.117815022
14.46241	0.001785014	15.117815022
14.46001	0.001785014	15.117815022
14.4582	0.001785014	15.117815022
14.45546	0.001785014	15.117815022
14.451	0.001785014	15.117815022
14.445960000000001	0.001785014	15.117815022
14.44149	0.001785014	15.117815022
14.4384	0.001785014	15.117815022
14.43721	0.001785014	15.117815022
14.435270000000001	0.001785014	15.117815022
14.43457	0.001785014	15.117815022
14.433910000000001	0.001785014	15.117815022
14.434989999999999	0.001785014	15.117815022
14.435020000000002	0.001785014	15.117815022
14.433779999999999	0.001785014	15.117815022
14.43586	0.001785014	15.117815022
14.437389999999999	0.001785014	15.117815022
14.43813	0.001785014	15.117815022
14.4376	0.001785014	15.117815022
14.43655	0.001785014	15.117815022
14.4352	0.001785014	15.117815022
14.433679999999999	0.001785014	15.117815022
14.43396	0.001785014	15.117815022
14.43551	0.001785014	15.117815022
14.43709	0.001785014	15.117815022
14.439829999999999	0.001785014	15.117815022
14.444070000000002	0.001785014	15.117815022
14.449639999999999	0.001785014	15.117815022
14.45246	0.001785014	15.117815022
14.45576	0.001785014	15.117815022
14.45684	0.001785014	15.117815022
14.456920000000002	0.001785014	15.117815022
14.45859	0.001785014	15.117815022
14.458160000000001	0.001785014	15.117815022
14.459670000000001	0.001785014	15.117815022
14.46006	0.001785014	15.117815022
14.460379999999999	0.001785014	15.117815022
14.46318	0.001785014	15.117815022
14.46316	0.001785014	15.117815022
14.46633	0.001785014	15.117815022
14.4708	0.001785014	15.117815022
14.4747	0.001785014	15.117815022
14.47911	0.001785014	15.117815022
14.4814	0.001785014	15.117815022
14.484160000000001	0.001785014	15.117815022
14.48947	0.001785014	15.117815022
14.49585	0.001785014	15.117815022
14.502379999999999	0.001785014	15.117815022
14.507	0.001785014	15.117815022
14.51191	0.001785014	15.117815022
14.51958	0.001785014	15.117815022
14.52653	0.001785014	15.117815022
14.535039999999999	0.001785014	15.117815022
14.543470000000001	0.001785014	15.117815022
14.548129999999999	0.001785014	15.117815022
14.554179999999999	0.001785014	15.117815022
14.561679999999999	0.001785014	15.117815022
14.568620000000001	0.001785014	15.117815022
14.57284	0.001785014	15.117815022
14.57876	0.001785014	15.117815022
14.58196	0.001785014	15.117815022
14.5846	0.001785014	15.117815022
14.58857	0.001785014	15.117815022
14.59185	0.001785014	15.117815022
14.59472	0.001785014	15.117815022
14.599079999999999	0.001785014	15.117815022
14.603029999999999	0.001785014	15.117815022
14.60391	0.001785014	15.117815022
14.60479	0.001785014	15.117815022
14.606179999999998	0.001785014	15.117815022
14.60571	0.001785014	15.117815022
14.60944	0.001785014	15.117815022
14.613420000000001	0.001785014	15.117815022
14.61452	0.001785014	15.117815022
14.61764	0.001785014	15.117815022
14.61931	0.001785014	15.117815022
14.620479999999999	0.001785014	15.117815022
14.61895	0.001785014	15.117815022
14.61825	0.001785014	15.117815022
14.6185	0.001785014	15.117815022
14.617629999999998	0.001785014	15.117815022
14.61573	0.001785014	15.117815022
14.61367	0.001785014	15.117815022
14.60997	0.001785014	15.117815022
14.60585	0.001785014	15.117815022
14.60016	0.001785014	15.117815022
14.59539	0.001785014	15.117815022
14.59216	0.001785014	15.117815022
14.58944	0.001785014	15.117815022
14.585510000000001	0.001785014	15.117815022
14.5779	0.001785014	15.117815022
14.572270000000001	0.001785014	15.117815022
14.56809	0.001785014	15.117815022
14.565539999999999	0.001785014	15.117815022
14.563479999999998	0.001785014	15.117815022
14.56289	0.001785014	15.117815022
14.560670000000002	0.001785014	15.117815022
14.5568	0.001785014	15.117815022
14.55243	0.001785014	15.117815022
14.54914	0.001785014	15.117815022
14.5485	0.001785014	15.117815022
14.547820000000002	0.001785014	15.117815022
14.54595	0.001785014	15.117815022
14.544329999999999	0.001785014	15.117815022
14.54277	0.001785014	15.117815022
14.540510000000001	0.001785014	15.117815022
14.54071	0.001785014	15.117815022
14.541579999999998	0.001785014	15.117815022
14.543970000000002	0.001785014	15.117815022
14.547579999999998	0.001785014	15.117815022
14.547410000000001	0.001785014	15.117815022
14.54773	0.001785014	15.117815022
14.547179999999999	0.001785014	15.117815022
14.544789999999999	0.001785014	15.117815022
14.543629999999999	0.001785014	15.117815022
14.541910000000001	0.001785014	15.117815022
14.54239	0.001785014	15.117815022
14.54258	0.001785014	15.117815022
14.543529999999999	0.001785014	15.117815022
14.54505	0.001785014	15.117815022
14.54832	0.001785014	15.117815022
14.55117	0.001785014	15.117815022
14.551879999999999	0.001785014	15.117815022
14.551329999999998	0.001785014	15.117815022
14.552170000000002	0.001785014	15.117815022
14.55352	0.001785014	15.117815022
14.55608	0.001785014	15.117815022
14.559479999999999	0.001785014	15.117815022
14.561739999999999	0.001785014	15.117815022
14.56226	0.001785014	15.117815022
14.5605	0.001785014	15.117815022
14.55926	0.001785014	15.117815022
