10.4786	0.001785014	11.149388579
10.48049	0.001785014	11.149388579
10.48361	0.001785014	11.149388579
10.486260000000001	0.001785014	11.149388579
10.49058	0.001785014	11.149388579
10.494589999999999	0.001785014	11.149388579
10.49774	0.001785014	11.149388579
10.50097	0.001785014	11.149388579
10.504480000000001	0.001785014	11.149388579
10.508389999999999	0.001785014	11.149388579
10.5097	0.001785014	11.149388579
10.50798	0.001785014	11.149388579
10.50676	0.001785014	11.149388579
10.50495	0.001785014	11.149388579
10.50576	0.001785014	11.149388579
10.50731	0.001785014	11.149388579
10.50924	0.001785014	11.149388579
10.51137	0.001785014	11.149388579
10.51427	0.001785014	11.149388579
10.51298	0.001785014	11.149388579
10.51079	0.001785014	11.149388579
10.50618	0.001785014	11.149388579
10.499839999999999	0.001785014	11.149388579
10.49334	0.001785014	11.149388579
10.48738	0.001785014	11.149388579
10.481580000000001	0.001785014	11.149388579
10.4741	0.001785014	11.149388579
10.46844	0.001785014	11.149388579
10.464269999999999	0.001785014	11.149388579
10.45987	0.001785014	11.149388579
10.456489999999999	0.001785014	11.149388579
10.45282	0.001785014	11.149388579
10.44945	0.001785014	11.149388579
10.44705	0.001785014	11.149388579
10.4429	0.001785014	11.149388579
10.438889999999999	0.001785014	11.149388579
10.435789999999999	0.001785014	11.149388579
10.43111	0.001785014	11.149388579
10.42905	0.001785014	11.149388579
10.429269999999999	0.001785014	11.149388579
10.43013	0.001785014	11.149388579
10.430719999999999	0.001785014	11.149388579
10.43013	0.001785014	11.149388579
10.42932	0.001785014	11.149388579
10.42963	0.001785014	11.149388579
10.431519999999999	0.001785014	11.149388579
10.43136	0.001785014	11.149388579
10.43037	0.001785014	11.149388579
10.4296	0.001785014	11.149388579
10.425980000000001	0.001785014	11.149388579
10.4257	0.001785014	11.149388579
10.423810000000001	0.001785014	11.149388579
10.42128	0.001785014	11.149388579
10.41841	0.001785014	11.149388579
10.41438	0.001785014	11.149388579
10.4083	0.001785014	11.149388579
10.40358	0.001785014	11.149388579
10.399189999999999	0.001785014	11.149388579
10.39678	0.001785014	11.149388579
10.39611	0.001785014	11.149388579
10.39676	0.001785014	11.149388579
10.39661	0.001785014	11.149388579
10.39771	0.001785014	11.149388579
10.39756	0.001785014	11.149388579
10.39482	0.001785014	11.149388579
10.391589999999999	0.001785014	11.149388579
10.38513	0.001785014	11.149388579
10.37847	0.001785014	11.149388579
10.37416	0.001785014	11.149388579
10.37195	0.001785014	11.149388579
10.36824	0.001785014	11.149388579
10.36689	0.001785014	11.149388579
10.36519	0.001785014	11.149388579
10.3654	0.001785014	11.149388579
10.36658	0.001785014	11.149388579
10.367519999999999	0.001785014	11.149388579
10.3701	0.001785014	11.149388579
10.37474	0.001785014	11.149388579
10.37908	0.001785014	11.149388579
10.38401	0.001785014	11.149388579
10.385530000000001	0.001785014	11.149388579
10.38766	0.001785014	11.149388579
10.39128	0.001785014	11.149388579
10.39622	0.001785014	11.149388579
10.39917	0.001785014	11.149388579
10.401110000000001	0.001785014	11.149388579
10.40212	0.001785014	11.149388579
10.4019	0.001785014	11.149388579
10.402389999999999	0.001785014	11.149388579
10.40444	0.001785014	11.149388579
10.40514	0.001785014	11.149388579
10.404010000000001	0.001785014	11.149388579
10.4053	0.001785014	11.149388579
10.40898	0.001785014	11.149388579
10.411480000000001	0.001785014	11.149388579
10.41414	0.001785014	11.149388579
10.41657	0.001785014	11.149388579
10.41798	0.001785014	11.149388579
10.41803	0.001785014	11.149388579
10.41877	0.001785014	11.149388579
10.4208	0.001785014	11.149388579
10.42395	0.001785014	11.149388579
10.426960000000001	0.001785014	11.149388579
10.43073	0.001785014	11.149388579
10.43136	0.001785014	11.149388579
10.43061	0.001785014	11.149388579
10.428360000000001	0.001785014	11.149388579
10.42643	0.001785014	11.149388579
10.42537	0.001785014	11.149388579
10.4248	0.001785014	11.149388579
10.423910000000001	0.001785014	11.149388579
10.4224	0.001785014	11.149388579
10.42165	0.001785014	11.149388579
10.42117	0.001785014	11.149388579
10.41911	0.001785014	11.149388579
10.41811	0.001785014	11.149388579
10.419410000000001	0.001785014	11.149388579
10.41878	0.001785014	11.149388579
10.41628	0.001785014	11.149388579
10.41443	0.001785014	11.149388579
10.412139999999999	0.001785014	11.149388579
10.41279	0.001785014	11.149388579
10.41202	0.001785014	11.149388579
10.4133	0.001785014	11.149388579
10.41635	0.001785014	11.149388579
10.4197	0.001785014	11.149388579
10.42094	0.001785014	11.149388579
10.42407	0.001785014	11.149388579
10.42685	0.001785014	11.149388579
10.428510000000001	0.001785014	11.149388579
10.43039	0.001785014	11.149388579
10.433639999999999	0.001785014	11.149388579
10.43608	0.001785014	11.149388579
10.43802	0.001785014	11.149388579
10.436589999999999	0.001785014	11.149388579
10.43639	0.001785014	11.149388579
10.43703	0.001785014	11.149388579
10.43792	0.001785014	11.149388579
10.43782	0.001785014	11.149388579
10.43848	0.001785014	11.149388579
10.43919	0.001785014	11.149388579
10.44121	0.001785014	11.149388579
10.44299	0.001785014	11.149388579
10.44488	0.001785014	11.149388579
10.44577	0.001785014	11.149388579
10.44706	0.001785014	11.149388579
10.448030000000001	0.001785014	11.149388579
10.44857	0.001785014	11.149388579
10.45284	0.001785014	11.149388579
10.45776	0.001785014	11.149388579
10.45996	0.001785014	11.149388579
10.46017	0.001785014	11.149388579
10.461139999999999	0.001785014	11.149388579
10.46015	0.001785014	11.149388579
10.460510000000001	0.001785014	11.149388579
10.46218	0.001785014	11.149388579
10.464789999999999	0.001785014	11.149388579
10.46837	0.001785014	11.149388579
10.473310000000001	0.001785014	11.149388579
10.47834	0.001785014	11.149388579
10.48212	0.001785014	11.149388579
10.48285	0.001785014	11.149388579
10.483360000000001	0.001785014	11.149388579
10.48377	0.001785014	11.149388579
10.48392	0.001785014	11.149388579
10.48484	0.001785014	11.149388579
10.485610000000001	0.001785014	11.149388579
10.4878	0.001785014	11.149388579
10.48925	0.001785014	11.149388579
10.490310000000001	0.001785014	11.149388579
10.4906	0.001785014	11.149388579
10.488660000000001	0.001785014	11.149388579
10.48531	0.001785014	11.149388579
10.48369	0.001785014	11.149388579
10.48188	0.001785014	11.149388579
10.480189999999999	0.001785014	11.149388579
10.478639999999999	0.001785014	11.149388579
10.47817	0.001785014	11.149388579
10.47797	0.001785014	11.149388579
10.47655	0.001785014	11.149388579
10.4768	0.001785014	11.149388579
10.475760000000001	0.001785014	11.149388579
10.47366	0.001785014	11.149388579
10.470369999999999	0.001785014	11.149388579
10.468060000000001	0.001785014	11.149388579
10.467830000000001	0.001785014	11.149388579
10.467789999999999	0.001785014	11.149388579
10.47032	0.001785014	11.149388579
10.470189999999999	0.001785014	11.149388579
10.47187	0.001785014	11.149388579
10.47173	0.001785014	11.149388579
10.471219999999999	0.001785014	11.149388579
10.47374	0.001785014	11.149388579
10.4756	0.001785014	11.149388579
10.480269999999999	0.001785014	11.149388579
10.48485	0.001785014	11.149388579
10.48808	0.001785014	11.149388579
10.491	0.001785014	11.149388579
10.493	0.001785014	11.149388579
10.49532	0.001785014	11.149388579
10.49548	0.001785014	11.149388579
10.49648	0.001785014	11.149388579
10.49432	0.001785014	11.149388579
10.49397	0.001785014	11.149388579
10.49527	0.001785014	11.149388579
10.49859	0.001785014	11.149388579
10.50267	0.001785014	11.149388579
10.5082	0.001785014	11.149388579
10.512739999999999	0.001785014	11.149388579
10.51512	0.001785014	11.149388579
10.5162	0.001785014	11.149388579
10.51883	0.001785014	11.149388579
10.52016	0.001785014	11.149388579
10.52467	0.001785014	11.149388579
10.52661	0.001785014	11.149388579
10.52641	0.001785014	11.149388579
10.52449	0.001785014	11.149388579
10.525030000000001	0.001785014	11.149388579
10.52598	0.001785014	11.149388579
10.52575	0.001785014	11.149388579
10.52502	0.001785014	11.149388579
10.52169	0.001785014	11.149388579
10.51886	0.001785014	11.149388579
10.516169999999999	0.001785014	11.149388579
10.51052	0.001785014	11.149388579
10.50366	0.001785014	11.149388579
10.49352	0.001785014	11.149388579
10.48344	0.001785014	11.149388579
10.47458	0.001785014	11.149388579
10.464	0.001785014	11.149388579
10.45314	0.001785014	11.149388579
10.44288	0.001785014	11.149388579
10.43406	0.001785014	11.149388579
10.42573	0.001785014	11.149388579
10.41725	0.001785014	11.149388579
10.41179	0.001785014	11.149388579
10.404589999999999	0.001785014	11.149388579
10.39747	0.001785014	11.149388579
10.39051	0.001785014	11.149388579
10.38468	0.001785014	11.149388579
10.37953	0.001785014	11.149388579
10.37335	0.001785014	11.149388579
10.36706	0.001785014	11.149388579
10.36209	0.001785014	11.149388579
10.35779	0.001785014	11.149388579
10.35388	0.001785014	11.149388579
10.35127	0.001785014	11.149388579
10.34736	0.001785014	11.149388579
10.3452	0.001785014	11.149388579
10.34373	0.001785014	11.149388579
10.34336	0.001785014	11.149388579
10.34331	0.001785014	11.149388579
10.34379	0.001785014	11.149388579
10.345139999999999	0.001785014	11.149388579
10.34777	0.001785014	11.149388579
10.35233	0.001785014	11.149388579
10.35789	0.001785014	11.149388579
10.36365	0.001785014	11.149388579
10.367339999999999	0.001785014	11.149388579
10.36962	0.001785014	11.149388579
10.373280000000001	0.001785014	11.149388579
10.37623	0.001785014	11.149388579
10.377360000000001	0.001785014	11.149388579
10.37902	0.001785014	11.149388579
10.37852	0.001785014	11.149388579
10.379669999999999	0.001785014	11.149388579
10.383280000000001	0.001785014	11.149388579
10.38723	0.001785014	11.149388579
10.38827	0.001785014	11.149388579
10.38943	0.001785014	11.149388579
10.39162	0.001785014	11.149388579
10.39449	0.001785014	11.149388579
10.39932	0.001785014	11.149388579
10.40216	0.001785014	11.149388579
10.40358	0.001785014	11.149388579
10.40441	0.001785014	11.149388579
10.40364	0.001785014	11.149388579
10.40146	0.001785014	11.149388579
10.39805	0.001785014	11.149388579
10.39841	0.001785014	11.149388579
10.39884	0.001785014	11.149388579
10.39978	0.001785014	11.149388579
10.40033	0.001785014	11.149388579
10.39938	0.001785014	11.149388579
10.39742	0.001785014	11.149388579
10.3976	0.001785014	11.149388579
10.39857	0.001785014	11.149388579
10.39811	0.001785014	11.149388579
10.398489999999999	0.001785014	11.149388579
10.4007	0.001785014	11.149388579
10.40295	0.001785014	11.149388579
10.4042	0.001785014	11.149388579
10.403210000000001	0.001785014	11.149388579
10.39984	0.001785014	11.149388579
10.39506	0.001785014	11.149388579
10.39209	0.001785014	11.149388579
10.39003	0.001785014	11.149388579
10.38583	0.001785014	11.149388579
10.38085	0.001785014	11.149388579
10.377239999999999	0.001785014	11.149388579
10.374410000000001	0.001785014	11.149388579
10.37395	0.001785014	11.149388579
10.37342	0.001785014	11.149388579
10.374260000000001	0.001785014	11.149388579
10.37273	0.001785014	11.149388579
10.37509	0.001785014	11.149388579
10.380189999999999	0.001785014	11.149388579
10.38685	0.001785014	11.149388579
10.39235	0.001785014	11.149388579
10.39902	0.001785014	11.149388579
10.40537	0.001785014	11.149388579
10.410160000000001	0.001785014	11.149388579
10.412989999999999	0.001785014	11.149388579
10.41664	0.001785014	11.149388579
10.41924	0.001785014	11.149388579
10.42223	0.001785014	11.149388579
10.42534	0.001785014	11.149388579
10.42967	0.001785014	11.149388579
10.433019999999999	0.001785014	11.149388579
10.43785	0.001785014	11.149388579
10.44561	0.001785014	11.149388579
10.45313	0.001785014	11.149388579
10.46066	0.001785014	11.149388579
10.46898	0.001785014	11.149388579
10.47579	0.001785014	11.149388579
10.47976	0.001785014	11.149388579
10.482489999999999	0.001785014	11.149388579
10.4858	0.001785014	11.149388579
10.48892	0.001785014	11.149388579
10.491489999999999	0.001785014	11.149388579
10.49235	0.001785014	11.149388579
10.49452	0.001785014	11.149388579
10.49654	0.001785014	11.149388579
10.497119999999999	0.001785014	11.149388579
10.49698	0.001785014	11.149388579
10.49479	0.001785014	11.149388579
10.49676	0.001785014	11.149388579
10.49581	0.001785014	11.149388579
10.49499	0.001785014	11.149388579
10.49197	0.001785014	11.149388579
10.48804	0.001785014	11.149388579
10.48364	0.001785014	11.149388579
10.47942	0.001785014	11.149388579
10.4732	0.001785014	11.149388579
10.46873	0.001785014	11.149388579
10.46491	0.001785014	11.149388579
10.4617	0.001785014	11.149388579
10.457980000000001	0.001785014	11.149388579
10.45346	0.001785014	11.149388579
10.45007	0.001785014	11.149388579
10.4464	0.001785014	11.149388579
10.44132	0.001785014	11.149388579
10.43678	0.001785014	11.149388579
10.43396	0.001785014	11.149388579
10.43223	0.001785014	11.149388579
10.430769999999999	0.001785014	11.149388579
10.43235	0.001785014	11.149388579
10.43344	0.001785014	11.149388579
10.43525	0.001785014	11.149388579
10.434280000000001	0.001785014	11.149388579
10.4326	0.001785014	11.149388579
10.4314	0.001785014	11.149388579
10.43096	0.001785014	11.149388579
10.43575	0.001785014	11.149388579
10.44115	0.001785014	11.149388579
10.443769999999999	0.001785014	11.149388579
10.44675	0.001785014	11.149388579
10.44992	0.001785014	11.149388579
10.452869999999999	0.001785014	11.149388579
10.4556	0.001785014	11.149388579
10.45593	0.001785014	11.149388579
10.45841	0.001785014	11.149388579
10.46275	0.001785014	11.149388579
10.46312	0.001785014	11.149388579
10.463460000000001	0.001785014	11.149388579
10.46353	0.001785014	11.149388579
10.46262	0.001785014	11.149388579
10.46065	0.001785014	11.149388579
10.45904	0.001785014	11.149388579
10.45819	0.001785014	11.149388579
10.45609	0.001785014	11.149388579
10.454039999999999	0.001785014	11.149388579
10.45127	0.001785014	11.149388579
10.449819999999999	0.001785014	11.149388579
10.44794	0.001785014	11.149388579
10.44695	0.001785014	11.149388579
10.44537	0.001785014	11.149388579
10.448	0.001785014	11.149388579
10.449060000000001	0.001785014	11.149388579
10.44738	0.001785014	11.149388579
10.44768	0.001785014	11.149388579
10.44558	0.001785014	11.149388579
10.44358	0.001785014	11.149388579
10.44089	0.001785014	11.149388579
10.43719	0.001785014	11.149388579
10.43252	0.001785014	11.149388579
10.43103	0.001785014	11.149388579
10.429730000000001	0.001785014	11.149388579
10.428460000000001	0.001785014	11.149388579
10.42558	0.001785014	11.149388579
10.42062	0.001785014	11.149388579
10.414439999999999	0.001785014	11.149388579
10.40521	0.001785014	11.149388579
10.39595	0.001785014	11.149388579
10.38611	0.001785014	11.149388579
10.37623	0.001785014	11.149388579
10.367510000000001	0.001785014	11.149388579
10.360610000000001	0.001785014	11.149388579
10.35475	0.001785014	11.149388579
10.35019	0.001785014	11.149388579
10.34587	0.001785014	11.149388579
10.34122	0.001785014	11.149388579
10.33543	0.001785014	11.149388579
10.33257	0.001785014	11.149388579
10.32784	0.001785014	11.149388579
10.32443	0.001785014	11.149388579
10.32173	0.001785014	11.149388579
10.31828	0.001785014	11.149388579
10.314039999999999	0.001785014	11.149388579
10.31145	0.001785014	11.149388579
10.30724	0.001785014	11.149388579
10.30395	0.001785014	11.149388579
10.30274	0.001785014	11.149388579
10.30481	0.001785014	11.149388579
10.30605	0.001785014	11.149388579
10.308060000000001	0.001785014	11.149388579
10.30775	0.001785014	11.149388579
10.30787	0.001785014	11.149388579
10.30803	0.001785014	11.149388579
10.3096	0.001785014	11.149388579
10.30851	0.001785014	11.149388579
10.30658	0.001785014	11.149388579
10.3037	0.001785014	11.149388579
10.30063	0.001785014	11.149388579
10.29486	0.001785014	11.149388579
10.2899	0.001785014	11.149388579
10.285169999999999	0.001785014	11.149388579
10.27961	0.001785014	11.149388579
10.27177	0.001785014	11.149388579
10.26101	0.001785014	11.149388579
10.25371	0.001785014	11.149388579
10.24559	0.001785014	11.149388579
10.2398	0.001785014	11.149388579
10.23431	0.001785014	11.149388579
10.22845	0.001785014	11.149388579
10.2242	0.001785014	11.149388579
10.21946	0.001785014	11.149388579
10.21366	0.001785014	11.149388579
10.20911	0.001785014	11.149388579
10.20363	0.001785014	11.149388579
10.199489999999999	0.001785014	11.149388579
10.195210000000001	0.001785014	11.149388579
10.18864	0.001785014	11.149388579
10.18138	0.001785014	11.149388579
10.175	0.001785014	11.149388579
10.16928	0.001785014	11.149388579
10.161439999999999	0.001785014	11.149388579
10.155560000000001	0.001785014	11.149388579
10.150780000000001	0.001785014	11.149388579
10.1491	0.001785014	11.149388579
10.14628	0.001785014	11.149388579
10.14357	0.001785014	11.149388579
10.14098	0.001785014	11.149388579
10.138919999999999	0.001785014	11.149388579
10.13855	0.001785014	11.149388579
10.1358	0.001785014	11.149388579
10.13141	0.001785014	11.149388579
10.12744	0.001785014	11.149388579
10.12631	0.001785014	11.149388579
10.12478	0.001785014	11.149388579
10.12467	0.001785014	11.149388579
10.1224	0.001785014	11.149388579
10.12245	0.001785014	11.149388579
10.12298	0.001785014	11.149388579
10.12266	0.001785014	11.149388579
10.12385	0.001785014	11.149388579
10.124189999999999	0.001785014	11.149388579
10.12565	0.001785014	11.149388579
10.124189999999999	0.001785014	11.149388579
10.12326	0.001785014	11.149388579
10.12379	0.001785014	11.149388579
10.125210000000001	0.001785014	11.149388579
10.12476	0.001785014	11.149388579
10.12336	0.001785014	11.149388579
10.1209	0.001785014	11.149388579
10.116530000000001	0.001785014	11.149388579
10.113610000000001	0.001785014	11.149388579
10.11547	0.001785014	11.149388579
10.11771	0.001785014	11.149388579
10.11876	0.001785014	11.149388579
10.12088	0.001785014	11.149388579
10.12248	0.001785014	11.149388579
10.12301	0.001785014	11.149388579
10.12513	0.001785014	11.149388579
10.12919	0.001785014	11.149388579
10.13219	0.001785014	11.149388579
10.13635	0.001785014	11.149388579
10.14068	0.001785014	11.149388579
10.144630000000001	0.001785014	11.149388579
10.147730000000001	0.001785014	11.149388579
10.14904	0.001785014	11.149388579
10.15188	0.001785014	11.149388579
10.153319999999999	0.001785014	11.149388579
10.15449	0.001785014	11.149388579
10.15576	0.001785014	11.149388579
10.157639999999999	0.001785014	11.149388579
10.15722	0.001785014	11.149388579
10.15939	0.001785014	11.149388579
10.16113	0.001785014	11.149388579
10.16279	0.001785014	11.149388579
10.16624	0.001785014	11.149388579
10.170060000000001	0.001785014	11.149388579
10.1728	0.001785014	11.149388579
10.17492	0.001785014	11.149388579
10.179860000000001	0.001785014	11.149388579
10.18406	0.001785014	11.149388579
10.18757	0.001785014	11.149388579
10.1906	0.001785014	11.149388579
10.1936	0.001785014	11.149388579
10.19792	0.001785014	11.149388579
10.20004	0.001785014	11.149388579
10.2015	0.001785014	11.149388579
10.20095	0.001785014	11.149388579
10.2017	0.001785014	11.149388579
10.20256	0.001785014	11.149388579
10.20261	0.001785014	11.149388579
10.201410000000001	0.001785014	11.149388579
10.20063	0.001785014	11.149388579
10.19471	0.001785014	11.149388579
10.18944	0.001785014	11.149388579
10.1843	0.001785014	11.149388579
10.17891	0.001785014	11.149388579
10.17108	0.001785014	11.149388579
10.164810000000001	0.001785014	11.149388579
10.15996	0.001785014	11.149388579
10.15735	0.001785014	11.149388579
10.15576	0.001785014	11.149388579
10.15064	0.001785014	11.149388579
10.14609	0.001785014	11.149388579
10.143880000000001	0.001785014	11.149388579
10.13947	0.001785014	11.149388579
10.13509	0.001785014	11.149388579
10.13215	0.001785014	11.149388579
10.13139	0.001785014	11.149388579
10.130460000000001	0.001785014	11.149388579
10.12837	0.001785014	11.149388579
10.12675	0.001785014	11.149388579
10.12619	0.001785014	11.149388579
10.1268	0.001785014	11.149388579
10.12735	0.001785014	11.149388579
10.12814	0.001785014	11.149388579
10.13027	0.001785014	11.149388579
10.12894	0.001785014	11.149388579
10.1215	0.001785014	11.149388579
10.11484	0.001785014	11.149388579
10.11006	0.001785014	11.149388579
10.10655	0.001785014	11.149388579
10.10528	0.001785014	11.149388579
10.10427	0.001785014	11.149388579
10.10256	0.001785014	11.149388579
10.1001	0.001785014	11.149388579
10.097489999999999	0.001785014	11.149388579
10.095180000000001	0.001785014	11.149388579
10.09131	0.001785014	11.149388579
10.08843	0.001785014	11.149388579
10.08737	0.001785014	11.149388579
10.087069999999999	0.001785014	11.149388579
10.08562	0.001785014	11.149388579
10.08262	0.001785014	11.149388579
10.08061	0.001785014	11.149388579
10.07865	0.001785014	11.149388579
10.07751	0.001785014	11.149388579
10.07275	0.001785014	11.149388579
10.06471	0.001785014	11.149388579
10.05982	0.001785014	11.149388579
10.05453	0.001785014	11.149388579
10.0536	0.001785014	11.149388579
10.052480000000001	0.001785014	11.149388579
10.04748	0.001785014	11.149388579
10.044989999999999	0.001785014	11.149388579
10.04025	0.001785014	11.149388579
10.037410000000001	0.001785014	11.149388579
10.03401	0.001785014	11.149388579
10.02951	0.001785014	11.149388579
10.02484	0.001785014	11.149388579
10.01862	0.001785014	11.149388579
10.013119999999999	0.001785014	11.149388579
10.00768	0.001785014	11.149388579
10.003110000000001	0.001785014	11.149388579
9.99755	0.001785014	11.149388579
9.993219999999999	0.001785014	11.149388579
9.988380000000001	0.001785014	11.149388579
9.98357	0.001785014	11.149388579
9.977030000000001	0.001785014	11.149388579
9.97219	0.001785014	11.149388579
9.96985	0.001785014	11.149388579
9.9674	0.001785014	11.149388579
9.965860000000001	0.001785014	11.149388579
9.96529	0.001785014	11.149388579
9.96316	0.001785014	11.149388579
9.96079	0.001785014	11.149388579
9.960939999999999	0.001785014	11.149388579
9.95993	0.001785014	11.149388579
9.961160000000001	0.001785014	11.149388579
9.96096	0.001785014	11.149388579
9.959769999999999	0.001785014	11.149388579
9.955789999999999	0.001785014	11.149388579
9.95233	0.001785014	11.149388579
9.94771	0.001785014	11.149388579
9.94234	0.001785014	11.149388579
9.935260000000001	0.001785014	11.149388579
9.92695	0.001785014	11.149388579
9.92109	0.001785014	11.149388579
9.91257	0.001785014	11.149388579
9.90627	0.001785014	11.149388579
9.89965	0.001785014	11.149388579
9.89348	0.001785014	11.149388579
9.88705	0.001785014	11.149388579
9.88119	0.001785014	11.149388579
9.87903	0.001785014	11.149388579
9.8787	0.001785014	11.149388579
9.87823	0.001785014	11.149388579
9.87766	0.001785014	11.149388579
9.87673	0.001785014	11.149388579
9.87508	0.001785014	11.149388579
9.87551	0.001785014	11.149388579
9.87455	0.001785014	11.149388579
9.87598	0.001785014	11.149388579
9.8744	0.001785014	11.149388579
9.87195	0.001785014	11.149388579
9.87233	0.001785014	11.149388579
9.87128	0.001785014	11.149388579
9.868889999999999	0.001785014	11.149388579
9.86713	0.001785014	11.149388579
9.86979	0.001785014	11.149388579
9.86999	0.001785014	11.149388579
9.86806	0.001785014	11.149388579
9.86589	0.001785014	11.149388579
9.864360000000001	0.001785014	11.149388579
9.8641	0.001785014	11.149388579
9.865169999999999	0.001785014	11.149388579
9.86437	0.001785014	11.149388579
9.865110000000001	0.001785014	11.149388579
9.866010000000001	0.001785014	11.149388579
9.86249	0.001785014	11.149388579
9.85891	0.001785014	11.149388579
9.85468	0.001785014	11.149388579
9.850610000000001	0.001785014	11.149388579
9.84388	0.001785014	11.149388579
9.83455	0.001785014	11.149388579
9.826410000000001	0.001785014	11.149388579
9.81886	0.001785014	11.149388579
9.81312	0.001785014	11.149388579
9.8109	0.001785014	11.149388579
9.80688	0.001785014	11.149388579
9.80454	0.001785014	11.149388579
9.79911	0.001785014	11.149388579
9.79177	0.001785014	11.149388579
9.78479	0.001785014	11.149388579
9.77703	0.001785014	11.149388579
9.77016	0.001785014	11.149388579
9.76338	0.001785014	11.149388579
9.75557	0.001785014	11.149388579
9.74742	0.001785014	11.149388579
9.73658	0.001785014	11.149388579
9.72648	0.001785014	11.149388579
9.7174	0.001785014	11.149388579
9.70756	0.001785014	11.149388579
9.69787	0.001785014	11.149388579
9.68798	0.001785014	11.149388579
9.6796	0.001785014	11.149388579
9.66985	0.001785014	11.149388579
9.65835	0.001785014	11.149388579
9.6512	0.001785014	11.149388579
9.64211	0.001785014	11.149388579
9.63537	0.001785014	11.149388579
9.626710000000001	0.001785014	11.149388579
9.61847	0.001785014	11.149388579
9.6098	0.001785014	11.149388579
9.602839999999999	0.001785014	11.149388579
9.59655	0.001785014	11.149388579
9.590530000000001	0.001785014	11.149388579
9.584810000000001	0.001785014	11.149388579
9.57808	0.001785014	11.149388579
9.5707	0.001785014	11.149388579
9.56512	0.001785014	11.149388579
9.55971	0.001785014	11.149388579
9.556230000000001	0.001785014	11.149388579
9.55308	0.001785014	11.149388579
9.549560000000001	0.001785014	11.149388579
9.54537	0.001785014	11.149388579
9.54197	0.001785014	11.149388579
9.53978	0.001785014	11.149388579
9.53859	0.001785014	11.149388579
9.539769999999999	0.001785014	11.149388579
9.54076	0.001785014	11.149388579
9.54037	0.001785014	11.149388579
9.54203	0.001785014	11.149388579
9.54292	0.001785014	11.149388579
9.54322	0.001785014	11.149388579
9.54295	0.001785014	11.149388579
9.54464	0.001785014	11.149388579
9.54547	0.001785014	11.149388579
9.54394	0.001785014	11.149388579
9.542869999999999	0.001785014	11.149388579
9.54354	0.001785014	11.149388579
9.54411	0.001785014	11.149388579
9.5446	0.001785014	11.149388579
9.54632	0.001785014	11.149388579
9.54636	0.001785014	11.149388579
9.54715	0.001785014	11.149388579
9.54926	0.001785014	11.149388579
9.55455	0.001785014	11.149388579
9.55748	0.001785014	11.149388579
9.5608	0.001785014	11.149388579
9.56395	0.001785014	11.149388579
9.56785	0.001785014	11.149388579
9.57103	0.001785014	11.149388579
9.57268	0.001785014	11.149388579
9.57582	0.001785014	11.149388579
9.57872	0.001785014	11.149388579
9.58125	0.001785014	11.149388579
9.58494	0.001785014	11.149388579
9.58875	0.001785014	11.149388579
9.59153	0.001785014	11.149388579
9.59305	0.001785014	11.149388579
9.596039999999999	0.001785014	11.149388579
9.59954	0.001785014	11.149388579
9.6038	0.001785014	11.149388579
9.606710000000001	0.001785014	11.149388579
9.60903	0.001785014	11.149388579
9.61433	0.001785014	11.149388579
9.62095	0.001785014	11.149388579
9.62358	0.001785014	11.149388579
9.62613	0.001785014	11.149388579
9.6264	0.001785014	11.149388579
9.62679	0.001785014	11.149388579
9.63005	0.001785014	11.149388579
9.63626	0.001785014	11.149388579
9.64224	0.001785014	11.149388579
9.64879	0.001785014	11.149388579
9.65522	0.001785014	11.149388579
9.661430000000001	0.001785014	11.149388579
9.66796	0.001785014	11.149388579
9.67269	0.001785014	11.149388579
9.67676	0.001785014	11.149388579
9.68131	0.001785014	11.149388579
9.68619	0.001785014	11.149388579
9.68868	0.001785014	11.149388579
9.68685	0.001785014	11.149388579
9.68535	0.001785014	11.149388579
9.682830000000001	0.001785014	11.149388579
9.6829	0.001785014	11.149388579
9.68344	0.001785014	11.149388579
9.68223	0.001785014	11.149388579
9.6817	0.001785014	11.149388579
9.68032	0.001785014	11.149388579
9.67854	0.001785014	11.149388579
9.67665	0.001785014	11.149388579
9.675980000000001	0.001785014	11.149388579
9.67897	0.001785014	11.149388579
9.680589999999999	0.001785014	11.149388579
9.68259	0.001785014	11.149388579
9.68414	0.001785014	11.149388579
9.6867	0.001785014	11.149388579
9.68651	0.001785014	11.149388579
9.686010000000001	0.001785014	11.149388579
9.685839999999999	0.001785014	11.149388579
9.68703	0.001785014	11.149388579
9.68855	0.001785014	11.149388579
9.68838	0.001785014	11.149388579
9.68683	0.001785014	11.149388579
9.68447	0.001785014	11.149388579
9.682839999999999	0.001785014	11.149388579
9.67925	0.001785014	11.149388579
9.67695	0.001785014	11.149388579
9.67553	0.001785014	11.149388579
9.67566	0.001785014	11.149388579
9.67655	0.001785014	11.149388579
9.67731	0.001785014	11.149388579
9.679960000000001	0.001785014	11.149388579
9.68176	0.001785014	11.149388579
9.683819999999999	0.001785014	11.149388579
9.68339	0.001785014	11.149388579
9.68233	0.001785014	11.149388579
9.68017	0.001785014	11.149388579
9.67882	0.001785014	11.149388579
9.67757	0.001785014	11.149388579
9.67633	0.001785014	11.149388579
9.674719999999999	0.001785014	11.149388579
9.67235	0.001785014	11.149388579
9.67297	0.001785014	11.149388579
9.674339999999999	0.001785014	11.149388579
9.67672	0.001785014	11.149388579
9.67992	0.001785014	11.149388579
9.68275	0.001785014	11.149388579
9.68632	0.001785014	11.149388579
9.68862	0.001785014	11.149388579
9.69105	0.001785014	11.149388579
9.69519	0.001785014	11.149388579
9.700280000000001	0.001785014	11.149388579
9.70314	0.001785014	11.149388579
9.707360000000001	0.001785014	11.149388579
9.71205	0.001785014	11.149388579
9.716619999999999	0.001785014	11.149388579
9.718160000000001	0.001785014	11.149388579
9.71778	0.001785014	11.149388579
9.716510000000001	0.001785014	11.149388579
9.71544	0.001785014	11.149388579
9.716510000000001	0.001785014	11.149388579
9.72	0.001785014	11.149388579
9.72614	0.001785014	11.149388579
9.7287	0.001785014	11.149388579
9.73115	0.001785014	11.149388579
9.73199	0.001785014	11.149388579
9.732	0.001785014	11.149388579
9.73231	0.001785014	11.149388579
9.73462	0.001785014	11.149388579
9.73621	0.001785014	11.149388579
9.73794	0.001785014	11.149388579
9.73971	0.001785014	11.149388579
9.74127	0.001785014	11.149388579
9.74467	0.001785014	11.149388579
9.749260000000001	0.001785014	11.149388579
9.7546	0.001785014	11.149388579
9.75948	0.001785014	11.149388579
9.75987	0.001785014	11.149388579
9.75863	0.001785014	11.149388579
9.75783	0.001785014	11.149388579
9.75583	0.001785014	11.149388579
9.75436	0.001785014	11.149388579
9.75044	0.001785014	11.149388579
9.74519	0.001785014	11.149388579
9.7389	0.001785014	11.149388579
9.73269	0.001785014	11.149388579
9.7313	0.001785014	11.149388579
9.73113	0.001785014	11.149388579
9.72936	0.001785014	11.149388579
9.729280000000001	0.001785014	11.149388579
9.72909	0.001785014	11.149388579
9.72953	0.001785014	11.149388579
9.72947	0.001785014	11.149388579
9.72945	0.001785014	11.149388579
9.72899	0.001785014	11.149388579
9.72959	0.001785014	11.149388579
9.729410000000001	0.001785014	11.149388579
9.73046	0.001785014	11.149388579
9.73351	0.001785014	11.149388579
9.73318	0.001785014	11.149388579
9.73381	0.001785014	11.149388579
9.73368	0.001785014	11.149388579
9.73282	0.001785014	11.149388579
9.73279	0.001785014	11.149388579
9.73446	0.001785014	11.149388579
9.73573	0.001785014	11.149388579
9.73845	0.001785014	11.149388579
9.74118	0.001785014	11.149388579
9.74451	0.001785014	11.149388579
9.74869	0.001785014	11.149388579
9.75034	0.001785014	11.149388579
9.75169	0.001785014	11.149388579
9.75558	0.001785014	11.149388579
9.759730000000001	0.001785014	11.149388579
9.763639999999999	0.001785014	11.149388579
9.765830000000001	0.001785014	11.149388579
9.76595	0.001785014	11.149388579
9.76266	0.001785014	11.149388579
9.75866	0.001785014	11.149388579
9.7537	0.001785014	11.149388579
9.748619999999999	0.001785014	11.149388579
9.74505	0.001785014	11.149388579
9.74377	0.001785014	11.149388579
9.74013	0.001785014	11.149388579
9.738480000000001	0.001785014	11.149388579
9.73995	0.001785014	11.149388579
9.74118	0.001785014	11.149388579
9.74341	0.001785014	11.149388579
9.74409	0.001785014	11.149388579
9.74445	0.001785014	11.149388579
9.74708	0.001785014	11.149388579
9.74967	0.001785014	11.149388579
9.75024	0.001785014	11.149388579
9.74807	0.001785014	11.149388579
9.74555	0.001785014	11.149388579
9.741810000000001	0.001785014	11.149388579
9.7361	0.001785014	11.149388579
9.731639999999999	0.001785014	11.149388579
9.72894	0.001785014	11.149388579
9.72845	0.001785014	11.149388579
9.72816	0.001785014	11.149388579
9.72686	0.001785014	11.149388579
9.72602	0.001785014	11.149388579
9.72527	0.001785014	11.149388579
9.72147	0.001785014	11.149388579
9.717260000000001	0.001785014	11.149388579
9.7153	0.001785014	11.149388579
9.71461	0.001785014	11.149388579
9.71518	0.001785014	11.149388579
9.720180000000001	0.001785014	11.149388579
9.725539999999999	0.001785014	11.149388579
9.73115	0.001785014	11.149388579
9.73552	0.001785014	11.149388579
9.73819	0.001785014	11.149388579
9.73976	0.001785014	11.149388579
9.74169	0.001785014	11.149388579
9.7427	0.001785014	11.149388579
9.74655	0.001785014	11.149388579
9.750160000000001	0.001785014	11.149388579
9.75483	0.001785014	11.149388579
9.75961	0.001785014	11.149388579
9.763110000000001	0.001785014	11.149388579
9.76685	0.001785014	11.149388579
9.77086	0.001785014	11.149388579
9.774389999999999	0.001785014	11.149388579
9.77774	0.001785014	11.149388579
9.781369999999999	0.001785014	11.149388579
9.78656	0.001785014	11.149388579
9.79311	0.001785014	11.149388579
9.79872	0.001785014	11.149388579
9.80392	0.001785014	11.149388579
9.80755	0.001785014	11.149388579
9.81185	0.001785014	11.149388579
9.81381	0.001785014	11.149388579
9.817910000000001	0.001785014	11.149388579
9.81899	0.001785014	11.149388579
9.82289	0.001785014	11.149388579
9.82592	0.001785014	11.149388579
9.82812	0.001785014	11.149388579
9.83115	0.001785014	11.149388579
9.83189	0.001785014	11.149388579
9.831539999999999	0.001785014	11.149388579
9.83195	0.001785014	11.149388579
9.83145	0.001785014	11.149388579
9.83555	0.001785014	11.149388579
9.83981	0.001785014	11.149388579
9.84786	0.001785014	11.149388579
9.8546	0.001785014	11.149388579
9.86237	0.001785014	11.149388579
9.86871	0.001785014	11.149388579
9.87457	0.001785014	11.149388579
9.87783	0.001785014	11.149388579
9.88305	0.001785014	11.149388579
9.88987	0.001785014	11.149388579
9.895669999999999	0.001785014	11.149388579
9.90272	0.001785014	11.149388579
9.9108	0.001785014	11.149388579
9.917769999999999	0.001785014	11.149388579
9.92222	0.001785014	11.149388579
9.9269	0.001785014	11.149388579
9.93249	0.001785014	11.149388579
9.9384	0.001785014	11.149388579
9.9443	0.001785014	11.149388579
9.951139999999999	0.001785014	11.149388579
9.95594	0.001785014	11.149388579
9.95956	0.001785014	11.149388579
9.964139999999999	0.001785014	11.149388579
9.96861	0.001785014	11.149388579
9.97207	0.001785014	11.149388579
9.97494	0.001785014	11.149388579
9.9773	0.001785014	11.149388579
9.97635	0.001785014	11.149388579
9.9729	0.001785014	11.149388579
9.96932	0.001785014	11.149388579
9.96764	0.001785014	11.149388579
9.96735	0.001785014	11.149388579
9.967310000000001	0.001785014	11.149388579
9.965489999999999	0.001785014	11.149388579
9.964080000000001	0.001785014	11.149388579
9.963989999999999	0.001785014	11.149388579
9.963230000000001	0.001785014	11.149388579
9.96384	0.001785014	11.149388579
9.96387	0.001785014	11.149388579
9.96445	0.001785014	11.149388579
9.9661	0.001785014	11.149388579
9.96844	0.001785014	11.149388579
9.97002	0.001785014	11.149388579
9.971039999999999	0.001785014	11.149388579
9.9725	0.001785014	11.149388579
9.97499	0.001785014	11.149388579
9.97893	0.001785014	11.149388579
9.981910000000001	0.001785014	11.149388579
9.98121	0.001785014	11.149388579
9.98138	0.001785014	11.149388579
9.978660000000001	0.001785014	11.149388579
9.97499	0.001785014	11.149388579
9.97184	0.001785014	11.149388579
9.96921	0.001785014	11.149388579
9.969619999999999	0.001785014	11.149388579
9.96782	0.001785014	11.149388579
9.967310000000001	0.001785014	11.149388579
9.965539999999999	0.001785014	11.149388579
9.96311	0.001785014	11.149388579
9.95978	0.001785014	11.149388579
9.958730000000001	0.001785014	11.149388579
9.95698	0.001785014	11.149388579
9.953560000000001	0.001785014	11.149388579
9.95026	0.001785014	11.149388579
9.9478	0.001785014	11.149388579
9.94506	0.001785014	11.149388579
9.938839999999999	0.001785014	11.149388579
9.93276	0.001785014	11.149388579
9.92895	0.001785014	11.149388579
9.92627	0.001785014	11.149388579
9.92315	0.001785014	11.149388579
9.917110000000001	0.001785014	11.149388579
9.91341	0.001785014	11.149388579
9.909939999999999	0.001785014	11.149388579
9.90644	0.001785014	11.149388579
9.89935	0.001785014	11.149388579
9.89448	0.001785014	11.149388579
9.89073	0.001785014	11.149388579
9.88563	0.001785014	11.149388579
9.882	0.001785014	11.149388579
9.88071	0.001785014	11.149388579
9.87908	0.001785014	11.149388579
9.87867	0.001785014	11.149388579
9.87913	0.001785014	11.149388579
9.878680000000001	0.001785014	11.149388579
9.88028	0.001785014	11.149388579
9.8774	0.001785014	11.149388579
9.877	0.001785014	11.149388579
9.87557	0.001785014	11.149388579
9.87478	0.001785014	11.149388579
9.87589	0.001785014	11.149388579
9.8771	0.001785014	11.149388579
9.88003	0.001785014	11.149388579
9.88097	0.001785014	11.149388579
9.885660000000001	0.001785014	11.149388579
9.890189999999999	0.001785014	11.149388579
9.8911	0.001785014	11.149388579
9.89123	0.001785014	11.149388579
9.89325	0.001785014	11.149388579
9.896239999999999	0.001785014	11.149388579
9.901710000000001	0.001785014	11.149388579
9.90428	0.001785014	11.149388579
9.90448	0.001785014	11.149388579
9.90833	0.001785014	11.149388579
9.91083	0.001785014	11.149388579
9.91497	0.001785014	11.149388579
9.91863	0.001785014	11.149388579
9.92329	0.001785014	11.149388579
9.92871	0.001785014	11.149388579
9.93295	0.001785014	11.149388579
9.93728	0.001785014	11.149388579
9.94033	0.001785014	11.149388579
9.9429	0.001785014	11.149388579
9.944280000000001	0.001785014	11.149388579
9.94559	0.001785014	11.149388579
9.94859	0.001785014	11.149388579
9.94944	0.001785014	11.149388579
9.95101	0.001785014	11.149388579
9.95097	0.001785014	11.149388579
9.9502	0.001785014	11.149388579
9.95026	0.001785014	11.149388579
9.95238	0.001785014	11.149388579
9.95445	0.001785014	11.149388579
9.957419999999999	0.001785014	11.149388579
9.96117	0.001785014	11.149388579
9.96376	0.001785014	11.149388579
9.96752	0.001785014	11.149388579
9.968860000000001	0.001785014	11.149388579
9.973130000000001	0.001785014	11.149388579
9.978069999999999	0.001785014	11.149388579
9.98271	0.001785014	11.149388579
9.98675	0.001785014	11.149388579
9.990160000000001	0.001785014	11.149388579
9.99207	0.001785014	11.149388579
9.99686	0.001785014	11.149388579
10.00055	0.001785014	11.149388579
10.00181	0.001785014	11.149388579
10.00382	0.001785014	11.149388579
10.00617	0.001785014	11.149388579
10.00562	0.001785014	11.149388579
10.0054	0.001785014	11.149388579
10.00663	0.001785014	11.149388579
10.00692	0.001785014	11.149388579
10.00826	0.001785014	11.149388579
10.008230000000001	0.001785014	11.149388579
10.00739	0.001785014	11.149388579
10.00501	0.001785014	11.149388579
10.00382	0.001785014	11.149388579
10.003630000000001	0.001785014	11.149388579
10.0054	0.001785014	11.149388579
10.008189999999999	0.001785014	11.149388579
10.00773	0.001785014	11.149388579
10.00695	0.001785014	11.149388579
10.00566	0.001785014	11.149388579
10.007610000000001	0.001785014	11.149388579
10.01158	0.001785014	11.149388579
10.013869999999999	0.001785014	11.149388579
10.015130000000001	0.001785014	11.149388579
10.014439999999999	0.001785014	11.149388579
10.01213	0.001785014	11.149388579
10.011330000000001	0.001785014	11.149388579
10.00726	0.001785014	11.149388579
10.00385	0.001785014	11.149388579
9.99821	0.001785014	11.149388579
9.99216	0.001785014	11.149388579
9.98785	0.001785014	11.149388579
9.98433	0.001785014	11.149388579
9.98243	0.001785014	11.149388579
9.97894	0.001785014	11.149388579
9.973	0.001785014	11.149388579
9.96574	0.001785014	11.149388579
9.9607	0.001785014	11.149388579
9.95365	0.001785014	11.149388579
9.94449	0.001785014	11.149388579
9.938830000000001	0.001785014	11.149388579
9.93282	0.001785014	11.149388579
9.92638	0.001785014	11.149388579
9.9205	0.001785014	11.149388579
9.91894	0.001785014	11.149388579
9.91803	0.001785014	11.149388579
9.91812	0.001785014	11.149388579
9.917810000000001	0.001785014	11.149388579
9.92041	0.001785014	11.149388579
9.9202	0.001785014	11.149388579
9.918610000000001	0.001785014	11.149388579
9.917760000000001	0.001785014	11.149388579
9.91675	0.001785014	11.149388579
9.916080000000001	0.001785014	11.149388579
9.91565	0.001785014	11.149388579
9.917489999999999	0.001785014	11.149388579
9.9188	0.001785014	11.149388579
9.92177	0.001785014	11.149388579
9.9253	0.001785014	11.149388579
9.92983	0.001785014	11.149388579
9.93343	0.001785014	11.149388579
9.936869999999999	0.001785014	11.149388579
9.944	0.001785014	11.149388579
9.949819999999999	0.001785014	11.149388579
9.953389999999999	0.001785014	11.149388579
9.95357	0.001785014	11.149388579
9.95466	0.001785014	11.149388579
9.95633	0.001785014	11.149388579
9.958639999999999	0.001785014	11.149388579
9.95998	0.001785014	11.149388579
9.9609	0.001785014	11.149388579
9.96385	0.001785014	11.149388579
9.96761	0.001785014	11.149388579
9.97204	0.001785014	11.149388579
9.97741	0.001785014	11.149388579
9.98435	0.001785014	11.149388579
9.99087	0.001785014	11.149388579
9.99879	0.001785014	11.149388579
10.006969999999999	0.001785014	11.149388579
10.01211	0.001785014	11.149388579
10.01764	0.001785014	11.149388579
10.01952	0.001785014	11.149388579
10.02205	0.001785014	11.149388579
10.02367	0.001785014	11.149388579
10.02489	0.001785014	11.149388579
10.02833	0.001785014	11.149388579
10.03103	0.001785014	11.149388579
10.0349	0.001785014	11.149388579
10.0401	0.001785014	11.149388579
10.04906	0.001785014	11.149388579
10.05799	0.001785014	11.149388579
10.06439	0.001785014	11.149388579
10.06966	0.001785014	11.149388579
10.07629	0.001785014	11.149388579
10.08142	0.001785014	11.149388579
10.08635	0.001785014	11.149388579
10.09199	0.001785014	11.149388579
10.09421	0.001785014	11.149388579
10.09384	0.001785014	11.149388579
10.09351	0.001785014	11.149388579
10.0911	0.001785014	11.149388579
10.08779	0.001785014	11.149388579
10.08413	0.001785014	11.149388579
10.08122	0.001785014	11.149388579
10.08174	0.001785014	11.149388579
10.08259	0.001785014	11.149388579
10.081389999999999	0.001785014	11.149388579
10.08367	0.001785014	11.149388579
10.08595	0.001785014	11.149388579
10.08658	0.001785014	11.149388579
10.08798	0.001785014	11.149388579
10.08886	0.001785014	11.149388579
10.08837	0.001785014	11.149388579
10.089260000000001	0.001785014	11.149388579
10.09147	0.001785014	11.149388579
10.094289999999999	0.001785014	11.149388579
10.09271	0.001785014	11.149388579
10.093539999999999	0.001785014	11.149388579
10.095880000000001	0.001785014	11.149388579
10.0998	0.001785014	11.149388579
10.10264	0.001785014	11.149388579
10.10684	0.001785014	11.149388579
10.110389999999999	0.001785014	11.149388579
10.11143	0.001785014	11.149388579
10.11185	0.001785014	11.149388579
10.11091	0.001785014	11.149388579
10.111369999999999	0.001785014	11.149388579
10.110380000000001	0.001785014	11.149388579
10.10871	0.001785014	11.149388579
10.10479	0.001785014	11.149388579
10.10195	0.001785014	11.149388579
10.09567	0.001785014	11.149388579
10.09116	0.001785014	11.149388579
10.087019999999999	0.001785014	11.149388579
10.082130000000001	0.001785014	11.149388579
10.07708	0.001785014	11.149388579
10.072239999999999	0.001785014	11.149388579
10.071660000000001	0.001785014	11.149388579
10.07292	0.001785014	11.149388579
10.07514	0.001785014	11.149388579
10.07368	0.001785014	11.149388579
10.07292	0.001785014	11.149388579
10.07238	0.001785014	11.149388579
10.07044	0.001785014	11.149388579
10.069139999999999	0.001785014	11.149388579
10.0678	0.001785014	11.149388579
10.06825	0.001785014	11.149388579
10.06977	0.001785014	11.149388579
10.07054	0.001785014	11.149388579
10.07036	0.001785014	11.149388579
10.06898	0.001785014	11.149388579
10.06831	0.001785014	11.149388579
10.06931	0.001785014	11.149388579
10.07082	0.001785014	11.149388579
10.07385	0.001785014	11.149388579
10.07607	0.001785014	11.149388579
10.080119999999999	0.001785014	11.149388579
10.0815	0.001785014	11.149388579
10.082460000000001	0.001785014	11.149388579
10.08464	0.001785014	11.149388579
10.086960000000001	0.001785014	11.149388579
10.0903	0.001785014	11.149388579
10.094	0.001785014	11.149388579
10.10212	0.001785014	11.149388579
10.111369999999999	0.001785014	11.149388579
10.12072	0.001785014	11.149388579
10.12842	0.001785014	11.149388579
10.13679	0.001785014	11.149388579
10.141689999999999	0.001785014	11.149388579
10.14379	0.001785014	11.149388579
10.14655	0.001785014	11.149388579
10.1481	0.001785014	11.149388579
10.15265	0.001785014	11.149388579
10.15714	0.001785014	11.149388579
10.162180000000001	0.001785014	11.149388579
10.16611	0.001785014	11.149388579
10.17031	0.001785014	11.149388579
10.17464	0.001785014	11.149388579
10.17632	0.001785014	11.149388579
10.17817	0.001785014	11.149388579
10.178469999999999	0.001785014	11.149388579
10.17634	0.001785014	11.149388579
10.17763	0.001785014	11.149388579
10.18031	0.001785014	11.149388579
10.18618	0.001785014	11.149388579
10.192689999999999	0.001785014	11.149388579
10.1994	0.001785014	11.149388579
10.20755	0.001785014	11.149388579
10.21579	0.001785014	11.149388579
10.221680000000001	0.001785014	11.149388579
10.22764	0.001785014	11.149388579
10.236369999999999	0.001785014	11.149388579
10.24429	0.001785014	11.149388579
10.251669999999999	0.001785014	11.149388579
10.258939999999999	0.001785014	11.149388579
10.26476	0.001785014	11.149388579
10.27079	0.001785014	11.149388579
10.27998	0.001785014	11.149388579
10.28839	0.001785014	11.149388579
10.29849	0.001785014	11.149388579
10.30733	0.001785014	11.149388579
10.31447	0.001785014	11.149388579
10.318539999999999	0.001785014	11.149388579
10.31962	0.001785014	11.149388579
10.32285	0.001785014	11.149388579
10.32858	0.001785014	11.149388579
10.33564	0.001785014	11.149388579
10.33893	0.001785014	11.149388579
10.33988	0.001785014	11.149388579
10.34198	0.001785014	11.149388579
10.34657	0.001785014	11.149388579
10.35271	0.001785014	11.149388579
10.3564	0.001785014	11.149388579
10.35623	0.001785014	11.149388579
10.35624	0.001785014	11.149388579
10.35712	0.001785014	11.149388579
10.35647	0.001785014	11.149388579
10.35713	0.001785014	11.149388579
10.35977	0.001785014	11.149388579
10.36037	0.001785014	11.149388579
10.36134	0.001785014	11.149388579
10.35872	0.001785014	11.149388579
10.35818	0.001785014	11.149388579
10.35701	0.001785014	11.149388579
10.35406	0.001785014	11.149388579
10.35161	0.001785014	11.149388579
10.35091	0.001785014	11.149388579
10.34703	0.001785014	11.149388579
10.346160000000001	0.001785014	11.149388579
10.34525	0.001785014	11.149388579
10.34187	0.001785014	11.149388579
10.33863	0.001785014	11.149388579
10.33486	0.001785014	11.149388579
10.332130000000001	0.001785014	11.149388579
10.32823	0.001785014	11.149388579
10.32377	0.001785014	11.149388579
10.316189999999999	0.001785014	11.149388579
10.30837	0.001785014	11.149388579
10.3012	0.001785014	11.149388579
10.296660000000001	0.001785014	11.149388579
10.294	0.001785014	11.149388579
10.29296	0.001785014	11.149388579
10.28979	0.001785014	11.149388579
10.28544	0.001785014	11.149388579
10.282169999999999	0.001785014	11.149388579
10.28155	0.001785014	11.149388579
10.28063	0.001785014	11.149388579
10.27789	0.001785014	11.149388579
10.27639	0.001785014	11.149388579
10.276010000000001	0.001785014	11.149388579
10.27471	0.001785014	11.149388579
10.27512	0.001785014	11.149388579
10.27386	0.001785014	11.149388579
10.27133	0.001785014	11.149388579
10.270489999999999	0.001785014	11.149388579
10.26805	0.001785014	11.149388579
10.26406	0.001785014	11.149388579
10.25908	0.001785014	11.149388579
10.25389	0.001785014	11.149388579
10.25041	0.001785014	11.149388579
10.24803	0.001785014	11.149388579
10.243789999999999	0.001785014	11.149388579
10.24111	0.001785014	11.149388579
10.23813	0.001785014	11.149388579
10.23553	0.001785014	11.149388579
10.23365	0.001785014	11.149388579
10.23232	0.001785014	11.149388579
10.23035	0.001785014	11.149388579
10.23053	0.001785014	11.149388579
10.23264	0.001785014	11.149388579
10.23658	0.001785014	11.149388579
10.23957	0.001785014	11.149388579
10.24496	0.001785014	11.149388579
10.2479	0.001785014	11.149388579
10.25135	0.001785014	11.149388579
10.251719999999999	0.001785014	11.149388579
10.25072	0.001785014	11.149388579
10.250960000000001	0.001785014	11.149388579
10.24805	0.001785014	11.149388579
10.24425	0.001785014	11.149388579
10.241530000000001	0.001785014	11.149388579
10.24048	0.001785014	11.149388579
10.24285	0.001785014	11.149388579
10.24296	0.001785014	11.149388579
10.24189	0.001785014	11.149388579
10.24063	0.001785014	11.149388579
10.23901	0.001785014	11.149388579
10.23808	0.001785014	11.149388579
10.23817	0.001785014	11.149388579
10.2374	0.001785014	11.149388579
10.23582	0.001785014	11.149388579
10.23489	0.001785014	11.149388579
10.23365	0.001785014	11.149388579
10.23395	0.001785014	11.149388579
10.23473	0.001785014	11.149388579
10.23415	0.001785014	11.149388579
10.23585	0.001785014	11.149388579
10.235619999999999	0.001785014	11.149388579
10.237119999999999	0.001785014	11.149388579
10.23723	0.001785014	11.149388579
10.236369999999999	0.001785014	11.149388579
10.23461	0.001785014	11.149388579
10.2332	0.001785014	11.149388579
10.23039	0.001785014	11.149388579
10.22868	0.001785014	11.149388579
10.226560000000001	0.001785014	11.149388579
10.22642	0.001785014	11.149388579
10.22899	0.001785014	11.149388579
10.23157	0.001785014	11.149388579
10.230319999999999	0.001785014	11.149388579
10.2254	0.001785014	11.149388579
10.21793	0.001785014	11.149388579
10.20963	0.001785014	11.149388579
10.20011	0.001785014	11.149388579
10.192060000000001	0.001785014	11.149388579
10.1852	0.001785014	11.149388579
10.17716	0.001785014	11.149388579
10.17189	0.001785014	11.149388579
10.16516	0.001785014	11.149388579
10.16013	0.001785014	11.149388579
10.15369	0.001785014	11.149388579
10.14856	0.001785014	11.149388579
10.14683	0.001785014	11.149388579
10.14289	0.001785014	11.149388579
10.14058	0.001785014	11.149388579
10.138869999999999	0.001785014	11.149388579
10.1349	0.001785014	11.149388579
10.13326	0.001785014	11.149388579
10.132019999999999	0.001785014	11.149388579
10.130460000000001	0.001785014	11.149388579
10.12983	0.001785014	11.149388579
10.12887	0.001785014	11.149388579
10.12911	0.001785014	11.149388579
10.12902	0.001785014	11.149388579
10.12683	0.001785014	11.149388579
10.12353	0.001785014	11.149388579
10.12076	0.001785014	11.149388579
10.11927	0.001785014	11.149388579
10.11815	0.001785014	11.149388579
10.118210000000001	0.001785014	11.149388579
10.11861	0.001785014	11.149388579
10.12086	0.001785014	11.149388579
10.122630000000001	0.001785014	11.149388579
10.1237	0.001785014	11.149388579
10.12745	0.001785014	11.149388579
10.13344	0.001785014	11.149388579
10.14016	0.001785014	11.149388579
10.14823	0.001785014	11.149388579
10.15627	0.001785014	11.149388579
10.16359	0.001785014	11.149388579
10.17025	0.001785014	11.149388579
10.17733	0.001785014	11.149388579
10.1846	0.001785014	11.149388579
10.19055	0.001785014	11.149388579
10.19583	0.001785014	11.149388579
10.2006	0.001785014	11.149388579
10.20407	0.001785014	11.149388579
10.20761	0.001785014	11.149388579
10.20846	0.001785014	11.149388579
10.20992	0.001785014	11.149388579
10.21064	0.001785014	11.149388579
10.21257	0.001785014	11.149388579
10.214310000000001	0.001785014	11.149388579
10.21672	0.001785014	11.149388579
10.217410000000001	0.001785014	11.149388579
10.21828	0.001785014	11.149388579
10.21551	0.001785014	11.149388579
10.2135	0.001785014	11.149388579
10.211960000000001	0.001785014	11.149388579
10.2123	0.001785014	11.149388579
10.21515	0.001785014	11.149388579
10.21658	0.001785014	11.149388579
10.21824	0.001785014	11.149388579
10.21926	0.001785014	11.149388579
10.22217	0.001785014	11.149388579
10.22425	0.001785014	11.149388579
10.224689999999999	0.001785014	11.149388579
10.2259	0.001785014	11.149388579
10.22869	0.001785014	11.149388579
10.231489999999999	0.001785014	11.149388579
10.23223	0.001785014	11.149388579
10.23242	0.001785014	11.149388579
10.23345	0.001785014	11.149388579
10.2363	0.001785014	11.149388579
10.24168	0.001785014	11.149388579
10.24717	0.001785014	11.149388579
10.25342	0.001785014	11.149388579
10.25872	0.001785014	11.149388579
10.26383	0.001785014	11.149388579
10.26671	0.001785014	11.149388579
