14.34639	0.003570028	15.117815022
14.3449	0.003570028	15.117815022
14.34482	0.003570028	15.117815022
14.342039999999999	0.003570028	15.117815022
14.3383	0.003570028	15.117815022
14.33505	0.003570028	15.117815022
14.33175	0.003570028	15.117815022
14.32683	0.003570028	15.117815022
14.322460000000001	0.003570028	15.117815022
14.31926	0.003570028	15.117815022
14.31463	0.003570028	15.117815022
14.31187	0.003570028	15.117815022
14.307789999999999	0.003570028	15.117815022
14.302420000000001	0.003570028	15.117815022
14.298020000000001	0.003570028	15.117815022
14.29705	0.003570028	15.117815022
14.29783	0.003570028	15.117815022
14.298820000000001	0.003570028	15.117815022
14.299570000000001	0.003570028	15.117815022
14.30006	0.003570028	15.117815022
14.297770000000002	0.003570028	15.117815022
14.29517	0.003570028	15.117815022
14.29375	0.003570028	15.117815022
14.29183	0.003570028	15.117815022
14.29231	0.003570028	15.117815022
14.292589999999999	0.003570028	15.117815022
14.29036	0.003570028	15.117815022
14.28876	0.003570028	15.117815022
14.28784	0.003570028	15.117815022
14.28493	0.003570028	15.117815022
14.282160000000001	0.003570028	15.117815022
14.277239999999999	0.003570028	15.117815022
14.27162	0.003570028	15.117815022
14.264610000000001	0.003570028	15.117815022
14.25639	0.003570028	15.117815022
14.2495	0.003570028	15.117815022
14.24409	0.003570028	15.117815022
14.23891	0.003570028	15.117815022
14.23214	0.003570028	15.117815022
14.22724	0.003570028	15.117815022
14.22414	0.003570028	15.117815022
14.2214	0.003570028	15.117815022
14.21744	0.003570028	15.117815022
14.214070000000001	0.003570028	15.117815022
14.21001	0.003570028	15.117815022
14.20783	0.003570028	15.117815022
14.20445	0.003570028	15.117815022
14.19904	0.003570028	15.117815022
14.1915	0.003570028	15.117815022
14.185929999999999	0.003570028	15.117815022
14.18154	0.003570028	15.117815022
14.17641	0.003570028	15.117815022
14.171320000000001	0.003570028	15.117815022
14.16937	0.003570028	15.117815022
14.163870000000001	0.003570028	15.117815022
14.15916	0.003570028	15.117815022
14.153479999999998	0.003570028	15.117815022
14.147960000000001	0.003570028	15.117815022
14.143189999999999	0.003570028	15.117815022
14.140670000000002	0.003570028	15.117815022
14.13724	0.003570028	15.117815022
14.13521	0.003570028	15.117815022
14.13388	0.003570028	15.117815022
14.129520000000001	0.003570028	15.117815022
14.12465	0.003570028	15.117815022
14.11692	0.003570028	15.117815022
14.10999	0.003570028	15.117815022
14.104420000000001	0.003570028	15.117815022
14.10026	0.003570028	15.117815022
14.098379999999999	0.003570028	15.117815022
14.09601	0.003570028	15.117815022
14.09464	0.003570028	15.117815022
14.09441	0.003570028	15.117815022
14.094560000000001	0.003570028	15.117815022
14.09334	0.003570028	15.117815022
14.094520000000001	0.003570028	15.117815022
14.09327	0.003570028	15.117815022
14.09172	0.003570028	15.117815022
14.09264	0.003570028	15.117815022
14.09186	0.003570028	15.117815022
14.09208	0.003570028	15.117815022
14.091829999999998	0.003570028	15.117815022
14.093160000000001	0.003570028	15.117815022
14.093539999999999	0.003570028	15.117815022
14.091510000000001	0.003570028	15.117815022
14.092329999999999	0.003570028	15.117815022
14.093679999999999	0.003570028	15.117815022
14.094470000000001	0.003570028	15.117815022
14.09269	0.003570028	15.117815022
14.091070000000002	0.003570028	15.117815022
14.08825	0.003570028	15.117815022
14.08651	0.003570028	15.117815022
14.08615	0.003570028	15.117815022
14.086039999999999	0.003570028	15.117815022
14.0866	0.003570028	15.117815022
14.0867	0.003570028	15.117815022
14.08445	0.003570028	15.117815022
14.082279999999999	0.003570028	15.117815022
14.081270000000002	0.003570028	15.117815022
14.078510000000001	0.003570028	15.117815022
14.0757	0.003570028	15.117815022
14.07337	0.003570028	15.117815022
14.07276	0.003570028	15.117815022
14.073329999999999	0.003570028	15.117815022
14.073170000000001	0.003570028	15.117815022
14.07455	0.003570028	15.117815022
14.074770000000001	0.003570028	15.117815022
14.07683	0.003570028	15.117815022
14.079920000000001	0.003570028	15.117815022
14.080039999999999	0.003570028	15.117815022
14.081679999999999	0.003570028	15.117815022
14.08353	0.003570028	15.117815022
14.08625	0.003570028	15.117815022
14.088289999999999	0.003570028	15.117815022
14.0867	0.003570028	15.117815022
14.08206	0.003570028	15.117815022
14.0788	0.003570028	15.117815022
14.07575	0.003570028	15.117815022
14.073970000000001	0.003570028	15.117815022
14.072989999999999	0.003570028	15.117815022
14.0721	0.003570028	15.117815022
14.0716	0.003570028	15.117815022
14.07254	0.003570028	15.117815022
14.07334	0.003570028	15.117815022
14.0738	0.003570028	15.117815022
14.07484	0.003570028	15.117815022
14.07436	0.003570028	15.117815022
14.07521	0.003570028	15.117815022
14.07581	0.003570028	15.117815022
14.07489	0.003570028	15.117815022
14.077329999999998	0.003570028	15.117815022
14.08195	0.003570028	15.117815022
14.085920000000002	0.003570028	15.117815022
14.090760000000001	0.003570028	15.117815022
14.09803	0.003570028	15.117815022
14.104170000000002	0.003570028	15.117815022
14.10876	0.003570028	15.117815022
14.111920000000001	0.003570028	15.117815022
14.11705	0.003570028	15.117815022
14.121020000000001	0.003570028	15.117815022
14.127229999999999	0.003570028	15.117815022
14.133410000000001	0.003570028	15.117815022
14.139220000000002	0.003570028	15.117815022
14.14669	0.003570028	15.117815022
14.15252	0.003570028	15.117815022
14.160060000000001	0.003570028	15.117815022
14.167520000000001	0.003570028	15.117815022
14.174529999999999	0.003570028	15.117815022
14.18051	0.003570028	15.117815022
14.19014	0.003570028	15.117815022
14.1963	0.003570028	15.117815022
14.205779999999999	0.003570028	15.117815022
14.21274	0.003570028	15.117815022
14.22071	0.003570028	15.117815022
14.22628	0.003570028	15.117815022
14.23046	0.003570028	15.117815022
14.233889999999999	0.003570028	15.117815022
14.23886	0.003570028	15.117815022
14.24378	0.003570028	15.117815022
14.246929999999999	0.003570028	15.117815022
14.25315	0.003570028	15.117815022
14.25593	0.003570028	15.117815022
14.26075	0.003570028	15.117815022
14.263539999999999	0.003570028	15.117815022
14.265979999999999	0.003570028	15.117815022
14.26997	0.003570028	15.117815022
14.273279999999998	0.003570028	15.117815022
14.27846	0.003570028	15.117815022
14.280529999999999	0.003570028	15.117815022
14.2821	0.003570028	15.117815022
14.28188	0.003570028	15.117815022
14.27997	0.003570028	15.117815022
14.27931	0.003570028	15.117815022
14.278579999999998	0.003570028	15.117815022
14.2793	0.003570028	15.117815022
14.280829999999998	0.003570028	15.117815022
14.281620000000002	0.003570028	15.117815022
14.282979999999998	0.003570028	15.117815022
14.2858	0.003570028	15.117815022
14.288879999999999	0.003570028	15.117815022
14.2901	0.003570028	15.117815022
14.291820000000001	0.003570028	15.117815022
14.29374	0.003570028	15.117815022
14.29522	0.003570028	15.117815022
14.29623	0.003570028	15.117815022
14.299339999999999	0.003570028	15.117815022
14.30347	0.003570028	15.117815022
14.30597	0.003570028	15.117815022
14.306779999999998	0.003570028	15.117815022
14.307	0.003570028	15.117815022
14.30768	0.003570028	15.117815022
14.3096	0.003570028	15.117815022
14.31171	0.003570028	15.117815022
14.31625	0.003570028	15.117815022
14.32165	0.003570028	15.117815022
14.326360000000001	0.003570028	15.117815022
14.331710000000001	0.003570028	15.117815022
14.334470000000001	0.003570028	15.117815022
14.33593	0.003570028	15.117815022
14.33561	0.003570028	15.117815022
14.33557	0.003570028	15.117815022
14.334570000000001	0.003570028	15.117815022
14.33506	0.003570028	15.117815022
14.334489999999999	0.003570028	15.117815022
14.33659	0.003570028	15.117815022
14.335629999999998	0.003570028	15.117815022
14.336170000000001	0.003570028	15.117815022
14.336020000000001	0.003570028	15.117815022
14.336310000000001	0.003570028	15.117815022
14.33375	0.003570028	15.117815022
14.33	0.003570028	15.117815022
14.327670000000001	0.003570028	15.117815022
14.324829999999999	0.003570028	15.117815022
14.320129999999999	0.003570028	15.117815022
14.313720000000002	0.003570028	15.117815022
14.30786	0.003570028	15.117815022
14.302979999999998	0.003570028	15.117815022
14.297629999999998	0.003570028	15.117815022
14.29224	0.003570028	15.117815022
14.2859	0.003570028	15.117815022
14.28098	0.003570028	15.117815022
14.28113	0.003570028	15.117815022
14.281670000000002	0.003570028	15.117815022
14.28171	0.003570028	15.117815022
14.28224	0.003570028	15.117815022
14.282470000000002	0.003570028	15.117815022
14.283079999999998	0.003570028	15.117815022
14.2856	0.003570028	15.117815022
14.29004	0.003570028	15.117815022
14.2947	0.003570028	15.117815022
14.29829	0.003570028	15.117815022
14.29995	0.003570028	15.117815022
14.302129999999998	0.003570028	15.117815022
14.303370000000001	0.003570028	15.117815022
14.3064	0.003570028	15.117815022
14.3089	0.003570028	15.117815022
14.31269	0.003570028	15.117815022
14.31388	0.003570028	15.117815022
14.316089999999999	0.003570028	15.117815022
14.3188	0.003570028	15.117815022
14.32146	0.003570028	15.117815022
14.32184	0.003570028	15.117815022
14.32059	0.003570028	15.117815022
14.32035	0.003570028	15.117815022
14.31885	0.003570028	15.117815022
14.31826	0.003570028	15.117815022
14.31877	0.003570028	15.117815022
14.31996	0.003570028	15.117815022
14.32354	0.003570028	15.117815022
14.327210000000001	0.003570028	15.117815022
14.32864	0.003570028	15.117815022
14.33265	0.003570028	15.117815022
14.33775	0.003570028	15.117815022
14.3454	0.003570028	15.117815022
14.35428	0.003570028	15.117815022
14.363610000000001	0.003570028	15.117815022
14.36974	0.003570028	15.117815022
14.37744	0.003570028	15.117815022
14.387279999999999	0.003570028	15.117815022
14.396329999999999	0.003570028	15.117815022
14.4073	0.003570028	15.117815022
14.42049	0.003570028	15.117815022
14.43355	0.003570028	15.117815022
14.44423	0.003570028	15.117815022
14.455370000000002	0.003570028	15.117815022
14.46526	0.003570028	15.117815022
14.477970000000001	0.003570028	15.117815022
14.489729999999998	0.003570028	15.117815022
14.497639999999999	0.003570028	15.117815022
14.504439999999999	0.003570028	15.117815022
14.5113	0.003570028	15.117815022
14.518279999999999	0.003570028	15.117815022
14.523470000000001	0.003570028	15.117815022
14.53147	0.003570028	15.117815022
14.540270000000001	0.003570028	15.117815022
14.549520000000001	0.003570028	15.117815022
14.557020000000001	0.003570028	15.117815022
14.56453	0.003570028	15.117815022
14.57209	0.003570028	15.117815022
14.580770000000001	0.003570028	15.117815022
14.590720000000001	0.003570028	15.117815022
14.600710000000001	0.003570028	15.117815022
14.60844	0.003570028	15.117815022
14.61452	0.003570028	15.117815022
14.620610000000001	0.003570028	15.117815022
14.62444	0.003570028	15.117815022
14.631739999999999	0.003570028	15.117815022
14.63596	0.003570028	15.117815022
14.64146	0.003570028	15.117815022
14.6485	0.003570028	15.117815022
14.65575	0.003570028	15.117815022
14.66264	0.003570028	15.117815022
14.66956	0.003570028	15.117815022
14.67651	0.003570028	15.117815022
14.68387	0.003570028	15.117815022
14.69328	0.003570028	15.117815022
14.70398	0.003570028	15.117815022
14.7132	0.003570028	15.117815022
14.723670000000002	0.003570028	15.117815022
14.732289999999999	0.003570028	15.117815022
14.73952	0.003570028	15.117815022
14.74649	0.003570028	15.117815022
14.75433	0.003570028	15.117815022
14.76019	0.003570028	15.117815022
14.765039999999999	0.003570028	15.117815022
14.76847	0.003570028	15.117815022
14.77616	0.003570028	15.117815022
14.781120000000001	0.003570028	15.117815022
14.784320000000001	0.003570028	15.117815022
14.78854	0.003570028	15.117815022
14.790289999999999	0.003570028	15.117815022
14.79335	0.003570028	15.117815022
14.794870000000001	0.003570028	15.117815022
14.795060000000001	0.003570028	15.117815022
14.79566	0.003570028	15.117815022
14.79696	0.003570028	15.117815022
14.798160000000001	0.003570028	15.117815022
14.80052	0.003570028	15.117815022
14.79841	0.003570028	15.117815022
14.796429999999999	0.003570028	15.117815022
14.7961	0.003570028	15.117815022
14.797	0.003570028	15.117815022
14.7982	0.003570028	15.117815022
14.80304	0.003570028	15.117815022
14.80817	0.003570028	15.117815022
14.814079999999999	0.003570028	15.117815022
14.81993	0.003570028	15.117815022
14.821270000000002	0.003570028	15.117815022
14.82252	0.003570028	15.117815022
14.82594	0.003570028	15.117815022
14.82993	0.003570028	15.117815022
14.832239999999999	0.003570028	15.117815022
14.83375	0.003570028	15.117815022
14.839529999999998	0.003570028	15.117815022
14.84731	0.003570028	15.117815022
14.854170000000002	0.003570028	15.117815022
14.860779999999998	0.003570028	15.117815022
14.86832	0.003570028	15.117815022
14.87734	0.003570028	15.117815022
14.888329999999998	0.003570028	15.117815022
14.89802	0.003570028	15.117815022
14.90625	0.003570028	15.117815022
14.91567	0.003570028	15.117815022
14.926960000000001	0.003570028	15.117815022
14.9359	0.003570028	15.117815022
14.941889999999999	0.003570028	15.117815022
14.945479999999998	0.003570028	15.117815022
14.94767	0.003570028	15.117815022
14.95098	0.003570028	15.117815022
14.95398	0.003570028	15.117815022
14.9541	0.003570028	15.117815022
14.95766	0.003570028	15.117815022
14.963370000000001	0.003570028	15.117815022
14.968110000000001	0.003570028	15.117815022
14.97163	0.003570028	15.117815022
14.97703	0.003570028	15.117815022
14.98405	0.003570028	15.117815022
14.989320000000001	0.003570028	15.117815022
14.993739999999999	0.003570028	15.117815022
14.9977	0.003570028	15.117815022
15.001729999999998	0.003570028	15.117815022
15.00632	0.003570028	15.117815022
15.01235	0.003570028	15.117815022
15.01818	0.003570028	15.117815022
15.024239999999999	0.003570028	15.117815022
15.02832	0.003570028	15.117815022
15.03069	0.003570028	15.117815022
15.031260000000001	0.003570028	15.117815022
15.031629999999998	0.003570028	15.117815022
15.031410000000001	0.003570028	15.117815022
15.032229999999998	0.003570028	15.117815022
15.032810000000001	0.003570028	15.117815022
15.0307	0.003570028	15.117815022
15.0309	0.003570028	15.117815022
15.03113	0.003570028	15.117815022
15.029760000000001	0.003570028	15.117815022
15.027289999999999	0.003570028	15.117815022
15.024679999999998	0.003570028	15.117815022
15.022079999999999	0.003570028	15.117815022
15.01808	0.003570028	15.117815022
15.01715	0.003570028	15.117815022
15.0144	0.003570028	15.117815022
15.010370000000002	0.003570028	15.117815022
15.008389999999999	0.003570028	15.117815022
15.006120000000001	0.003570028	15.117815022
15.00261	0.003570028	15.117815022
15.000379999999998	0.003570028	15.117815022
14.997720000000001	0.003570028	15.117815022
14.99862	0.003570028	15.117815022
15.0006	0.003570028	15.117815022
15.00121	0.003570028	15.117815022
15.00094	0.003570028	15.117815022
14.999979999999999	0.003570028	15.117815022
14.99911	0.003570028	15.117815022
14.99934	0.003570028	15.117815022
15.000779999999999	0.003570028	15.117815022
15.00025	0.003570028	15.117815022
15.00119	0.003570028	15.117815022
15.00121	0.003570028	15.117815022
14.99968	0.003570028	15.117815022
14.99896	0.003570028	15.117815022
14.995820000000002	0.003570028	15.117815022
14.992629999999998	0.003570028	15.117815022
14.9916	0.003570028	15.117815022
14.988560000000001	0.003570028	15.117815022
14.985679999999999	0.003570028	15.117815022
14.98712	0.003570028	15.117815022
14.98771	0.003570028	15.117815022
14.98654	0.003570028	15.117815022
14.98608	0.003570028	15.117815022
14.985529999999999	0.003570028	15.117815022
14.98604	0.003570028	15.117815022
14.985370000000001	0.003570028	15.117815022
14.98521	0.003570028	15.117815022
14.984639999999999	0.003570028	15.117815022
14.98678	0.003570028	15.117815022
14.988489999999999	0.003570028	15.117815022
14.988829999999998	0.003570028	15.117815022
14.98714	0.003570028	15.117815022
14.9855	0.003570028	15.117815022
14.98487	0.003570028	15.117815022
14.9844	0.003570028	15.117815022
14.98254	0.003570028	15.117815022
14.98069	0.003570028	15.117815022
14.97807	0.003570028	15.117815022
14.97466	0.003570028	15.117815022
14.968379999999998	0.003570028	15.117815022
14.960370000000001	0.003570028	15.117815022
14.954379999999999	0.003570028	15.117815022
14.949470000000002	0.003570028	15.117815022
14.942060000000001	0.003570028	15.117815022
14.93441	0.003570028	15.117815022
14.92756	0.003570028	15.117815022
14.92154	0.003570028	15.117815022
14.91661	0.003570028	15.117815022
14.913529999999998	0.003570028	15.117815022
14.9079	0.003570028	15.117815022
14.90355	0.003570028	15.117815022
14.898420000000002	0.003570028	15.117815022
14.892129999999998	0.003570028	15.117815022
14.88636	0.003570028	15.117815022
14.881520000000002	0.003570028	15.117815022
14.87754	0.003570028	15.117815022
14.874979999999999	0.003570028	15.117815022
14.871229999999999	0.003570028	15.117815022
14.86762	0.003570028	15.117815022
14.863129999999998	0.003570028	15.117815022
14.86007	0.003570028	15.117815022
14.85651	0.003570028	15.117815022
14.853929999999998	0.003570028	15.117815022
14.851579999999998	0.003570028	15.117815022
14.853420000000002	0.003570028	15.117815022
14.853	0.003570028	15.117815022
14.85	0.003570028	15.117815022
14.84462	0.003570028	15.117815022
14.84039	0.003570028	15.117815022
14.83622	0.003570028	15.117815022
14.831660000000001	0.003570028	15.117815022
14.82691	0.003570028	15.117815022
14.818979999999998	0.003570028	15.117815022
14.8125	0.003570028	15.117815022
14.80735	0.003570028	15.117815022
14.8035	0.003570028	15.117815022
14.8003	0.003570028	15.117815022
14.795929999999998	0.003570028	15.117815022
14.7909	0.003570028	15.117815022
14.78525	0.003570028	15.117815022
14.78096	0.003570028	15.117815022
14.775879999999999	0.003570028	15.117815022
14.77048	0.003570028	15.117815022
14.76775	0.003570028	15.117815022
14.76604	0.003570028	15.117815022
14.76484	0.003570028	15.117815022
14.766110000000001	0.003570028	15.117815022
14.76501	0.003570028	15.117815022
14.76486	0.003570028	15.117815022
14.764220000000002	0.003570028	15.117815022
14.763720000000001	0.003570028	15.117815022
14.765579999999998	0.003570028	15.117815022
14.76885	0.003570028	15.117815022
14.77159	0.003570028	15.117815022
14.772820000000001	0.003570028	15.117815022
14.772770000000001	0.003570028	15.117815022
14.77219	0.003570028	15.117815022
14.772820000000001	0.003570028	15.117815022
14.770220000000002	0.003570028	15.117815022
14.76675	0.003570028	15.117815022
14.76351	0.003570028	15.117815022
14.76288	0.003570028	15.117815022
14.760520000000001	0.003570028	15.117815022
14.75642	0.003570028	15.117815022
14.75479	0.003570028	15.117815022
14.74845	0.003570028	15.117815022
14.742389999999999	0.003570028	15.117815022
14.73729	0.003570028	15.117815022
14.731689999999999	0.003570028	15.117815022
14.727979999999999	0.003570028	15.117815022
14.72359	0.003570028	15.117815022
14.718929999999999	0.003570028	15.117815022
14.714579999999998	0.003570028	15.117815022
14.70992	0.003570028	15.117815022
14.7044	0.003570028	15.117815022
14.700370000000001	0.003570028	15.117815022
14.695889999999999	0.003570028	15.117815022
14.69142	0.003570028	15.117815022
14.69104	0.003570028	15.117815022
14.694370000000001	0.003570028	15.117815022
14.69915	0.003570028	15.117815022
14.70524	0.003570028	15.117815022
14.71145	0.003570028	15.117815022
14.715860000000001	0.003570028	15.117815022
14.71965	0.003570028	15.117815022
14.72158	0.003570028	15.117815022
14.72386	0.003570028	15.117815022
14.727889999999999	0.003570028	15.117815022
14.73131	0.003570028	15.117815022
14.734379999999998	0.003570028	15.117815022
14.73744	0.003570028	15.117815022
14.7417	0.003570028	15.117815022
14.742939999999999	0.003570028	15.117815022
14.74509	0.003570028	15.117815022
14.74739	0.003570028	15.117815022
14.74939	0.003570028	15.117815022
14.74968	0.003570028	15.117815022
14.74876	0.003570028	15.117815022
14.74957	0.003570028	15.117815022
14.749970000000001	0.003570028	15.117815022
14.747910000000001	0.003570028	15.117815022
14.74821	0.003570028	15.117815022
14.747639999999999	0.003570028	15.117815022
14.744929999999998	0.003570028	15.117815022
14.74206	0.003570028	15.117815022
14.73717	0.003570028	15.117815022
14.73359	0.003570028	15.117815022
14.73219	0.003570028	15.117815022
14.731620000000001	0.003570028	15.117815022
14.73199	0.003570028	15.117815022
14.72921	0.003570028	15.117815022
14.729729999999998	0.003570028	15.117815022
14.726389999999999	0.003570028	15.117815022
14.718329999999998	0.003570028	15.117815022
14.713770000000002	0.003570028	15.117815022
14.709979999999998	0.003570028	15.117815022
14.707579999999998	0.003570028	15.117815022
14.70403	0.003570028	15.117815022
14.70275	0.003570028	15.117815022
14.70019	0.003570028	15.117815022
14.69677	0.003570028	15.117815022
14.69498	0.003570028	15.117815022
14.693579999999999	0.003570028	15.117815022
14.69195	0.003570028	15.117815022
14.68878	0.003570028	15.117815022
14.68651	0.003570028	15.117815022
14.680520000000001	0.003570028	15.117815022
14.674339999999999	0.003570028	15.117815022
14.669620000000002	0.003570028	15.117815022
14.662460000000001	0.003570028	15.117815022
14.65373	0.003570028	15.117815022
14.64494	0.003570028	15.117815022
14.638470000000002	0.003570028	15.117815022
14.63166	0.003570028	15.117815022
14.62621	0.003570028	15.117815022
14.6217	0.003570028	15.117815022
14.6157	0.003570028	15.117815022
14.61245	0.003570028	15.117815022
14.60868	0.003570028	15.117815022
14.6048	0.003570028	15.117815022
14.60077	0.003570028	15.117815022
14.599570000000002	0.003570028	15.117815022
14.59906	0.003570028	15.117815022
14.599770000000001	0.003570028	15.117815022
14.602739999999999	0.003570028	15.117815022
14.606589999999999	0.003570028	15.117815022
14.61084	0.003570028	15.117815022
14.61336	0.003570028	15.117815022
14.615789999999999	0.003570028	15.117815022
14.615860000000001	0.003570028	15.117815022
14.62005	0.003570028	15.117815022
14.6259	0.003570028	15.117815022
14.629629999999999	0.003570028	15.117815022
14.635320000000002	0.003570028	15.117815022
14.641520000000002	0.003570028	15.117815022
14.64652	0.003570028	15.117815022
14.65058	0.003570028	15.117815022
14.65656	0.003570028	15.117815022
14.66218	0.003570028	15.117815022
14.667370000000002	0.003570028	15.117815022
14.674829999999998	0.003570028	15.117815022
14.6799	0.003570028	15.117815022
14.68627	0.003570028	15.117815022
14.69101	0.003570028	15.117815022
14.695720000000001	0.003570028	15.117815022
14.69755	0.003570028	15.117815022
14.69951	0.003570028	15.117815022
14.701039999999999	0.003570028	15.117815022
14.70304	0.003570028	15.117815022
14.705210000000001	0.003570028	15.117815022
14.704089999999999	0.003570028	15.117815022
14.705910000000001	0.003570028	15.117815022
14.7053	0.003570028	15.117815022
14.70558	0.003570028	15.117815022
14.706679999999999	0.003570028	15.117815022
14.70785	0.003570028	15.117815022
14.70859	0.003570028	15.117815022
14.711960000000001	0.003570028	15.117815022
14.71411	0.003570028	15.117815022
14.71381	0.003570028	15.117815022
14.71795	0.003570028	15.117815022
14.72384	0.003570028	15.117815022
14.72874	0.003570028	15.117815022
14.732370000000001	0.003570028	15.117815022
14.735710000000001	0.003570028	15.117815022
14.73848	0.003570028	15.117815022
14.7406	0.003570028	15.117815022
14.7416	0.003570028	15.117815022
14.74235	0.003570028	15.117815022
14.742560000000001	0.003570028	15.117815022
14.74364	0.003570028	15.117815022
14.74511	0.003570028	15.117815022
14.744010000000001	0.003570028	15.117815022
14.74325	0.003570028	15.117815022
14.74275	0.003570028	15.117815022
14.745370000000001	0.003570028	15.117815022
14.75121	0.003570028	15.117815022
14.7571	0.003570028	15.117815022
14.76321	0.003570028	15.117815022
14.76937	0.003570028	15.117815022
14.77479	0.003570028	15.117815022
14.7806	0.003570028	15.117815022
14.78408	0.003570028	15.117815022
14.78876	0.003570028	15.117815022
14.79294	0.003570028	15.117815022
14.79606	0.003570028	15.117815022
14.80081	0.003570028	15.117815022
14.803920000000002	0.003570028	15.117815022
14.8086	0.003570028	15.117815022
14.813320000000001	0.003570028	15.117815022
14.81967	0.003570028	15.117815022
14.82615	0.003570028	15.117815022
14.83265	0.003570028	15.117815022
14.83872	0.003570028	15.117815022
14.849229999999999	0.003570028	15.117815022
14.857289999999999	0.003570028	15.117815022
14.86326	0.003570028	15.117815022
14.8698	0.003570028	15.117815022
14.87324	0.003570028	15.117815022
14.879220000000002	0.003570028	15.117815022
14.885320000000002	0.003570028	15.117815022
14.8922	0.003570028	15.117815022
14.89889	0.003570028	15.117815022
14.90691	0.003570028	15.117815022
14.91431	0.003570028	15.117815022
14.923229999999998	0.003570028	15.117815022
14.92869	0.003570028	15.117815022
14.93384	0.003570028	15.117815022
14.93631	0.003570028	15.117815022
14.939829999999999	0.003570028	15.117815022
14.940570000000001	0.003570028	15.117815022
14.94281	0.003570028	15.117815022
14.9433	0.003570028	15.117815022
14.944139999999999	0.003570028	15.117815022
14.94721	0.003570028	15.117815022
14.951039999999999	0.003570028	15.117815022
14.957020000000002	0.003570028	15.117815022
14.96205	0.003570028	15.117815022
14.96959	0.003570028	15.117815022
14.97649	0.003570028	15.117815022
14.98321	0.003570028	15.117815022
14.989370000000001	0.003570028	15.117815022
14.99491	0.003570028	15.117815022
14.999360000000001	0.003570028	15.117815022
15.00469	0.003570028	15.117815022
15.0123	0.003570028	15.117815022
15.020560000000001	0.003570028	15.117815022
15.02764	0.003570028	15.117815022
15.03191	0.003570028	15.117815022
