8.91869	0.001785014	9.448634389
8.92352	0.001785014	9.448634389
8.92875	0.001785014	9.448634389
8.93524	0.001785014	9.448634389
8.94201	0.001785014	9.448634389
8.94679	0.001785014	9.448634389
8.95071	0.001785014	9.448634389
8.95612	0.001785014	9.448634389
8.962439999999999	0.001785014	9.448634389
8.96845	0.001785014	9.448634389
8.97333	0.001785014	9.448634389
8.977039999999999	0.001785014	9.448634389
8.9839	0.001785014	9.448634389
8.99126	0.001785014	9.448634389
9.000860000000001	0.001785014	9.448634389
9.0109	0.001785014	9.448634389
9.02005	0.001785014	9.448634389
9.025830000000001	0.001785014	9.448634389
9.03267	0.001785014	9.448634389
9.03968	0.001785014	9.448634389
9.04711	0.001785014	9.448634389
9.05119	0.001785014	9.448634389
9.055	0.001785014	9.448634389
9.0605	0.001785014	9.448634389
9.06604	0.001785014	9.448634389
9.0708	0.001785014	9.448634389
9.0746	0.001785014	9.448634389
9.078330000000001	0.001785014	9.448634389
9.085360000000001	0.001785014	9.448634389
9.09073	0.001785014	9.448634389
9.09595	0.001785014	9.448634389
9.102910000000001	0.001785014	9.448634389
9.110430000000001	0.001785014	9.448634389
9.11647	0.001785014	9.448634389
9.12113	0.001785014	9.448634389
9.12477	0.001785014	9.448634389
9.129769999999999	0.001785014	9.448634389
9.1359	0.001785014	9.448634389
9.1401	0.001785014	9.448634389
9.144680000000001	0.001785014	9.448634389
9.147739999999999	0.001785014	9.448634389
9.150830000000001	0.001785014	9.448634389
9.15342	0.001785014	9.448634389
9.15651	0.001785014	9.448634389
9.1605	0.001785014	9.448634389
9.1643	0.001785014	9.448634389
9.16854	0.001785014	9.448634389
9.17282	0.001785014	9.448634389
9.17502	0.001785014	9.448634389
9.176910000000001	0.001785014	9.448634389
9.17877	0.001785014	9.448634389
9.1768	0.001785014	9.448634389
9.17809	0.001785014	9.448634389
9.17817	0.001785014	9.448634389
9.177439999999999	0.001785014	9.448634389
9.173580000000001	0.001785014	9.448634389
9.17196	0.001785014	9.448634389
9.17211	0.001785014	9.448634389
9.17137	0.001785014	9.448634389
9.170580000000001	0.001785014	9.448634389
9.17112	0.001785014	9.448634389
9.1715	0.001785014	9.448634389
9.17366	0.001785014	9.448634389
9.17587	0.001785014	9.448634389
9.17625	0.001785014	9.448634389
9.17675	0.001785014	9.448634389
9.1768	0.001785014	9.448634389
9.17705	0.001785014	9.448634389
9.17623	0.001785014	9.448634389
9.17421	0.001785014	9.448634389
9.1718	0.001785014	9.448634389
9.16881	0.001785014	9.448634389
9.165410000000001	0.001785014	9.448634389
9.15957	0.001785014	9.448634389
9.15745	0.001785014	9.448634389
9.15963	0.001785014	9.448634389
9.15905	0.001785014	9.448634389
9.15895	0.001785014	9.448634389
9.16193	0.001785014	9.448634389
9.16538	0.001785014	9.448634389
9.16885	0.001785014	9.448634389
9.17275	0.001785014	9.448634389
9.174669999999999	0.001785014	9.448634389
9.176630000000001	0.001785014	9.448634389
9.17537	0.001785014	9.448634389
9.17465	0.001785014	9.448634389
9.17318	0.001785014	9.448634389
9.17337	0.001785014	9.448634389
9.172260000000001	0.001785014	9.448634389
9.17182	0.001785014	9.448634389
9.17113	0.001785014	9.448634389
9.1703	0.001785014	9.448634389
9.16817	0.001785014	9.448634389
9.16649	0.001785014	9.448634389
9.16818	0.001785014	9.448634389
9.16939	0.001785014	9.448634389
9.17188	0.001785014	9.448634389
9.173869999999999	0.001785014	9.448634389
9.17583	0.001785014	9.448634389
9.17874	0.001785014	9.448634389
9.1817	0.001785014	9.448634389
9.185260000000001	0.001785014	9.448634389
9.19125	0.001785014	9.448634389
9.19625	0.001785014	9.448634389
9.19882	0.001785014	9.448634389
9.20265	0.001785014	9.448634389
9.209489999999999	0.001785014	9.448634389
9.21539	0.001785014	9.448634389
9.21725	0.001785014	9.448634389
9.22006	0.001785014	9.448634389
9.22413	0.001785014	9.448634389
9.228639999999999	0.001785014	9.448634389
9.233830000000001	0.001785014	9.448634389
9.23903	0.001785014	9.448634389
9.24512	0.001785014	9.448634389
9.252410000000001	0.001785014	9.448634389
9.26153	0.001785014	9.448634389
9.26947	0.001785014	9.448634389
9.276489999999999	0.001785014	9.448634389
9.28064	0.001785014	9.448634389
9.28554	0.001785014	9.448634389
9.29015	0.001785014	9.448634389
9.29433	0.001785014	9.448634389
9.298630000000001	0.001785014	9.448634389
9.30305	0.001785014	9.448634389
9.30907	0.001785014	9.448634389
9.31299	0.001785014	9.448634389
9.31661	0.001785014	9.448634389
9.3182	0.001785014	9.448634389
9.31938	0.001785014	9.448634389
9.32088	0.001785014	9.448634389
9.32289	0.001785014	9.448634389
9.32611	0.001785014	9.448634389
9.33058	0.001785014	9.448634389
9.33447	0.001785014	9.448634389
9.3355	0.001785014	9.448634389
9.33421	0.001785014	9.448634389
9.33248	0.001785014	9.448634389
9.33131	0.001785014	9.448634389
9.33005	0.001785014	9.448634389
9.327919999999999	0.001785014	9.448634389
9.32444	0.001785014	9.448634389
9.3213	0.001785014	9.448634389
9.31795	0.001785014	9.448634389
9.317910000000001	0.001785014	9.448634389
9.32128	0.001785014	9.448634389
9.32397	0.001785014	9.448634389
9.3272	0.001785014	9.448634389
9.33266	0.001785014	9.448634389
9.3371	0.001785014	9.448634389
9.34098	0.001785014	9.448634389
9.34212	0.001785014	9.448634389
9.34168	0.001785014	9.448634389
9.341439999999999	0.001785014	9.448634389
9.34042	0.001785014	9.448634389
9.3415	0.001785014	9.448634389
9.34191	0.001785014	9.448634389
9.34646	0.001785014	9.448634389
9.35193	0.001785014	9.448634389
9.36076	0.001785014	9.448634389
9.36858	0.001785014	9.448634389
9.37535	0.001785014	9.448634389
9.38166	0.001785014	9.448634389
9.38538	0.001785014	9.448634389
9.38926	0.001785014	9.448634389
9.39115	0.001785014	9.448634389
9.3913	0.001785014	9.448634389
9.38982	0.001785014	9.448634389
9.3855	0.001785014	9.448634389
9.382539999999999	0.001785014	9.448634389
9.37832	0.001785014	9.448634389
9.372580000000001	0.001785014	9.448634389
9.36395	0.001785014	9.448634389
9.35779	0.001785014	9.448634389
9.353489999999999	0.001785014	9.448634389
9.348339999999999	0.001785014	9.448634389
9.34225	0.001785014	9.448634389
9.338289999999999	0.001785014	9.448634389
9.3349	0.001785014	9.448634389
9.33301	0.001785014	9.448634389
9.331	0.001785014	9.448634389
9.33151	0.001785014	9.448634389
9.32987	0.001785014	9.448634389
9.32996	0.001785014	9.448634389
9.33028	0.001785014	9.448634389
9.32865	0.001785014	9.448634389
9.326789999999999	0.001785014	9.448634389
9.32585	0.001785014	9.448634389
9.32685	0.001785014	9.448634389
9.329180000000001	0.001785014	9.448634389
9.33157	0.001785014	9.448634389
9.33215	0.001785014	9.448634389
9.33349	0.001785014	9.448634389
9.33169	0.001785014	9.448634389
9.33207	0.001785014	9.448634389
9.33497	0.001785014	9.448634389
9.34032	0.001785014	9.448634389
9.34478	0.001785014	9.448634389
9.34778	0.001785014	9.448634389
9.34881	0.001785014	9.448634389
9.35097	0.001785014	9.448634389
9.35493	0.001785014	9.448634389
9.35904	0.001785014	9.448634389
9.36313	0.001785014	9.448634389
9.36824	0.001785014	9.448634389
9.37531	0.001785014	9.448634389
9.38069	0.001785014	9.448634389
9.38701	0.001785014	9.448634389
9.39443	0.001785014	9.448634389
9.40218	0.001785014	9.448634389
9.40875	0.001785014	9.448634389
9.41484	0.001785014	9.448634389
9.420869999999999	0.001785014	9.448634389
9.42988	0.001785014	9.448634389
9.435030000000001	0.001785014	9.448634389
9.439689999999999	0.001785014	9.448634389
9.445960000000001	0.001785014	9.448634389
9.45197	0.001785014	9.448634389
9.45641	0.001785014	9.448634389
9.4622	0.001785014	9.448634389
9.46787	0.001785014	9.448634389
9.46974	0.001785014	9.448634389
9.47134	0.001785014	9.448634389
9.47335	0.001785014	9.448634389
9.473889999999999	0.001785014	9.448634389
9.478530000000001	0.001785014	9.448634389
9.48367	0.001785014	9.448634389
9.48681	0.001785014	9.448634389
9.491710000000001	0.001785014	9.448634389
9.49713	0.001785014	9.448634389
9.50121	0.001785014	9.448634389
9.50804	0.001785014	9.448634389
9.513639999999999	0.001785014	9.448634389
9.51928	0.001785014	9.448634389
9.523710000000001	0.001785014	9.448634389
9.52952	0.001785014	9.448634389
9.53737	0.001785014	9.448634389
9.543460000000001	0.001785014	9.448634389
9.54922	0.001785014	9.448634389
9.55414	0.001785014	9.448634389
9.557039999999999	0.001785014	9.448634389
9.55998	0.001785014	9.448634389
9.56114	0.001785014	9.448634389
9.56371	0.001785014	9.448634389
9.56532	0.001785014	9.448634389
9.567689999999999	0.001785014	9.448634389
9.57188	0.001785014	9.448634389
9.57687	0.001785014	9.448634389
9.58057	0.001785014	9.448634389
9.5836	0.001785014	9.448634389
9.58656	0.001785014	9.448634389
9.58891	0.001785014	9.448634389
9.59281	0.001785014	9.448634389
9.59864	0.001785014	9.448634389
9.60256	0.001785014	9.448634389
9.60924	0.001785014	9.448634389
9.61427	0.001785014	9.448634389
9.623510000000001	0.001785014	9.448634389
9.63235	0.001785014	9.448634389
9.64344	0.001785014	9.448634389
9.65349	0.001785014	9.448634389
9.66538	0.001785014	9.448634389
9.67337	0.001785014	9.448634389
9.68286	0.001785014	9.448634389
9.68983	0.001785014	9.448634389
9.69872	0.001785014	9.448634389
9.70476	0.001785014	9.448634389
9.71086	0.001785014	9.448634389
9.718160000000001	0.001785014	9.448634389
9.724789999999999	0.001785014	9.448634389
9.730139999999999	0.001785014	9.448634389
9.73559	0.001785014	9.448634389
9.738489999999999	0.001785014	9.448634389
9.74095	0.001785014	9.448634389
9.74352	0.001785014	9.448634389
9.746839999999999	0.001785014	9.448634389
9.749089999999999	0.001785014	9.448634389
9.7535	0.001785014	9.448634389
9.758569999999999	0.001785014	9.448634389
9.76227	0.001785014	9.448634389
9.766589999999999	0.001785014	9.448634389
9.767439999999999	0.001785014	9.448634389
9.76947	0.001785014	9.448634389
9.76895	0.001785014	9.448634389
9.767619999999999	0.001785014	9.448634389
9.76592	0.001785014	9.448634389
9.766639999999999	0.001785014	9.448634389
9.76442	0.001785014	9.448634389
9.76249	0.001785014	9.448634389
9.75827	0.001785014	9.448634389
9.75243	0.001785014	9.448634389
9.74564	0.001785014	9.448634389
9.73886	0.001785014	9.448634389
9.73108	0.001785014	9.448634389
9.72499	0.001785014	9.448634389
9.721680000000001	0.001785014	9.448634389
9.72048	0.001785014	9.448634389
9.720939999999999	0.001785014	9.448634389
9.72226	0.001785014	9.448634389
9.7207	0.001785014	9.448634389
9.721630000000001	0.001785014	9.448634389
9.72567	0.001785014	9.448634389
9.73066	0.001785014	9.448634389
9.73443	0.001785014	9.448634389
