13.998029999999998	0.001785014	13.983978896
13.99664	0.001785014	13.983978896
13.99434	0.001785014	13.983978896
13.990720000000001	0.001785014	13.983978896
13.98918	0.001785014	13.983978896
13.989529999999998	0.001785014	13.983978896
13.987810000000001	0.001785014	13.983978896
13.9856	0.001785014	13.983978896
13.98175	0.001785014	13.983978896
13.97512	0.001785014	13.983978896
13.97011	0.001785014	13.983978896
13.96344	0.001785014	13.983978896
13.95563	0.001785014	13.983978896
13.94865	0.001785014	13.983978896
13.93989	0.001785014	13.983978896
13.932889999999999	0.001785014	13.983978896
13.92719	0.001785014	13.983978896
13.922070000000001	0.001785014	13.983978896
13.917279999999998	0.001785014	13.983978896
13.91509	0.001785014	13.983978896
13.914370000000002	0.001785014	13.983978896
13.91596	0.001785014	13.983978896
13.917489999999999	0.001785014	13.983978896
13.91845	0.001785014	13.983978896
13.9204	0.001785014	13.983978896
13.921429999999999	0.001785014	13.983978896
13.921270000000002	0.001785014	13.983978896
13.92395	0.001785014	13.983978896
13.92685	0.001785014	13.983978896
13.92707	0.001785014	13.983978896
13.92945	0.001785014	13.983978896
13.931020000000002	0.001785014	13.983978896
13.93276	0.001785014	13.983978896
13.935670000000002	0.001785014	13.983978896
13.936320000000002	0.001785014	13.983978896
13.936739999999999	0.001785014	13.983978896
13.93842	0.001785014	13.983978896
13.93912	0.001785014	13.983978896
13.9395	0.001785014	13.983978896
13.9387	0.001785014	13.983978896
13.937170000000002	0.001785014	13.983978896
13.9355	0.001785014	13.983978896
13.93269	0.001785014	13.983978896
13.92803	0.001785014	13.983978896
13.92392	0.001785014	13.983978896
13.920720000000001	0.001785014	13.983978896
13.91876	0.001785014	13.983978896
13.91889	0.001785014	13.983978896
13.91661	0.001785014	13.983978896
13.917539999999999	0.001785014	13.983978896
13.91964	0.001785014	13.983978896
13.919970000000001	0.001785014	13.983978896
13.922989999999999	0.001785014	13.983978896
13.9245	0.001785014	13.983978896
13.92644	0.001785014	13.983978896
13.92981	0.001785014	13.983978896
13.9324	0.001785014	13.983978896
13.93377	0.001785014	13.983978896
13.934679999999998	0.001785014	13.983978896
13.93436	0.001785014	13.983978896
13.935989999999999	0.001785014	13.983978896
13.94064	0.001785014	13.983978896
13.94636	0.001785014	13.983978896
13.9515	0.001785014	13.983978896
13.95469	0.001785014	13.983978896
13.956520000000001	0.001785014	13.983978896
13.959010000000001	0.001785014	13.983978896
13.962679999999999	0.001785014	13.983978896
13.963470000000001	0.001785014	13.983978896
13.96461	0.001785014	13.983978896
13.96299	0.001785014	13.983978896
13.962370000000002	0.001785014	13.983978896
13.96204	0.001785014	13.983978896
13.958279999999998	0.001785014	13.983978896
13.955079999999999	0.001785014	13.983978896
13.952589999999999	0.001785014	13.983978896
13.949489999999999	0.001785014	13.983978896
13.94645	0.001785014	13.983978896
13.947170000000002	0.001785014	13.983978896
13.94669	0.001785014	13.983978896
13.94558	0.001785014	13.983978896
13.9448	0.001785014	13.983978896
13.940370000000001	0.001785014	13.983978896
13.933589999999999	0.001785014	13.983978896
13.9281	0.001785014	13.983978896
13.922170000000001	0.001785014	13.983978896
13.91619	0.001785014	13.983978896
13.909720000000002	0.001785014	13.983978896
13.90559	0.001785014	13.983978896
13.901010000000001	0.001785014	13.983978896
13.89538	0.001785014	13.983978896
13.889420000000001	0.001785014	13.983978896
13.88445	0.001785014	13.983978896
13.877170000000001	0.001785014	13.983978896
13.87306	0.001785014	13.983978896
13.868520000000002	0.001785014	13.983978896
13.8629	0.001785014	13.983978896
13.859029999999999	0.001785014	13.983978896
13.852829999999999	0.001785014	13.983978896
13.84862	0.001785014	13.983978896
13.844370000000001	0.001785014	13.983978896
13.84015	0.001785014	13.983978896
13.835339999999999	0.001785014	13.983978896
13.83039	0.001785014	13.983978896
13.82564	0.001785014	13.983978896
13.82275	0.001785014	13.983978896
13.82182	0.001785014	13.983978896
13.8241	0.001785014	13.983978896
13.828660000000001	0.001785014	13.983978896
13.833	0.001785014	13.983978896
13.83821	0.001785014	13.983978896
13.84079	0.001785014	13.983978896
13.8428	0.001785014	13.983978896
13.846520000000002	0.001785014	13.983978896
13.848920000000001	0.001785014	13.983978896
13.851020000000002	0.001785014	13.983978896
13.85455	0.001785014	13.983978896
13.86076	0.001785014	13.983978896
13.86551	0.001785014	13.983978896
13.870120000000002	0.001785014	13.983978896
13.87393	0.001785014	13.983978896
13.875520000000002	0.001785014	13.983978896
13.87786	0.001785014	13.983978896
13.877939999999999	0.001785014	13.983978896
13.87965	0.001785014	13.983978896
13.87832	0.001785014	13.983978896
13.87393	0.001785014	13.983978896
13.868770000000001	0.001785014	13.983978896
13.861670000000002	0.001785014	13.983978896
13.856110000000001	0.001785014	13.983978896
13.84944	0.001785014	13.983978896
13.84162	0.001785014	13.983978896
13.831779999999998	0.001785014	13.983978896
13.82458	0.001785014	13.983978896
13.81635	0.001785014	13.983978896
13.80729	0.001785014	13.983978896
13.79659	0.001785014	13.983978896
13.783929999999998	0.001785014	13.983978896
13.7752	0.001785014	13.983978896
13.766879999999999	0.001785014	13.983978896
13.76065	0.001785014	13.983978896
13.75404	0.001785014	13.983978896
13.74474	0.001785014	13.983978896
13.73753	0.001785014	13.983978896
13.7298	0.001785014	13.983978896
13.72466	0.001785014	13.983978896
13.72313	0.001785014	13.983978896
13.72335	0.001785014	13.983978896
13.72165	0.001785014	13.983978896
13.719489999999999	0.001785014	13.983978896
13.71742	0.001785014	13.983978896
13.71411	0.001785014	13.983978896
13.713389999999999	0.001785014	13.983978896
13.710220000000001	0.001785014	13.983978896
13.70544	0.001785014	13.983978896
13.69975	0.001785014	13.983978896
13.69544	0.001785014	13.983978896
13.69405	0.001785014	13.983978896
13.695889999999999	0.001785014	13.983978896
13.69695	0.001785014	13.983978896
13.69855	0.001785014	13.983978896
13.70011	0.001785014	13.983978896
13.7029	0.001785014	13.983978896
13.70532	0.001785014	13.983978896
13.709579999999999	0.001785014	13.983978896
13.71318	0.001785014	13.983978896
13.71615	0.001785014	13.983978896
13.71955	0.001785014	13.983978896
13.723329999999999	0.001785014	13.983978896
13.727379999999998	0.001785014	13.983978896
13.72889	0.001785014	13.983978896
13.7277	0.001785014	13.983978896
13.72688	0.001785014	13.983978896
13.725979999999998	0.001785014	13.983978896
13.7277	0.001785014	13.983978896
13.730279999999999	0.001785014	13.983978896
13.7333	0.001785014	13.983978896
13.736239999999999	0.001785014	13.983978896
13.73981	0.001785014	13.983978896
13.73895	0.001785014	13.983978896
13.73727	0.001785014	13.983978896
13.73267	0.001785014	13.983978896
13.72631	0.001785014	13.983978896
13.7195	0.001785014	13.983978896
13.713070000000002	0.001785014	13.983978896
13.70698	0.001785014	13.983978896
13.69931	0.001785014	13.983978896
13.693729999999999	0.001785014	13.983978896
13.68968	0.001785014	13.983978896
13.68574	0.001785014	13.983978896
13.682939999999999	0.001785014	13.983978896
13.67985	0.001785014	13.983978896
13.677010000000001	0.001785014	13.983978896
13.67561	0.001785014	13.983978896
13.67247	0.001785014	13.983978896
13.669429999999998	0.001785014	13.983978896
13.6674	0.001785014	13.983978896
13.663879999999999	0.001785014	13.983978896
13.66276	0.001785014	13.983978896
13.663929999999999	0.001785014	13.983978896
13.665460000000001	0.001785014	13.983978896
13.66649	0.001785014	13.983978896
13.6661	0.001785014	13.983978896
13.665529999999999	0.001785014	13.983978896
13.666089999999999	0.001785014	13.983978896
13.668370000000001	0.001785014	13.983978896
13.668560000000001	0.001785014	13.983978896
13.667829999999999	0.001785014	13.983978896
13.66722	0.001785014	13.983978896
13.66366	0.001785014	13.983978896
13.66345	0.001785014	13.983978896
13.661729999999999	0.001785014	13.983978896
13.65898	0.001785014	13.983978896
13.65586	0.001785014	13.983978896
13.6514	0.001785014	13.983978896
13.644960000000001	0.001785014	13.983978896
13.640170000000001	0.001785014	13.983978896
13.635679999999999	0.001785014	13.983978896
13.633239999999999	0.001785014	13.983978896
13.632610000000001	0.001785014	13.983978896
13.63345	0.001785014	13.983978896
13.63379	0.001785014	13.983978896
13.63515	0.001785014	13.983978896
13.63543	0.001785014	13.983978896
13.63308	0.001785014	13.983978896
13.630239999999999	0.001785014	13.983978896
13.6243	0.001785014	13.983978896
13.61815	0.001785014	13.983978896
13.61465	0.001785014	13.983978896
13.61333	0.001785014	13.983978896
13.610439999999999	0.001785014	13.983978896
13.609820000000001	0.001785014	13.983978896
13.608410000000001	0.001785014	13.983978896
13.60875	0.001785014	13.983978896
13.60971	0.001785014	13.983978896
13.610320000000002	0.001785014	13.983978896
13.6129	0.001785014	13.983978896
13.61754	0.001785014	13.983978896
13.62222	0.001785014	13.983978896
13.627889999999999	0.001785014	13.983978896
13.62987	0.001785014	13.983978896
13.632489999999999	0.001785014	13.983978896
13.636579999999999	0.001785014	13.983978896
13.64235	0.001785014	13.983978896
13.646120000000002	0.001785014	13.983978896
13.64915	0.001785014	13.983978896
13.651270000000002	0.001785014	13.983978896
13.6522	0.001785014	13.983978896
13.654020000000001	0.001785014	13.983978896
13.65763	0.001785014	13.983978896
13.65981	0.001785014	13.983978896
13.660110000000001	0.001785014	13.983978896
13.662889999999999	0.001785014	13.983978896
13.66785	0.001785014	13.983978896
13.6716	0.001785014	13.983978896
13.675510000000001	0.001785014	13.983978896
13.679079999999999	0.001785014	13.983978896
13.68159	0.001785014	13.983978896
13.682620000000002	0.001785014	13.983978896
13.684289999999999	0.001785014	13.983978896
13.68723	0.001785014	13.983978896
13.69118	0.001785014	13.983978896
13.695	0.001785014	13.983978896
13.699670000000001	0.001785014	13.983978896
13.701139999999999	0.001785014	13.983978896
13.701120000000001	0.001785014	13.983978896
13.699639999999999	0.001785014	13.983978896
13.69849	0.001785014	13.983978896
13.69825	0.001785014	13.983978896
13.69846	0.001785014	13.983978896
13.69847	0.001785014	13.983978896
13.69796	0.001785014	13.983978896
13.69808	0.001785014	13.983978896
13.698329999999999	0.001785014	13.983978896
13.697	0.001785014	13.983978896
13.69687	0.001785014	13.983978896
13.699	0.001785014	13.983978896
13.699079999999999	0.001785014	13.983978896
13.697270000000001	0.001785014	13.983978896
13.69604	0.001785014	13.983978896
13.69392	0.001785014	13.983978896
13.694529999999999	0.001785014	13.983978896
13.69348	0.001785014	13.983978896
13.694629999999998	0.001785014	13.983978896
13.697370000000001	0.001785014	13.983978896
13.70036	0.001785014	13.983978896
13.701329999999999	0.001785014	13.983978896
13.70429	0.001785014	13.983978896
13.70703	0.001785014	13.983978896
13.7087	0.001785014	13.983978896
13.71084	0.001785014	13.983978896
13.71454	0.001785014	13.983978896
13.71746	0.001785014	13.983978896
13.7196	0.001785014	13.983978896
13.71843	0.001785014	13.983978896
13.7184	0.001785014	13.983978896
13.71926	0.001785014	13.983978896
13.720529999999998	0.001785014	13.983978896
13.72069	0.001785014	13.983978896
13.72155	0.001785014	13.983978896
13.72235	0.001785014	13.983978896
13.724570000000002	0.001785014	13.983978896
13.72689	0.001785014	13.983978896
13.729079999999998	0.001785014	13.983978896
13.730179999999999	0.001785014	13.983978896
13.73144	0.001785014	13.983978896
13.73231	0.001785014	13.983978896
13.73265	0.001785014	13.983978896
13.73673	0.001785014	13.983978896
13.74109	0.001785014	13.983978896
13.74262	0.001785014	13.983978896
13.741929999999998	0.001785014	13.983978896
13.741729999999999	0.001785014	13.983978896
13.73954	0.001785014	13.983978896
13.7388	0.001785014	13.983978896
13.73978	0.001785014	13.983978896
13.74155	0.001785014	13.983978896
13.744710000000001	0.001785014	13.983978896
13.749670000000002	0.001785014	13.983978896
13.75505	0.001785014	13.983978896
13.759360000000001	0.001785014	13.983978896
13.760620000000001	0.001785014	13.983978896
13.7616	0.001785014	13.983978896
13.762179999999999	0.001785014	13.983978896
13.76247	0.001785014	13.983978896
13.76356	0.001785014	13.983978896
13.764529999999999	0.001785014	13.983978896
13.76645	0.001785014	13.983978896
13.7675	0.001785014	13.983978896
13.76806	0.001785014	13.983978896
13.76803	0.001785014	13.983978896
13.76588	0.001785014	13.983978896
13.76206	0.001785014	13.983978896
13.76014	0.001785014	13.983978896
13.75786	0.001785014	13.983978896
13.755720000000002	0.001785014	13.983978896
13.753979999999999	0.001785014	13.983978896
13.75344	0.001785014	13.983978896
13.75317	0.001785014	13.983978896
13.75135	0.001785014	13.983978896
13.75115	0.001785014	13.983978896
13.74986	0.001785014	13.983978896
13.74748	0.001785014	13.983978896
13.743970000000001	0.001785014	13.983978896
13.74156	0.001785014	13.983978896
13.741370000000002	0.001785014	13.983978896
13.741620000000001	0.001785014	13.983978896
13.74435	0.001785014	13.983978896
13.74439	0.001785014	13.983978896
13.74635	0.001785014	13.983978896
13.74639	0.001785014	13.983978896
13.74605	0.001785014	13.983978896
13.748879999999998	0.001785014	13.983978896
13.751170000000002	0.001785014	13.983978896
13.755920000000001	0.001785014	13.983978896
13.7606	0.001785014	13.983978896
13.76394	0.001785014	13.983978896
13.766960000000001	0.001785014	13.983978896
13.769029999999999	0.001785014	13.983978896
13.77139	0.001785014	13.983978896
13.771970000000001	0.001785014	13.983978896
13.77321	0.001785014	13.983978896
13.77116	0.001785014	13.983978896
13.77123	0.001785014	13.983978896
13.772879999999999	0.001785014	13.983978896
13.77624	0.001785014	13.983978896
13.78011	0.001785014	13.983978896
13.78537	0.001785014	13.983978896
13.789520000000001	0.001785014	13.983978896
13.79147	0.001785014	13.983978896
13.792329999999998	0.001785014	13.983978896
13.7948	0.001785014	13.983978896
13.79618	0.001785014	13.983978896
13.80062	0.001785014	13.983978896
13.802589999999999	0.001785014	13.983978896
13.802539999999999	0.001785014	13.983978896
13.80109	0.001785014	13.983978896
13.80219	0.001785014	13.983978896
13.80374	0.001785014	13.983978896
13.80427	0.001785014	13.983978896
13.804329999999998	0.001785014	13.983978896
13.802	0.001785014	13.983978896
13.800189999999999	0.001785014	13.983978896
13.79844	0.001785014	13.983978896
13.79381	0.001785014	13.983978896
13.7879	0.001785014	13.983978896
13.778720000000002	0.001785014	13.983978896
13.76949	0.001785014	13.983978896
13.76126	0.001785014	13.983978896
13.75131	0.001785014	13.983978896
13.74109	0.001785014	13.983978896
13.73117	0.001785014	13.983978896
13.722660000000001	0.001785014	13.983978896
13.714529999999998	0.001785014	13.983978896
13.70606	0.001785014	13.983978896
13.700320000000001	0.001785014	13.983978896
13.6926	0.001785014	13.983978896
13.68474	0.001785014	13.983978896
13.6771	0.001785014	13.983978896
13.670329999999998	0.001785014	13.983978896
13.663920000000001	0.001785014	13.983978896
13.65647	0.001785014	13.983978896
13.649070000000002	0.001785014	13.983978896
13.64298	0.001785014	13.983978896
13.63754	0.001785014	13.983978896
13.63269	0.001785014	13.983978896
13.62924	0.001785014	13.983978896
13.624479999999998	0.001785014	13.983978896
13.62163	0.001785014	13.983978896
13.619570000000001	0.001785014	13.983978896
13.618879999999999	0.001785014	13.983978896
13.618379999999998	0.001785014	13.983978896
13.618310000000001	0.001785014	13.983978896
13.61931	0.001785014	13.983978896
13.62145	0.001785014	13.983978896
13.62539	0.001785014	13.983978896
13.63031	0.001785014	13.983978896
13.63535	0.001785014	13.983978896
13.63804	0.001785014	13.983978896
13.639	0.001785014	13.983978896
13.641329999999998	0.001785014	13.983978896
13.64269	0.001785014	13.983978896
13.64224	0.001785014	13.983978896
13.642470000000001	0.001785014	13.983978896
13.64064	0.001785014	13.983978896
13.64059	0.001785014	13.983978896
13.643070000000002	0.001785014	13.983978896
13.645620000000001	0.001785014	13.983978896
13.645420000000001	0.001785014	13.983978896
13.645489999999999	0.001785014	13.983978896
13.646510000000001	0.001785014	13.983978896
13.64848	0.001785014	13.983978896
13.652629999999998	0.001785014	13.983978896
13.6545	0.001785014	13.983978896
13.654770000000001	0.001785014	13.983978896
13.65425	0.001785014	13.983978896
13.65192	0.001785014	13.983978896
13.647860000000001	0.001785014	13.983978896
13.642270000000002	0.001785014	13.983978896
13.64044	0.001785014	13.983978896
13.6383	0.001785014	13.983978896
13.636510000000001	0.001785014	13.983978896
13.63424	0.001785014	13.983978896
13.63078	0.001785014	13.983978896
13.626520000000001	0.001785014	13.983978896
13.62439	0.001785014	13.983978896
13.62311	0.001785014	13.983978896
13.62064	0.001785014	13.983978896
13.619420000000002	0.001785014	13.983978896
13.62021	0.001785014	13.983978896
13.621020000000001	0.001785014	13.983978896
13.620989999999999	0.001785014	13.983978896
13.61899	0.001785014	13.983978896
13.615310000000001	0.001785014	13.983978896
13.61001	0.001785014	13.983978896
13.606689999999999	0.001785014	13.983978896
13.60409	0.001785014	13.983978896
13.599279999999998	0.001785014	13.983978896
13.59361	0.001785014	13.983978896
13.58893	0.001785014	13.983978896
13.585070000000002	0.001785014	13.983978896
13.583570000000002	0.001785014	13.983978896
13.58175	0.001785014	13.983978896
13.58114	0.001785014	13.983978896
13.57804	0.001785014	13.983978896
13.57879	0.001785014	13.983978896
13.5824	0.001785014	13.983978896
13.58748	0.001785014	13.983978896
13.59169	0.001785014	13.983978896
13.597729999999999	0.001785014	13.983978896
13.60351	0.001785014	13.983978896
13.608179999999999	0.001785014	13.983978896
13.61094	0.001785014	13.983978896
13.614579999999998	0.001785014	13.983978896
13.617170000000002	0.001785014	13.983978896
13.62014	0.001785014	13.983978896
13.62335	0.001785014	13.983978896
13.627920000000001	0.001785014	13.983978896
13.63115	0.001785014	13.983978896
13.635720000000001	0.001785014	13.983978896
13.64306	0.001785014	13.983978896
13.649820000000002	0.001785014	13.983978896
13.656360000000001	0.001785014	13.983978896
13.663310000000001	0.001785014	13.983978896
13.667810000000001	0.001785014	13.983978896
13.669229999999999	0.001785014	13.983978896
13.66913	0.001785014	13.983978896
13.6695	0.001785014	13.983978896
13.669889999999999	0.001785014	13.983978896
13.67009	0.001785014	13.983978896
13.66855	0.001785014	13.983978896
13.66859	0.001785014	13.983978896
13.66826	0.001785014	13.983978896
13.666879999999999	0.001785014	13.983978896
13.665020000000002	0.001785014	13.983978896
13.661529999999999	0.001785014	13.983978896
13.662820000000002	0.001785014	13.983978896
13.66135	0.001785014	13.983978896
13.65973	0.001785014	13.983978896
13.656379999999999	0.001785014	13.983978896
13.6523	0.001785014	13.983978896
13.64756	0.001785014	13.983978896
13.64269	0.001785014	13.983978896
13.63558	0.001785014	13.983978896
13.629970000000002	0.001785014	13.983978896
13.624789999999999	0.001785014	13.983978896
13.61987	0.001785014	13.983978896
13.6137	0.001785014	13.983978896
13.606370000000002	0.001785014	13.983978896
13.60012	0.001785014	13.983978896
13.59327	0.001785014	13.983978896
13.58531	0.001785014	13.983978896
13.57766	0.001785014	13.983978896
13.571860000000001	0.001785014	13.983978896
13.56735	0.001785014	13.983978896
13.56344	0.001785014	13.983978896
13.562779999999998	0.001785014	13.983978896
13.56214	0.001785014	13.983978896
13.56216	0.001785014	13.983978896
13.55904	0.001785014	13.983978896
13.55536	0.001785014	13.983978896
13.55251	0.001785014	13.983978896
13.55065	0.001785014	13.983978896
13.554089999999999	0.001785014	13.983978896
13.55853	0.001785014	13.983978896
13.56064	0.001785014	13.983978896
13.56286	0.001785014	13.983978896
13.56514	0.001785014	13.983978896
13.56751	0.001785014	13.983978896
13.56944	0.001785014	13.983978896
13.568610000000001	0.001785014	13.983978896
13.57032	0.001785014	13.983978896
13.57364	0.001785014	13.983978896
13.57355	0.001785014	13.983978896
13.573070000000001	0.001785014	13.983978896
13.57231	0.001785014	13.983978896
13.57068	0.001785014	13.983978896
13.56805	0.001785014	13.983978896
13.56604	0.001785014	13.983978896
13.56489	0.001785014	13.983978896
13.56272	0.001785014	13.983978896
13.56044	0.001785014	13.983978896
13.55715	0.001785014	13.983978896
13.55521	0.001785014	13.983978896
13.55321	0.001785014	13.983978896
13.55238	0.001785014	13.983978896
13.55105	0.001785014	13.983978896
13.55381	0.001785014	13.983978896
13.555079999999998	0.001785014	13.983978896
13.553679999999998	0.001785014	13.983978896
13.55439	0.001785014	13.983978896
13.552679999999999	0.001785014	13.983978896
13.551120000000001	0.001785014	13.983978896
13.54909	0.001785014	13.983978896
13.54597	0.001785014	13.983978896
13.542079999999999	0.001785014	13.983978896
13.541310000000001	0.001785014	13.983978896
13.540420000000001	0.001785014	13.983978896
13.539370000000002	0.001785014	13.983978896
13.53691	0.001785014	13.983978896
13.5323	0.001785014	13.983978896
13.52635	0.001785014	13.983978896
13.51723	0.001785014	13.983978896
13.5076	0.001785014	13.983978896
13.497279999999998	0.001785014	13.983978896
13.486579999999998	0.001785014	13.983978896
13.476870000000002	0.001785014	13.983978896
13.46924	0.001785014	13.983978896
13.4625	0.001785014	13.983978896
13.45726	0.001785014	13.983978896
13.4521	0.001785014	13.983978896
13.446670000000001	0.001785014	13.983978896
13.440029999999998	0.001785014	13.983978896
13.436229999999998	0.001785014	13.983978896
13.43017	0.001785014	13.983978896
13.42557	0.001785014	13.983978896
13.42145	0.001785014	13.983978896
13.41646	0.001785014	13.983978896
13.410620000000002	0.001785014	13.983978896
13.40635	0.001785014	13.983978896
13.400529999999998	0.001785014	13.983978896
13.39604	0.001785014	13.983978896
13.393229999999999	0.001785014	13.983978896
13.394039999999999	0.001785014	13.983978896
13.39374	0.001785014	13.983978896
13.3941	0.001785014	13.983978896
13.392270000000002	0.001785014	13.983978896
13.3909	0.001785014	13.983978896
13.389470000000001	0.001785014	13.983978896
13.389520000000001	0.001785014	13.983978896
13.38689	0.001785014	13.983978896
13.38336	0.001785014	13.983978896
13.378770000000001	0.001785014	13.983978896
13.37374	0.001785014	13.983978896
13.366420000000002	0.001785014	13.983978896
13.35951	0.001785014	13.983978896
13.35275	0.001785014	13.983978896
13.345120000000001	0.001785014	13.983978896
13.334779999999999	0.001785014	13.983978896
13.32119	0.001785014	13.983978896
13.31064	0.001785014	13.983978896
13.2994	0.001785014	13.983978896
13.29026	0.001785014	13.983978896
13.28137	0.001785014	13.983978896
13.27183	0.001785014	13.983978896
13.26409	0.001785014	13.983978896
13.256079999999999	0.001785014	13.983978896
13.247029999999999	0.001785014	13.983978896
13.23952	0.001785014	13.983978896
13.230929999999999	0.001785014	13.983978896
13.224	0.001785014	13.983978896
13.21664	0.001785014	13.983978896
13.20687	0.001785014	13.983978896
13.1966	0.001785014	13.983978896
13.187370000000001	0.001785014	13.983978896
13.17871	0.001785014	13.983978896
13.16825	0.001785014	13.983978896
13.15973	0.001785014	13.983978896
13.152379999999999	0.001785014	13.983978896
13.147979999999999	0.001785014	13.983978896
13.14246	0.001785014	13.983978896
13.137039999999999	0.001785014	13.983978896
13.13145	0.001785014	13.983978896
13.126510000000001	0.001785014	13.983978896
13.123289999999999	0.001785014	13.983978896
13.1181	0.001785014	13.983978896
13.11151	0.001785014	13.983978896
13.10547	0.001785014	13.983978896
13.10205	0.001785014	13.983978896
13.098510000000001	0.001785014	13.983978896
13.09661	0.001785014	13.983978896
13.09267	0.001785014	13.983978896
13.09067	0.001785014	13.983978896
13.0893	0.001785014	13.983978896
13.087010000000001	0.001785014	13.983978896
13.08645	0.001785014	13.983978896
13.08537	0.001785014	13.983978896
13.08525	0.001785014	13.983978896
13.082139999999999	0.001785014	13.983978896
13.07962	0.001785014	13.983978896
13.07809	0.001785014	13.983978896
13.07723	0.001785014	13.983978896
13.07434	0.001785014	13.983978896
13.07051	0.001785014	13.983978896
13.065439999999999	0.001785014	13.983978896
13.05824	0.001785014	13.983978896
13.05226	0.001785014	13.983978896
13.050980000000001	0.001785014	13.983978896
13.050289999999999	0.001785014	13.983978896
13.04844	0.001785014	13.983978896
13.04763	0.001785014	13.983978896
13.0461	0.001785014	13.983978896
13.043510000000001	0.001785014	13.983978896
13.04257	0.001785014	13.983978896
13.04359	0.001785014	13.983978896
13.043239999999999	0.001785014	13.983978896
13.04406	0.001785014	13.983978896
13.04497	0.001785014	13.983978896
13.04543	0.001785014	13.983978896
13.044880000000001	0.001785014	13.983978896
13.04279	0.001785014	13.983978896
13.04128	0.001785014	13.983978896
13.038110000000001	0.001785014	13.983978896
13.03458	0.001785014	13.983978896
13.03123	0.001785014	13.983978896
13.02834	0.001785014	13.983978896
13.02322	0.001785014	13.983978896
13.02065	0.001785014	13.983978896
13.01759	0.001785014	13.983978896
13.014619999999999	0.001785014	13.983978896
13.01361	0.001785014	13.983978896
13.01305	0.001785014	13.983978896
13.01147	0.001785014	13.983978896
13.00937	0.001785014	13.983978896
13.01009	0.001785014	13.983978896
13.010060000000001	0.001785014	13.983978896
13.00937	0.001785014	13.983978896
13.00827	0.001785014	13.983978896
13.0071	0.001785014	13.983978896
13.00671	0.001785014	13.983978896
13.004389999999999	0.001785014	13.983978896
13.00121	0.001785014	13.983978896
12.99618	0.001785014	13.983978896
12.99213	0.001785014	13.983978896
12.988389999999999	0.001785014	13.983978896
12.9837	0.001785014	13.983978896
12.977739999999999	0.001785014	13.983978896
12.97219	0.001785014	13.983978896
12.96143	0.001785014	13.983978896
12.951189999999999	0.001785014	13.983978896
12.94095	0.001785014	13.983978896
12.92994	0.001785014	13.983978896
12.91659	0.001785014	13.983978896
12.90493	0.001785014	13.983978896
12.894060000000001	0.001785014	13.983978896
12.885010000000001	0.001785014	13.983978896
12.87682	0.001785014	13.983978896
12.86484	0.001785014	13.983978896
12.85351	0.001785014	13.983978896
12.8447	0.001785014	13.983978896
12.83361	0.001785014	13.983978896
12.82293	0.001785014	13.983978896
12.8132	0.001785014	13.983978896
12.80583	0.001785014	13.983978896
12.79832	0.001785014	13.983978896
12.78957	0.001785014	13.983978896
12.78159	0.001785014	13.983978896
12.77483	0.001785014	13.983978896
12.76939	0.001785014	13.983978896
12.76401	0.001785014	13.983978896
12.75908	0.001785014	13.983978896
12.75562	0.001785014	13.983978896
12.749039999999999	0.001785014	13.983978896
12.73669	0.001785014	13.983978896
12.72495	0.001785014	13.983978896
12.71538	0.001785014	13.983978896
12.70707	0.001785014	13.983978896
12.70075	0.001785014	13.983978896
12.69457	0.001785014	13.983978896
12.68776	0.001785014	13.983978896
12.68009	0.001785014	13.983978896
12.67221	0.001785014	13.983978896
12.664639999999999	0.001785014	13.983978896
12.65569	0.001785014	13.983978896
12.64804	0.001785014	13.983978896
12.64252	0.001785014	13.983978896
12.637739999999999	0.001785014	13.983978896
12.63195	0.001785014	13.983978896
12.624880000000001	0.001785014	13.983978896
12.61915	0.001785014	13.983978896
12.61335	0.001785014	13.983978896
12.60833	0.001785014	13.983978896
12.599739999999999	0.001785014	13.983978896
12.5879	0.001785014	13.983978896
12.579180000000001	0.001785014	13.983978896
12.570139999999999	0.001785014	13.983978896
12.56516	0.001785014	13.983978896
12.55993	0.001785014	13.983978896
12.55069	0.001785014	13.983978896
12.54342	0.001785014	13.983978896
12.53412	0.001785014	13.983978896
12.52693	0.001785014	13.983978896
12.51918	0.001785014	13.983978896
12.51032	0.001785014	13.983978896
12.50126	0.001785014	13.983978896
12.49065	0.001785014	13.983978896
12.48081	0.001785014	13.983978896
12.47119	0.001785014	13.983978896
12.46239	0.001785014	13.983978896
12.452869999999999	0.001785014	13.983978896
12.44468	0.001785014	13.983978896
12.43595	0.001785014	13.983978896
12.427389999999999	0.001785014	13.983978896
12.417019999999999	0.001785014	13.983978896
12.40835	0.001785014	13.983978896
12.40201	0.001785014	13.983978896
12.395760000000001	0.001785014	13.983978896
12.390189999999999	0.001785014	13.983978896
12.385869999999999	0.001785014	13.983978896
12.380139999999999	0.001785014	13.983978896
12.37405	0.001785014	13.983978896
12.370560000000001	0.001785014	13.983978896
12.36594	0.001785014	13.983978896
12.363389999999999	0.001785014	13.983978896
12.35973	0.001785014	13.983978896
12.35507	0.001785014	13.983978896
12.34768	0.001785014	13.983978896
12.34083	0.001785014	13.983978896
12.33283	0.001785014	13.983978896
12.323889999999999	0.001785014	13.983978896
12.3127	0.001785014	13.983978896
12.29988	0.001785014	13.983978896
12.28931	0.001785014	13.983978896
12.27593	0.001785014	13.983978896
12.26474	0.001785014	13.983978896
12.25313	0.001785014	13.983978896
12.242469999999999	0.001785014	13.983978896
12.23203	0.001785014	13.983978896
12.22228	0.001785014	13.983978896
12.216569999999999	0.001785014	13.983978896
12.21257	0.001785014	13.983978896
12.20858	0.001785014	13.983978896
12.205169999999999	0.001785014	13.983978896
12.2017	0.001785014	13.983978896
12.19762	0.001785014	13.983978896
12.1959	0.001785014	13.983978896
12.19247	0.001785014	13.983978896
12.19152	0.001785014	13.983978896
12.18789	0.001785014	13.983978896
12.18385	0.001785014	13.983978896
12.183	0.001785014	13.983978896
12.18078	0.001785014	13.983978896
12.1771	0.001785014	13.983978896
12.173960000000001	0.001785014	13.983978896
12.17528	0.001785014	13.983978896
12.17406	0.001785014	13.983978896
12.17066	0.001785014	13.983978896
12.16653	0.001785014	13.983978896
12.16285	0.001785014	13.983978896
12.16067	0.001785014	13.983978896
12.159180000000001	0.001785014	13.983978896
12.15568	0.001785014	13.983978896
12.153789999999999	0.001785014	13.983978896
12.151869999999999	0.001785014	13.983978896
12.14586	0.001785014	13.983978896
12.14018	0.001785014	13.983978896
12.13429	0.001785014	13.983978896
12.1289	0.001785014	13.983978896
12.12102	0.001785014	13.983978896
12.11088	0.001785014	13.983978896
12.10186	0.001785014	13.983978896
12.09333	0.001785014	13.983978896
12.086889999999999	0.001785014	13.983978896
12.08383	0.001785014	13.983978896
12.07882	0.001785014	13.983978896
12.07536	0.001785014	13.983978896
12.06894	0.001785014	13.983978896
12.06017	0.001785014	13.983978896
12.05124	0.001785014	13.983978896
12.04146	0.001785014	13.983978896
12.0327	0.001785014	13.983978896
12.023710000000001	0.001785014	13.983978896
12.01341	0.001785014	13.983978896
12.00291	0.001785014	13.983978896
11.989930000000001	0.001785014	13.983978896
11.978110000000001	0.001785014	13.983978896
11.96723	0.001785014	13.983978896
11.956	0.001785014	13.983978896
11.9448	0.001785014	13.983978896
11.93363	0.001785014	13.983978896
11.92394	0.001785014	13.983978896
11.91283	0.001785014	13.983978896
11.90011	0.001785014	13.983978896
11.89137	0.001785014	13.983978896
11.88055	0.001785014	13.983978896
11.87237	0.001785014	13.983978896
11.86232	0.001785014	13.983978896
11.85259	0.001785014	13.983978896
11.84281	0.001785014	13.983978896
11.834589999999999	0.001785014	13.983978896
11.82731	0.001785014	13.983978896
11.820260000000001	0.001785014	13.983978896
11.8136	0.001785014	13.983978896
11.80583	0.001785014	13.983978896
11.797460000000001	0.001785014	13.983978896
11.79077	0.001785014	13.983978896
11.784139999999999	0.001785014	13.983978896
11.779160000000001	0.001785014	13.983978896
11.77473	0.001785014	13.983978896
11.76985	0.001785014	13.983978896
11.76463	0.001785014	13.983978896
11.76037	0.001785014	13.983978896
11.75736	0.001785014	13.983978896
11.75564	0.001785014	13.983978896
11.756260000000001	0.001785014	13.983978896
11.756739999999999	0.001785014	13.983978896
11.75619	0.001785014	13.983978896
11.757639999999999	0.001785014	13.983978896
11.75808	0.001785014	13.983978896
11.75804	0.001785014	13.983978896
11.75751	0.001785014	13.983978896
11.75891	0.001785014	13.983978896
11.75965	0.001785014	13.983978896
11.757760000000001	0.001785014	13.983978896
11.75638	0.001785014	13.983978896
11.756839999999999	0.001785014	13.983978896
11.75716	0.001785014	13.983978896
11.75715	0.001785014	13.983978896
11.75832	0.001785014	13.983978896
11.757710000000001	0.001785014	13.983978896
11.75798	0.001785014	13.983978896
11.75942	0.001785014	13.983978896
11.763869999999999	0.001785014	13.983978896
11.76587	0.001785014	13.983978896
11.76834	0.001785014	13.983978896
11.77127	0.001785014	13.983978896
11.77517	0.001785014	13.983978896
11.77823	0.001785014	13.983978896
11.779819999999999	0.001785014	13.983978896
11.78293	0.001785014	13.983978896
11.78577	0.001785014	13.983978896
11.78819	0.001785014	13.983978896
11.79165	0.001785014	13.983978896
11.79524	0.001785014	13.983978896
11.79774	0.001785014	13.983978896
11.79906	0.001785014	13.983978896
11.80194	0.001785014	13.983978896
11.80528	0.001785014	13.983978896
11.8093	0.001785014	13.983978896
11.811760000000001	0.001785014	13.983978896
11.81348	0.001785014	13.983978896
11.81813	0.001785014	13.983978896
11.82395	0.001785014	13.983978896
11.82599	0.001785014	13.983978896
11.827630000000001	0.001785014	13.983978896
11.82709	0.001785014	13.983978896
11.82667	0.001785014	13.983978896
11.829189999999999	0.001785014	13.983978896
11.834719999999999	0.001785014	13.983978896
11.83992	0.001785014	13.983978896
11.846	0.001785014	13.983978896
11.85218	0.001785014	13.983978896
11.85827	0.001785014	13.983978896
11.86455	0.001785014	13.983978896
11.86892	0.001785014	13.983978896
11.872689999999999	0.001785014	13.983978896
11.876669999999999	0.001785014	13.983978896
11.88101	0.001785014	13.983978896
11.882660000000001	0.001785014	13.983978896
11.8798	0.001785014	13.983978896
11.87739	0.001785014	13.983978896
11.87368	0.001785014	13.983978896
11.87234	0.001785014	13.983978896
11.8711	0.001785014	13.983978896
11.86796	0.001785014	13.983978896
11.86557	0.001785014	13.983978896
11.86215	0.001785014	13.983978896
11.85823	0.001785014	13.983978896
11.85397	0.001785014	13.983978896
11.8508	0.001785014	13.983978896
11.85149	0.001785014	13.983978896
11.85065	0.001785014	13.983978896
11.85031	0.001785014	13.983978896
11.849739999999999	0.001785014	13.983978896
11.850060000000001	0.001785014	13.983978896
11.84792	0.001785014	13.983978896
11.84585	0.001785014	13.983978896
11.8444	0.001785014	13.983978896
11.844380000000001	0.001785014	13.983978896
11.84446	0.001785014	13.983978896
11.84281	0.001785014	13.983978896
11.839889999999999	0.001785014	13.983978896
11.83642	0.001785014	13.983978896
11.83372	0.001785014	13.983978896
11.8291	0.001785014	13.983978896
11.825460000000001	0.001785014	13.983978896
11.8228	0.001785014	13.983978896
11.82157	0.001785014	13.983978896
11.821110000000001	0.001785014	13.983978896
11.82053	0.001785014	13.983978896
11.821819999999999	0.001785014	13.983978896
11.82221	0.001785014	13.983978896
11.82281	0.001785014	13.983978896
11.820839999999999	0.001785014	13.983978896
11.81818	0.001785014	13.983978896
11.81435	0.001785014	13.983978896
11.8114	0.001785014	13.983978896
11.80857	0.001785014	13.983978896
11.80534	0.001785014	13.983978896
11.80155	0.001785014	13.983978896
11.797089999999999	0.001785014	13.983978896
11.79575	0.001785014	13.983978896
11.79523	0.001785014	13.983978896
11.79583	0.001785014	13.983978896
11.7972	0.001785014	13.983978896
11.79839	0.001785014	13.983978896
11.80033	0.001785014	13.983978896
11.801210000000001	0.001785014	13.983978896
11.80282	0.001785014	13.983978896
11.80605	0.001785014	13.983978896
11.81034	0.001785014	13.983978896
11.81248	0.001785014	13.983978896
11.81584	0.001785014	13.983978896
11.81959	0.001785014	13.983978896
11.823319999999999	0.001785014	13.983978896
11.824119999999999	0.001785014	13.983978896
11.822989999999999	0.001785014	13.983978896
11.820910000000001	0.001785014	13.983978896
11.81903	0.001785014	13.983978896
11.81906	0.001785014	13.983978896
11.821769999999999	0.001785014	13.983978896
11.82691	0.001785014	13.983978896
11.828389999999999	0.001785014	13.983978896
11.82997	0.001785014	13.983978896
11.82975	0.001785014	13.983978896
11.82883	0.001785014	13.983978896
11.82832	0.001785014	13.983978896
11.82966	0.001785014	13.983978896
11.830160000000001	0.001785014	13.983978896
11.83082	0.001785014	13.983978896
11.83175	0.001785014	13.983978896
11.83274	0.001785014	13.983978896
11.83561	0.001785014	13.983978896
11.83987	0.001785014	13.983978896
11.84494	0.001785014	13.983978896
11.84982	0.001785014	13.983978896
11.85031	0.001785014	13.983978896
11.84907	0.001785014	13.983978896
11.84828	0.001785014	13.983978896
11.84642	0.001785014	13.983978896
11.84549	0.001785014	13.983978896
11.842410000000001	0.001785014	13.983978896
11.83814	0.001785014	13.983978896
11.83269	0.001785014	13.983978896
11.82746	0.001785014	13.983978896
11.826880000000001	0.001785014	13.983978896
11.82739	0.001785014	13.983978896
11.82654	0.001785014	13.983978896
11.82751	0.001785014	13.983978896
11.8286	0.001785014	13.983978896
11.83037	0.001785014	13.983978896
11.83182	0.001785014	13.983978896
11.83319	0.001785014	13.983978896
11.8337	0.001785014	13.983978896
11.83511	0.001785014	13.983978896
11.83559	0.001785014	13.983978896
11.83722	0.001785014	13.983978896
11.84075	0.001785014	13.983978896
11.84072	0.001785014	13.983978896
11.84145	0.001785014	13.983978896
11.8412	0.001785014	13.983978896
11.84027	0.001785014	13.983978896
11.84038	0.001785014	13.983978896
11.84233	0.001785014	13.983978896
11.84412	0.001785014	13.983978896
11.84757	0.001785014	13.983978896
11.85104	0.001785014	13.983978896
11.85546	0.001785014	13.983978896
11.86107	0.001785014	13.983978896
11.8643	0.001785014	13.983978896
11.86721	0.001785014	13.983978896
11.872630000000001	0.001785014	13.983978896
11.87827	0.001785014	13.983978896
11.88387	0.001785014	13.983978896
11.887889999999999	0.001785014	13.983978896
11.88989	0.001785014	13.983978896
11.88865	0.001785014	13.983978896
11.8868	0.001785014	13.983978896
11.88369	0.001785014	13.983978896
11.88045	0.001785014	13.983978896
11.87903	0.001785014	13.983978896
11.88006	0.001785014	13.983978896
11.87858	0.001785014	13.983978896
11.878960000000001	0.001785014	13.983978896
11.88229	0.001785014	13.983978896
11.88513	0.001785014	13.983978896
11.88899	0.001785014	13.983978896
11.891	0.001785014	13.983978896
11.892489999999999	0.001785014	13.983978896
11.896189999999999	0.001785014	13.983978896
11.89962	0.001785014	13.983978896
11.901019999999999	0.001785014	13.983978896
11.899560000000001	0.001785014	13.983978896
11.89772	0.001785014	13.983978896
11.89454	0.001785014	13.983978896
11.889489999999999	0.001785014	13.983978896
11.885819999999999	0.001785014	13.983978896
11.884139999999999	0.001785014	13.983978896
11.88451	0.001785014	13.983978896
11.88523	0.001785014	13.983978896
11.88505	0.001785014	13.983978896
11.885110000000001	0.001785014	13.983978896
11.88557	0.001785014	13.983978896
11.88284	0.001785014	13.983978896
11.87973	0.001785014	13.983978896
11.878860000000001	0.001785014	13.983978896
11.879380000000001	0.001785014	13.983978896
11.88115	0.001785014	13.983978896
11.88727	0.001785014	13.983978896
11.89405	0.001785014	13.983978896
11.901110000000001	0.001785014	13.983978896
11.906830000000001	0.001785014	13.983978896
11.91077	0.001785014	13.983978896
11.91349	0.001785014	13.983978896
11.91646	0.001785014	13.983978896
11.91843	0.001785014	13.983978896
