14.832379999999999	0.001785014	15.117815022
14.83501	0.001785014	15.117815022
14.83472	0.001785014	15.117815022
14.836279999999999	0.001785014	15.117815022
14.83705	0.001785014	15.117815022
14.8401	0.001785014	15.117815022
14.8464	0.001785014	15.117815022
14.854079999999998	0.001785014	15.117815022
14.8594	0.001785014	15.117815022
14.86382	0.001785014	15.117815022
14.86788	0.001785014	15.117815022
14.870270000000001	0.001785014	15.117815022
14.87481	0.001785014	15.117815022
14.876489999999999	0.001785014	15.117815022
14.87616	0.001785014	15.117815022
14.87456	0.001785014	15.117815022
14.87398	0.001785014	15.117815022
14.876	0.001785014	15.117815022
14.881	0.001785014	15.117815022
14.884979999999999	0.001785014	15.117815022
14.8893	0.001785014	15.117815022
14.893410000000001	0.001785014	15.117815022
14.898629999999999	0.001785014	15.117815022
14.90339	0.001785014	15.117815022
14.90988	0.001785014	15.117815022
14.915579999999999	0.001785014	15.117815022
14.9206	0.001785014	15.117815022
14.92605	0.001785014	15.117815022
14.93186	0.001785014	15.117815022
14.937879999999998	0.001785014	15.117815022
14.941370000000001	0.001785014	15.117815022
14.94219	0.001785014	15.117815022
14.9434	0.001785014	15.117815022
14.94467	0.001785014	15.117815022
14.94863	0.001785014	15.117815022
14.953579999999999	0.001785014	15.117815022
14.959079999999998	0.001785014	15.117815022
14.96455	0.001785014	15.117815022
14.97076	0.001785014	15.117815022
14.972620000000001	0.001785014	15.117815022
14.9738	0.001785014	15.117815022
14.97212	0.001785014	15.117815022
14.968810000000001	0.001785014	15.117815022
14.96512	0.001785014	15.117815022
14.96195	0.001785014	15.117815022
14.95929	0.001785014	15.117815022
14.9552	0.001785014	15.117815022
14.953339999999999	0.001785014	15.117815022
14.95311	0.001785014	15.117815022
14.95314	0.001785014	15.117815022
14.95439	0.001785014	15.117815022
14.9554	0.001785014	15.117815022
14.956710000000001	0.001785014	15.117815022
14.959579999999999	0.001785014	15.117815022
14.9607	0.001785014	15.117815022
14.961879999999999	0.001785014	15.117815022
14.964089999999999	0.001785014	15.117815022
14.96478	0.001785014	15.117815022
14.96776	0.001785014	15.117815022
14.97299	0.001785014	15.117815022
14.97845	0.001785014	15.117815022
14.98332	0.001785014	15.117815022
14.98661	0.001785014	15.117815022
14.989670000000002	0.001785014	15.117815022
14.993839999999999	0.001785014	15.117815022
14.99969	0.001785014	15.117815022
15.003329999999998	0.001785014	15.117815022
15.00591	0.001785014	15.117815022
15.00847	0.001785014	15.117815022
15.00799	0.001785014	15.117815022
15.01077	0.001785014	15.117815022
15.011989999999999	0.001785014	15.117815022
15.012	0.001785014	15.117815022
15.01157	0.001785014	15.117815022
15.009670000000002	0.001785014	15.117815022
15.005729999999998	0.001785014	15.117815022
15.00339	0.001785014	15.117815022
15.001220000000002	0.001785014	15.117815022
15.00101	0.001785014	15.117815022
15.002429999999999	0.001785014	15.117815022
15.00521	0.001785014	15.117815022
15.00741	0.001785014	15.117815022
15.01041	0.001785014	15.117815022
15.0122	0.001785014	15.117815022
15.01116	0.001785014	15.117815022
15.00951	0.001785014	15.117815022
15.004620000000001	0.001785014	15.117815022
14.99934	0.001785014	15.117815022
14.99663	0.001785014	15.117815022
14.99598	0.001785014	15.117815022
14.993570000000002	0.001785014	15.117815022
14.993229999999999	0.001785014	15.117815022
14.991779999999999	0.001785014	15.117815022
14.99175	0.001785014	15.117815022
14.99196	0.001785014	15.117815022
14.991570000000001	0.001785014	15.117815022
14.993039999999999	0.001785014	15.117815022
14.99642	0.001785014	15.117815022
14.9997	0.001785014	15.117815022
15.00394	0.001785014	15.117815022
15.0044	0.001785014	15.117815022
15.00545	0.001785014	15.117815022
15.00794	0.001785014	15.117815022
15.012129999999999	0.001785014	15.117815022
15.01433	0.001785014	15.117815022
15.01583	0.001785014	15.117815022
15.016420000000002	0.001785014	15.117815022
15.015820000000001	0.001785014	15.117815022
15.0161	0.001785014	15.117815022
15.01825	0.001785014	15.117815022
15.018979999999999	0.001785014	15.117815022
15.01789	0.001785014	15.117815022
15.0193	0.001785014	15.117815022
15.0229	0.001785014	15.117815022
15.025360000000001	0.001785014	15.117815022
15.028120000000001	0.001785014	15.117815022
15.03055	0.001785014	15.117815022
15.032070000000001	0.001785014	15.117815022
15.03219	0.001785014	15.117815022
15.033120000000002	0.001785014	15.117815022
15.035420000000002	0.001785014	15.117815022
15.0388	0.001785014	15.117815022
15.042229999999998	0.001785014	15.117815022
15.04665	0.001785014	15.117815022
15.048020000000001	0.001785014	15.117815022
15.048010000000001	0.001785014	15.117815022
15.04665	0.001785014	15.117815022
15.045779999999999	0.001785014	15.117815022
15.04601	0.001785014	15.117815022
15.04686	0.001785014	15.117815022
15.04761	0.001785014	15.117815022
15.048	0.001785014	15.117815022
15.049029999999998	0.001785014	15.117815022
15.050270000000001	0.001785014	15.117815022
15.04999	0.001785014	15.117815022
15.050889999999999	0.001785014	15.117815022
15.05393	0.001785014	15.117815022
15.05475	0.001785014	15.117815022
15.05354	0.001785014	15.117815022
15.0527	0.001785014	15.117815022
15.05059	0.001785014	15.117815022
15.050920000000001	0.001785014	15.117815022
15.04929	0.001785014	15.117815022
15.049629999999999	0.001785014	15.117815022
15.05131	0.001785014	15.117815022
15.053020000000002	0.001785014	15.117815022
15.052620000000001	0.001785014	15.117815022
15.0541	0.001785014	15.117815022
15.055320000000002	0.001785014	15.117815022
15.05541	0.001785014	15.117815022
15.05592	0.001785014	15.117815022
15.057889999999999	0.001785014	15.117815022
15.05902	0.001785014	15.117815022
15.059239999999999	0.001785014	15.117815022
15.056	0.001785014	15.117815022
15.053770000000002	0.001785014	15.117815022
15.052270000000002	0.001785014	15.117815022
15.051120000000001	0.001785014	15.117815022
15.0487	0.001785014	15.117815022
15.04689	0.001785014	15.117815022
15.044920000000001	0.001785014	15.117815022
15.044310000000001	0.001785014	15.117815022
15.04385	0.001785014	15.117815022
15.04318	0.001785014	15.117815022
15.04137	0.001785014	15.117815022
15.039670000000001	0.001785014	15.117815022
15.03762	0.001785014	15.117815022
15.03509	0.001785014	15.117815022
15.03635	0.001785014	15.117815022
15.03781	0.001785014	15.117815022
15.03646	0.001785014	15.117815022
15.03284	0.001785014	15.117815022
15.029670000000001	0.001785014	15.117815022
15.024410000000001	0.001785014	15.117815022
15.020560000000001	0.001785014	15.117815022
15.01837	0.001785014	15.117815022
15.016860000000001	0.001785014	15.117815022
15.01668	0.001785014	15.117815022
15.0183	0.001785014	15.117815022
15.02036	0.001785014	15.117815022
15.02135	0.001785014	15.117815022
15.01934	0.001785014	15.117815022
15.017170000000002	0.001785014	15.117815022
15.01474	0.001785014	15.117815022
15.0122	0.001785014	15.117815022
15.010720000000001	0.001785014	15.117815022
15.00937	0.001785014	15.117815022
15.009129999999999	0.001785014	15.117815022
15.008239999999999	0.001785014	15.117815022
15.00707	0.001785014	15.117815022
15.00552	0.001785014	15.117815022
15.00204	0.001785014	15.117815022
14.997029999999999	0.001785014	15.117815022
14.9941	0.001785014	15.117815022
14.99094	0.001785014	15.117815022
14.98802	0.001785014	15.117815022
14.985610000000001	0.001785014	15.117815022
14.984470000000002	0.001785014	15.117815022
14.98365	0.001785014	15.117815022
14.98125	0.001785014	15.117815022
14.98045	0.001785014	15.117815022
14.97851	0.001785014	15.117815022
14.975389999999999	0.001785014	15.117815022
14.971020000000001	0.001785014	15.117815022
14.96761	0.001785014	15.117815022
14.966270000000002	0.001785014	15.117815022
14.96519	0.001785014	15.117815022
14.966429999999999	0.001785014	15.117815022
14.96483	0.001785014	15.117815022
14.96507	0.001785014	15.117815022
14.963339999999999	0.001785014	15.117815022
14.96125	0.001785014	15.117815022
14.96236	0.001785014	15.117815022
14.96301	0.001785014	15.117815022
14.96614	0.001785014	15.117815022
14.96923	0.001785014	15.117815022
14.971	0.001785014	15.117815022
14.972439999999999	0.001785014	15.117815022
14.972920000000002	0.001785014	15.117815022
14.97364	0.001785014	15.117815022
14.972570000000001	0.001785014	15.117815022
14.97209	0.001785014	15.117815022
14.96827	0.001785014	15.117815022
14.966529999999999	0.001785014	15.117815022
14.966320000000001	0.001785014	15.117815022
14.96774	0.001785014	15.117815022
14.96959	0.001785014	15.117815022
14.972729999999999	0.001785014	15.117815022
14.974689999999999	0.001785014	15.117815022
14.9743	0.001785014	15.117815022
14.97274	0.001785014	15.117815022
14.972629999999999	0.001785014	15.117815022
14.9713	0.001785014	15.117815022
14.97289	0.001785014	15.117815022
14.971910000000001	0.001785014	15.117815022
14.96885	0.001785014	15.117815022
14.9644	0.001785014	15.117815022
14.96246	0.001785014	15.117815022
14.96103	0.001785014	15.117815022
14.958670000000001	0.001785014	15.117815022
14.95599	0.001785014	15.117815022
14.951089999999999	0.001785014	15.117815022
14.946860000000001	0.001785014	15.117815022
14.942879999999999	0.001785014	15.117815022
14.93619	0.001785014	15.117815022
14.928410000000001	0.001785014	15.117815022
14.9175	0.001785014	15.117815022
14.90665	0.001785014	15.117815022
14.89688	0.001785014	15.117815022
14.88546	0.001785014	15.117815022
14.873870000000002	0.001785014	15.117815022
14.86266	0.001785014	15.117815022
14.852910000000001	0.001785014	15.117815022
14.843589999999999	0.001785014	15.117815022
14.83392	0.001785014	15.117815022
14.826970000000001	0.001785014	15.117815022
14.81799	0.001785014	15.117815022
14.8089	0.001785014	15.117815022
14.80001	0.001785014	15.117815022
14.79195	0.001785014	15.117815022
14.784239999999999	0.001785014	15.117815022
14.77551	0.001785014	15.117815022
14.76685	0.001785014	15.117815022
14.75947	0.001785014	15.117815022
14.7528	0.001785014	15.117815022
14.746770000000001	0.001785014	15.117815022
14.74213	0.001785014	15.117815022
14.736220000000001	0.001785014	15.117815022
14.732320000000001	0.001785014	15.117815022
14.72923	0.001785014	15.117815022
14.72755	0.001785014	15.117815022
14.72605	0.001785014	15.117815022
14.724960000000001	0.001785014	15.117815022
14.724870000000001	0.001785014	15.117815022
14.725829999999998	0.001785014	15.117815022
14.728439999999999	0.001785014	15.117815022
14.73185	0.001785014	15.117815022
14.735270000000002	0.001785014	15.117815022
14.736220000000001	0.001785014	15.117815022
14.73518	0.001785014	15.117815022
14.735470000000001	0.001785014	15.117815022
14.734810000000001	0.001785014	15.117815022
14.73224	0.001785014	15.117815022
14.73045	0.001785014	15.117815022
14.726529999999999	0.001785014	15.117815022
14.72441	0.001785014	15.117815022
14.72489	0.001785014	15.117815022
14.725489999999999	0.001785014	15.117815022
14.723460000000001	0.001785014	15.117815022
14.72189	0.001785014	15.117815022
14.72127	0.001785014	15.117815022
14.72176	0.001785014	15.117815022
14.72451	0.001785014	15.117815022
14.72509	0.001785014	15.117815022
14.724160000000001	0.001785014	15.117815022
14.7224	0.001785014	15.117815022
14.719	0.001785014	15.117815022
14.713829999999998	0.001785014	15.117815022
14.70698	0.001785014	15.117815022
14.703779999999998	0.001785014	15.117815022
14.700220000000002	0.001785014	15.117815022
14.69692	0.001785014	15.117815022
14.693	0.001785014	15.117815022
14.68791	0.001785014	15.117815022
14.6821	0.001785014	15.117815022
14.678529999999999	0.001785014	15.117815022
14.67583	0.001785014	15.117815022
14.67198	0.001785014	15.117815022
14.669529999999998	0.001785014	15.117815022
14.669220000000001	0.001785014	15.117815022
14.669	0.001785014	15.117815022
14.668120000000002	0.001785014	15.117815022
14.66557	0.001785014	15.117815022
14.661370000000002	0.001785014	15.117815022
14.65576	0.001785014	15.117815022
14.65223	0.001785014	15.117815022
14.649610000000001	0.001785014	15.117815022
14.644879999999999	0.001785014	15.117815022
14.6395	0.001785014	15.117815022
14.63524	0.001785014	15.117815022
14.631860000000001	0.001785014	15.117815022
14.63079	0.001785014	15.117815022
14.629320000000002	0.001785014	15.117815022
14.62902	0.001785014	15.117815022
14.62635	0.001785014	15.117815022
14.627670000000002	0.001785014	15.117815022
14.632010000000001	0.001785014	15.117815022
14.63781	0.001785014	15.117815022
14.6429	0.001785014	15.117815022
14.64981	0.001785014	15.117815022
14.6565	0.001785014	15.117815022
14.661979999999998	0.001785014	15.117815022
14.6656	0.001785014	15.117815022
14.670229999999998	0.001785014	15.117815022
14.673829999999999	0.001785014	15.117815022
14.677729999999999	0.001785014	15.117815022
14.681920000000002	0.001785014	15.117815022
14.68759	0.001785014	15.117815022
14.69198	0.001785014	15.117815022
14.69775	0.001785014	15.117815022
14.70641	0.001785014	15.117815022
14.7144	0.001785014	15.117815022
14.722170000000002	0.001785014	15.117815022
14.730210000000001	0.001785014	15.117815022
14.7358	0.001785014	15.117815022
14.738170000000002	0.001785014	15.117815022
14.73891	0.001785014	15.117815022
14.73996	0.001785014	15.117815022
14.7409	0.001785014	15.117815022
14.74151	0.001785014	15.117815022
14.74037	0.001785014	15.117815022
14.74065	0.001785014	15.117815022
14.740479999999998	0.001785014	15.117815022
14.73908	0.001785014	15.117815022
14.737070000000001	0.001785014	15.117815022
14.733379999999999	0.001785014	15.117815022
14.73439	0.001785014	15.117815022
14.732610000000001	0.001785014	15.117815022
14.73061	0.001785014	15.117815022
14.7268	0.001785014	15.117815022
14.72212	0.001785014	15.117815022
14.716629999999999	0.001785014	15.117815022
14.71093	0.001785014	15.117815022
14.703029999999998	0.001785014	15.117815022
14.696710000000001	0.001785014	15.117815022
14.690879999999998	0.001785014	15.117815022
14.685229999999999	0.001785014	15.117815022
14.678360000000001	0.001785014	15.117815022
14.67036	0.001785014	15.117815022
14.66342	0.001785014	15.117815022
14.65577	0.001785014	15.117815022
14.64688	0.001785014	15.117815022
14.63845	0.001785014	15.117815022
14.631829999999999	0.001785014	15.117815022
14.62638	0.001785014	15.117815022
14.621479999999998	0.001785014	15.117815022
14.61984	0.001785014	15.117815022
14.618179999999999	0.001785014	15.117815022
14.617320000000001	0.001785014	15.117815022
14.613220000000002	0.001785014	15.117815022
14.608629999999998	0.001785014	15.117815022
14.604779999999998	0.001785014	15.117815022
14.602079999999999	0.001785014	15.117815022
14.60462	0.001785014	15.117815022
14.608229999999999	0.001785014	15.117815022
14.609620000000001	0.001785014	15.117815022
14.611260000000001	0.001785014	15.117815022
14.61304	0.001785014	15.117815022
14.614889999999999	0.001785014	15.117815022
14.61638	0.001785014	15.117815022
14.615079999999999	0.001785014	15.117815022
14.61633	0.001785014	15.117815022
14.61934	0.001785014	15.117815022
14.619110000000001	0.001785014	15.117815022
14.618670000000002	0.001785014	15.117815022
14.617920000000002	0.001785014	15.117815022
14.6163	0.001785014	15.117815022
14.61369	0.001785014	15.117815022
14.61186	0.001785014	15.117815022
14.61091	0.001785014	15.117815022
14.608920000000001	0.001785014	15.117815022
14.606670000000001	0.001785014	15.117815022
14.60335	0.001785014	15.117815022
14.601220000000001	0.001785014	15.117815022
14.59895	0.001785014	15.117815022
14.59791	0.001785014	15.117815022
14.59627	0.001785014	15.117815022
14.59857	0.001785014	15.117815022
14.599229999999999	0.001785014	15.117815022
14.597220000000002	0.001785014	15.117815022
14.5972	0.001785014	15.117815022
14.59477	0.001785014	15.117815022
14.592629999999998	0.001785014	15.117815022
14.5899	0.001785014	15.117815022
14.58596	0.001785014	15.117815022
14.58115	0.001785014	15.117815022
14.57956	0.001785014	15.117815022
14.57797	0.001785014	15.117815022
14.5762	0.001785014	15.117815022
14.57308	0.001785014	15.117815022
14.567789999999999	0.001785014	15.117815022
14.56105	0.001785014	15.117815022
14.55136	0.001785014	15.117815022
14.541279999999999	0.001785014	15.117815022
14.53033	0.001785014	15.117815022
14.518979999999999	0.001785014	15.117815022
14.508479999999999	0.001785014	15.117815022
14.50009	0.001785014	15.117815022
14.49269	0.001785014	15.117815022
14.486870000000001	0.001785014	15.117815022
14.481129999999999	0.001785014	15.117815022
14.47521	0.001785014	15.117815022
14.46814	0.001785014	15.117815022
14.464039999999999	0.001785014	15.117815022
14.45778	0.001785014	15.117815022
14.452929999999999	0.001785014	15.117815022
14.44871	0.001785014	15.117815022
14.44364	0.001785014	15.117815022
14.43775	0.001785014	15.117815022
14.43335	0.001785014	15.117815022
14.42726	0.001785014	15.117815022
14.422620000000002	0.001785014	15.117815022
14.4196	0.001785014	15.117815022
14.420160000000001	0.001785014	15.117815022
14.4196	0.001785014	15.117815022
14.41986	0.001785014	15.117815022
14.417910000000001	0.001785014	15.117815022
14.41647	0.001785014	15.117815022
14.41505	0.001785014	15.117815022
14.415170000000002	0.001785014	15.117815022
14.4127	0.001785014	15.117815022
14.409329999999999	0.001785014	15.117815022
14.404879999999999	0.001785014	15.117815022
14.400079999999999	0.001785014	15.117815022
14.39303	0.001785014	15.117815022
14.386429999999999	0.001785014	15.117815022
14.380189999999999	0.001785014	15.117815022
14.37301	0.001785014	15.117815022
14.36323	0.001785014	15.117815022
14.35019	0.001785014	15.117815022
14.34017	0.001785014	15.117815022
14.32961	0.001785014	15.117815022
14.32122	0.001785014	15.117815022
14.313039999999999	0.001785014	15.117815022
14.304329999999998	0.001785014	15.117815022
14.29751	0.001785014	15.117815022
14.290420000000001	0.001785014	15.117815022
14.28251	0.001785014	15.117815022
14.27615	0.001785014	15.117815022
14.26879	0.001785014	15.117815022
14.26317	0.001785014	15.117815022
14.25709	0.001785014	15.117815022
14.24869	0.001785014	15.117815022
14.23988	0.001785014	15.117815022
14.232170000000002	0.001785014	15.117815022
14.225060000000001	0.001785014	15.117815022
14.21619	0.001785014	15.117815022
14.20929	0.001785014	15.117815022
14.203629999999999	0.001785014	15.117815022
14.20077	0.001785014	15.117815022
14.196810000000001	0.001785014	15.117815022
14.192879999999999	0.001785014	15.117815022
14.1887	0.001785014	15.117815022
14.1851	0.001785014	15.117815022
14.18315	0.001785014	15.117815022
14.17914	0.001785014	15.117815022
14.173639999999999	0.001785014	15.117815022
14.16859	0.001785014	15.117815022
14.16606	0.001785014	15.117815022
14.16327	0.001785014	15.117815022
14.16192	0.001785014	15.117815022
14.158370000000001	0.001785014	15.117815022
14.1566	0.001785014	15.117815022
14.155420000000001	0.001785014	15.117815022
14.153210000000001	0.001785014	15.117815022
14.152579999999999	0.001785014	15.117815022
14.15136	0.001785014	15.117815022
14.1511	0.001785014	15.117815022
14.147879999999999	0.001785014	15.117815022
14.145179999999998	0.001785014	15.117815022
14.14347	0.001785014	15.117815022
14.142479999999999	0.001785014	15.117815022
14.139479999999999	0.001785014	15.117815022
14.135520000000001	0.001785014	15.117815022
14.130360000000001	0.001785014	15.117815022
14.12319	0.001785014	15.117815022
14.11726	0.001785014	15.117815022
14.11605	0.001785014	15.117815022
14.115429999999998	0.001785014	15.117815022
14.113629999999999	0.001785014	15.117815022
14.1129	0.001785014	15.117815022
14.111460000000001	0.001785014	15.117815022
14.10895	0.001785014	15.117815022
14.108070000000001	0.001785014	15.117815022
14.10914	0.001785014	15.117815022
14.108820000000001	0.001785014	15.117815022
14.109720000000001	0.001785014	15.117815022
14.11069	0.001785014	15.117815022
14.111310000000001	0.001785014	15.117815022
14.111070000000002	0.001785014	15.117815022
14.10939	0.001785014	15.117815022
14.108410000000001	0.001785014	15.117815022
14.105870000000001	0.001785014	15.117815022
14.10305	0.001785014	15.117815022
14.1006	0.001785014	15.117815022
14.098770000000002	0.001785014	15.117815022
14.094779999999998	0.001785014	15.117815022
14.093379999999998	0.001785014	15.117815022
14.091520000000001	0.001785014	15.117815022
14.0898	0.001785014	15.117815022
14.090060000000001	0.001785014	15.117815022
14.090760000000001	0.001785014	15.117815022
14.09036	0.001785014	15.117815022
14.08937	0.001785014	15.117815022
14.09105	0.001785014	15.117815022
14.091879999999998	0.001785014	15.117815022
14.09194	0.001785014	15.117815022
14.091460000000001	0.001785014	15.117815022
14.09085	0.001785014	15.117815022
14.091	0.001785014	15.117815022
14.089120000000001	0.001785014	15.117815022
14.086379999999998	0.001785014	15.117815022
14.0817	0.001785014	15.117815022
14.07797	0.001785014	15.117815022
14.0746	0.001785014	15.117815022
14.07025	0.001785014	15.117815022
14.06468	0.001785014	15.117815022
14.059479999999999	0.001785014	15.117815022
14.04907	0.001785014	15.117815022
14.0392	0.001785014	15.117815022
14.02948	0.001785014	15.117815022
14.019079999999999	0.001785014	15.117815022
14.00641	0.001785014	15.117815022
13.995479999999999	0.001785014	15.117815022
13.985439999999999	0.001785014	15.117815022
13.97729	0.001785014	15.117815022
13.97005	0.001785014	15.117815022
13.959129999999998	0.001785014	15.117815022
13.948870000000001	0.001785014	15.117815022
13.941120000000002	0.001785014	15.117815022
13.93104	0.001785014	15.117815022
13.92135	0.001785014	15.117815022
13.91257	0.001785014	15.117815022
13.906089999999999	0.001785014	15.117815022
13.899389999999999	0.001785014	15.117815022
13.891470000000002	0.001785014	15.117815022
13.88424	0.001785014	15.117815022
13.87824	0.001785014	15.117815022
13.873579999999999	0.001785014	15.117815022
13.868979999999999	0.001785014	15.117815022
13.86485	0.001785014	15.117815022
13.86222	0.001785014	15.117815022
13.85648	0.001785014	15.117815022
13.845	0.001785014	15.117815022
13.83419	0.001785014	15.117815022
13.825610000000001	0.001785014	15.117815022
13.81836	0.001785014	15.117815022
13.81313	0.001785014	15.117815022
13.80807	0.001785014	15.117815022
13.80236	0.001785014	15.117815022
13.795810000000001	0.001785014	15.117815022
13.78905	0.001785014	15.117815022
13.782620000000001	0.001785014	15.117815022
13.774779999999998	0.001785014	15.117815022
13.768220000000001	0.001785014	15.117815022
13.763729999999999	0.001785014	15.117815022
13.759910000000001	0.001785014	15.117815022
13.75499	0.001785014	15.117815022
13.74874	0.001785014	15.117815022
13.74373	0.001785014	15.117815022
13.738539999999999	0.001785014	15.117815022
13.73404	0.001785014	15.117815022
13.72586	0.001785014	15.117815022
13.714360000000001	0.001785014	15.117815022
13.705929999999999	0.001785014	15.117815022
13.69709	0.001785014	15.117815022
13.69231	0.001785014	15.117815022
13.687270000000002	0.001785014	15.117815022
13.678170000000001	0.001785014	15.117815022
13.67109	0.001785014	15.117815022
13.66199	0.001785014	15.117815022
13.655070000000002	0.001785014	15.117815022
13.64765	0.001785014	15.117815022
13.639170000000002	0.001785014	15.117815022
13.63057	0.001785014	15.117815022
13.620470000000001	0.001785014	15.117815022
13.611170000000001	0.001785014	15.117815022
13.60211	0.001785014	15.117815022
13.59387	0.001785014	15.117815022
13.58487	0.001785014	15.117815022
13.577129999999999	0.001785014	15.117815022
13.568779999999999	0.001785014	15.117815022
13.56056	0.001785014	15.117815022
13.55044	0.001785014	15.117815022
13.541960000000001	0.001785014	15.117815022
13.535739999999999	0.001785014	15.117815022
13.529520000000002	0.001785014	15.117815022
13.52389	0.001785014	15.117815022
13.519429999999998	0.001785014	15.117815022
13.51351	0.001785014	15.117815022
13.50719	0.001785014	15.117815022
13.50345	0.001785014	15.117815022
13.498529999999999	0.001785014	15.117815022
13.49565	0.001785014	15.117815022
13.4916	0.001785014	15.117815022
13.486529999999998	0.001785014	15.117815022
13.478679999999999	0.001785014	15.117815022
13.471329999999998	0.001785014	15.117815022
13.462760000000001	0.001785014	15.117815022
13.45319	0.001785014	15.117815022
13.441320000000001	0.001785014	15.117815022
13.427760000000001	0.001785014	15.117815022
13.41639	0.001785014	15.117815022
13.40214	0.001785014	15.117815022
13.390020000000002	0.001785014	15.117815022
13.377410000000001	0.001785014	15.117815022
13.36571	0.001785014	15.117815022
13.35423	0.001785014	15.117815022
13.34349	0.001785014	15.117815022
13.336879999999999	0.001785014	15.117815022
13.33211	0.001785014	15.117815022
13.32745	0.001785014	15.117815022
13.32346	0.001785014	15.117815022
13.31952	0.001785014	15.117815022
13.31506	0.001785014	15.117815022
13.313039999999999	0.001785014	15.117815022
13.309429999999999	0.001785014	15.117815022
13.30838	0.001785014	15.117815022
13.304689999999999	0.001785014	15.117815022
13.30062	0.001785014	15.117815022
13.299779999999998	0.001785014	15.117815022
13.29761	0.001785014	15.117815022
13.29403	0.001785014	15.117815022
13.29101	0.001785014	15.117815022
13.29245	0.001785014	15.117815022
13.291329999999999	0.001785014	15.117815022
13.28801	0.001785014	15.117815022
13.28399	0.001785014	15.117815022
13.28038	0.001785014	15.117815022
13.278170000000001	0.001785014	15.117815022
13.276689999999999	0.001785014	15.117815022
13.27314	0.001785014	15.117815022
13.271120000000002	0.001785014	15.117815022
13.26905	0.001785014	15.117815022
13.262789999999999	0.001785014	15.117815022
13.256789999999999	0.001785014	15.117815022
13.25048	0.001785014	15.117815022
13.244620000000001	0.001785014	15.117815022
13.23621	0.001785014	15.117815022
13.225470000000001	0.001785014	15.117815022
13.21585	0.001785014	15.117815022
13.206710000000001	0.001785014	15.117815022
13.19965	0.001785014	15.117815022
13.195979999999999	0.001785014	15.117815022
13.190370000000001	0.001785014	15.117815022
13.186329999999998	0.001785014	15.117815022
13.1793	0.001785014	15.117815022
13.169970000000001	0.001785014	15.117815022
13.16055	0.001785014	15.117815022
13.15029	0.001785014	15.117815022
13.14104	0.001785014	15.117815022
13.13161	0.001785014	15.117815022
13.120920000000002	0.001785014	15.117815022
13.110029999999998	0.001785014	15.117815022
13.09665	0.001785014	15.117815022
13.08437	0.001785014	15.117815022
13.073039999999999	0.001785014	15.117815022
13.0613	0.001785014	15.117815022
13.04959	0.001785014	15.117815022
13.03785	0.001785014	15.117815022
13.02759	0.001785014	15.117815022
13.01587	0.001785014	15.117815022
13.0025	0.001785014	15.117815022
12.99312	0.001785014	15.117815022
12.981630000000001	0.001785014	15.117815022
12.97269	0.001785014	15.117815022
12.96183	0.001785014	15.117815022
12.95125	0.001785014	15.117815022
12.94053	0.001785014	15.117815022
12.93133	0.001785014	15.117815022
12.923	0.001785014	15.117815022
12.91487	0.001785014	15.117815022
12.90709	0.001785014	15.117815022
12.89817	0.001785014	15.117815022
12.8886	0.001785014	15.117815022
12.88069	0.001785014	15.117815022
12.87283	0.001785014	15.117815022
12.86665	0.001785014	15.117815022
12.86096	0.001785014	15.117815022
12.85482	0.001785014	15.117815022
12.848289999999999	0.001785014	15.117815022
12.84269	0.001785014	15.117815022
12.83835	0.001785014	15.117815022
12.835280000000001	0.001785014	15.117815022
12.8346	0.001785014	15.117815022
12.83378	0.001785014	15.117815022
12.83186	0.001785014	15.117815022
12.83198	0.001785014	15.117815022
12.83113	0.001785014	15.117815022
12.8298	0.001785014	15.117815022
12.82798	0.001785014	15.117815022
12.8281	0.001785014	15.117815022
12.82752	0.001785014	15.117815022
12.82436	0.001785014	15.117815022
12.82167	0.001785014	15.117815022
12.8208	0.001785014	15.117815022
12.81978	0.001785014	15.117815022
12.818430000000001	0.001785014	15.117815022
12.81827	0.001785014	15.117815022
12.81634	0.001785014	15.117815022
12.81527	0.001785014	15.117815022
12.815389999999999	0.001785014	15.117815022
12.81856	0.001785014	15.117815022
12.8193	0.001785014	15.117815022
12.82053	0.001785014	15.117815022
12.82212	0.001785014	15.117815022
12.82468	0.001785014	15.117815022
12.82644	0.001785014	15.117815022
12.82674	0.001785014	15.117815022
12.82858	0.001785014	15.117815022
12.830160000000001	0.001785014	15.117815022
12.83135	0.001785014	15.117815022
12.83362	0.001785014	15.117815022
12.836	0.001785014	15.117815022
12.8373	0.001785014	15.117815022
12.83737	0.001785014	15.117815022
12.83894	0.001785014	15.117815022
12.84093	0.001785014	15.117815022
12.84353	0.001785014	15.117815022
12.84453	0.001785014	15.117815022
12.844710000000001	0.001785014	15.117815022
12.847710000000001	0.001785014	15.117815022
12.85178	0.001785014	15.117815022
12.8519	0.001785014	15.117815022
12.85159	0.001785014	15.117815022
12.84901	0.001785014	15.117815022
12.84652	0.001785014	15.117815022
12.846969999999999	0.001785014	15.117815022
12.85047	0.001785014	15.117815022
12.85372	0.001785014	15.117815022
12.85782	0.001785014	15.117815022
12.86201	0.001785014	15.117815022
12.86611	0.001785014	15.117815022
12.870439999999999	0.001785014	15.117815022
12.872910000000001	0.001785014	15.117815022
12.87475	0.001785014	15.117815022
12.87686	0.001785014	15.117815022
12.87931	0.001785014	15.117815022
12.87913	0.001785014	15.117815022
12.87445	0.001785014	15.117815022
12.87018	0.001785014	15.117815022
12.86464	0.001785014	15.117815022
12.8615	0.001785014	15.117815022
12.8585	0.001785014	15.117815022
12.853589999999999	0.001785014	15.117815022
12.84935	0.001785014	15.117815022
12.84407	0.001785014	15.117815022
12.838239999999999	0.001785014	15.117815022
12.832089999999999	0.001785014	15.117815022
12.82703	0.001785014	15.117815022
12.82579	0.001785014	15.117815022
12.8231	0.001785014	15.117815022
12.82093	0.001785014	15.117815022
12.818539999999999	0.001785014	15.117815022
12.81715	0.001785014	15.117815022
12.813310000000001	0.001785014	15.117815022
12.8095	0.001785014	15.117815022
12.8063	0.001785014	15.117815022
12.80457	0.001785014	15.117815022
12.80307	0.001785014	15.117815022
12.79991	0.001785014	15.117815022
12.79552	0.001785014	15.117815022
12.790519999999999	0.001785014	15.117815022
12.7863	0.001785014	15.117815022
12.78013	0.001785014	15.117815022
12.775039999999999	0.001785014	15.117815022
12.77083	0.001785014	15.117815022
12.76806	0.001785014	15.117815022
12.766	0.001785014	15.117815022
12.76375	0.001785014	15.117815022
12.76333	0.001785014	15.117815022
12.76197	0.001785014	15.117815022
12.76079	0.001785014	15.117815022
12.757019999999999	0.001785014	15.117815022
12.75253	0.001785014	15.117815022
12.746839999999999	0.001785014	15.117815022
12.74194	0.001785014	15.117815022
12.737110000000001	0.001785014	15.117815022
12.73197	0.001785014	15.117815022
12.726289999999999	0.001785014	15.117815022
12.71988	0.001785014	15.117815022
12.7165	0.001785014	15.117815022
12.71389	0.001785014	15.117815022
12.71231	0.001785014	15.117815022
12.71148	0.001785014	15.117815022
12.71035	0.001785014	15.117815022
12.70992	0.001785014	15.117815022
12.7083	0.001785014	15.117815022
12.707139999999999	0.001785014	15.117815022
12.7076	0.001785014	15.117815022
12.70904	0.001785014	15.117815022
12.708269999999999	0.001785014	15.117815022
12.708730000000001	0.001785014	15.117815022
12.70963	0.001785014	15.117815022
12.710460000000001	0.001785014	15.117815022
12.70834	0.001785014	15.117815022
12.70432	0.001785014	15.117815022
12.6994	0.001785014	15.117815022
12.69469	0.001785014	15.117815022
12.69203	0.001785014	15.117815022
12.691939999999999	0.001785014	15.117815022
12.6944	0.001785014	15.117815022
12.69325	0.001785014	15.117815022
12.69214	0.001785014	15.117815022
12.68934	0.001785014	15.117815022
12.68582	0.001785014	15.117815022
12.682730000000001	0.001785014	15.117815022
12.68165	0.001785014	15.117815022
12.679889999999999	0.001785014	15.117815022
12.678410000000001	0.001785014	15.117815022
12.67721	0.001785014	15.117815022
12.67609	0.001785014	15.117815022
12.67695	0.001785014	15.117815022
12.67925	0.001785014	15.117815022
12.68243	0.001785014	15.117815022
12.68542	0.001785014	15.117815022
12.68405	0.001785014	15.117815022
12.68111	0.001785014	15.117815022
12.67869	0.001785014	15.117815022
12.675239999999999	0.001785014	15.117815022
12.67261	0.001785014	15.117815022
12.667760000000001	0.001785014	15.117815022
12.661719999999999	0.001785014	15.117815022
12.654630000000001	0.001785014	15.117815022
12.64775	0.001785014	15.117815022
12.645660000000001	0.001785014	15.117815022
12.64478	0.001785014	15.117815022
12.64246	0.001785014	15.117815022
12.64193	0.001785014	15.117815022
12.64143	0.001785014	15.117815022
12.64157	0.001785014	15.117815022
12.64129	0.001785014	15.117815022
12.64095	0.001785014	15.117815022
12.63994	0.001785014	15.117815022
12.63984	0.001785014	15.117815022
12.63884	0.001785014	15.117815022
12.639	0.001785014	15.117815022
12.64108	0.001785014	15.117815022
12.6397	0.001785014	15.117815022
12.63921	0.001785014	15.117815022
12.637880000000001	0.001785014	15.117815022
12.63591	0.001785014	15.117815022
12.63492	0.001785014	15.117815022
12.635769999999999	0.001785014	15.117815022
12.636389999999999	0.001785014	15.117815022
12.638639999999999	0.001785014	15.117815022
12.640989999999999	0.001785014	15.117815022
12.644160000000001	0.001785014	15.117815022
12.64841	0.001785014	15.117815022
12.65029	0.001785014	15.117815022
12.65193	0.001785014	15.117815022
12.65615	0.001785014	15.117815022
12.66067	0.001785014	15.117815022
12.66507	0.001785014	15.117815022
12.66784	0.001785014	15.117815022
12.668569999999999	0.001785014	15.117815022
12.66597	0.001785014	15.117815022
12.66266	0.001785014	15.117815022
12.65824	0.001785014	15.117815022
12.65364	0.001785014	15.117815022
12.65061	0.001785014	15.117815022
12.64987	0.001785014	15.117815022
12.64662	0.001785014	15.117815022
12.64523	0.001785014	15.117815022
12.64682	0.001785014	15.117815022
12.647969999999999	0.001785014	15.117815022
12.65005	0.001785014	15.117815022
12.65034	0.001785014	15.117815022
12.65013	0.001785014	15.117815022
12.65207	0.001785014	15.117815022
12.6538	0.001785014	15.117815022
12.653410000000001	0.001785014	15.117815022
12.65013	0.001785014	15.117815022
12.6464	0.001785014	15.117815022
12.64133	0.001785014	15.117815022
12.63425	0.001785014	15.117815022
12.62839	0.001785014	15.117815022
12.624310000000001	0.001785014	15.117815022
12.62233	0.001785014	15.117815022
12.62054	0.001785014	15.117815022
12.61776	0.001785014	15.117815022
12.61529	0.001785014	15.117815022
12.61303	0.001785014	15.117815022
12.60764	0.001785014	15.117815022
12.60184	0.001785014	15.117815022
12.5983	0.001785014	15.117815022
12.59607	0.001785014	15.117815022
12.59512	0.001785014	15.117815022
12.59856	0.001785014	15.117815022
12.60248	0.001785014	15.117815022
12.60666	0.001785014	15.117815022
12.609539999999999	0.001785014	15.117815022
12.61068	0.001785014	15.117815022
12.610669999999999	0.001785014	15.117815022
12.61096	0.001785014	15.117815022
12.61027	0.001785014	15.117815022
12.61236	0.001785014	15.117815022
12.614180000000001	0.001785014	15.117815022
12.617	0.001785014	15.117815022
12.61992	0.001785014	15.117815022
12.62149	0.001785014	15.117815022
12.62321	0.001785014	15.117815022
12.6253	0.001785014	15.117815022
12.62683	0.001785014	15.117815022
12.62818	0.001785014	15.117815022
12.62974	0.001785014	15.117815022
12.632819999999999	0.001785014	15.117815022
12.63729	0.001785014	15.117815022
12.64082	0.001785014	15.117815022
12.64402	0.001785014	15.117815022
12.64563	0.001785014	15.117815022
12.64787	0.001785014	15.117815022
12.647789999999999	0.001785014	15.117815022
12.64982	0.001785014	15.117815022
12.64879	0.001785014	15.117815022
12.65063	0.001785014	15.117815022
12.65147	0.001785014	15.117815022
12.65135	0.001785014	15.117815022
12.6519	0.001785014	15.117815022
12.65002	0.001785014	15.117815022
12.64703	0.001785014	15.117815022
12.64475	0.001785014	15.117815022
12.641680000000001	0.001785014	15.117815022
12.64315	0.001785014	15.117815022
12.64489	0.001785014	15.117815022
12.65044	0.001785014	15.117815022
12.65466	0.001785014	15.117815022
12.66003	0.001785014	15.117815022
12.66405	0.001785014	15.117815022
12.667489999999999	0.001785014	15.117815022
12.6684	0.001785014	15.117815022
12.67122	0.001785014	15.117815022
12.67563	0.001785014	15.117815022
12.67914	0.001785014	15.117815022
12.68389	0.001785014	15.117815022
12.68958	0.001785014	15.117815022
12.694139999999999	0.001785014	15.117815022
12.696019999999999	0.001785014	15.117815022
12.698039999999999	0.001785014	15.117815022
12.701030000000001	0.001785014	15.117815022
12.70435	0.001785014	15.117815022
12.70774	0.001785014	15.117815022
12.712019999999999	0.001785014	15.117815022
12.71447	0.001785014	15.117815022
12.715910000000001	0.001785014	15.117815022
12.71847	0.001785014	15.117815022
12.7211	0.001785014	15.117815022
12.72284	0.001785014	15.117815022
12.72402	0.001785014	15.117815022
12.72466	0.001785014	15.117815022
12.72207	0.001785014	15.117815022
12.71702	0.001785014	15.117815022
12.711969999999999	0.001785014	15.117815022
12.708969999999999	0.001785014	15.117815022
12.70734	0.001785014	15.117815022
12.70599	0.001785014	15.117815022
12.70294	0.001785014	15.117815022
12.700339999999999	0.001785014	15.117815022
12.69917	0.001785014	15.117815022
12.69737	0.001785014	15.117815022
12.69692	0.001785014	15.117815022
12.69603	0.001785014	15.117815022
12.695789999999999	0.001785014	15.117815022
12.6967	0.001785014	15.117815022
12.69833	0.001785014	15.117815022
12.69924	0.001785014	15.117815022
12.69962	0.001785014	15.117815022
12.70052	0.001785014	15.117815022
12.70253	0.001785014	15.117815022
12.70599	0.001785014	15.117815022
12.70854	0.001785014	15.117815022
12.70748	0.001785014	15.117815022
12.70739	0.001785014	15.117815022
12.70452	0.001785014	15.117815022
12.70079	0.001785014	15.117815022
12.69775	0.001785014	15.117815022
12.69535	0.001785014	15.117815022
12.69604	0.001785014	15.117815022
12.694560000000001	0.001785014	15.117815022
12.69443	0.001785014	15.117815022
12.69318	0.001785014	15.117815022
12.6913	0.001785014	15.117815022
12.68856	0.001785014	15.117815022
12.68807	0.001785014	15.117815022
12.6868	0.001785014	15.117815022
12.683860000000001	0.001785014	15.117815022
12.68106	0.001785014	15.117815022
12.67908	0.001785014	15.117815022
12.676680000000001	0.001785014	15.117815022
12.67068	0.001785014	15.117815022
12.664819999999999	0.001785014	15.117815022
12.66125	0.001785014	15.117815022
12.65868	0.001785014	15.117815022
12.65574	0.001785014	15.117815022
12.64988	0.001785014	15.117815022
12.64622	0.001785014	15.117815022
12.64282	0.001785014	15.117815022
12.639489999999999	0.001785014	15.117815022
12.63258	0.001785014	15.117815022
12.62787	0.001785014	15.117815022
12.624239999999999	0.001785014	15.117815022
12.6192	0.001785014	15.117815022
12.61553	0.001785014	15.117815022
12.61421	0.001785014	15.117815022
12.61248	0.001785014	15.117815022
12.6119	0.001785014	15.117815022
12.61198	0.001785014	15.117815022
12.61093	0.001785014	15.117815022
12.61181	0.001785014	15.117815022
12.60812	0.001785014	15.117815022
12.60684	0.001785014	15.117815022
12.604389999999999	0.001785014	15.117815022
12.60255	0.001785014	15.117815022
12.60238	0.001785014	15.117815022
12.602260000000001	0.001785014	15.117815022
12.603819999999999	0.001785014	15.117815022
12.6034	0.001785014	15.117815022
12.606710000000001	0.001785014	15.117815022
12.609960000000001	0.001785014	15.117815022
12.60962	0.001785014	15.117815022
12.60855	0.001785014	15.117815022
12.60943	0.001785014	15.117815022
12.61155	0.001785014	15.117815022
12.6163	0.001785014	15.117815022
12.618319999999999	0.001785014	15.117815022
12.617939999999999	0.001785014	15.117815022
12.62129	0.001785014	15.117815022
12.623339999999999	0.001785014	15.117815022
12.62715	0.001785014	15.117815022
12.63062	0.001785014	15.117815022
12.63522	0.001785014	15.117815022
12.64063	0.001785014	15.117815022
12.64487	0.001785014	15.117815022
12.6493	0.001785014	15.117815022
12.652510000000001	0.001785014	15.117815022
12.65536	0.001785014	15.117815022
12.65707	0.001785014	15.117815022
12.65874	0.001785014	15.117815022
12.662139999999999	0.001785014	15.117815022
12.66353	0.001785014	15.117815022
12.66563	0.001785014	15.117815022
12.666210000000001	0.001785014	15.117815022
12.66607	0.001785014	15.117815022
12.666830000000001	0.001785014	15.117815022
12.66971	0.001785014	15.117815022
12.67254	0.001785014	15.117815022
12.67637	0.001785014	15.117815022
12.68099	0.001785014	15.117815022
12.68455	0.001785014	15.117815022
12.68931	0.001785014	15.117815022
12.69177	0.001785014	15.117815022
12.69727	0.001785014	15.117815022
12.703510000000001	0.001785014	15.117815022
12.70953	0.001785014	15.117815022
12.71497	0.001785014	15.117815022
12.71982	0.001785014	15.117815022
12.72311	0.001785014	15.117815022
12.729289999999999	0.001785014	15.117815022
12.73437	0.001785014	15.117815022
12.73713	0.001785014	15.117815022
12.74062	0.001785014	15.117815022
12.744489999999999	0.001785014	15.117815022
12.7455	0.001785014	15.117815022
12.74681	0.001785014	15.117815022
12.74962	0.001785014	15.117815022
12.75135	0.001785014	15.117815022
12.75406	0.001785014	15.117815022
12.7554	0.001785014	15.117815022
12.75591	0.001785014	15.117815022
12.75489	0.001785014	15.117815022
12.75503	0.001785014	15.117815022
12.75612	0.001785014	15.117815022
12.75922	0.001785014	15.117815022
12.76338	0.001785014	15.117815022
12.76414	0.001785014	15.117815022
12.764560000000001	0.001785014	15.117815022
12.7644	0.001785014	15.117815022
12.767439999999999	0.001785014	15.117815022
12.77244	0.001785014	15.117815022
12.77572	0.001785014	15.117815022
12.77797	0.001785014	15.117815022
12.77824	0.001785014	15.117815022
12.77688	0.001785014	15.117815022
12.776810000000001	0.001785014	15.117815022
12.77355	0.001785014	15.117815022
12.77094	0.001785014	15.117815022
12.76614	0.001785014	15.117815022
12.760860000000001	0.001785014	15.117815022
12.75735	0.001785014	15.117815022
12.75465	0.001785014	15.117815022
12.75365	0.001785014	15.117815022
12.75109	0.001785014	15.117815022
12.746089999999999	0.001785014	15.117815022
12.73983	0.001785014	15.117815022
12.73568	0.001785014	15.117815022
12.729510000000001	0.001785014	15.117815022
12.7211	0.001785014	15.117815022
12.71614	0.001785014	15.117815022
12.71074	0.001785014	15.117815022
12.70492	0.001785014	15.117815022
12.69966	0.001785014	15.117815022
12.69881	0.001785014	15.117815022
12.69862	0.001785014	15.117815022
12.69939	0.001785014	15.117815022
12.69977	0.001785014	15.117815022
12.702910000000001	0.001785014	15.117815022
12.70326	0.001785014	15.117815022
12.70215	0.001785014	15.117815022
12.70186	0.001785014	15.117815022
12.70138	0.001785014	15.117815022
12.70125	0.001785014	15.117815022
12.70135	0.001785014	15.117815022
12.70365	0.001785014	15.117815022
12.70538	0.001785014	15.117815022
12.70875	0.001785014	15.117815022
12.71269	0.001785014	15.117815022
12.71762	0.001785014	15.117815022
12.72171	0.001785014	15.117815022
12.72567	0.001785014	15.117815022
12.733260000000001	0.001785014	15.117815022
12.73966	0.001785014	15.117815022
12.74375	0.001785014	15.117815022
12.74446	0.001785014	15.117815022
12.74613	0.001785014	15.117815022
12.748380000000001	0.001785014	15.117815022
12.75129	0.001785014	15.117815022
12.75328	0.001785014	15.117815022
12.75493	0.001785014	15.117815022
12.75859	0.001785014	15.117815022
12.7631	0.001785014	15.117815022
12.76817	0.001785014	15.117815022
12.77422	0.001785014	15.117815022
12.78174	0.001785014	15.117815022
12.78883	0.001785014	15.117815022
12.797260000000001	0.001785014	15.117815022
12.80584	0.001785014	15.117815022
12.81133	0.001785014	15.117815022
12.81708	0.001785014	15.117815022
12.81909	0.001785014	15.117815022
12.821660000000001	0.001785014	15.117815022
12.82333	0.001785014	15.117815022
12.82446	0.001785014	15.117815022
12.827689999999999	0.001785014	15.117815022
12.830169999999999	0.001785014	15.117815022
12.833639999999999	0.001785014	15.117815022
12.838280000000001	0.001785014	15.117815022
12.8466	0.001785014	15.117815022
12.85475	0.001785014	15.117815022
12.86019	0.001785014	15.117815022
12.86432	0.001785014	15.117815022
12.86978	0.001785014	15.117815022
12.87383	0.001785014	15.117815022
12.8778	0.001785014	15.117815022
12.88265	0.001785014	15.117815022
12.88408	0.001785014	15.117815022
12.88315	0.001785014	15.117815022
12.88238	0.001785014	15.117815022
12.87965	0.001785014	15.117815022
12.87624	0.001785014	15.117815022
12.87248	0.001785014	15.117815022
12.86947	0.001785014	15.117815022
12.86988	0.001785014	15.117815022
12.87075	0.001785014	15.117815022
12.86955	0.001785014	15.117815022
12.87181	0.001785014	15.117815022
12.87422	0.001785014	15.117815022
12.87518	0.001785014	15.117815022
12.877130000000001	0.001785014	15.117815022
12.8789	0.001785014	15.117815022
12.87951	0.001785014	15.117815022
12.881780000000001	0.001785014	15.117815022
12.885639999999999	0.001785014	15.117815022
12.89034	0.001785014	15.117815022
12.89078	0.001785014	15.117815022
12.893889999999999	0.001785014	15.117815022
12.89863	0.001785014	15.117815022
12.90503	0.001785014	15.117815022
12.91035	0.001785014	15.117815022
12.91722	0.001785014	15.117815022
12.92353	0.001785014	15.117815022
12.92741	0.001785014	15.117815022
12.930760000000001	0.001785014	15.117815022
12.932730000000001	0.001785014	15.117815022
12.93623	0.001785014	15.117815022
12.93822	0.001785014	15.117815022
12.9395	0.001785014	15.117815022
12.93843	0.001785014	15.117815022
12.93835	0.001785014	15.117815022
12.934619999999999	0.001785014	15.117815022
12.93257	0.001785014	15.117815022
12.93084	0.001785014	15.117815022
12.92804	0.001785014	15.117815022
12.92479	0.001785014	15.117815022
12.92158	0.001785014	15.117815022
12.92249	0.001785014	15.117815022
12.92498	0.001785014	15.117815022
12.92827	0.001785014	15.117815022
12.92779	0.001785014	15.117815022
12.92795	0.001785014	15.117815022
12.9283	0.001785014	15.117815022
12.92731	0.001785014	15.117815022
12.92708	0.001785014	15.117815022
12.92687	0.001785014	15.117815022
12.92848	0.001785014	15.117815022
12.93127	0.001785014	15.117815022
12.93334	0.001785014	15.117815022
12.93468	0.001785014	15.117815022
12.93488	0.001785014	15.117815022
12.93603	0.001785014	15.117815022
12.93897	0.001785014	15.117815022
12.94251	0.001785014	15.117815022
12.94749	0.001785014	15.117815022
12.95161	0.001785014	15.117815022
12.95749	0.001785014	15.117815022
12.96067	0.001785014	15.117815022
12.96317	0.001785014	15.117815022
12.96664	0.001785014	15.117815022
12.970130000000001	0.001785014	15.117815022
12.974689999999999	0.001785014	15.117815022
12.97945	0.001785014	15.117815022
12.988610000000001	0.001785014	15.117815022
12.99882	0.001785014	15.117815022
13.009160000000001	0.001785014	15.117815022
13.01784	0.001785014	15.117815022
13.02711	0.001785014	15.117815022
13.03294	0.001785014	15.117815022
13.035860000000001	0.001785014	15.117815022
13.03939	0.001785014	15.117815022
13.04155	0.001785014	15.117815022
13.04677	0.001785014	15.117815022
13.05189	0.001785014	15.117815022
13.05756	0.001785014	15.117815022
13.06203	0.001785014	15.117815022
13.06673	0.001785014	15.117815022
13.07158	0.001785014	15.117815022
13.07355	0.001785014	15.117815022
13.07541	0.001785014	15.117815022
13.075660000000001	0.001785014	15.117815022
13.0734	0.001785014	15.117815022
13.07442	0.001785014	15.117815022
13.0766	0.001785014	15.117815022
13.0819	0.001785014	15.117815022
13.08769	0.001785014	15.117815022
13.0935	0.001785014	15.117815022
13.10062	0.001785014	15.117815022
13.10785	0.001785014	15.117815022
13.112829999999999	0.001785014	15.117815022
13.118070000000001	0.001785014	15.117815022
13.126389999999999	0.001785014	15.117815022
13.134120000000001	0.001785014	15.117815022
13.14153	0.001785014	15.117815022
13.149029999999998	0.001785014	15.117815022
13.155270000000002	0.001785014	15.117815022
13.16175	0.001785014	15.117815022
13.17162	0.001785014	15.117815022
13.18082	0.001785014	15.117815022
13.19169	0.001785014	15.117815022
13.201210000000001	0.001785014	15.117815022
13.208829999999999	0.001785014	15.117815022
13.2133	0.001785014	15.117815022
13.21471	0.001785014	15.117815022
13.218010000000001	0.001785014	15.117815022
13.22356	0.001785014	15.117815022
13.230139999999999	0.001785014	15.117815022
13.23285	0.001785014	15.117815022
13.232920000000002	0.001785014	15.117815022
13.233870000000001	0.001785014	15.117815022
13.23727	0.001785014	15.117815022
13.2421	0.001785014	15.117815022
13.244520000000001	0.001785014	15.117815022
13.24334	0.001785014	15.117815022
13.24252	0.001785014	15.117815022
13.24271	0.001785014	15.117815022
13.241710000000001	0.001785014	15.117815022
13.241979999999998	0.001785014	15.117815022
13.24456	0.001785014	15.117815022
13.24516	0.001785014	15.117815022
13.24654	0.001785014	15.117815022
13.24455	0.001785014	15.117815022
13.24491	0.001785014	15.117815022
13.24475	0.001785014	15.117815022
13.243129999999999	0.001785014	15.117815022
13.242170000000002	0.001785014	15.117815022
13.243279999999999	0.001785014	15.117815022
13.2412	0.001785014	15.117815022
13.24221	0.001785014	15.117815022
13.2436	0.001785014	15.117815022
13.24255	0.001785014	15.117815022
13.24156	0.001785014	15.117815022
13.23996	0.001785014	15.117815022
13.23952	0.001785014	15.117815022
13.23807	0.001785014	15.117815022
13.23613	0.001785014	15.117815022
13.23131	0.001785014	15.117815022
13.226479999999999	0.001785014	15.117815022
13.22228	0.001785014	15.117815022
13.22086	0.001785014	15.117815022
13.2213	0.001785014	15.117815022
13.223189999999999	0.001785014	15.117815022
13.22284	0.001785014	15.117815022
13.22148	0.001785014	15.117815022
13.221429999999998	0.001785014	15.117815022
13.2241	0.001785014	15.117815022
13.226410000000001	0.001785014	15.117815022
13.22711	0.001785014	15.117815022
13.228860000000001	0.001785014	15.117815022
13.231860000000001	0.001785014	15.117815022
13.233870000000001	0.001785014	15.117815022
13.237879999999999	0.001785014	15.117815022
13.240129999999999	0.001785014	15.117815022
13.24133	0.001785014	15.117815022
13.244010000000001	0.001785014	15.117815022
13.244979999999998	0.001785014	15.117815022
13.24424	0.001785014	15.117815022
13.242220000000001	0.001785014	15.117815022
13.23975	0.001785014	15.117815022
13.238979999999998	0.001785014	15.117815022
13.23935	0.001785014	15.117815022
13.23735	0.001785014	15.117815022
13.236529999999998	0.001785014	15.117815022
13.23535	0.001785014	15.117815022
13.2342	0.001785014	15.117815022
13.23366	0.001785014	15.117815022
13.23361	0.001785014	15.117815022
13.23301	0.001785014	15.117815022
13.23446	0.001785014	15.117815022
13.23795	0.001785014	15.117815022
13.243310000000001	0.001785014	15.117815022
13.247620000000001	0.001785014	15.117815022
13.25434	0.001785014	15.117815022
13.25857	0.001785014	15.117815022
13.2634	0.001785014	15.117815022
13.2652	0.001785014	15.117815022
13.26581	0.001785014	15.117815022
13.26777	0.001785014	15.117815022
13.266470000000002	0.001785014	15.117815022
13.264470000000001	0.001785014	15.117815022
13.26344	0.001785014	15.117815022
13.264170000000002	0.001785014	15.117815022
13.268139999999999	0.001785014	15.117815022
13.26985	0.001785014	15.117815022
13.27048	0.001785014	15.117815022
13.27095	0.001785014	15.117815022
13.27113	0.001785014	15.117815022
13.27184	0.001785014	15.117815022
13.2736	0.001785014	15.117815022
13.274579999999998	0.001785014	15.117815022
13.27503	0.001785014	15.117815022
13.27599	0.001785014	15.117815022
13.27655	0.001785014	15.117815022
13.27868	0.001785014	15.117815022
13.281189999999999	0.001785014	15.117815022
13.28249	0.001785014	15.117815022
13.28594	0.001785014	15.117815022
13.28759	0.001785014	15.117815022
13.291	0.001785014	15.117815022
13.29316	0.001785014	15.117815022
13.294270000000001	0.001785014	15.117815022
13.2947	0.001785014	15.117815022
13.2957	0.001785014	15.117815022
13.29531	0.001785014	15.117815022
13.296	0.001785014	15.117815022
13.2963	0.001785014	15.117815022
13.29863	0.001785014	15.117815022
13.303479999999999	0.001785014	15.117815022
13.30851	0.001785014	15.117815022
13.310020000000002	0.001785014	15.117815022
13.307939999999999	0.001785014	15.117815022
13.30313	0.001785014	15.117815022
13.297410000000001	0.001785014	15.117815022
13.29057	0.001785014	15.117815022
13.285079999999999	0.001785014	15.117815022
13.280679999999998	0.001785014	15.117815022
13.275120000000001	0.001785014	15.117815022
13.272520000000002	0.001785014	15.117815022
13.26835	0.001785014	15.117815022
13.26566	0.001785014	15.117815022
13.261579999999999	0.001785014	15.117815022
13.2589	0.001785014	15.117815022
13.25939	0.001785014	15.117815022
13.25794	0.001785014	15.117815022
13.258120000000002	0.001785014	15.117815022
13.25888	0.001785014	15.117815022
13.257320000000002	0.001785014	15.117815022
13.25795	0.001785014	15.117815022
13.25875	0.001785014	15.117815022
13.25932	0.001785014	15.117815022
13.26034	0.001785014	15.117815022
13.26094	0.001785014	15.117815022
13.26265	0.001785014	15.117815022
13.263670000000001	0.001785014	15.117815022
13.26263	0.001785014	15.117815022
13.260320000000002	0.001785014	15.117815022
13.258429999999999	0.001785014	15.117815022
13.257470000000001	0.001785014	15.117815022
13.256739999999999	0.001785014	15.117815022
13.257279999999998	0.001785014	15.117815022
13.258220000000001	0.001785014	15.117815022
13.260760000000001	0.001785014	15.117815022
13.2627	0.001785014	15.117815022
13.263810000000001	0.001785014	15.117815022
13.2674	0.001785014	15.117815022
13.273079999999998	0.001785014	15.117815022
13.27927	0.001785014	15.117815022
13.286660000000001	0.001785014	15.117815022
13.2942	0.001785014	15.117815022
13.30114	0.001785014	15.117815022
13.30771	0.001785014	15.117815022
13.314820000000001	0.001785014	15.117815022
13.322	0.001785014	15.117815022
13.327829999999999	0.001785014	15.117815022
13.3329	0.001785014	15.117815022
13.33741	0.001785014	15.117815022
13.340879999999999	0.001785014	15.117815022
13.344520000000001	0.001785014	15.117815022
13.345670000000002	0.001785014	15.117815022
13.34759	0.001785014	15.117815022
13.3487	0.001785014	15.117815022
13.35108	0.001785014	15.117815022
13.35329	0.001785014	15.117815022
13.35625	0.001785014	15.117815022
13.357660000000001	0.001785014	15.117815022
13.35924	0.001785014	15.117815022
13.35704	0.001785014	15.117815022
13.355820000000001	0.001785014	15.117815022
13.35488	0.001785014	15.117815022
13.355889999999999	0.001785014	15.117815022
13.359329999999998	0.001785014	15.117815022
13.361220000000001	0.001785014	15.117815022
13.36324	0.001785014	15.117815022
13.3646	0.001785014	15.117815022
13.36761	0.001785014	15.117815022
13.369629999999999	0.001785014	15.117815022
13.36982	0.001785014	15.117815022
13.37094	0.001785014	15.117815022
13.373829999999998	0.001785014	15.117815022
13.37681	0.001785014	15.117815022
13.37776	0.001785014	15.117815022
13.378229999999999	0.001785014	15.117815022
13.37925	0.001785014	15.117815022
13.381979999999999	0.001785014	15.117815022
13.387020000000001	0.001785014	15.117815022
13.39231	0.001785014	15.117815022
13.39821	0.001785014	15.117815022
13.40325	0.001785014	15.117815022
13.408029999999998	0.001785014	15.117815022
13.411029999999998	0.001785014	15.117815022
13.41721	0.001785014	15.117815022
13.42215	0.001785014	15.117815022
13.42784	0.001785014	15.117815022
13.432870000000001	0.001785014	15.117815022
13.43356	0.001785014	15.117815022
13.43314	0.001785014	15.117815022
13.43346	0.001785014	15.117815022
13.435889999999999	0.001785014	15.117815022
13.43798	0.001785014	15.117815022
13.44033	0.001785014	15.117815022
13.44411	0.001785014	15.117815022
13.44685	0.001785014	15.117815022
13.44701	0.001785014	15.117815022
13.44522	0.001785014	15.117815022
13.441020000000002	0.001785014	15.117815022
13.43711	0.001785014	15.117815022
13.433029999999999	0.001785014	15.117815022
13.428370000000001	0.001785014	15.117815022
13.420729999999999	0.001785014	15.117815022
13.41683	0.001785014	15.117815022
13.413020000000001	0.001785014	15.117815022
13.4081	0.001785014	15.117815022
13.405389999999999	0.001785014	15.117815022
13.4029	0.001785014	15.117815022
13.40267	0.001785014	15.117815022
13.402289999999999	0.001785014	15.117815022
13.403270000000001	0.001785014	15.117815022
13.40494	0.001785014	15.117815022
13.4062	0.001785014	15.117815022
13.40525	0.001785014	15.117815022
13.405629999999999	0.001785014	15.117815022
13.40456	0.001785014	15.117815022
13.403939999999999	0.001785014	15.117815022
13.40271	0.001785014	15.117815022
13.40125	0.001785014	15.117815022
13.39846	0.001785014	15.117815022
13.39352	0.001785014	15.117815022
13.390479999999998	0.001785014	15.117815022
13.391979999999998	0.001785014	15.117815022
13.3929	0.001785014	15.117815022
13.392560000000001	0.001785014	15.117815022
13.392560000000001	0.001785014	15.117815022
13.38979	0.001785014	15.117815022
13.386	0.001785014	15.117815022
13.384260000000001	0.001785014	15.117815022
13.38294	0.001785014	15.117815022
13.380120000000002	0.001785014	15.117815022
13.37761	0.001785014	15.117815022
13.37244	0.001785014	15.117815022
13.36864	0.001785014	15.117815022
13.36784	0.001785014	15.117815022
13.3648	0.001785014	15.117815022
13.36464	0.001785014	15.117815022
13.3644	0.001785014	15.117815022
13.36411	0.001785014	15.117815022
13.36379	0.001785014	15.117815022
13.36544	0.001785014	15.117815022
13.36595	0.001785014	15.117815022
13.36237	0.001785014	15.117815022
13.36018	0.001785014	15.117815022
13.35599	0.001785014	15.117815022
13.352960000000001	0.001785014	15.117815022
13.34956	0.001785014	15.117815022
13.34702	0.001785014	15.117815022
13.3442	0.001785014	15.117815022
13.342929999999999	0.001785014	15.117815022
13.34205	0.001785014	15.117815022
13.34235	0.001785014	15.117815022
13.3429	0.001785014	15.117815022
13.34356	0.001785014	15.117815022
13.34208	0.001785014	15.117815022
13.34177	0.001785014	15.117815022
13.34216	0.001785014	15.117815022
13.342989999999999	0.001785014	15.117815022
13.34179	0.001785014	15.117815022
13.34031	0.001785014	15.117815022
13.34015	0.001785014	15.117815022
13.341479999999999	0.001785014	15.117815022
13.33986	0.001785014	15.117815022
13.33862	0.001785014	15.117815022
13.33739	0.001785014	15.117815022
13.338289999999999	0.001785014	15.117815022
13.335820000000002	0.001785014	15.117815022
13.331339999999999	0.001785014	15.117815022
13.32855	0.001785014	15.117815022
13.32424	0.001785014	15.117815022
13.32066	0.001785014	15.117815022
13.31531	0.001785014	15.117815022
13.3093	0.001785014	15.117815022
13.30514	0.001785014	15.117815022
13.30035	0.001785014	15.117815022
13.29326	0.001785014	15.117815022
13.28585	0.001785014	15.117815022
13.278820000000001	0.001785014	15.117815022
13.275020000000001	0.001785014	15.117815022
13.272120000000001	0.001785014	15.117815022
13.27014	0.001785014	15.117815022
13.269979999999999	0.001785014	15.117815022
13.267520000000001	0.001785014	15.117815022
13.2685	0.001785014	15.117815022
13.267479999999999	0.001785014	15.117815022
13.267489999999999	0.001785014	15.117815022
13.26631	0.001785014	15.117815022
13.26506	0.001785014	15.117815022
13.261510000000001	0.001785014	15.117815022
13.259220000000001	0.001785014	15.117815022
13.25653	0.001785014	15.117815022
13.253589999999999	0.001785014	15.117815022
13.248729999999998	0.001785014	15.117815022
13.24351	0.001785014	15.117815022
13.23729	0.001785014	15.117815022
13.23432	0.001785014	15.117815022
13.23115	0.001785014	15.117815022
13.22905	0.001785014	15.117815022
13.227379999999998	0.001785014	15.117815022
13.22267	0.001785014	15.117815022
13.2171	0.001785014	15.117815022
13.21517	0.001785014	15.117815022
13.214329999999999	0.001785014	15.117815022
13.212710000000001	0.001785014	15.117815022
13.214260000000001	0.001785014	15.117815022
13.21321	0.001785014	15.117815022
13.210429999999999	0.001785014	15.117815022
13.20687	0.001785014	15.117815022
13.204870000000001	0.001785014	15.117815022
13.20442	0.001785014	15.117815022
13.20152	0.001785014	15.117815022
13.19953	0.001785014	15.117815022
13.197189999999999	0.001785014	15.117815022
13.195110000000001	0.001785014	15.117815022
13.194779999999998	0.001785014	15.117815022
13.191220000000001	0.001785014	15.117815022
13.189370000000002	0.001785014	15.117815022
13.186639999999999	0.001785014	15.117815022
13.184439999999999	0.001785014	15.117815022
13.183810000000001	0.001785014	15.117815022
13.18346	0.001785014	15.117815022
13.18251	0.001785014	15.117815022
13.18011	0.001785014	15.117815022
13.17805	0.001785014	15.117815022
13.177579999999999	0.001785014	15.117815022
13.17919	0.001785014	15.117815022
13.182360000000001	0.001785014	15.117815022
13.184529999999999	0.001785014	15.117815022
13.184529999999999	0.001785014	15.117815022
13.18503	0.001785014	15.117815022
13.183729999999999	0.001785014	15.117815022
13.180539999999999	0.001785014	15.117815022
13.17919	0.001785014	15.117815022
13.178410000000001	0.001785014	15.117815022
13.1772	0.001785014	15.117815022
13.17826	0.001785014	15.117815022
13.175770000000002	0.001785014	15.117815022
13.17431	0.001785014	15.117815022
13.17285	0.001785014	15.117815022
13.17363	0.001785014	15.117815022
13.17239	0.001785014	15.117815022
13.170810000000001	0.001785014	15.117815022
13.16893	0.001785014	15.117815022
13.16569	0.001785014	15.117815022
13.163570000000002	0.001785014	15.117815022
13.16327	0.001785014	15.117815022
13.162139999999999	0.001785014	15.117815022
13.15705	0.001785014	15.117815022
13.153129999999999	0.001785014	15.117815022
13.148279999999998	0.001785014	15.117815022
13.14339	0.001785014	15.117815022
13.1391	0.001785014	15.117815022
13.13715	0.001785014	15.117815022
13.1369	0.001785014	15.117815022
13.13915	0.001785014	15.117815022
13.14145	0.001785014	15.117815022
13.144060000000001	0.001785014	15.117815022
13.148579999999999	0.001785014	15.117815022
13.156320000000001	0.001785014	15.117815022
13.162070000000002	0.001785014	15.117815022
13.168	0.001785014	15.117815022
13.17295	0.001785014	15.117815022
13.17958	0.001785014	15.117815022
13.187489999999999	0.001785014	15.117815022
13.1948	0.001785014	15.117815022
13.200120000000002	0.001785014	15.117815022
13.2064	0.001785014	15.117815022
13.211670000000002	0.001785014	15.117815022
13.216420000000001	0.001785014	15.117815022
13.220320000000001	0.001785014	15.117815022
13.22449	0.001785014	15.117815022
13.230820000000001	0.001785014	15.117815022
13.23845	0.001785014	15.117815022
13.244589999999999	0.001785014	15.117815022
13.2491	0.001785014	15.117815022
13.253110000000001	0.001785014	15.117815022
13.257760000000001	0.001785014	15.117815022
13.26314	0.001785014	15.117815022
13.267270000000002	0.001785014	15.117815022
13.26948	0.001785014	15.117815022
13.27206	0.001785014	15.117815022
13.27389	0.001785014	15.117815022
13.27781	0.001785014	15.117815022
13.28174	0.001785014	15.117815022
13.285279999999998	0.001785014	15.117815022
13.28725	0.001785014	15.117815022
13.29164	0.001785014	15.117815022
13.29563	0.001785014	15.117815022
13.302389999999999	0.001785014	15.117815022
13.30737	0.001785014	15.117815022
13.31013	0.001785014	15.117815022
13.31218	0.001785014	15.117815022
13.31512	0.001785014	15.117815022
13.316460000000001	0.001785014	15.117815022
13.3149	0.001785014	15.117815022
13.31417	0.001785014	15.117815022
13.316720000000002	0.001785014	15.117815022
13.31816	0.001785014	15.117815022
13.320429999999998	0.001785014	15.117815022
13.32288	0.001785014	15.117815022
13.32555	0.001785014	15.117815022
13.32651	0.001785014	15.117815022
13.32639	0.001785014	15.117815022
13.324229999999998	0.001785014	15.117815022
13.32155	0.001785014	15.117815022
13.32003	0.001785014	15.117815022
13.319329999999999	0.001785014	15.117815022
13.316020000000002	0.001785014	15.117815022
13.31432	0.001785014	15.117815022
13.312629999999999	0.001785014	15.117815022
13.31276	0.001785014	15.117815022
13.31254	0.001785014	15.117815022
13.31153	0.001785014	15.117815022
13.31349	0.001785014	15.117815022
13.314729999999999	0.001785014	15.117815022
13.31454	0.001785014	15.117815022
13.31471	0.001785014	15.117815022
13.31565	0.001785014	15.117815022
13.31642	0.001785014	15.117815022
13.319679999999998	0.001785014	15.117815022
13.321579999999999	0.001785014	15.117815022
13.324279999999998	0.001785014	15.117815022
13.327829999999999	0.001785014	15.117815022
13.33106	0.001785014	15.117815022
13.337489999999999	0.001785014	15.117815022
13.34583	0.001785014	15.117815022
13.354079999999998	0.001785014	15.117815022
13.363389999999999	0.001785014	15.117815022
13.3721	0.001785014	15.117815022
13.38209	0.001785014	15.117815022
13.38911	0.001785014	15.117815022
13.39657	0.001785014	15.117815022
13.404670000000001	0.001785014	15.117815022
13.41285	0.001785014	15.117815022
13.41789	0.001785014	15.117815022
13.42356	0.001785014	15.117815022
13.431510000000001	0.001785014	15.117815022
13.43808	0.001785014	15.117815022
13.446929999999998	0.001785014	15.117815022
13.45442	0.001785014	15.117815022
13.4606	0.001785014	15.117815022
13.46764	0.001785014	15.117815022
13.477620000000002	0.001785014	15.117815022
13.48429	0.001785014	15.117815022
13.492770000000002	0.001785014	15.117815022
13.501520000000001	0.001785014	15.117815022
13.51007	0.001785014	15.117815022
13.51666	0.001785014	15.117815022
13.52094	0.001785014	15.117815022
13.5271	0.001785014	15.117815022
13.53094	0.001785014	15.117815022
13.53765	0.001785014	15.117815022
13.545879999999999	0.001785014	15.117815022
13.55225	0.001785014	15.117815022
13.55529	0.001785014	15.117815022
13.56016	0.001785014	15.117815022
13.56357	0.001785014	15.117815022
13.567210000000001	0.001785014	15.117815022
13.57068	0.001785014	15.117815022
13.57514	0.001785014	15.117815022
13.58145	0.001785014	15.117815022
13.58836	0.001785014	15.117815022
13.594120000000002	0.001785014	15.117815022
13.59874	0.001785014	15.117815022
13.602070000000001	0.001785014	15.117815022
13.603370000000002	0.001785014	15.117815022
13.60341	0.001785014	15.117815022
13.60285	0.001785014	15.117815022
13.605920000000001	0.001785014	15.117815022
13.60452	0.001785014	15.117815022
13.605479999999998	0.001785014	15.117815022
13.60829	0.001785014	15.117815022
13.61359	0.001785014	15.117815022
13.61827	0.001785014	15.117815022
13.619829999999999	0.001785014	15.117815022
13.61912	0.001785014	15.117815022
13.618970000000001	0.001785014	15.117815022
13.61965	0.001785014	15.117815022
13.61919	0.001785014	15.117815022
13.62079	0.001785014	15.117815022
13.62145	0.001785014	15.117815022
13.624260000000001	0.001785014	15.117815022
13.62465	0.001785014	15.117815022
13.62626	0.001785014	15.117815022
13.629179999999998	0.001785014	15.117815022
13.631839999999999	0.001785014	15.117815022
13.63376	0.001785014	15.117815022
13.6385	0.001785014	15.117815022
13.64075	0.001785014	15.117815022
13.64432	0.001785014	15.117815022
13.64895	0.001785014	15.117815022
13.653170000000001	0.001785014	15.117815022
13.657589999999999	0.001785014	15.117815022
13.662920000000002	0.001785014	15.117815022
13.669929999999999	0.001785014	15.117815022
13.676910000000001	0.001785014	15.117815022
13.682910000000001	0.001785014	15.117815022
13.68736	0.001785014	15.117815022
13.69055	0.001785014	15.117815022
13.6923	0.001785014	15.117815022
13.6975	0.001785014	15.117815022
13.701629999999998	0.001785014	15.117815022
13.70629	0.001785014	15.117815022
13.71146	0.001785014	15.117815022
13.715470000000002	0.001785014	15.117815022
13.718929999999999	0.001785014	15.117815022
13.72112	0.001785014	15.117815022
13.72011	0.001785014	15.117815022
13.71795	0.001785014	15.117815022
13.71716	0.001785014	15.117815022
13.714379999999998	0.001785014	15.117815022
13.71459	0.001785014	15.117815022
13.712670000000001	0.001785014	15.117815022
13.709	0.001785014	15.117815022
13.70667	0.001785014	15.117815022
13.70535	0.001785014	15.117815022
13.70241	0.001785014	15.117815022
13.70169	0.001785014	15.117815022
13.699179999999998	0.001785014	15.117815022
13.69956	0.001785014	15.117815022
13.701020000000002	0.001785014	15.117815022
13.70386	0.001785014	15.117815022
13.705160000000001	0.001785014	15.117815022
13.707460000000001	0.001785014	15.117815022
13.708870000000001	0.001785014	15.117815022
13.709679999999999	0.001785014	15.117815022
13.709779999999999	0.001785014	15.117815022
13.70783	0.001785014	15.117815022
13.70726	0.001785014	15.117815022
13.7071	0.001785014	15.117815022
13.70689	0.001785014	15.117815022
13.70665	0.001785014	15.117815022
13.70222	0.001785014	15.117815022
13.69604	0.001785014	15.117815022
13.69116	0.001785014	15.117815022
13.689070000000001	0.001785014	15.117815022
13.68707	0.001785014	15.117815022
13.684579999999999	0.001785014	15.117815022
13.68208	0.001785014	15.117815022
13.67965	0.001785014	15.117815022
13.678939999999999	0.001785014	15.117815022
13.678889999999999	0.001785014	15.117815022
13.675310000000001	0.001785014	15.117815022
13.670520000000002	0.001785014	15.117815022
13.668420000000001	0.001785014	15.117815022
13.670670000000001	0.001785014	15.117815022
13.67135	0.001785014	15.117815022
13.67199	0.001785014	15.117815022
13.67268	0.001785014	15.117815022
13.67455	0.001785014	15.117815022
13.67249	0.001785014	15.117815022
13.67043	0.001785014	15.117815022
13.67105	0.001785014	15.117815022
13.6685	0.001785014	15.117815022
13.66629	0.001785014	15.117815022
13.664860000000001	0.001785014	15.117815022
13.6648	0.001785014	15.117815022
13.66342	0.001785014	15.117815022
13.6638	0.001785014	15.117815022
13.66249	0.001785014	15.117815022
13.66425	0.001785014	15.117815022
13.66758	0.001785014	15.117815022
13.67176	0.001785014	15.117815022
13.67755	0.001785014	15.117815022
13.68075	0.001785014	15.117815022
13.6811	0.001785014	15.117815022
13.68208	0.001785014	15.117815022
13.68099	0.001785014	15.117815022
13.678379999999999	0.001785014	15.117815022
13.67813	0.001785014	15.117815022
13.674610000000001	0.001785014	15.117815022
13.670370000000002	0.001785014	15.117815022
13.665989999999999	0.001785014	15.117815022
13.66119	0.001785014	15.117815022
13.655629999999999	0.001785014	15.117815022
13.650910000000001	0.001785014	15.117815022
13.6455	0.001785014	15.117815022
13.63957	0.001785014	15.117815022
13.6359	0.001785014	15.117815022
13.63305	0.001785014	15.117815022
13.629029999999998	0.001785014	15.117815022
13.62544	0.001785014	15.117815022
13.6208	0.001785014	15.117815022
13.617989999999999	0.001785014	15.117815022
13.61524	0.001785014	15.117815022
13.612729999999999	0.001785014	15.117815022
13.61333	0.001785014	15.117815022
13.6137	0.001785014	15.117815022
13.614310000000001	0.001785014	15.117815022
13.61323	0.001785014	15.117815022
13.61125	0.001785014	15.117815022
13.60682	0.001785014	15.117815022
13.602670000000002	0.001785014	15.117815022
13.59852	0.001785014	15.117815022
13.593029999999999	0.001785014	15.117815022
13.591429999999999	0.001785014	15.117815022
13.5904	0.001785014	15.117815022
13.58954	0.001785014	15.117815022
13.58714	0.001785014	15.117815022
13.584610000000001	0.001785014	15.117815022
13.583160000000001	0.001785014	15.117815022
13.580429999999998	0.001785014	15.117815022
13.57729	0.001785014	15.117815022
13.57439	0.001785014	15.117815022
13.569320000000001	0.001785014	15.117815022
13.56371	0.001785014	15.117815022
13.557929999999999	0.001785014	15.117815022
13.55306	0.001785014	15.117815022
13.55065	0.001785014	15.117815022
13.548620000000001	0.001785014	15.117815022
13.54834	0.001785014	15.117815022
13.54907	0.001785014	15.117815022
13.54895	0.001785014	15.117815022
13.545229999999998	0.001785014	15.117815022
13.54289	0.001785014	15.117815022
13.541739999999999	0.001785014	15.117815022
13.5419	0.001785014	15.117815022
13.54388	0.001785014	15.117815022
13.546370000000001	0.001785014	15.117815022
13.550579999999998	0.001785014	15.117815022
13.55451	0.001785014	15.117815022
13.55915	0.001785014	15.117815022
13.56171	0.001785014	15.117815022
13.562289999999999	0.001785014	15.117815022
13.564060000000001	0.001785014	15.117815022
13.565479999999999	0.001785014	15.117815022
13.56669	0.001785014	15.117815022
13.56744	0.001785014	15.117815022
13.56735	0.001785014	15.117815022
13.565729999999999	0.001785014	15.117815022
13.56564	0.001785014	15.117815022
13.56574	0.001785014	15.117815022
13.56381	0.001785014	15.117815022
13.559729999999998	0.001785014	15.117815022
13.556629999999998	0.001785014	15.117815022
13.55199	0.001785014	15.117815022
13.54579	0.001785014	15.117815022
13.538229999999999	0.001785014	15.117815022
13.53103	0.001785014	15.117815022
13.52251	0.001785014	15.117815022
13.51556	0.001785014	15.117815022
13.51096	0.001785014	15.117815022
13.509	0.001785014	15.117815022
13.5095	0.001785014	15.117815022
13.510629999999999	0.001785014	15.117815022
13.513379999999998	0.001785014	15.117815022
13.5174	0.001785014	15.117815022
13.52084	0.001785014	15.117815022
13.52772	0.001785014	15.117815022
13.531629999999998	0.001785014	15.117815022
13.53481	0.001785014	15.117815022
13.538179999999999	0.001785014	15.117815022
13.541529999999998	0.001785014	15.117815022
13.5438	0.001785014	15.117815022
13.548760000000001	0.001785014	15.117815022
13.555010000000001	0.001785014	15.117815022
13.562120000000002	0.001785014	15.117815022
13.56856	0.001785014	15.117815022
13.57564	0.001785014	15.117815022
13.58284	0.001785014	15.117815022
13.59179	0.001785014	15.117815022
13.598989999999999	0.001785014	15.117815022
13.60617	0.001785014	15.117815022
13.613370000000002	0.001785014	15.117815022
13.62054	0.001785014	15.117815022
13.626920000000002	0.001785014	15.117815022
13.63509	0.001785014	15.117815022
13.64316	0.001785014	15.117815022
13.6506	0.001785014	15.117815022
13.65652	0.001785014	15.117815022
13.6638	0.001785014	15.117815022
13.670079999999999	0.001785014	15.117815022
13.675679999999998	0.001785014	15.117815022
13.68374	0.001785014	15.117815022
13.689910000000001	0.001785014	15.117815022
13.696579999999999	0.001785014	15.117815022
13.70166	0.001785014	15.117815022
13.705	0.001785014	15.117815022
13.708620000000002	0.001785014	15.117815022
13.70974	0.001785014	15.117815022
13.71093	0.001785014	15.117815022
13.711529999999998	0.001785014	15.117815022
13.711839999999999	0.001785014	15.117815022
13.714089999999999	0.001785014	15.117815022
13.71729	0.001785014	15.117815022
13.720839999999999	0.001785014	15.117815022
13.72432	0.001785014	15.117815022
13.72601	0.001785014	15.117815022
13.72734	0.001785014	15.117815022
13.728179999999998	0.001785014	15.117815022
13.727160000000001	0.001785014	15.117815022
13.727529999999998	0.001785014	15.117815022
13.727520000000002	0.001785014	15.117815022
13.726679999999998	0.001785014	15.117815022
13.726379999999999	0.001785014	15.117815022
13.72515	0.001785014	15.117815022
13.72529	0.001785014	15.117815022
13.727129999999999	0.001785014	15.117815022
13.72979	0.001785014	15.117815022
13.730979999999999	0.001785014	15.117815022
13.732489999999999	0.001785014	15.117815022
13.734589999999999	0.001785014	15.117815022
13.73613	0.001785014	15.117815022
13.73986	0.001785014	15.117815022
13.745429999999999	0.001785014	15.117815022
13.74929	0.001785014	15.117815022
13.7504	0.001785014	15.117815022
13.75179	0.001785014	15.117815022
13.754489999999999	0.001785014	15.117815022
13.75584	0.001785014	15.117815022
13.75649	0.001785014	15.117815022
13.75697	0.001785014	15.117815022
13.758339999999999	0.001785014	15.117815022
13.76016	0.001785014	15.117815022
13.761470000000001	0.001785014	15.117815022
13.763179999999998	0.001785014	15.117815022
13.76472	0.001785014	15.117815022
13.76425	0.001785014	15.117815022
13.76089	0.001785014	15.117815022
13.760520000000001	0.001785014	15.117815022
13.760629999999999	0.001785014	15.117815022
13.76172	0.001785014	15.117815022
13.762039999999999	0.001785014	15.117815022
13.764560000000001	0.001785014	15.117815022
13.76795	0.001785014	15.117815022
13.77276	0.001785014	15.117815022
13.77718	0.001785014	15.117815022
13.78188	0.001785014	15.117815022
13.78614	0.001785014	15.117815022
13.790939999999999	0.001785014	15.117815022
13.79299	0.001785014	15.117815022
13.794979999999999	0.001785014	15.117815022
13.79369	0.001785014	15.117815022
13.79156	0.001785014	15.117815022
13.790460000000001	0.001785014	15.117815022
13.79095	0.001785014	15.117815022
13.79166	0.001785014	15.117815022
13.791039999999999	0.001785014	15.117815022
13.791720000000002	0.001785014	15.117815022
13.79229	0.001785014	15.117815022
13.7937	0.001785014	15.117815022
13.795370000000002	0.001785014	15.117815022
13.79618	0.001785014	15.117815022
13.79855	0.001785014	15.117815022
13.80224	0.001785014	15.117815022
13.80776	0.001785014	15.117815022
13.811570000000001	0.001785014	15.117815022
13.814229999999998	0.001785014	15.117815022
13.816679999999998	0.001785014	15.117815022
13.815610000000001	0.001785014	15.117815022
13.812660000000001	0.001785014	15.117815022
13.81506	0.001785014	15.117815022
13.815370000000001	0.001785014	15.117815022
13.815389999999999	0.001785014	15.117815022
13.814420000000002	0.001785014	15.117815022
13.8138	0.001785014	15.117815022
13.81572	0.001785014	15.117815022
13.817260000000001	0.001785014	15.117815022
13.817	0.001785014	15.117815022
13.81895	0.001785014	15.117815022
13.824720000000001	0.001785014	15.117815022
13.831439999999999	0.001785014	15.117815022
13.83865	0.001785014	15.117815022
13.84654	0.001785014	15.117815022
13.85525	0.001785014	15.117815022
13.861529999999998	0.001785014	15.117815022
13.865470000000002	0.001785014	15.117815022
13.87284	0.001785014	15.117815022
13.88021	0.001785014	15.117815022
13.887360000000001	0.001785014	15.117815022
13.894879999999999	0.001785014	15.117815022
13.89971	0.001785014	15.117815022
13.90445	0.001785014	15.117815022
13.908729999999998	0.001785014	15.117815022
13.90962	0.001785014	15.117815022
13.91029	0.001785014	15.117815022
13.91169	0.001785014	15.117815022
13.912239999999999	0.001785014	15.117815022
13.91574	0.001785014	15.117815022
13.92126	0.001785014	15.117815022
13.92406	0.001785014	15.117815022
13.924470000000001	0.001785014	15.117815022
13.92658	0.001785014	15.117815022
13.92876	0.001785014	15.117815022
13.92929	0.001785014	15.117815022
13.93128	0.001785014	15.117815022
13.933129999999998	0.001785014	15.117815022
13.934079999999998	0.001785014	15.117815022
13.93542	0.001785014	15.117815022
13.93345	0.001785014	15.117815022
13.931920000000002	0.001785014	15.117815022
13.932329999999999	0.001785014	15.117815022
13.93309	0.001785014	15.117815022
13.93475	0.001785014	15.117815022
13.93511	0.001785014	15.117815022
13.933370000000002	0.001785014	15.117815022
13.9325	0.001785014	15.117815022
13.93144	0.001785014	15.117815022
13.931510000000001	0.001785014	15.117815022
13.93304	0.001785014	15.117815022
13.93489	0.001785014	15.117815022
13.935210000000001	0.001785014	15.117815022
13.93477	0.001785014	15.117815022
13.9341	0.001785014	15.117815022
13.9311	0.001785014	15.117815022
13.92994	0.001785014	15.117815022
13.92959	0.001785014	15.117815022
13.927220000000002	0.001785014	15.117815022
13.922320000000001	0.001785014	15.117815022
13.91681	0.001785014	15.117815022
13.91225	0.001785014	15.117815022
13.912070000000002	0.001785014	15.117815022
13.91204	0.001785014	15.117815022
13.90973	0.001785014	15.117815022
13.90918	0.001785014	15.117815022
13.906970000000001	0.001785014	15.117815022
13.90425	0.001785014	15.117815022
13.90274	0.001785014	15.117815022
13.89972	0.001785014	15.117815022
13.896	0.001785014	15.117815022
13.89231	0.001785014	15.117815022
13.88976	0.001785014	15.117815022
13.88846	0.001785014	15.117815022
13.88584	0.001785014	15.117815022
13.8834	0.001785014	15.117815022
13.8852	0.001785014	15.117815022
13.88844	0.001785014	15.117815022
13.891860000000001	0.001785014	15.117815022
13.89507	0.001785014	15.117815022
13.8966	0.001785014	15.117815022
13.898129999999998	0.001785014	15.117815022
13.90146	0.001785014	15.117815022
13.906939999999999	0.001785014	15.117815022
13.91143	0.001785014	15.117815022
13.91354	0.001785014	15.117815022
13.913479999999998	0.001785014	15.117815022
13.912820000000002	0.001785014	15.117815022
13.9134	0.001785014	15.117815022
13.915629999999998	0.001785014	15.117815022
13.92055	0.001785014	15.117815022
13.92494	0.001785014	15.117815022
13.928139999999999	0.001785014	15.117815022
13.9322	0.001785014	15.117815022
13.935789999999999	0.001785014	15.117815022
13.942120000000001	0.001785014	15.117815022
13.94944	0.001785014	15.117815022
13.954279999999999	0.001785014	15.117815022
13.9607	0.001785014	15.117815022
13.96662	0.001785014	15.117815022
13.9707	0.001785014	15.117815022
13.97406	0.001785014	15.117815022
13.975489999999999	0.001785014	15.117815022
13.976820000000002	0.001785014	15.117815022
13.9747	0.001785014	15.117815022
13.9712	0.001785014	15.117815022
13.966510000000001	0.001785014	15.117815022
13.962710000000001	0.001785014	15.117815022
13.96062	0.001785014	15.117815022
13.959270000000002	0.001785014	15.117815022
13.957770000000002	0.001785014	15.117815022
13.955979999999998	0.001785014	15.117815022
13.95236	0.001785014	15.117815022
13.94842	0.001785014	15.117815022
13.94607	0.001785014	15.117815022
13.944070000000002	0.001785014	15.117815022
13.94191	0.001785014	15.117815022
13.94059	0.001785014	15.117815022
13.940170000000002	0.001785014	15.117815022
13.939470000000002	0.001785014	15.117815022
13.938220000000001	0.001785014	15.117815022
13.93551	0.001785014	15.117815022
13.93254	0.001785014	15.117815022
13.930760000000001	0.001785014	15.117815022
13.928479999999999	0.001785014	15.117815022
13.92685	0.001785014	15.117815022
13.92411	0.001785014	15.117815022
13.923789999999999	0.001785014	15.117815022
13.92661	0.001785014	15.117815022
13.92803	0.001785014	15.117815022
13.9288	0.001785014	15.117815022
13.931289999999999	0.001785014	15.117815022
13.93479	0.001785014	15.117815022
13.935979999999999	0.001785014	15.117815022
13.935920000000001	0.001785014	15.117815022
13.93714	0.001785014	15.117815022
13.9396	0.001785014	15.117815022
13.943539999999999	0.001785014	15.117815022
13.94561	0.001785014	15.117815022
13.94803	0.001785014	15.117815022
13.948920000000001	0.001785014	15.117815022
13.949689999999999	0.001785014	15.117815022
13.951260000000001	0.001785014	15.117815022
13.95485	0.001785014	15.117815022
13.958429999999998	0.001785014	15.117815022
13.96333	0.001785014	15.117815022
13.9684	0.001785014	15.117815022
13.972339999999999	0.001785014	15.117815022
13.976070000000002	0.001785014	15.117815022
13.978879999999998	0.001785014	15.117815022
13.97993	0.001785014	15.117815022
13.98374	0.001785014	15.117815022
13.98806	0.001785014	15.117815022
13.993229999999999	0.001785014	15.117815022
13.99901	0.001785014	15.117815022
14.003879999999999	0.001785014	15.117815022
14.00665	0.001785014	15.117815022
14.0102	0.001785014	15.117815022
14.01431	0.001785014	15.117815022
14.016539999999999	0.001785014	15.117815022
14.01854	0.001785014	15.117815022
14.02094	0.001785014	15.117815022
14.02641	0.001785014	15.117815022
14.034379999999999	0.001785014	15.117815022
14.04135	0.001785014	15.117815022
14.050229999999999	0.001785014	15.117815022
14.053970000000001	0.001785014	15.117815022
14.057579999999998	0.001785014	15.117815022
14.061370000000002	0.001785014	15.117815022
14.06681	0.001785014	15.117815022
14.07102	0.001785014	15.117815022
14.077060000000001	0.001785014	15.117815022
14.08487	0.001785014	15.117815022
14.09141	0.001785014	15.117815022
14.09755	0.001785014	15.117815022
14.103860000000001	0.001785014	15.117815022
14.1106	0.001785014	15.117815022
14.11634	0.001785014	15.117815022
14.122860000000001	0.001785014	15.117815022
14.12945	0.001785014	15.117815022
14.13724	0.001785014	15.117815022
14.145129999999998	0.001785014	15.117815022
14.151720000000001	0.001785014	15.117815022
14.15586	0.001785014	15.117815022
14.1602	0.001785014	15.117815022
14.165329999999999	0.001785014	15.117815022
14.1691	0.001785014	15.117815022
14.172189999999999	0.001785014	15.117815022
14.17472	0.001785014	15.117815022
14.178679999999998	0.001785014	15.117815022
14.184	0.001785014	15.117815022
14.18706	0.001785014	15.117815022
14.188870000000001	0.001785014	15.117815022
14.18949	0.001785014	15.117815022
14.1916	0.001785014	15.117815022
14.19364	0.001785014	15.117815022
14.19426	0.001785014	15.117815022
14.19415	0.001785014	15.117815022
14.197970000000002	0.001785014	15.117815022
14.202520000000002	0.001785014	15.117815022
14.207239999999999	0.001785014	15.117815022
14.20935	0.001785014	15.117815022
14.21256	0.001785014	15.117815022
14.215879999999999	0.001785014	15.117815022
14.221620000000001	0.001785014	15.117815022
14.22816	0.001785014	15.117815022
14.23404	0.001785014	15.117815022
14.24063	0.001785014	15.117815022
14.24664	0.001785014	15.117815022
14.251029999999998	0.001785014	15.117815022
14.255729999999998	0.001785014	15.117815022
14.25951	0.001785014	15.117815022
14.261429999999999	0.001785014	15.117815022
14.26365	0.001785014	15.117815022
14.267729999999998	0.001785014	15.117815022
14.27372	0.001785014	15.117815022
14.278839999999999	0.001785014	15.117815022
14.28379	0.001785014	15.117815022
14.286620000000001	0.001785014	15.117815022
14.289570000000001	0.001785014	15.117815022
14.29371	0.001785014	15.117815022
14.29752	0.001785014	15.117815022
14.29945	0.001785014	15.117815022
14.29875	0.001785014	15.117815022
14.298020000000001	0.001785014	15.117815022
14.29889	0.001785014	15.117815022
14.302439999999999	0.001785014	15.117815022
14.30621	0.001785014	15.117815022
14.309239999999999	0.001785014	15.117815022
14.31189	0.001785014	15.117815022
14.314060000000001	0.001785014	15.117815022
14.316460000000001	0.001785014	15.117815022
14.31913	0.001785014	15.117815022
14.32182	0.001785014	15.117815022
14.324629999999999	0.001785014	15.117815022
14.323089999999999	0.001785014	15.117815022
14.320279999999999	0.001785014	15.117815022
14.317620000000002	0.001785014	15.117815022
14.3151	0.001785014	15.117815022
14.31589	0.001785014	15.117815022
14.31678	0.001785014	15.117815022
14.3185	0.001785014	15.117815022
14.31955	0.001785014	15.117815022
14.31971	0.001785014	15.117815022
14.32133	0.001785014	15.117815022
14.32194	0.001785014	15.117815022
14.321660000000001	0.001785014	15.117815022
14.31964	0.001785014	15.117815022
14.316310000000001	0.001785014	15.117815022
14.31468	0.001785014	15.117815022
14.31124	0.001785014	15.117815022
14.309560000000001	0.001785014	15.117815022
14.305860000000001	0.001785014	15.117815022
14.30395	0.001785014	15.117815022
14.298910000000001	0.001785014	15.117815022
14.29395	0.001785014	15.117815022
14.291170000000001	0.001785014	15.117815022
14.29145	0.001785014	15.117815022
14.29089	0.001785014	15.117815022
14.288020000000001	0.001785014	15.117815022
14.285839999999999	0.001785014	15.117815022
14.2847	0.001785014	15.117815022
14.28395	0.001785014	15.117815022
14.2868	0.001785014	15.117815022
14.28819	0.001785014	15.117815022
14.288070000000001	0.001785014	15.117815022
14.289	0.001785014	15.117815022
14.289829999999998	0.001785014	15.117815022
14.29316	0.001785014	15.117815022
14.295010000000001	0.001785014	15.117815022
14.294889999999999	0.001785014	15.117815022
14.296470000000001	0.001785014	15.117815022
14.2969	0.001785014	15.117815022
14.29625	0.001785014	15.117815022
14.29491	0.001785014	15.117815022
14.295539999999999	0.001785014	15.117815022
14.29945	0.001785014	15.117815022
14.30458	0.001785014	15.117815022
14.30846	0.001785014	15.117815022
14.311129999999999	0.001785014	15.117815022
14.315170000000002	0.001785014	15.117815022
14.319320000000001	0.001785014	15.117815022
14.321579999999999	0.001785014	15.117815022
14.32226	0.001785014	15.117815022
14.320979999999999	0.001785014	15.117815022
14.31427	0.001785014	15.117815022
14.30841	0.001785014	15.117815022
14.306289999999999	0.001785014	15.117815022
14.30676	0.001785014	15.117815022
14.30905	0.001785014	15.117815022
14.309	0.001785014	15.117815022
14.309679999999998	0.001785014	15.117815022
14.311370000000002	0.001785014	15.117815022
14.31618	0.001785014	15.117815022
14.31981	0.001785014	15.117815022
14.3221	0.001785014	15.117815022
14.3249	0.001785014	15.117815022
14.32765	0.001785014	15.117815022
14.331270000000002	0.001785014	15.117815022
14.335270000000001	0.001785014	15.117815022
14.33935	0.001785014	15.117815022
14.34341	0.001785014	15.117815022
14.348189999999999	0.001785014	15.117815022
14.35384	0.001785014	15.117815022
14.358720000000002	0.001785014	15.117815022
14.364070000000002	0.001785014	15.117815022
14.367370000000001	0.001785014	15.117815022
14.37394	0.001785014	15.117815022
14.37904	0.001785014	15.117815022
14.38224	0.001785014	15.117815022
14.382620000000001	0.001785014	15.117815022
14.379629999999999	0.001785014	15.117815022
14.375570000000002	0.001785014	15.117815022
14.372470000000002	0.001785014	15.117815022
14.36992	0.001785014	15.117815022
14.3694	0.001785014	15.117815022
14.36977	0.001785014	15.117815022
14.3696	0.001785014	15.117815022
