14.331270000000002	0.001785014	15.117815022
14.335270000000001	0.001785014	15.117815022
14.33935	0.001785014	15.117815022
14.34341	0.001785014	15.117815022
14.348189999999999	0.001785014	15.117815022
14.35384	0.001785014	15.117815022
14.358720000000002	0.001785014	15.117815022
14.364070000000002	0.001785014	15.117815022
14.367370000000001	0.001785014	15.117815022
14.37394	0.001785014	15.117815022
14.37904	0.001785014	15.117815022
14.38224	0.001785014	15.117815022
14.382620000000001	0.001785014	15.117815022
14.379629999999999	0.001785014	15.117815022
14.375570000000002	0.001785014	15.117815022
14.37246	0.001785014	15.117815022
14.36992	0.001785014	15.117815022
14.3694	0.001785014	15.117815022
14.36977	0.001785014	15.117815022
14.3696	0.001785014	15.117815022
14.36885	0.001785014	15.117815022
14.36825	0.001785014	15.117815022
14.36655	0.001785014	15.117815022
14.36084	0.001785014	15.117815022
14.357120000000002	0.001785014	15.117815022
14.354989999999999	0.001785014	15.117815022
14.35326	0.001785014	15.117815022
14.35356	0.001785014	15.117815022
14.35563	0.001785014	15.117815022
14.358970000000001	0.001785014	15.117815022
14.36348	0.001785014	15.117815022
14.36546	0.001785014	15.117815022
14.36769	0.001785014	15.117815022
14.370370000000001	0.001785014	15.117815022
14.371720000000002	0.001785014	15.117815022
14.37587	0.001785014	15.117815022
14.378910000000001	0.001785014	15.117815022
14.384139999999999	0.001785014	15.117815022
14.39139	0.001785014	15.117815022
14.39885	0.001785014	15.117815022
14.40521	0.001785014	15.117815022
14.410860000000001	0.001785014	15.117815022
14.419120000000001	0.001785014	15.117815022
14.423639999999999	0.001785014	15.117815022
14.42915	0.001785014	15.117815022
14.43418	0.001785014	15.117815022
14.43885	0.001785014	15.117815022
14.44276	0.001785014	15.117815022
14.44602	0.001785014	15.117815022
14.45006	0.001785014	15.117815022
14.45294	0.001785014	15.117815022
14.4567	0.001785014	15.117815022
14.462	0.001785014	15.117815022
14.46778	0.001785014	15.117815022
14.474260000000001	0.001785014	15.117815022
14.481160000000001	0.001785014	15.117815022
14.4864	0.001785014	15.117815022
14.493429999999998	0.001785014	15.117815022
14.4987	0.001785014	15.117815022
14.50419	0.001785014	15.117815022
14.50823	0.001785014	15.117815022
14.514489999999999	0.001785014	15.117815022
14.519120000000001	0.001785014	15.117815022
14.52089	0.001785014	15.117815022
14.523679999999999	0.001785014	15.117815022
14.52784	0.001785014	15.117815022
14.5319	0.001785014	15.117815022
14.538020000000001	0.001785014	15.117815022
14.54461	0.001785014	15.117815022
14.550529999999998	0.001785014	15.117815022
14.557960000000001	0.001785014	15.117815022
14.566429999999999	0.001785014	15.117815022
14.573189999999999	0.001785014	15.117815022
14.57877	0.001785014	15.117815022
14.586110000000001	0.001785014	15.117815022
14.59438	0.001785014	15.117815022
14.60305	0.001785014	15.117815022
14.61396	0.001785014	15.117815022
14.622910000000001	0.001785014	15.117815022
14.6328	0.001785014	15.117815022
14.64163	0.001785014	15.117815022
14.650770000000001	0.001785014	15.117815022
14.657729999999999	0.001785014	15.117815022
14.66651	0.001785014	15.117815022
14.67489	0.001785014	15.117815022
14.68409	0.001785014	15.117815022
14.690339999999999	0.001785014	15.117815022
14.694070000000002	0.001785014	15.117815022
14.69639	0.001785014	15.117815022
14.698089999999999	0.001785014	15.117815022
14.6978	0.001785014	15.117815022
14.700270000000002	0.001785014	15.117815022
14.701120000000001	0.001785014	15.117815022
14.70241	0.001785014	15.117815022
14.70604	0.001785014	15.117815022
14.70815	0.001785014	15.117815022
14.70686	0.001785014	15.117815022
14.7094	0.001785014	15.117815022
14.713170000000002	0.001785014	15.117815022
14.71631	0.001785014	15.117815022
14.7194	0.001785014	15.117815022
14.72078	0.001785014	15.117815022
14.722370000000002	0.001785014	15.117815022
14.723360000000001	0.001785014	15.117815022
14.72754	0.001785014	15.117815022
14.72995	0.001785014	15.117815022
14.728660000000001	0.001785014	15.117815022
14.72758	0.001785014	15.117815022
14.727839999999999	0.001785014	15.117815022
14.72585	0.001785014	15.117815022
14.72381	0.001785014	15.117815022
14.725179999999998	0.001785014	15.117815022
14.72976	0.001785014	15.117815022
14.73071	0.001785014	15.117815022
14.7343	0.001785014	15.117815022
14.73978	0.001785014	15.117815022
14.74513	0.001785014	15.117815022
14.74814	0.001785014	15.117815022
14.750020000000001	0.001785014	15.117815022
14.751920000000002	0.001785014	15.117815022
14.75474	0.001785014	15.117815022
14.75639	0.001785014	15.117815022
14.759220000000001	0.001785014	15.117815022
14.7649	0.001785014	15.117815022
14.76984	0.001785014	15.117815022
14.772310000000001	0.001785014	15.117815022
14.773620000000001	0.001785014	15.117815022
14.774770000000002	0.001785014	15.117815022
14.77776	0.001785014	15.117815022
14.782229999999998	0.001785014	15.117815022
14.78726	0.001785014	15.117815022
14.78865	0.001785014	15.117815022
14.79001	0.001785014	15.117815022
14.79199	0.001785014	15.117815022
14.79504	0.001785014	15.117815022
14.80066	0.001785014	15.117815022
14.806220000000001	0.001785014	15.117815022
14.80925	0.001785014	15.117815022
14.810279999999999	0.001785014	15.117815022
14.81315	0.001785014	15.117815022
14.81526	0.001785014	15.117815022
14.81574	0.001785014	15.117815022
14.8155	0.001785014	15.117815022
14.814639999999999	0.001785014	15.117815022
14.81359	0.001785014	15.117815022
14.81299	0.001785014	15.117815022
14.81311	0.001785014	15.117815022
14.81216	0.001785014	15.117815022
14.81064	0.001785014	15.117815022
14.80836	0.001785014	15.117815022
14.808779999999999	0.001785014	15.117815022
14.80853	0.001785014	15.117815022
14.80685	0.001785014	15.117815022
14.803889999999999	0.001785014	15.117815022
14.80125	0.001785014	15.117815022
14.79667	0.001785014	15.117815022
14.79481	0.001785014	15.117815022
14.79251	0.001785014	15.117815022
14.790070000000002	0.001785014	15.117815022
14.786179999999998	0.001785014	15.117815022
14.78116	0.001785014	15.117815022
14.777239999999999	0.001785014	15.117815022
14.779020000000001	0.001785014	15.117815022
14.777270000000001	0.001785014	15.117815022
14.776860000000001	0.001785014	15.117815022
14.775879999999999	0.001785014	15.117815022
14.77519	0.001785014	15.117815022
14.77273	0.001785014	15.117815022
14.76946	0.001785014	15.117815022
14.76591	0.001785014	15.117815022
14.76271	0.001785014	15.117815022
14.760010000000001	0.001785014	15.117815022
14.7579	0.001785014	15.117815022
14.756070000000001	0.001785014	15.117815022
14.75496	0.001785014	15.117815022
14.75356	0.001785014	15.117815022
14.755579999999998	0.001785014	15.117815022
14.75508	0.001785014	15.117815022
14.754	0.001785014	15.117815022
14.754370000000002	0.001785014	15.117815022
14.753860000000001	0.001785014	15.117815022
14.75605	0.001785014	15.117815022
14.75605	0.001785014	15.117815022
14.757270000000002	0.001785014	15.117815022
14.757979999999998	0.001785014	15.117815022
14.756839999999999	0.001785014	15.117815022
14.75852	0.001785014	15.117815022
14.761339999999999	0.001785014	15.117815022
14.76349	0.001785014	15.117815022
14.764529999999999	0.001785014	15.117815022
14.76493	0.001785014	15.117815022
14.763639999999999	0.001785014	15.117815022
14.760079999999999	0.001785014	15.117815022
14.75591	0.001785014	15.117815022
14.75203	0.001785014	15.117815022
14.74627	0.001785014	15.117815022
14.74044	0.001785014	15.117815022
14.736070000000002	0.001785014	15.117815022
14.73205	0.001785014	15.117815022
14.7272	0.001785014	15.117815022
14.722570000000001	0.001785014	15.117815022
14.71901	0.001785014	15.117815022
14.71344	0.001785014	15.117815022
14.708779999999999	0.001785014	15.117815022
14.70379	0.001785014	15.117815022
14.698870000000001	0.001785014	15.117815022
14.694239999999999	0.001785014	15.117815022
14.688870000000001	0.001785014	15.117815022
14.682310000000001	0.001785014	15.117815022
14.67416	0.001785014	15.117815022
14.6649	0.001785014	15.117815022
14.6569	0.001785014	15.117815022
14.646220000000001	0.001785014	15.117815022
14.639370000000001	0.001785014	15.117815022
14.63212	0.001785014	15.117815022
14.625639999999999	0.001785014	15.117815022
14.61974	0.001785014	15.117815022
14.614339999999999	0.001785014	15.117815022
14.607820000000002	0.001785014	15.117815022
14.60457	0.001785014	15.117815022
14.60086	0.001785014	15.117815022
14.59937	0.001785014	15.117815022
14.597079999999998	0.001785014	15.117815022
14.59281	0.001785014	15.117815022
14.587570000000001	0.001785014	15.117815022
14.585629999999998	0.001785014	15.117815022
14.582410000000001	0.001785014	15.117815022
14.580620000000001	0.001785014	15.117815022
14.58048	0.001785014	15.117815022
14.5802	0.001785014	15.117815022
14.57734	0.001785014	15.117815022
14.57819	0.001785014	15.117815022
14.57918	0.001785014	15.117815022
14.579360000000001	0.001785014	15.117815022
14.5771	0.001785014	15.117815022
14.57528	0.001785014	15.117815022
14.573160000000001	0.001785014	15.117815022
14.57175	0.001785014	15.117815022
14.57104	0.001785014	15.117815022
14.57109	0.001785014	15.117815022
14.57041	0.001785014	15.117815022
14.56983	0.001785014	15.117815022
14.56817	0.001785014	15.117815022
14.565970000000002	0.001785014	15.117815022
14.56572	0.001785014	15.117815022
14.56502	0.001785014	15.117815022
14.564179999999999	0.001785014	15.117815022
14.564070000000001	0.001785014	15.117815022
14.56521	0.001785014	15.117815022
14.56661	0.001785014	15.117815022
14.568729999999999	0.001785014	15.117815022
14.568760000000001	0.001785014	15.117815022
14.569629999999998	0.001785014	15.117815022
14.569729999999998	0.001785014	15.117815022
14.5709	0.001785014	15.117815022
14.569989999999999	0.001785014	15.117815022
14.57117	0.001785014	15.117815022
14.57293	0.001785014	15.117815022
14.574929999999998	0.001785014	15.117815022
14.578120000000002	0.001785014	15.117815022
14.579579999999998	0.001785014	15.117815022
14.58189	0.001785014	15.117815022
14.582120000000002	0.001785014	15.117815022
14.5831	0.001785014	15.117815022
14.58223	0.001785014	15.117815022
14.580279999999998	0.001785014	15.117815022
14.57666	0.001785014	15.117815022
14.572389999999999	0.001785014	15.117815022
14.56981	0.001785014	15.117815022
14.56739	0.001785014	15.117815022
14.56828	0.001785014	15.117815022
14.568779999999999	0.001785014	15.117815022
14.569560000000001	0.001785014	15.117815022
14.567060000000001	0.001785014	15.117815022
14.56344	0.001785014	15.117815022
14.5639	0.001785014	15.117815022
14.56529	0.001785014	15.117815022
14.56737	0.001785014	15.117815022
14.56892	0.001785014	15.117815022
14.568660000000001	0.001785014	15.117815022
14.568029999999998	0.001785014	15.117815022
14.56885	0.001785014	15.117815022
14.566329999999999	0.001785014	15.117815022
14.56414	0.001785014	15.117815022
14.564279999999998	0.001785014	15.117815022
14.56535	0.001785014	15.117815022
14.56895	0.001785014	15.117815022
14.57448	0.001785014	15.117815022
14.580770000000001	0.001785014	15.117815022
14.58489	0.001785014	15.117815022
14.58748	0.001785014	15.117815022
14.589089999999999	0.001785014	15.117815022
14.589179999999999	0.001785014	15.117815022
14.58946	0.001785014	15.117815022
14.58884	0.001785014	15.117815022
14.586870000000001	0.001785014	15.117815022
14.58525	0.001785014	15.117815022
14.58204	0.001785014	15.117815022
14.57581	0.001785014	15.117815022
14.567329999999998	0.001785014	15.117815022
14.5627	0.001785014	15.117815022
14.5575	0.001785014	15.117815022
14.551829999999999	0.001785014	15.117815022
14.547170000000001	0.001785014	15.117815022
14.544379999999999	0.001785014	15.117815022
14.542270000000002	0.001785014	15.117815022
14.540970000000002	0.001785014	15.117815022
14.538229999999999	0.001785014	15.117815022
14.53421	0.001785014	15.117815022
14.52861	0.001785014	15.117815022
14.52416	0.001785014	15.117815022
14.522089999999999	0.001785014	15.117815022
14.519810000000001	0.001785014	15.117815022
14.519029999999999	0.001785014	15.117815022
14.5131	0.001785014	15.117815022
14.507979999999998	0.001785014	15.117815022
14.50045	0.001785014	15.117815022
14.494979999999998	0.001785014	15.117815022
14.4912	0.001785014	15.117815022
14.48501	0.001785014	15.117815022
14.48008	0.001785014	15.117815022
14.474839999999999	0.001785014	15.117815022
14.4697	0.001785014	15.117815022
14.463220000000002	0.001785014	15.117815022
14.45565	0.001785014	15.117815022
14.45064	0.001785014	15.117815022
14.4467	0.001785014	15.117815022
14.443629999999999	0.001785014	15.117815022
14.4394	0.001785014	15.117815022
14.43551	0.001785014	15.117815022
14.434989999999999	0.001785014	15.117815022
14.435529999999998	0.001785014	15.117815022
14.43736	0.001785014	15.117815022
14.442379999999998	0.001785014	15.117815022
14.444629999999998	0.001785014	15.117815022
14.4465	0.001785014	15.117815022
14.44785	0.001785014	15.117815022
14.450579999999999	0.001785014	15.117815022
14.453489999999999	0.001785014	15.117815022
14.45476	0.001785014	15.117815022
14.454279999999999	0.001785014	15.117815022
14.456710000000001	0.001785014	15.117815022
14.460170000000002	0.001785014	15.117815022
14.46389	0.001785014	15.117815022
14.467170000000001	0.001785014	15.117815022
14.47005	0.001785014	15.117815022
14.4697	0.001785014	15.117815022
14.46817	0.001785014	15.117815022
14.466460000000001	0.001785014	15.117815022
14.465679999999999	0.001785014	15.117815022
14.466439999999999	0.001785014	15.117815022
14.46735	0.001785014	15.117815022
14.46778	0.001785014	15.117815022
14.467089999999999	0.001785014	15.117815022
14.464739999999999	0.001785014	15.117815022
14.46357	0.001785014	15.117815022
14.462470000000001	0.001785014	15.117815022
14.4607	0.001785014	15.117815022
14.45674	0.001785014	15.117815022
14.45145	0.001785014	15.117815022
14.44779	0.001785014	15.117815022
14.44461	0.001785014	15.117815022
14.44171	0.001785014	15.117815022
14.438189999999999	0.001785014	15.117815022
14.432070000000001	0.001785014	15.117815022
14.426179999999999	0.001785014	15.117815022
14.42179	0.001785014	15.117815022
14.417639999999999	0.001785014	15.117815022
14.41456	0.001785014	15.117815022
14.41208	0.001785014	15.117815022
14.409410000000001	0.001785014	15.117815022
14.40686	0.001785014	15.117815022
14.4039	0.001785014	15.117815022
14.40078	0.001785014	15.117815022
14.3993	0.001785014	15.117815022
14.398370000000002	0.001785014	15.117815022
14.396070000000002	0.001785014	15.117815022
14.39357	0.001785014	15.117815022
14.38957	0.001785014	15.117815022
14.38437	0.001785014	15.117815022
14.378210000000001	0.001785014	15.117815022
14.373520000000001	0.001785014	15.117815022
14.371070000000001	0.001785014	15.117815022
14.367579999999998	0.001785014	15.117815022
14.36384	0.001785014	15.117815022
14.3607	0.001785014	15.117815022
14.358429999999998	0.001785014	15.117815022
14.35679	0.001785014	15.117815022
14.35554	0.001785014	15.117815022
14.355220000000001	0.001785014	15.117815022
14.35479	0.001785014	15.117815022
14.3531	0.001785014	15.117815022
14.35321	0.001785014	15.117815022
14.350979999999998	0.001785014	15.117815022
14.34671	0.001785014	15.117815022
14.34051	0.001785014	15.117815022
14.335479999999999	0.001785014	15.117815022
14.32951	0.001785014	15.117815022
14.324689999999999	0.001785014	15.117815022
14.321979999999998	0.001785014	15.117815022
14.31812	0.001785014	15.117815022
14.31318	0.001785014	15.117815022
14.31025	0.001785014	15.117815022
14.307	0.001785014	15.117815022
14.30366	0.001785014	15.117815022
14.300629999999998	0.001785014	15.117815022
14.297620000000002	0.001785014	15.117815022
14.29691	0.001785014	15.117815022
14.296729999999998	0.001785014	15.117815022
14.294820000000001	0.001785014	15.117815022
14.29476	0.001785014	15.117815022
14.29469	0.001785014	15.117815022
14.29161	0.001785014	15.117815022
14.28845	0.001785014	15.117815022
14.28537	0.001785014	15.117815022
14.281920000000001	0.001785014	15.117815022
14.279420000000002	0.001785014	15.117815022
14.27723	0.001785014	15.117815022
14.27198	0.001785014	15.117815022
14.26604	0.001785014	15.117815022
14.259520000000002	0.001785014	15.117815022
14.254029999999998	0.001785014	15.117815022
14.24944	0.001785014	15.117815022
14.245460000000001	0.001785014	15.117815022
14.240960000000001	0.001785014	15.117815022
14.2347	0.001785014	15.117815022
14.230570000000002	0.001785014	15.117815022
14.225810000000001	0.001785014	15.117815022
14.22393	0.001785014	15.117815022
14.220360000000001	0.001785014	15.117815022
14.21514	0.001785014	15.117815022
14.21136	0.001785014	15.117815022
14.207720000000002	0.001785014	15.117815022
14.205020000000001	0.001785014	15.117815022
14.20318	0.001785014	15.117815022
14.20156	0.001785014	15.117815022
14.199689999999999	0.001785014	15.117815022
14.198870000000001	0.001785014	15.117815022
14.198310000000001	0.001785014	15.117815022
14.197029999999998	0.001785014	15.117815022
14.19568	0.001785014	15.117815022
14.19165	0.001785014	15.117815022
14.18709	0.001785014	15.117815022
14.181289999999999	0.001785014	15.117815022
14.17569	0.001785014	15.117815022
14.17116	0.001785014	15.117815022
14.167729999999999	0.001785014	15.117815022
14.1645	0.001785014	15.117815022
14.16496	0.001785014	15.117815022
14.16332	0.001785014	15.117815022
14.161929999999998	0.001785014	15.117815022
14.15962	0.001785014	15.117815022
14.156579999999998	0.001785014	15.117815022
14.154710000000001	0.001785014	15.117815022
14.15225	0.001785014	15.117815022
14.14724	0.001785014	15.117815022
14.144	0.001785014	15.117815022
14.140310000000001	0.001785014	15.117815022
14.13584	0.001785014	15.117815022
14.130939999999999	0.001785014	15.117815022
14.12545	0.001785014	15.117815022
14.12052	0.001785014	15.117815022
14.11694	0.001785014	15.117815022
14.11195	0.001785014	15.117815022
14.106129999999999	0.001785014	15.117815022
14.100439999999999	0.001785014	15.117815022
14.095770000000002	0.001785014	15.117815022
14.089970000000001	0.001785014	15.117815022
14.0851	0.001785014	15.117815022
14.080429999999998	0.001785014	15.117815022
14.07731	0.001785014	15.117815022
14.074979999999998	0.001785014	15.117815022
14.07274	0.001785014	15.117815022
14.07055	0.001785014	15.117815022
14.068829999999998	0.001785014	15.117815022
14.06846	0.001785014	15.117815022
14.067479999999998	0.001785014	15.117815022
14.068010000000001	0.001785014	15.117815022
14.067260000000001	0.001785014	15.117815022
14.0651	0.001785014	15.117815022
14.06357	0.001785014	15.117815022
14.061129999999999	0.001785014	15.117815022
14.05885	0.001785014	15.117815022
14.05799	0.001785014	15.117815022
14.05761	0.001785014	15.117815022
14.058679999999999	0.001785014	15.117815022
14.05592	0.001785014	15.117815022
14.055779999999999	0.001785014	15.117815022
14.05415	0.001785014	15.117815022
14.052129999999998	0.001785014	15.117815022
14.0492	0.001785014	15.117815022
14.04536	0.001785014	15.117815022
14.04165	0.001785014	15.117815022
14.040529999999999	0.001785014	15.117815022
14.03832	0.001785014	15.117815022
14.035979999999999	0.001785014	15.117815022
14.03485	0.001785014	15.117815022
14.030220000000002	0.001785014	15.117815022
14.02551	0.001785014	15.117815022
14.019520000000002	0.001785014	15.117815022
14.014470000000001	0.001785014	15.117815022
14.009739999999999	0.001785014	15.117815022
14.008329999999999	0.001785014	15.117815022
14.006120000000001	0.001785014	15.117815022
14.004370000000002	0.001785014	15.117815022
14.001510000000001	0.001785014	15.117815022
14.00087	0.001785014	15.117815022
13.9957	0.001785014	15.117815022
13.993310000000001	0.001785014	15.117815022
13.989529999999998	0.001785014	15.117815022
13.988710000000001	0.001785014	15.117815022
13.988829999999998	0.001785014	15.117815022
13.988010000000001	0.001785014	15.117815022
13.987739999999999	0.001785014	15.117815022
13.987810000000001	0.001785014	15.117815022
13.98727	0.001785014	15.117815022
13.987039999999999	0.001785014	15.117815022
13.98586	0.001785014	15.117815022
13.982779999999998	0.001785014	15.117815022
13.9762	0.001785014	15.117815022
13.96998	0.001785014	15.117815022
13.96406	0.001785014	15.117815022
13.95835	0.001785014	15.117815022
13.95416	0.001785014	15.117815022
13.949779999999999	0.001785014	15.117815022
13.94789	0.001785014	15.117815022
13.946660000000001	0.001785014	15.117815022
13.94535	0.001785014	15.117815022
13.941410000000001	0.001785014	15.117815022
13.939820000000001	0.001785014	15.117815022
13.936570000000001	0.001785014	15.117815022
13.930679999999999	0.001785014	15.117815022
13.925310000000001	0.001785014	15.117815022
13.921560000000001	0.001785014	15.117815022
13.917879999999998	0.001785014	15.117815022
13.915	0.001785014	15.117815022
13.91225	0.001785014	15.117815022
13.90944	0.001785014	15.117815022
13.90595	0.001785014	15.117815022
13.903839999999999	0.001785014	15.117815022
13.89921	0.001785014	15.117815022
13.893070000000002	0.001785014	15.117815022
13.88655	0.001785014	15.117815022
13.881089999999999	0.001785014	15.117815022
13.878520000000002	0.001785014	15.117815022
13.873289999999999	0.001785014	15.117815022
13.86653	0.001785014	15.117815022
13.863170000000002	0.001785014	15.117815022
13.85666	0.001785014	15.117815022
13.85089	0.001785014	15.117815022
13.84724	0.001785014	15.117815022
13.84409	0.001785014	15.117815022
13.84019	0.001785014	15.117815022
13.837979999999998	0.001785014	15.117815022
13.836770000000001	0.001785014	15.117815022
13.83808	0.001785014	15.117815022
13.83893	0.001785014	15.117815022
13.839620000000002	0.001785014	15.117815022
13.84085	0.001785014	15.117815022
13.845170000000001	0.001785014	15.117815022
13.849039999999999	0.001785014	15.117815022
13.8521	0.001785014	15.117815022
13.858460000000001	0.001785014	15.117815022
13.86406	0.001785014	15.117815022
13.867560000000001	0.001785014	15.117815022
13.87284	0.001785014	15.117815022
13.878829999999999	0.001785014	15.117815022
13.8826	0.001785014	15.117815022
13.886470000000001	0.001785014	15.117815022
13.88667	0.001785014	15.117815022
13.88659	0.001785014	15.117815022
13.88834	0.001785014	15.117815022
13.88981	0.001785014	15.117815022
13.89078	0.001785014	15.117815022
13.89175	0.001785014	15.117815022
13.89175	0.001785014	15.117815022
13.89163	0.001785014	15.117815022
13.890170000000001	0.001785014	15.117815022
13.889270000000002	0.001785014	15.117815022
13.888760000000001	0.001785014	15.117815022
13.889339999999999	0.001785014	15.117815022
13.89179	0.001785014	15.117815022
13.892710000000001	0.001785014	15.117815022
13.89156	0.001785014	15.117815022
13.890279999999999	0.001785014	15.117815022
13.888639999999999	0.001785014	15.117815022
13.8886	0.001785014	15.117815022
13.88889	0.001785014	15.117815022
13.890239999999999	0.001785014	15.117815022
13.88766	0.001785014	15.117815022
13.88485	0.001785014	15.117815022
13.880070000000002	0.001785014	15.117815022
13.87565	0.001785014	15.117815022
13.87399	0.001785014	15.117815022
13.872029999999999	0.001785014	15.117815022
13.87115	0.001785014	15.117815022
13.86938	0.001785014	15.117815022
13.86855	0.001785014	15.117815022
13.86594	0.001785014	15.117815022
13.864020000000002	0.001785014	15.117815022
13.860829999999998	0.001785014	15.117815022
13.8574	0.001785014	15.117815022
13.85604	0.001785014	15.117815022
13.85552	0.001785014	15.117815022
13.85612	0.001785014	15.117815022
13.85564	0.001785014	15.117815022
13.85738	0.001785014	15.117815022
13.859539999999999	0.001785014	15.117815022
13.86176	0.001785014	15.117815022
13.867920000000002	0.001785014	15.117815022
13.87395	0.001785014	15.117815022
13.87884	0.001785014	15.117815022
13.88065	0.001785014	15.117815022
13.883729999999998	0.001785014	15.117815022
13.88486	0.001785014	15.117815022
13.885029999999999	0.001785014	15.117815022
13.886920000000002	0.001785014	15.117815022
13.889579999999999	0.001785014	15.117815022
13.8908	0.001785014	15.117815022
13.890970000000001	0.001785014	15.117815022
13.89078	0.001785014	15.117815022
13.8936	0.001785014	15.117815022
13.89719	0.001785014	15.117815022
13.89957	0.001785014	15.117815022
13.90306	0.001785014	15.117815022
13.90709	0.001785014	15.117815022
13.910029999999999	0.001785014	15.117815022
13.913929999999999	0.001785014	15.117815022
13.91751	0.001785014	15.117815022
13.91889	0.001785014	15.117815022
13.92326	0.001785014	15.117815022
13.92806	0.001785014	15.117815022
13.933420000000002	0.001785014	15.117815022
13.93829	0.001785014	15.117815022
13.944479999999999	0.001785014	15.117815022
13.95	0.001785014	15.117815022
13.955329999999998	0.001785014	15.117815022
13.960379999999999	0.001785014	15.117815022
13.9629	0.001785014	15.117815022
13.966389999999999	0.001785014	15.117815022
13.9701	0.001785014	15.117815022
13.97282	0.001785014	15.117815022
13.97517	0.001785014	15.117815022
13.98025	0.001785014	15.117815022
13.981639999999999	0.001785014	15.117815022
13.98385	0.001785014	15.117815022
13.98582	0.001785014	15.117815022
13.98686	0.001785014	15.117815022
13.98819	0.001785014	15.117815022
13.990160000000001	0.001785014	15.117815022
13.992120000000002	0.001785014	15.117815022
13.99465	0.001785014	15.117815022
13.99639	0.001785014	15.117815022
13.99814	0.001785014	15.117815022
13.99939	0.001785014	15.117815022
14.003639999999999	0.001785014	15.117815022
14.00799	0.001785014	15.117815022
14.01056	0.001785014	15.117815022
14.01171	0.001785014	15.117815022
14.013770000000001	0.001785014	15.117815022
14.016770000000001	0.001785014	15.117815022
14.019870000000001	0.001785014	15.117815022
14.02333	0.001785014	15.117815022
14.027079999999998	0.001785014	15.117815022
14.0316	0.001785014	15.117815022
14.03524	0.001785014	15.117815022
14.03643	0.001785014	15.117815022
14.03599	0.001785014	15.117815022
14.035789999999999	0.001785014	15.117815022
14.03558	0.001785014	15.117815022
14.032929999999999	0.001785014	15.117815022
14.0287	0.001785014	15.117815022
14.02524	0.001785014	15.117815022
14.021529999999998	0.001785014	15.117815022
14.01705	0.001785014	15.117815022
14.01392	0.001785014	15.117815022
14.01276	0.001785014	15.117815022
14.009739999999999	0.001785014	15.117815022
14.00809	0.001785014	15.117815022
14.009120000000001	0.001785014	15.117815022
14.009979999999999	0.001785014	15.117815022
14.013379999999998	0.001785014	15.117815022
14.01586	0.001785014	15.117815022
14.01728	0.001785014	15.117815022
14.0185	0.001785014	15.117815022
14.02074	0.001785014	15.117815022
14.021379999999999	0.001785014	15.117815022
14.02051	0.001785014	15.117815022
14.0222	0.001785014	15.117815022
14.023029999999999	0.001785014	15.117815022
14.025670000000002	0.001785014	15.117815022
14.02922	0.001785014	15.117815022
14.03385	0.001785014	15.117815022
14.03648	0.001785014	15.117815022
14.038870000000001	0.001785014	15.117815022
14.04155	0.001785014	15.117815022
14.04435	0.001785014	15.117815022
14.046	0.001785014	15.117815022
14.048160000000001	0.001785014	15.117815022
14.05055	0.001785014	15.117815022
14.05202	0.001785014	15.117815022
14.051870000000001	0.001785014	15.117815022
14.05156	0.001785014	15.117815022
14.05127	0.001785014	15.117815022
14.05146	0.001785014	15.117815022
14.051120000000001	0.001785014	15.117815022
14.053379999999999	0.001785014	15.117815022
14.05499	0.001785014	15.117815022
14.056389999999999	0.001785014	15.117815022
14.0559	0.001785014	15.117815022
14.057129999999999	0.001785014	15.117815022
14.058179999999998	0.001785014	15.117815022
14.05822	0.001785014	15.117815022
14.0609	0.001785014	15.117815022
14.064589999999999	0.001785014	15.117815022
14.067620000000002	0.001785014	15.117815022
14.067379999999998	0.001785014	15.117815022
14.068029999999998	0.001785014	15.117815022
14.06751	0.001785014	15.117815022
14.06618	0.001785014	15.117815022
14.0652	0.001785014	15.117815022
14.06546	0.001785014	15.117815022
14.067079999999999	0.001785014	15.117815022
14.067789999999999	0.001785014	15.117815022
14.06674	0.001785014	15.117815022
14.066770000000002	0.001785014	15.117815022
14.06802	0.001785014	15.117815022
14.0709	0.001785014	15.117815022
14.0738	0.001785014	15.117815022
14.07567	0.001785014	15.117815022
14.078370000000001	0.001785014	15.117815022
14.07594	0.001785014	15.117815022
14.07502	0.001785014	15.117815022
14.0759	0.001785014	15.117815022
14.07942	0.001785014	15.117815022
14.0819	0.001785014	15.117815022
14.082329999999999	0.001785014	15.117815022
14.080860000000001	0.001785014	15.117815022
14.08123	0.001785014	15.117815022
14.08255	0.001785014	15.117815022
14.08218	0.001785014	15.117815022
14.0856	0.001785014	15.117815022
14.09009	0.001785014	15.117815022
14.093770000000001	0.001785014	15.117815022
14.09811	0.001785014	15.117815022
14.10265	0.001785014	15.117815022
14.10721	0.001785014	15.117815022
14.1116	0.001785014	15.117815022
14.117420000000001	0.001785014	15.117815022
14.121139999999999	0.001785014	15.117815022
14.12486	0.001785014	15.117815022
14.13141	0.001785014	15.117815022
14.13834	0.001785014	15.117815022
14.144770000000001	0.001785014	15.117815022
14.151929999999998	0.001785014	15.117815022
14.15765	0.001785014	15.117815022
14.16121	0.001785014	15.117815022
14.161760000000001	0.001785014	15.117815022
14.1643	0.001785014	15.117815022
14.16661	0.001785014	15.117815022
14.16717	0.001785014	15.117815022
14.165679999999998	0.001785014	15.117815022
14.16557	0.001785014	15.117815022
14.16415	0.001785014	15.117815022
14.162420000000001	0.001785014	15.117815022
14.1611	0.001785014	15.117815022
14.15894	0.001785014	15.117815022
14.156889999999999	0.001785014	15.117815022
14.15644	0.001785014	15.117815022
14.158	0.001785014	15.117815022
14.15785	0.001785014	15.117815022
14.158729999999998	0.001785014	15.117815022
14.159770000000002	0.001785014	15.117815022
14.159429999999999	0.001785014	15.117815022
14.1597	0.001785014	15.117815022
14.15885	0.001785014	15.117815022
14.160639999999999	0.001785014	15.117815022
14.163620000000002	0.001785014	15.117815022
14.167229999999998	0.001785014	15.117815022
14.168920000000002	0.001785014	15.117815022
14.17048	0.001785014	15.117815022
14.176070000000001	0.001785014	15.117815022
14.18015	0.001785014	15.117815022
14.18092	0.001785014	15.117815022
14.180220000000002	0.001785014	15.117815022
14.18242	0.001785014	15.117815022
14.18851	0.001785014	15.117815022
14.193389999999999	0.001785014	15.117815022
14.199589999999999	0.001785014	15.117815022
14.20176	0.001785014	15.117815022
14.202110000000001	0.001785014	15.117815022
14.20297	0.001785014	15.117815022
14.2024	0.001785014	15.117815022
14.20161	0.001785014	15.117815022
14.20132	0.001785014	15.117815022
14.200560000000001	0.001785014	15.117815022
14.19941	0.001785014	15.117815022
14.198570000000002	0.001785014	15.117815022
14.198620000000002	0.001785014	15.117815022
14.2002	0.001785014	15.117815022
14.19909	0.001785014	15.117815022
14.1992	0.001785014	15.117815022
14.19876	0.001785014	15.117815022
14.197370000000001	0.001785014	15.117815022
14.19377	0.001785014	15.117815022
14.19273	0.001785014	15.117815022
14.190629999999999	0.001785014	15.117815022
14.18879	0.001785014	15.117815022
14.18489	0.001785014	15.117815022
14.18529	0.001785014	15.117815022
14.18394	0.001785014	15.117815022
14.18415	0.001785014	15.117815022
14.18539	0.001785014	15.117815022
14.18706	0.001785014	15.117815022
14.18845	0.001785014	15.117815022
14.1915	0.001785014	15.117815022
14.19256	0.001785014	15.117815022
14.190339999999999	0.001785014	15.117815022
14.18746	0.001785014	15.117815022
14.186589999999999	0.001785014	15.117815022
14.187710000000001	0.001785014	15.117815022
14.18935	0.001785014	15.117815022
14.188320000000001	0.001785014	15.117815022
14.18529	0.001785014	15.117815022
14.18229	0.001785014	15.117815022
14.18009	0.001785014	15.117815022
14.1822	0.001785014	15.117815022
14.184920000000002	0.001785014	15.117815022
14.18961	0.001785014	15.117815022
14.193220000000002	0.001785014	15.117815022
14.19837	0.001785014	15.117815022
14.203429999999999	0.001785014	15.117815022
14.20897	0.001785014	15.117815022
14.211120000000001	0.001785014	15.117815022
14.2124	0.001785014	15.117815022
14.214670000000002	0.001785014	15.117815022
14.21405	0.001785014	15.117815022
14.21602	0.001785014	15.117815022
14.217279999999999	0.001785014	15.117815022
14.22	0.001785014	15.117815022
14.22125	0.001785014	15.117815022
14.223460000000001	0.001785014	15.117815022
14.2247	0.001785014	15.117815022
14.227570000000002	0.001785014	15.117815022
14.23035	0.001785014	15.117815022
14.23405	0.001785014	15.117815022
14.239510000000001	0.001785014	15.117815022
14.24209	0.001785014	15.117815022
14.2454	0.001785014	15.117815022
14.25009	0.001785014	15.117815022
14.255020000000002	0.001785014	15.117815022
14.260929999999998	0.001785014	15.117815022
14.26759	0.001785014	15.117815022
14.27324	0.001785014	15.117815022
14.281170000000001	0.001785014	15.117815022
14.29072	0.001785014	15.117815022
14.299970000000002	0.001785014	15.117815022
14.30959	0.001785014	15.117815022
14.31586	0.001785014	15.117815022
14.321570000000001	0.001785014	15.117815022
14.326070000000001	0.001785014	15.117815022
14.32862	0.001785014	15.117815022
14.333229999999999	0.001785014	15.117815022
14.3394	0.001785014	15.117815022
14.34196	0.001785014	15.117815022
14.343370000000002	0.001785014	15.117815022
14.346	0.001785014	15.117815022
14.350060000000001	0.001785014	15.117815022
14.354220000000002	0.001785014	15.117815022
14.3588	0.001785014	15.117815022
14.36333	0.001785014	15.117815022
14.369179999999998	0.001785014	15.117815022
14.37599	0.001785014	15.117815022
14.382270000000002	0.001785014	15.117815022
14.38755	0.001785014	15.117815022
14.391739999999999	0.001785014	15.117815022
14.3953	0.001785014	15.117815022
14.397070000000001	0.001785014	15.117815022
14.39894	0.001785014	15.117815022
14.40011	0.001785014	15.117815022
14.40194	0.001785014	15.117815022
14.404420000000002	0.001785014	15.117815022
14.407110000000001	0.001785014	15.117815022
14.40841	0.001785014	15.117815022
14.41027	0.001785014	15.117815022
14.40986	0.001785014	15.117815022
14.40768	0.001785014	15.117815022
14.40642	0.001785014	15.117815022
14.40545	0.001785014	15.117815022
14.40119	0.001785014	15.117815022
14.395920000000002	0.001785014	15.117815022
14.396	0.001785014	15.117815022
14.395489999999999	0.001785014	15.117815022
14.39765	0.001785014	15.117815022
14.39986	0.001785014	15.117815022
14.39884	0.001785014	15.117815022
14.39989	0.001785014	15.117815022
14.40148	0.001785014	15.117815022
14.401370000000002	0.001785014	15.117815022
14.40122	0.001785014	15.117815022
14.4009	0.001785014	15.117815022
14.40161	0.001785014	15.117815022
14.4037	0.001785014	15.117815022
14.40586	0.001785014	15.117815022
14.4077	0.001785014	15.117815022
14.410689999999999	0.001785014	15.117815022
14.41545	0.001785014	15.117815022
14.42101	0.001785014	15.117815022
14.427220000000002	0.001785014	15.117815022
14.433010000000001	0.001785014	15.117815022
14.43871	0.001785014	15.117815022
14.444370000000001	0.001785014	15.117815022
14.452329999999998	0.001785014	15.117815022
14.4596	0.001785014	15.117815022
14.466460000000001	0.001785014	15.117815022
14.472829999999998	0.001785014	15.117815022
14.477170000000001	0.001785014	15.117815022
14.480570000000002	0.001785014	15.117815022
14.4826	0.001785014	15.117815022
14.48316	0.001785014	15.117815022
14.481670000000001	0.001785014	15.117815022
14.48329	0.001785014	15.117815022
14.486260000000001	0.001785014	15.117815022
14.4895	0.001785014	15.117815022
14.4938	0.001785014	15.117815022
14.494679999999999	0.001785014	15.117815022
14.49595	0.001785014	15.117815022
14.49787	0.001785014	15.117815022
14.500179999999999	0.001785014	15.117815022
14.504420000000001	0.001785014	15.117815022
14.50756	0.001785014	15.117815022
14.511610000000001	0.001785014	15.117815022
14.513710000000001	0.001785014	15.117815022
14.51545	0.001785014	15.117815022
14.5163	0.001785014	15.117815022
14.517479999999999	0.001785014	15.117815022
14.51702	0.001785014	15.117815022
14.5159	0.001785014	15.117815022
14.516370000000002	0.001785014	15.117815022
14.51862	0.001785014	15.117815022
14.520589999999999	0.001785014	15.117815022
14.51968	0.001785014	15.117815022
14.51803	0.001785014	15.117815022
14.515429999999999	0.001785014	15.117815022
14.5141	0.001785014	15.117815022
14.51455	0.001785014	15.117815022
14.51534	0.001785014	15.117815022
14.516570000000002	0.001785014	15.117815022
14.51573	0.001785014	15.117815022
14.51399	0.001785014	15.117815022
14.51065	0.001785014	15.117815022
14.508029999999998	0.001785014	15.117815022
14.504589999999999	0.001785014	15.117815022
14.50309	0.001785014	15.117815022
14.5027	0.001785014	15.117815022
14.50331	0.001785014	15.117815022
14.504929999999998	0.001785014	15.117815022
14.50627	0.001785014	15.117815022
14.505189999999999	0.001785014	15.117815022
14.503329999999998	0.001785014	15.117815022
14.50216	0.001785014	15.117815022
14.503229999999999	0.001785014	15.117815022
14.5043	0.001785014	15.117815022
14.506429999999998	0.001785014	15.117815022
14.50614	0.001785014	15.117815022
14.50624	0.001785014	15.117815022
14.506920000000001	0.001785014	15.117815022
14.50857	0.001785014	15.117815022
14.50934	0.001785014	15.117815022
14.5103	0.001785014	15.117815022
14.5118	0.001785014	15.117815022
14.513	0.001785014	15.117815022
14.513279999999998	0.001785014	15.117815022
14.51291	0.001785014	15.117815022
14.51343	0.001785014	15.117815022
14.51189	0.001785014	15.117815022
14.5124	0.001785014	15.117815022
14.5096	0.001785014	15.117815022
14.50605	0.001785014	15.117815022
14.50503	0.001785014	15.117815022
14.50196	0.001785014	15.117815022
14.49986	0.001785014	15.117815022
14.497060000000001	0.001785014	15.117815022
14.494060000000001	0.001785014	15.117815022
14.490260000000001	0.001785014	15.117815022
14.4883	0.001785014	15.117815022
14.486220000000001	0.001785014	15.117815022
14.48523	0.001785014	15.117815022
14.483429999999998	0.001785014	15.117815022
14.481829999999999	0.001785014	15.117815022
14.480229999999999	0.001785014	15.117815022
14.478639999999999	0.001785014	15.117815022
14.47918	0.001785014	15.117815022
14.479970000000002	0.001785014	15.117815022
14.48044	0.001785014	15.117815022
14.4816	0.001785014	15.117815022
14.482729999999998	0.001785014	15.117815022
14.482779999999998	0.001785014	15.117815022
14.481129999999999	0.001785014	15.117815022
14.47884	0.001785014	15.117815022
14.47579	0.001785014	15.117815022
14.47391	0.001785014	15.117815022
14.47435	0.001785014	15.117815022
14.474110000000001	0.001785014	15.117815022
14.475270000000002	0.001785014	15.117815022
14.4747	0.001785014	15.117815022
14.47458	0.001785014	15.117815022
14.476579999999998	0.001785014	15.117815022
14.48055	0.001785014	15.117815022
14.48366	0.001785014	15.117815022
14.4857	0.001785014	15.117815022
14.4889	0.001785014	15.117815022
14.49213	0.001785014	15.117815022
14.49645	0.001785014	15.117815022
14.500639999999999	0.001785014	15.117815022
14.50249	0.001785014	15.117815022
14.50371	0.001785014	15.117815022
14.503520000000002	0.001785014	15.117815022
14.503060000000001	0.001785014	15.117815022
14.50092	0.001785014	15.117815022
14.50053	0.001785014	15.117815022
14.501	0.001785014	15.117815022
14.50055	0.001785014	15.117815022
14.50104	0.001785014	15.117815022
14.503979999999999	0.001785014	15.117815022
14.510079999999999	0.001785014	15.117815022
14.514679999999998	0.001785014	15.117815022
14.5209	0.001785014	15.117815022
14.52525	0.001785014	15.117815022
14.53226	0.001785014	15.117815022
14.53925	0.001785014	15.117815022
14.545370000000002	0.001785014	15.117815022
14.55052	0.001785014	15.117815022
14.557020000000001	0.001785014	15.117815022
14.56269	0.001785014	15.117815022
14.5709	0.001785014	15.117815022
14.578470000000001	0.001785014	15.117815022
14.5859	0.001785014	15.117815022
14.59281	0.001785014	15.117815022
14.60165	0.001785014	15.117815022
14.608229999999999	0.001785014	15.117815022
14.61372	0.001785014	15.117815022
14.620079999999998	0.001785014	15.117815022
14.62762	0.001785014	15.117815022
14.635079999999999	0.001785014	15.117815022
14.64124	0.001785014	15.117815022
14.64674	0.001785014	15.117815022
14.65371	0.001785014	15.117815022
14.660870000000001	0.001785014	15.117815022
14.66775	0.001785014	15.117815022
14.67269	0.001785014	15.117815022
14.676820000000001	0.001785014	15.117815022
14.68413	0.001785014	15.117815022
14.6917	0.001785014	15.117815022
14.70154	0.001785014	15.117815022
14.7111	0.001785014	15.117815022
14.719660000000001	0.001785014	15.117815022
14.72497	0.001785014	15.117815022
14.73148	0.001785014	15.117815022
14.73814	0.001785014	15.117815022
14.745339999999999	0.001785014	15.117815022
14.7493	0.001785014	15.117815022
14.75245	0.001785014	15.117815022
14.75715	0.001785014	15.117815022
14.76194	0.001785014	15.117815022
14.766160000000001	0.001785014	15.117815022
14.77016	0.001785014	15.117815022
14.77333	0.001785014	15.117815022
14.77934	0.001785014	15.117815022
14.783579999999999	0.001785014	15.117815022
14.787989999999999	0.001785014	15.117815022
14.79388	0.001785014	15.117815022
14.800120000000001	0.001785014	15.117815022
14.805220000000002	0.001785014	15.117815022
14.8088	0.001785014	15.117815022
14.811110000000001	0.001785014	15.117815022
14.81451	0.001785014	15.117815022
14.818729999999999	0.001785014	15.117815022
14.82104	0.001785014	15.117815022
14.82445	0.001785014	15.117815022
14.826310000000001	0.001785014	15.117815022
14.82797	0.001785014	15.117815022
14.8293	0.001785014	15.117815022
14.83055	0.001785014	15.117815022
14.83293	0.001785014	15.117815022
14.835370000000001	0.001785014	15.117815022
14.837710000000001	0.001785014	15.117815022
14.84046	0.001785014	15.117815022
14.841479999999999	0.001785014	15.117815022
14.842239999999999	0.001785014	15.117815022
14.842820000000001	0.001785014	15.117815022
14.84027	0.001785014	15.117815022
14.840829999999999	0.001785014	15.117815022
14.840329999999998	0.001785014	15.117815022
14.83854	0.001785014	15.117815022
14.834029999999998	0.001785014	15.117815022
14.831610000000001	0.001785014	15.117815022
14.831220000000002	0.001785014	15.117815022
14.83026	0.001785014	15.117815022
14.83009	0.001785014	15.117815022
14.83169	0.001785014	15.117815022
14.833329999999998	0.001785014	15.117815022
14.836870000000001	0.001785014	15.117815022
14.84045	0.001785014	15.117815022
14.842189999999999	0.001785014	15.117815022
14.84379	0.001785014	15.117815022
14.84506	0.001785014	15.117815022
14.847370000000002	0.001785014	15.117815022
14.849089999999999	0.001785014	15.117815022
14.84888	0.001785014	15.117815022
14.8487	0.001785014	15.117815022
14.84775	0.001785014	15.117815022
14.84625	0.001785014	15.117815022
14.84285	0.001785014	15.117815022
14.84265	0.001785014	15.117815022
14.84593	0.001785014	15.117815022
14.84655	0.001785014	15.117815022
14.847220000000002	0.001785014	15.117815022
14.85075	0.001785014	15.117815022
14.854339999999999	0.001785014	15.117815022
14.85785	0.001785014	15.117815022
14.86201	0.001785014	15.117815022
14.86435	0.001785014	15.117815022
14.865920000000001	0.001785014	15.117815022
14.86396	0.001785014	15.117815022
14.8621	0.001785014	15.117815022
14.858770000000002	0.001785014	15.117815022
14.85721	0.001785014	15.117815022
14.854079999999998	0.001785014	15.117815022
14.8515	0.001785014	15.117815022
14.848529999999998	0.001785014	15.117815022
14.84549	0.001785014	15.117815022
14.840829999999999	0.001785014	15.117815022
14.83649	0.001785014	15.117815022
14.83504	0.001785014	15.117815022
14.83327	0.001785014	15.117815022
14.83332	0.001785014	15.117815022
14.83317	0.001785014	15.117815022
14.83262	0.001785014	15.117815022
14.83252	0.001785014	15.117815022
14.83216	0.001785014	15.117815022
14.831920000000002	0.001785014	15.117815022
14.83371	0.001785014	15.117815022
14.83474	0.001785014	15.117815022
14.83365	0.001785014	15.117815022
14.8336	0.001785014	15.117815022
14.8363	0.001785014	15.117815022
14.83813	0.001785014	15.117815022
14.83632	0.001785014	15.117815022
14.8351	0.001785014	15.117815022
14.83544	0.001785014	15.117815022
14.83549	0.001785014	15.117815022
14.835970000000001	0.001785014	15.117815022
14.8362	0.001785014	15.117815022
14.83717	0.001785014	15.117815022
14.83894	0.001785014	15.117815022
14.84259	0.001785014	15.117815022
14.845220000000001	0.001785014	15.117815022
14.847179999999998	0.001785014	15.117815022
14.845920000000001	0.001785014	15.117815022
14.8451	0.001785014	15.117815022
14.8435	0.001785014	15.117815022
14.84159	0.001785014	15.117815022
14.84015	0.001785014	15.117815022
14.83835	0.001785014	15.117815022
14.83849	0.001785014	15.117815022
14.83637	0.001785014	15.117815022
14.8338	0.001785014	15.117815022
14.829039999999999	0.001785014	15.117815022
14.82395	0.001785014	15.117815022
14.81947	0.001785014	15.117815022
14.81523	0.001785014	15.117815022
14.81301	0.001785014	15.117815022
14.81194	0.001785014	15.117815022
14.81032	0.001785014	15.117815022
14.8055	0.001785014	15.117815022
14.79894	0.001785014	15.117815022
14.79251	0.001785014	15.117815022
14.78686	0.001785014	15.117815022
14.78144	0.001785014	15.117815022
14.775229999999999	0.001785014	15.117815022
14.768089999999999	0.001785014	15.117815022
14.76096	0.001785014	15.117815022
14.752839999999999	0.001785014	15.117815022
14.74787	0.001785014	15.117815022
14.746129999999999	0.001785014	15.117815022
14.743789999999999	0.001785014	15.117815022
14.74228	0.001785014	15.117815022
14.743079999999999	0.001785014	15.117815022
14.743360000000001	0.001785014	15.117815022
14.7432	0.001785014	15.117815022
14.740120000000001	0.001785014	15.117815022
14.73505	0.001785014	15.117815022
14.73008	0.001785014	15.117815022
14.724570000000002	0.001785014	15.117815022
14.72086	0.001785014	15.117815022
14.717379999999999	0.001785014	15.117815022
14.71825	0.001785014	15.117815022
14.720579999999998	0.001785014	15.117815022
14.72582	0.001785014	15.117815022
14.73071	0.001785014	15.117815022
14.734029999999999	0.001785014	15.117815022
14.737279999999998	0.001785014	15.117815022
14.737670000000001	0.001785014	15.117815022
14.73824	0.001785014	15.117815022
14.73634	0.001785014	15.117815022
14.732510000000001	0.001785014	15.117815022
14.727620000000002	0.001785014	15.117815022
14.71945	0.001785014	15.117815022
14.71261	0.001785014	15.117815022
14.70439	0.001785014	15.117815022
14.694320000000001	0.001785014	15.117815022
14.68256	0.001785014	15.117815022
14.6734	0.001785014	15.117815022
14.66673	0.001785014	15.117815022
14.65898	0.001785014	15.117815022
14.6499	0.001785014	15.117815022
14.64214	0.001785014	15.117815022
14.6347	0.001785014	15.117815022
14.62894	0.001785014	15.117815022
14.62265	0.001785014	15.117815022
14.618789999999999	0.001785014	15.117815022
14.61314	0.001785014	15.117815022
14.60849	0.001785014	15.117815022
14.603320000000002	0.001785014	15.117815022
14.596689999999999	0.001785014	15.117815022
14.589670000000002	0.001785014	15.117815022
14.584129999999998	0.001785014	15.117815022
14.5806	0.001785014	15.117815022
14.577960000000001	0.001785014	15.117815022
14.57565	0.001785014	15.117815022
14.5711	0.001785014	15.117815022
14.56751	0.001785014	15.117815022
14.56112	0.001785014	15.117815022
14.556429999999999	0.001785014	15.117815022
14.554670000000002	0.001785014	15.117815022
14.55534	0.001785014	15.117815022
14.554260000000001	0.001785014	15.117815022
14.5523	0.001785014	15.117815022
14.54832	0.001785014	15.117815022
14.54514	0.001785014	15.117815022
14.544070000000001	0.001785014	15.117815022
14.542929999999998	0.001785014	15.117815022
14.54156	0.001785014	15.117815022
14.541089999999999	0.001785014	15.117815022
14.542589999999999	0.001785014	15.117815022
14.54229	0.001785014	15.117815022
14.542829999999999	0.001785014	15.117815022
14.544310000000001	0.001785014	15.117815022
14.546389999999999	0.001785014	15.117815022
14.547479999999998	0.001785014	15.117815022
14.54817	0.001785014	15.117815022
14.548910000000001	0.001785014	15.117815022
14.55309	0.001785014	15.117815022
14.553120000000002	0.001785014	15.117815022
14.55236	0.001785014	15.117815022
14.553360000000001	0.001785014	15.117815022
14.554039999999999	0.001785014	15.117815022
14.55303	0.001785014	15.117815022
14.55311	0.001785014	15.117815022
14.553360000000001	0.001785014	15.117815022
14.550279999999999	0.001785014	15.117815022
14.54579	0.001785014	15.117815022
14.5409	0.001785014	15.117815022
14.53466	0.001785014	15.117815022
14.53253	0.001785014	15.117815022
14.53055	0.001785014	15.117815022
14.52658	0.001785014	15.117815022
14.52496	0.001785014	15.117815022
14.52305	0.001785014	15.117815022
14.51951	0.001785014	15.117815022
14.5191	0.001785014	15.117815022
14.51874	0.001785014	15.117815022
14.5185	0.001785014	15.117815022
14.517779999999998	0.001785014	15.117815022
14.51905	0.001785014	15.117815022
14.52152	0.001785014	15.117815022
14.52236	0.001785014	15.117815022
14.52295	0.001785014	15.117815022
14.52295	0.001785014	15.117815022
14.52094	0.001785014	15.117815022
14.51874	0.001785014	15.117815022
14.51506	0.001785014	15.117815022
14.513420000000002	0.001785014	15.117815022
14.511120000000002	0.001785014	15.117815022
14.509879999999999	0.001785014	15.117815022
14.51019	0.001785014	15.117815022
14.51195	0.001785014	15.117815022
14.51224	0.001785014	15.117815022
14.5122	0.001785014	15.117815022
14.5123	0.001785014	15.117815022
14.51094	0.001785014	15.117815022
14.51104	0.001785014	15.117815022
14.5131	0.001785014	15.117815022
14.512820000000001	0.001785014	15.117815022
14.515279999999999	0.001785014	15.117815022
14.51644	0.001785014	15.117815022
14.521720000000002	0.001785014	15.117815022
14.52736	0.001785014	15.117815022
14.53439	0.001785014	15.117815022
14.540470000000001	0.001785014	15.117815022
14.54875	0.001785014	15.117815022
14.55311	0.001785014	15.117815022
14.55916	0.001785014	15.117815022
14.56272	0.001785014	15.117815022
14.56829	0.001785014	15.117815022
14.571110000000001	0.001785014	15.117815022
14.57448	0.001785014	15.117815022
14.57915	0.001785014	15.117815022
14.58317	0.001785014	15.117815022
14.586089999999999	0.001785014	15.117815022
14.58893	0.001785014	15.117815022
14.58945	0.001785014	15.117815022
14.589039999999999	0.001785014	15.117815022
14.588679999999998	0.001785014	15.117815022
14.588579999999999	0.001785014	15.117815022
14.58715	0.001785014	15.117815022
14.587829999999999	0.001785014	15.117815022
14.589039999999999	0.001785014	15.117815022
14.589189999999999	0.001785014	15.117815022
14.58939	0.001785014	15.117815022
14.5856	0.001785014	15.117815022
14.58345	0.001785014	15.117815022
14.578479999999999	0.001785014	15.117815022
14.57294	0.001785014	15.117815022
14.567379999999998	0.001785014	15.117815022
14.564079999999999	0.001785014	15.117815022
14.5577	0.001785014	15.117815022
14.551860000000001	0.001785014	15.117815022
14.544170000000001	0.001785014	15.117815022
14.53457	0.001785014	15.117815022
14.52462	0.001785014	15.117815022
14.514370000000001	0.001785014	15.117815022
14.50363	0.001785014	15.117815022
14.493870000000001	0.001785014	15.117815022
14.48734	0.001785014	15.117815022
14.483229999999999	0.001785014	15.117815022
14.48024	0.001785014	15.117815022
14.47817	0.001785014	15.117815022
14.47366	0.001785014	15.117815022
14.47136	0.001785014	15.117815022
14.47206	0.001785014	15.117815022
14.474079999999999	0.001785014	15.117815022
14.474089999999999	0.001785014	15.117815022
14.4722	0.001785014	15.117815022
14.47088	0.001785014	15.117815022
14.46665	0.001785014	15.117815022
14.46021	0.001785014	15.117815022
14.45587	0.001785014	15.117815022
14.45176	0.001785014	15.117815022
14.45076	0.001785014	15.117815022
14.45256	0.001785014	15.117815022
14.45461	0.001785014	15.117815022
14.45561	0.001785014	15.117815022
14.45704	0.001785014	15.117815022
14.45747	0.001785014	15.117815022
14.45744	0.001785014	15.117815022
14.458079999999999	0.001785014	15.117815022
14.45894	0.001785014	15.117815022
14.46062	0.001785014	15.117815022
14.462760000000001	0.001785014	15.117815022
14.46234	0.001785014	15.117815022
14.463970000000002	0.001785014	15.117815022
14.4646	0.001785014	15.117815022
14.465420000000002	0.001785014	15.117815022
14.466439999999999	0.001785014	15.117815022
14.46926	0.001785014	15.117815022
14.468810000000001	0.001785014	15.117815022
14.46747	0.001785014	15.117815022
14.46504	0.001785014	15.117815022
14.462179999999998	0.001785014	15.117815022
14.46066	0.001785014	15.117815022
14.45837	0.001785014	15.117815022
14.45544	0.001785014	15.117815022
14.45207	0.001785014	15.117815022
14.44643	0.001785014	15.117815022
14.44241	0.001785014	15.117815022
14.43931	0.001785014	15.117815022
14.43586	0.001785014	15.117815022
14.43255	0.001785014	15.117815022
14.430320000000002	0.001785014	15.117815022
14.42896	0.001785014	15.117815022
14.42743	0.001785014	15.117815022
14.4217	0.001785014	15.117815022
14.41632	0.001785014	15.117815022
14.41014	0.001785014	15.117815022
14.40254	0.001785014	15.117815022
14.39525	0.001785014	15.117815022
14.38909	0.001785014	15.117815022
14.38205	0.001785014	15.117815022
14.375279999999998	0.001785014	15.117815022
14.369779999999999	0.001785014	15.117815022
14.3613	0.001785014	15.117815022
14.354610000000001	0.001785014	15.117815022
14.34795	0.001785014	15.117815022
14.3404	0.001785014	15.117815022
14.333479999999998	0.001785014	15.117815022
14.32629	0.001785014	15.117815022
14.31975	0.001785014	15.117815022
14.31286	0.001785014	15.117815022
14.30572	0.001785014	15.117815022
14.301720000000001	0.001785014	15.117815022
14.3001	0.001785014	15.117815022
14.29749	0.001785014	15.117815022
14.29321	0.001785014	15.117815022
14.287139999999999	0.001785014	15.117815022
14.281279999999999	0.001785014	15.117815022
14.278220000000001	0.001785014	15.117815022
14.275089999999999	0.001785014	15.117815022
14.27255	0.001785014	15.117815022
14.27418	0.001785014	15.117815022
14.27409	0.001785014	15.117815022
14.27206	0.001785014	15.117815022
14.270439999999999	0.001785014	15.117815022
14.27115	0.001785014	15.117815022
14.27142	0.001785014	15.117815022
14.2709	0.001785014	15.117815022
14.26965	0.001785014	15.117815022
14.267920000000002	0.001785014	15.117815022
14.26632	0.001785014	15.117815022
14.26573	0.001785014	15.117815022
14.26425	0.001785014	15.117815022
14.263770000000001	0.001785014	15.117815022
14.2625	0.001785014	15.117815022
14.26165	0.001785014	15.117815022
14.260810000000001	0.001785014	15.117815022
14.259910000000001	0.001785014	15.117815022
14.2572	0.001785014	15.117815022
14.25849	0.001785014	15.117815022
14.2604	0.001785014	15.117815022
14.26486	0.001785014	15.117815022
14.26701	0.001785014	15.117815022
14.265229999999999	0.001785014	15.117815022
14.262620000000002	0.001785014	15.117815022
14.25791	0.001785014	15.117815022
14.252070000000002	0.001785014	15.117815022
14.24588	0.001785014	15.117815022
14.24335	0.001785014	15.117815022
14.2417	0.001785014	15.117815022
14.24102	0.001785014	15.117815022
14.23805	0.001785014	15.117815022
14.23533	0.001785014	15.117815022
14.233360000000001	0.001785014	15.117815022
14.23114	0.001785014	15.117815022
14.23073	0.001785014	15.117815022
14.23161	0.001785014	15.117815022
14.23412	0.001785014	15.117815022
14.239020000000002	0.001785014	15.117815022
14.243020000000001	0.001785014	15.117815022
14.24535	0.001785014	15.117815022
14.244110000000001	0.001785014	15.117815022
14.24266	0.001785014	15.117815022
14.2413	0.001785014	15.117815022
14.239529999999998	0.001785014	15.117815022
14.240470000000002	0.001785014	15.117815022
14.24046	0.001785014	15.117815022
14.24366	0.001785014	15.117815022
14.24885	0.001785014	15.117815022
14.25256	0.001785014	15.117815022
14.253739999999999	0.001785014	15.117815022
14.25279	0.001785014	15.117815022
14.25351	0.001785014	15.117815022
14.2549	0.001785014	15.117815022
14.257079999999998	0.001785014	15.117815022
14.260489999999999	0.001785014	15.117815022
14.26529	0.001785014	15.117815022
14.268279999999999	0.001785014	15.117815022
14.2728	0.001785014	15.117815022
14.27466	0.001785014	15.117815022
14.276779999999999	0.001785014	15.117815022
14.27873	0.001785014	15.117815022
14.279539999999999	0.001785014	15.117815022
14.28139	0.001785014	15.117815022
14.28205	0.001785014	15.117815022
14.28147	0.001785014	15.117815022
14.27939	0.001785014	15.117815022
14.28002	0.001785014	15.117815022
14.280420000000001	0.001785014	15.117815022
14.282910000000001	0.001785014	15.117815022
14.28452	0.001785014	15.117815022
14.28456	0.001785014	15.117815022
14.28747	0.001785014	15.117815022
14.28931	0.001785014	15.117815022
14.29155	0.001785014	15.117815022
14.291620000000002	0.001785014	15.117815022
14.29241	0.001785014	15.117815022
14.29274	0.001785014	15.117815022
14.292329999999998	0.001785014	15.117815022
14.29282	0.001785014	15.117815022
14.29395	0.001785014	15.117815022
14.294989999999999	0.001785014	15.117815022
14.297870000000001	0.001785014	15.117815022
14.30224	0.001785014	15.117815022
14.304170000000001	0.001785014	15.117815022
14.306270000000001	0.001785014	15.117815022
14.30879	0.001785014	15.117815022
14.311420000000002	0.001785014	15.117815022
14.314010000000001	0.001785014	15.117815022
14.3168	0.001785014	15.117815022
14.321879999999998	0.001785014	15.117815022
14.32536	0.001785014	15.117815022
14.329679999999998	0.001785014	15.117815022
14.331179999999998	0.001785014	15.117815022
14.336329999999998	0.001785014	15.117815022
14.34012	0.001785014	15.117815022
14.34555	0.001785014	15.117815022
14.349079999999999	0.001785014	15.117815022
14.35263	0.001785014	15.117815022
14.35501	0.001785014	15.117815022
14.3583	0.001785014	15.117815022
14.363179999999998	0.001785014	15.117815022
14.36764	0.001785014	15.117815022
14.37033	0.001785014	15.117815022
14.3761	0.001785014	15.117815022
14.38248	0.001785014	15.117815022
14.391110000000001	0.001785014	15.117815022
14.39891	0.001785014	15.117815022
14.404979999999998	0.001785014	15.117815022
14.40833	0.001785014	15.117815022
14.40995	0.001785014	15.117815022
14.414	0.001785014	15.117815022
14.41877	0.001785014	15.117815022
14.41935	0.001785014	15.117815022
14.41946	0.001785014	15.117815022
14.421579999999999	0.001785014	15.117815022
14.42332	0.001785014	15.117815022
14.42415	0.001785014	15.117815022
14.42353	0.001785014	15.117815022
14.42371	0.001785014	15.117815022
14.422620000000002	0.001785014	15.117815022
14.418029999999998	0.001785014	15.117815022
14.41434	0.001785014	15.117815022
14.410470000000002	0.001785014	15.117815022
14.40615	0.001785014	15.117815022
14.402560000000001	0.001785014	15.117815022
14.40054	0.001785014	15.117815022
14.39915	0.001785014	15.117815022
14.395610000000001	0.001785014	15.117815022
14.39194	0.001785014	15.117815022
14.389479999999999	0.001785014	15.117815022
14.38835	0.001785014	15.117815022
14.38957	0.001785014	15.117815022
14.390939999999999	0.001785014	15.117815022
14.39231	0.001785014	15.117815022
14.392389999999999	0.001785014	15.117815022
14.394420000000002	0.001785014	15.117815022
14.39603	0.001785014	15.117815022
14.39626	0.001785014	15.117815022
14.3966	0.001785014	15.117815022
14.3987	0.001785014	15.117815022
14.39737	0.001785014	15.117815022
14.39725	0.001785014	15.117815022
14.397079999999999	0.001785014	15.117815022
14.39727	0.001785014	15.117815022
14.39519	0.001785014	15.117815022
14.393189999999999	0.001785014	15.117815022
14.389710000000001	0.001785014	15.117815022
14.38928	0.001785014	15.117815022
14.39005	0.001785014	15.117815022
14.39275	0.001785014	15.117815022
14.39582	0.001785014	15.117815022
14.397029999999999	0.001785014	15.117815022
14.39988	0.001785014	15.117815022
14.40344	0.001785014	15.117815022
14.41001	0.001785014	15.117815022
14.41208	0.001785014	15.117815022
14.41645	0.001785014	15.117815022
14.42138	0.001785014	15.117815022
14.42341	0.001785014	15.117815022
14.423770000000001	0.001785014	15.117815022
14.42426	0.001785014	15.117815022
14.422139999999999	0.001785014	15.117815022
14.417	0.001785014	15.117815022
14.411829999999998	0.001785014	15.117815022
14.40819	0.001785014	15.117815022
14.40441	0.001785014	15.117815022
14.402270000000001	0.001785014	15.117815022
14.399389999999999	0.001785014	15.117815022
14.3981	0.001785014	15.117815022
14.40075	0.001785014	15.117815022
14.404420000000002	0.001785014	15.117815022
14.40475	0.001785014	15.117815022
14.40502	0.001785014	15.117815022
14.408220000000002	0.001785014	15.117815022
14.412370000000001	0.001785014	15.117815022
14.41634	0.001785014	15.117815022
14.41945	0.001785014	15.117815022
14.422839999999999	0.001785014	15.117815022
14.4248	0.001785014	15.117815022
14.427439999999999	0.001785014	15.117815022
14.428939999999999	0.001785014	15.117815022
14.43183	0.001785014	15.117815022
14.43481	0.001785014	15.117815022
14.438239999999999	0.001785014	15.117815022
14.44355	0.001785014	15.117815022
14.445689999999999	0.001785014	15.117815022
14.44711	0.001785014	15.117815022
14.447410000000001	0.001785014	15.117815022
14.44904	0.001785014	15.117815022
14.45005	0.001785014	15.117815022
14.449129999999998	0.001785014	15.117815022
14.450629999999999	0.001785014	15.117815022
14.451139999999999	0.001785014	15.117815022
14.4535	0.001785014	15.117815022
14.45309	0.001785014	15.117815022
14.45113	0.001785014	15.117815022
14.449370000000002	0.001785014	15.117815022
14.44697	0.001785014	15.117815022
14.44625	0.001785014	15.117815022
14.44471	0.001785014	15.117815022
14.44416	0.001785014	15.117815022
14.44372	0.001785014	15.117815022
14.44186	0.001785014	15.117815022
14.437289999999999	0.001785014	15.117815022
14.431189999999999	0.001785014	15.117815022
14.426929999999999	0.001785014	15.117815022
14.425360000000001	0.001785014	15.117815022
14.4244	0.001785014	15.117815022
14.422429999999999	0.001785014	15.117815022
14.4217	0.001785014	15.117815022
14.41976	0.001785014	15.117815022
14.418660000000001	0.001785014	15.117815022
14.4169	0.001785014	15.117815022
14.417589999999999	0.001785014	15.117815022
14.417679999999999	0.001785014	15.117815022
14.4164	0.001785014	15.117815022
14.416120000000001	0.001785014	15.117815022
14.41707	0.001785014	15.117815022
14.416770000000001	0.001785014	15.117815022
14.4172	0.001785014	15.117815022
14.419770000000002	0.001785014	15.117815022
14.42411	0.001785014	15.117815022
14.426910000000001	0.001785014	15.117815022
14.43162	0.001785014	15.117815022
14.43578	0.001785014	15.117815022
14.44051	0.001785014	15.117815022
14.44379	0.001785014	15.117815022
14.445829999999999	0.001785014	15.117815022
14.447779999999998	0.001785014	15.117815022
14.446110000000001	0.001785014	15.117815022
14.44506	0.001785014	15.117815022
14.44445	0.001785014	15.117815022
14.445079999999999	0.001785014	15.117815022
14.44496	0.001785014	15.117815022
14.450320000000001	0.001785014	15.117815022
14.45103	0.001785014	15.117815022
14.4505	0.001785014	15.117815022
14.45062	0.001785014	15.117815022
14.44985	0.001785014	15.117815022
14.449689999999999	0.001785014	15.117815022
14.44568	0.001785014	15.117815022
14.439820000000001	0.001785014	15.117815022
14.43259	0.001785014	15.117815022
14.42593	0.001785014	15.117815022
14.41915	0.001785014	15.117815022
14.41281	0.001785014	15.117815022
14.40446	0.001785014	15.117815022
14.39572	0.001785014	15.117815022
14.38701	0.001785014	15.117815022
14.37892	0.001785014	15.117815022
14.36989	0.001785014	15.117815022
14.36227	0.001785014	15.117815022
14.35585	0.001785014	15.117815022
14.35012	0.001785014	15.117815022
14.34145	0.001785014	15.117815022
14.33276	0.001785014	15.117815022
14.32355	0.001785014	15.117815022
14.317089999999999	0.001785014	15.117815022
14.310310000000001	0.001785014	15.117815022
14.304829999999999	0.001785014	15.117815022
14.29752	0.001785014	15.117815022
14.291429999999998	0.001785014	15.117815022
14.283629999999999	0.001785014	15.117815022
14.2768	0.001785014	15.117815022
14.269110000000001	0.001785014	15.117815022
14.25859	0.001785014	15.117815022
14.246410000000001	0.001785014	15.117815022
14.23216	0.001785014	15.117815022
14.21902	0.001785014	15.117815022
14.20856	0.001785014	15.117815022
14.20113	0.001785014	15.117815022
14.19387	0.001785014	15.117815022
14.18949	0.001785014	15.117815022
14.185210000000001	0.001785014	15.117815022
14.18154	0.001785014	15.117815022
14.179920000000001	0.001785014	15.117815022
14.176620000000002	0.001785014	15.117815022
14.176739999999999	0.001785014	15.117815022
14.17794	0.001785014	15.117815022
14.17554	0.001785014	15.117815022
14.172839999999999	0.001785014	15.117815022
14.169979999999999	0.001785014	15.117815022
14.167639999999999	0.001785014	15.117815022
14.16536	0.001785014	15.117815022
14.163129999999999	0.001785014	15.117815022
14.16053	0.001785014	15.117815022
14.157910000000001	0.001785014	15.117815022
14.158270000000002	0.001785014	15.117815022
14.159	0.001785014	15.117815022
14.1602	0.001785014	15.117815022
14.15991	0.001785014	15.117815022
14.16104	0.001785014	15.117815022
14.16381	0.001785014	15.117815022
14.16572	0.001785014	15.117815022
14.16833	0.001785014	15.117815022
14.17395	0.001785014	15.117815022
14.178989999999999	0.001785014	15.117815022
14.18322	0.001785014	15.117815022
14.190479999999999	0.001785014	15.117815022
14.19387	0.001785014	15.117815022
14.1981	0.001785014	15.117815022
14.202689999999999	0.001785014	15.117815022
14.20439	0.001785014	15.117815022
14.20687	0.001785014	15.117815022
14.21119	0.001785014	15.117815022
14.212639999999999	0.001785014	15.117815022
14.212620000000001	0.001785014	15.117815022
14.216629999999999	0.001785014	15.117815022
14.2228	0.001785014	15.117815022
14.22931	0.001785014	15.117815022
14.235470000000001	0.001785014	15.117815022
14.243229999999999	0.001785014	15.117815022
14.25053	0.001785014	15.117815022
14.257589999999999	0.001785014	15.117815022
14.262220000000001	0.001785014	15.117815022
14.26619	0.001785014	15.117815022
14.26939	0.001785014	15.117815022
14.270929999999998	0.001785014	15.117815022
14.2739	0.001785014	15.117815022
14.278410000000001	0.001785014	15.117815022
14.28459	0.001785014	15.117815022
14.29154	0.001785014	15.117815022
14.297720000000002	0.001785014	15.117815022
14.30415	0.001785014	15.117815022
14.31005	0.001785014	15.117815022
14.31427	0.001785014	15.117815022
14.31928	0.001785014	15.117815022
14.322870000000002	0.001785014	15.117815022
14.324710000000001	0.001785014	15.117815022
14.32649	0.001785014	15.117815022
14.327979999999998	0.001785014	15.117815022
14.32835	0.001785014	15.117815022
14.32802	0.001785014	15.117815022
14.326410000000001	0.001785014	15.117815022
14.32519	0.001785014	15.117815022
14.325289999999999	0.001785014	15.117815022
14.328510000000001	0.001785014	15.117815022
14.33114	0.001785014	15.117815022
14.3353	0.001785014	15.117815022
14.338770000000002	0.001785014	15.117815022
14.34237	0.001785014	15.117815022
14.34578	0.001785014	15.117815022
14.347320000000002	0.001785014	15.117815022
14.34816	0.001785014	15.117815022
14.350229999999998	0.001785014	15.117815022
14.35029	0.001785014	15.117815022
14.350610000000001	0.001785014	15.117815022
14.351189999999999	0.001785014	15.117815022
14.349160000000001	0.001785014	15.117815022
14.34861	0.001785014	15.117815022
14.348220000000001	0.001785014	15.117815022
14.34856	0.001785014	15.117815022
14.3497	0.001785014	15.117815022
14.348310000000001	0.001785014	15.117815022
14.34547	0.001785014	15.117815022
14.343029999999999	0.001785014	15.117815022
14.34036	0.001785014	15.117815022
14.33581	0.001785014	15.117815022
14.332360000000001	0.001785014	15.117815022
14.329870000000001	0.001785014	15.117815022
14.32599	0.001785014	15.117815022
14.323960000000001	0.001785014	15.117815022
14.32041	0.001785014	15.117815022
14.31603	0.001785014	15.117815022
14.311929999999998	0.001785014	15.117815022
14.31131	0.001785014	15.117815022
14.31337	0.001785014	15.117815022
14.315439999999999	0.001785014	15.117815022
14.31717	0.001785014	15.117815022
14.31848	0.001785014	15.117815022
14.316729999999998	0.001785014	15.117815022
14.314520000000002	0.001785014	15.117815022
14.31311	0.001785014	15.117815022
14.311539999999999	0.001785014	15.117815022
14.31265	0.001785014	15.117815022
14.31388	0.001785014	15.117815022
14.312389999999999	0.001785014	15.117815022
14.311960000000001	0.001785014	15.117815022
14.31231	0.001785014	15.117815022
14.310920000000001	0.001785014	15.117815022
14.309829999999998	0.001785014	15.117815022
14.307260000000001	0.001785014	15.117815022
14.3047	0.001785014	15.117815022
14.30076	0.001785014	15.117815022
14.296079999999998	0.001785014	15.117815022
14.29154	0.001785014	15.117815022
14.289029999999999	0.001785014	15.117815022
14.286970000000002	0.001785014	15.117815022
14.28381	0.001785014	15.117815022
14.282470000000002	0.001785014	15.117815022
14.28234	0.001785014	15.117815022
14.28246	0.001785014	15.117815022
14.28196	0.001785014	15.117815022
14.28165	0.001785014	15.117815022
14.280339999999999	0.001785014	15.117815022
14.28086	0.001785014	15.117815022
14.279689999999999	0.001785014	15.117815022
14.2765	0.001785014	15.117815022
14.271529999999998	0.001785014	15.117815022
14.2683	0.001785014	15.117815022
14.26571	0.001785014	15.117815022
14.2624	0.001785014	15.117815022
14.25946	0.001785014	15.117815022
14.25968	0.001785014	15.117815022
14.256020000000001	0.001785014	15.117815022
14.253329999999998	0.001785014	15.117815022
14.249929999999999	0.001785014	15.117815022
14.2472	0.001785014	15.117815022
14.245460000000001	0.001785014	15.117815022
14.246139999999999	0.001785014	15.117815022
14.24576	0.001785014	15.117815022
14.24725	0.001785014	15.117815022
14.24978	0.001785014	15.117815022
14.2495	0.001785014	15.117815022
14.24814	0.001785014	15.117815022
14.243329999999998	0.001785014	15.117815022
14.23879	0.001785014	15.117815022
14.23533	0.001785014	15.117815022
14.232220000000002	0.001785014	15.117815022
14.231060000000001	0.001785014	15.117815022
14.229420000000001	0.001785014	15.117815022
14.22896	0.001785014	15.117815022
14.22928	0.001785014	15.117815022
14.2305	0.001785014	15.117815022
14.23091	0.001785014	15.117815022
14.233170000000001	0.001785014	15.117815022
14.232560000000001	0.001785014	15.117815022
14.231829999999999	0.001785014	15.117815022
14.23345	0.001785014	15.117815022
14.23361	0.001785014	15.117815022
14.234810000000001	0.001785014	15.117815022
14.235529999999999	0.001785014	15.117815022
14.23789	0.001785014	15.117815022
14.23925	0.001785014	15.117815022
14.2387	0.001785014	15.117815022
14.24134	0.001785014	15.117815022
14.244679999999999	0.001785014	15.117815022
14.24744	0.001785014	15.117815022
14.247520000000002	0.001785014	15.117815022
14.248070000000002	0.001785014	15.117815022
14.2475	0.001785014	15.117815022
14.247620000000001	0.001785014	15.117815022
14.249070000000001	0.001785014	15.117815022
14.25046	0.001785014	15.117815022
14.251929999999998	0.001785014	15.117815022
14.252989999999999	0.001785014	15.117815022
14.251539999999999	0.001785014	15.117815022
14.250060000000001	0.001785014	15.117815022
14.249629999999998	0.001785014	15.117815022
14.2475	0.001785014	15.117815022
14.245320000000001	0.001785014	15.117815022
14.243310000000001	0.001785014	15.117815022
14.24281	0.001785014	15.117815022
14.243879999999999	0.001785014	15.117815022
14.24453	0.001785014	15.117815022
14.246970000000001	0.001785014	15.117815022
14.248320000000001	0.001785014	15.117815022
14.251870000000002	0.001785014	15.117815022
14.256029999999999	0.001785014	15.117815022
14.25756	0.001785014	15.117815022
14.26031	0.001785014	15.117815022
14.26325	0.001785014	15.117815022
14.2668	0.001785014	15.117815022
14.26992	0.001785014	15.117815022
14.26941	0.001785014	15.117815022
14.26576	0.001785014	15.117815022
14.26384	0.001785014	15.117815022
14.26215	0.001785014	15.117815022
14.26123	0.001785014	15.117815022
14.261439999999999	0.001785014	15.117815022
14.26152	0.001785014	15.117815022
14.26232	0.001785014	15.117815022
14.264679999999998	0.001785014	15.117815022
14.266929999999999	0.001785014	15.117815022
14.2688	0.001785014	15.117815022
14.27041	0.001785014	15.117815022
14.27036	0.001785014	15.117815022
14.271510000000001	0.001785014	15.117815022
14.272329999999998	0.001785014	15.117815022
14.27191	0.001785014	15.117815022
14.27471	0.001785014	15.117815022
14.27975	0.001785014	15.117815022
14.283760000000001	0.001785014	15.117815022
14.288929999999999	0.001785014	15.117815022
14.297039999999999	0.001785014	15.117815022
14.303989999999999	0.001785014	15.117815022
14.309460000000001	0.001785014	15.117815022
14.31349	0.001785014	15.117815022
14.3195	0.001785014	15.117815022
14.32484	0.001785014	15.117815022
14.332320000000001	0.001785014	15.117815022
14.34002	0.001785014	15.117815022
14.346860000000001	0.001785014	15.117815022
14.35544	0.001785014	15.117815022
14.362420000000002	0.001785014	15.117815022
14.37095	0.001785014	15.117815022
14.378689999999999	0.001785014	15.117815022
14.386289999999999	0.001785014	15.117815022
14.39238	0.001785014	15.117815022
14.40204	0.001785014	15.117815022
14.40841	0.001785014	15.117815022
14.418070000000002	0.001785014	15.117815022
14.42569	0.001785014	15.117815022
14.43455	0.001785014	15.117815022
14.440420000000001	0.001785014	15.117815022
14.44471	0.001785014	15.117815022
14.44806	0.001785014	15.117815022
14.45232	0.001785014	15.117815022
14.456660000000001	0.001785014	15.117815022
14.45941	0.001785014	15.117815022
14.464429999999998	0.001785014	15.117815022
14.465979999999998	0.001785014	15.117815022
14.469610000000001	0.001785014	15.117815022
14.471739999999999	0.001785014	15.117815022
14.473510000000001	0.001785014	15.117815022
14.476629999999998	0.001785014	15.117815022
14.4791	0.001785014	15.117815022
14.48337	0.001785014	15.117815022
14.48441	0.001785014	15.117815022
14.486089999999999	0.001785014	15.117815022
14.48601	0.001785014	15.117815022
14.4841	0.001785014	15.117815022
14.4831	0.001785014	15.117815022
14.48204	0.001785014	15.117815022
14.481929999999998	0.001785014	15.117815022
14.48269	0.001785014	15.117815022
14.48321	0.001785014	15.117815022
14.483989999999999	0.001785014	15.117815022
14.486460000000001	0.001785014	15.117815022
14.488779999999998	0.001785014	15.117815022
14.489020000000002	0.001785014	15.117815022
14.48966	0.001785014	15.117815022
14.49081	0.001785014	15.117815022
14.490920000000001	0.001785014	15.117815022
14.4903	0.001785014	15.117815022
14.492120000000002	0.001785014	15.117815022
14.49528	0.001785014	15.117815022
14.496739999999999	0.001785014	15.117815022
14.496410000000001	0.001785014	15.117815022
14.49535	0.001785014	15.117815022
14.494589999999999	0.001785014	15.117815022
14.494810000000001	0.001785014	15.117815022
14.49492	0.001785014	15.117815022
14.4977	0.001785014	15.117815022
14.501560000000001	0.001785014	15.117815022
14.50504	0.001785014	15.117815022
14.50919	0.001785014	15.117815022
14.51079	0.001785014	15.117815022
14.51096	0.001785014	15.117815022
14.50924	0.001785014	15.117815022
14.50721	0.001785014	15.117815022
14.5046	0.001785014	15.117815022
14.50365	0.001785014	15.117815022
14.501479999999999	0.001785014	15.117815022
14.50177	0.001785014	15.117815022
14.49939	0.001785014	15.117815022
14.498479999999999	0.001785014	15.117815022
14.496410000000001	0.001785014	15.117815022
14.494660000000001	0.001785014	15.117815022
14.490470000000002	0.001785014	15.117815022
14.485170000000002	0.001785014	15.117815022
14.481279999999998	0.001785014	15.117815022
14.477	0.001785014	15.117815022
14.47056	0.001785014	15.117815022
14.46243	0.001785014	15.117815022
14.455	0.001785014	15.117815022
14.448260000000001	0.001785014	15.117815022
14.441	0.001785014	15.117815022
14.433810000000001	0.001785014	15.117815022
14.42555	0.001785014	15.117815022
14.41867	0.001785014	15.117815022
14.416120000000001	0.001785014	15.117815022
14.414029999999999	0.001785014	15.117815022
14.41164	0.001785014	15.117815022
14.40983	0.001785014	15.117815022
14.408220000000002	0.001785014	15.117815022
14.407129999999999	0.001785014	15.117815022
14.40741	0.001785014	15.117815022
14.40925	0.001785014	15.117815022
14.411270000000002	0.001785014	15.117815022
14.412379999999999	0.001785014	15.117815022
14.412360000000001	0.001785014	15.117815022
14.41295	0.001785014	15.117815022
14.41255	0.001785014	15.117815022
14.41433	0.001785014	15.117815022
14.415920000000002	0.001785014	15.117815022
14.41835	0.001785014	15.117815022
14.41809	0.001785014	15.117815022
14.41961	0.001785014	15.117815022
14.42154	0.001785014	15.117815022
14.42361	0.001785014	15.117815022
14.4231	0.001785014	15.117815022
14.42118	0.001785014	15.117815022
14.419820000000001	0.001785014	15.117815022
14.4174	0.001785014	15.117815022
14.41531	0.001785014	15.117815022
14.41405	0.001785014	15.117815022
14.413070000000001	0.001785014	15.117815022
14.413529999999998	0.001785014	15.117815022
14.41355	0.001785014	15.117815022
14.411129999999998	0.001785014	15.117815022
14.4111	0.001785014	15.117815022
14.412679999999998	0.001785014	15.117815022
14.41663	0.001785014	15.117815022
14.42225	0.001785014	15.117815022
14.42854	0.001785014	15.117815022
14.431770000000002	0.001785014	15.117815022
14.437420000000001	0.001785014	15.117815022
14.44493	0.001785014	15.117815022
14.451770000000002	0.001785014	15.117815022
14.460729999999998	0.001785014	15.117815022
14.472	0.001785014	15.117815022
14.4831	0.001785014	15.117815022
14.491779999999999	0.001785014	15.117815022
14.5007	0.001785014	15.117815022
14.50775	0.001785014	15.117815022
14.51779	0.001785014	15.117815022
14.52677	0.001785014	15.117815022
14.532160000000001	0.001785014	15.117815022
14.53628	0.001785014	15.117815022
14.540479999999999	0.001785014	15.117815022
14.54471	0.001785014	15.117815022
14.54676	0.001785014	15.117815022
14.5519	0.001785014	15.117815022
14.55708	0.001785014	15.117815022
14.562629999999999	0.001785014	15.117815022
14.56686	0.001785014	15.117815022
14.57085	0.001785014	15.117815022
14.57446	0.001785014	15.117815022
14.57974	0.001785014	15.117815022
14.58564	0.001785014	15.117815022
14.59201	0.001785014	15.117815022
14.59663	0.001785014	15.117815022
14.59905	0.001785014	15.117815022
14.601239999999999	0.001785014	15.117815022
14.60154	0.001785014	15.117815022
14.60508	0.001785014	15.117815022
14.60607	0.001785014	15.117815022
14.60922	0.001785014	15.117815022
14.61399	0.001785014	15.117815022
14.618720000000001	0.001785014	15.117815022
14.6231	0.001785014	15.117815022
14.62708	0.001785014	15.117815022
14.63088	0.001785014	15.117815022
14.635279999999998	0.001785014	15.117815022
14.641729999999999	0.001785014	15.117815022
14.649579999999998	0.001785014	15.117815022
14.655920000000002	0.001785014	15.117815022
14.663129999999999	0.001785014	15.117815022
14.668970000000002	0.001785014	15.117815022
14.67329	0.001785014	15.117815022
14.67767	0.001785014	15.117815022
14.683270000000002	0.001785014	15.117815022
14.68701	0.001785014	15.117815022
14.690079999999998	0.001785014	15.117815022
14.691670000000002	0.001785014	15.117815022
14.698220000000001	0.001785014	15.117815022
14.70217	0.001785014	15.117815022
14.70465	0.001785014	15.117815022
14.70819	0.001785014	15.117815022
14.708979999999999	0.001785014	15.117815022
14.71124	0.001785014	15.117815022
14.71194	0.001785014	15.117815022
14.711160000000001	0.001785014	15.117815022
14.71045	0.001785014	15.117815022
14.710529999999999	0.001785014	15.117815022
14.71054	0.001785014	15.117815022
14.7107	0.001785014	15.117815022
14.7068	0.001785014	15.117815022
14.702639999999999	0.001785014	15.117815022
14.700289999999999	0.001785014	15.117815022
14.698920000000001	0.001785014	15.117815022
14.697779999999998	0.001785014	15.117815022
14.699629999999999	0.001785014	15.117815022
14.7019	0.001785014	15.117815022
14.704620000000002	0.001785014	15.117815022
14.70695	0.001785014	15.117815022
14.705689999999999	0.001785014	15.117815022
14.70483	0.001785014	15.117815022
14.70616	0.001785014	15.117815022
14.708279999999998	0.001785014	15.117815022
14.709079999999998	0.001785014	15.117815022
14.709489999999999	0.001785014	15.117815022
14.71386	0.001785014	15.117815022
14.72015	0.001785014	15.117815022
14.725879999999998	0.001785014	15.117815022
14.73122	0.001785014	15.117815022
14.738	0.001785014	15.117815022
14.7465	0.001785014	15.117815022
14.75702	0.001785014	15.117815022
14.766010000000001	0.001785014	15.117815022
14.77351	0.001785014	15.117815022
14.782179999999999	0.001785014	15.117815022
14.79165	0.001785014	15.117815022
14.7995	0.001785014	15.117815022
14.80435	0.001785014	15.117815022
14.807279999999999	0.001785014	15.117815022
14.80877	0.001785014	15.117815022
14.810939999999999	0.001785014	15.117815022
14.812610000000001	0.001785014	15.117815022
14.81135	0.001785014	15.117815022
14.813020000000002	0.001785014	15.117815022
14.816729999999998	0.001785014	15.117815022
14.819560000000001	0.001785014	15.117815022
14.821489999999999	0.001785014	15.117815022
14.8246	0.001785014	15.117815022
14.830010000000001	0.001785014	15.117815022
14.833570000000002	0.001785014	15.117815022
14.83655	0.001785014	15.117815022
14.83911	0.001785014	15.117815022
14.84179	0.001785014	15.117815022
14.845220000000001	0.001785014	15.117815022
14.85021	0.001785014	15.117815022
14.8555	0.001785014	15.117815022
14.86081	0.001785014	15.117815022
14.864479999999999	0.001785014	15.117815022
14.86694	0.001785014	15.117815022
14.8678	0.001785014	15.117815022
14.868	0.001785014	15.117815022
14.8676	0.001785014	15.117815022
14.86835	0.001785014	15.117815022
14.86885	0.001785014	15.117815022
14.86643	0.001785014	15.117815022
14.86635	0.001785014	15.117815022
14.865979999999999	0.001785014	15.117815022
14.864070000000002	0.001785014	15.117815022
14.861	0.001785014	15.117815022
14.858	0.001785014	15.117815022
14.854420000000001	0.001785014	15.117815022
14.84939	0.001785014	15.117815022
14.84759	0.001785014	15.117815022
14.844570000000001	0.001785014	15.117815022
14.8401	0.001785014	15.117815022
14.837539999999999	0.001785014	15.117815022
14.83487	0.001785014	15.117815022
14.83169	0.001785014	15.117815022
14.82975	0.001785014	15.117815022
14.827279999999998	0.001785014	15.117815022
14.82865	0.001785014	15.117815022
14.83115	0.001785014	15.117815022
14.832579999999998	0.001785014	15.117815022
14.832510000000001	0.001785014	15.117815022
14.831929999999998	0.001785014	15.117815022
14.831679999999999	0.001785014	15.117815022
14.83298	0.001785014	15.117815022
14.835220000000001	0.001785014	15.117815022
14.8358	0.001785014	15.117815022
14.83704	0.001785014	15.117815022
14.83725	0.001785014	15.117815022
14.83627	0.001785014	15.117815022
14.83624	0.001785014	15.117815022
14.83404	0.001785014	15.117815022
14.832310000000001	0.001785014	15.117815022
14.8334	0.001785014	15.117815022
14.832970000000001	0.001785014	15.117815022
14.832820000000002	0.001785014	15.117815022
14.836229999999999	0.001785014	15.117815022
14.83903	0.001785014	15.117815022
14.839960000000001	0.001785014	15.117815022
14.84194	0.001785014	15.117815022
14.8436	0.001785014	15.117815022
14.84624	0.001785014	15.117815022
14.84774	0.001785014	15.117815022
14.84917	0.001785014	15.117815022
14.84995	0.001785014	15.117815022
14.853660000000001	0.001785014	15.117815022
14.857170000000002	0.001785014	15.117815022
14.85914	0.001785014	15.117815022
14.858260000000001	0.001785014	15.117815022
14.85705	0.001785014	15.117815022
14.85665	0.001785014	15.117815022
14.856229999999998	0.001785014	15.117815022
14.854239999999999	0.001785014	15.117815022
14.852129999999999	0.001785014	15.117815022
14.849839999999999	0.001785014	15.117815022
14.84709	0.001785014	15.117815022
14.84145	0.001785014	15.117815022
14.833739999999999	0.001785014	15.117815022
14.82819	0.001785014	15.117815022
14.82364	0.001785014	15.117815022
14.81683	0.001785014	15.117815022
14.810070000000001	0.001785014	15.117815022
14.80422	0.001785014	15.117815022
14.79946	0.001785014	15.117815022
14.79635	0.001785014	15.117815022
14.794270000000001	0.001785014	15.117815022
14.789929999999998	0.001785014	15.117815022
14.78665	0.001785014	15.117815022
14.782670000000001	0.001785014	15.117815022
14.77757	0.001785014	15.117815022
14.77263	0.001785014	15.117815022
14.7687	0.001785014	15.117815022
14.76539	0.001785014	15.117815022
14.763329999999998	0.001785014	15.117815022
14.76075	0.001785014	15.117815022
14.757979999999998	0.001785014	15.117815022
14.753929999999999	0.001785014	15.117815022
14.751660000000001	0.001785014	15.117815022
14.748970000000002	0.001785014	15.117815022
14.747489999999999	0.001785014	15.117815022
14.74644	0.001785014	15.117815022
14.74988	0.001785014	15.117815022
14.75136	0.001785014	15.117815022
14.750820000000001	0.001785014	15.117815022
14.74787	0.001785014	15.117815022
14.7465	0.001785014	15.117815022
14.7451	0.001785014	15.117815022
14.743570000000002	0.001785014	15.117815022
14.74099	0.001785014	15.117815022
14.73495	0.001785014	15.117815022
14.73015	0.001785014	15.117815022
14.72727	0.001785014	15.117815022
14.72589	0.001785014	15.117815022
14.72524	0.001785014	15.117815022
14.72349	0.001785014	15.117815022
14.720839999999999	0.001785014	15.117815022
14.71713	0.001785014	15.117815022
14.71507	0.001785014	15.117815022
14.712710000000001	0.001785014	15.117815022
14.7097	0.001785014	15.117815022
14.708829999999999	0.001785014	15.117815022
14.70955	0.001785014	15.117815022
14.7112	0.001785014	15.117815022
14.714770000000001	0.001785014	15.117815022
14.71604	0.001785014	15.117815022
14.718720000000001	0.001785014	15.117815022
14.72059	0.001785014	15.117815022
14.723	0.001785014	15.117815022
14.728	0.001785014	15.117815022
14.734229999999998	0.001785014	15.117815022
14.739429999999999	0.001785014	15.117815022
14.74288	0.001785014	15.117815022
14.74505	0.001785014	15.117815022
14.746329999999999	0.001785014	15.117815022
14.74947	0.001785014	15.117815022
14.74965	0.001785014	15.117815022
14.749039999999999	0.001785014	15.117815022
14.74819	0.001785014	15.117815022
14.749329999999999	0.001785014	15.117815022
14.74945	0.001785014	15.117815022
14.74761	0.001785014	15.117815022
14.747489999999999	0.001785014	15.117815022
14.742329999999999	0.001785014	15.117815022
14.73729	0.001785014	15.117815022
14.732829999999998	0.001785014	15.117815022
14.7275	0.001785014	15.117815022
14.72414	0.001785014	15.117815022
14.71959	0.001785014	15.117815022
14.71466	0.001785014	15.117815022
14.71028	0.001785014	15.117815022
14.705020000000001	0.001785014	15.117815022
14.69939	0.001785014	15.117815022
14.6951	0.001785014	15.117815022
14.690679999999999	0.001785014	15.117815022
14.686229999999998	0.001785014	15.117815022
14.686060000000001	0.001785014	15.117815022
14.68934	0.001785014	15.117815022
14.693529999999999	0.001785014	15.117815022
14.6987	0.001785014	15.117815022
14.704629999999998	0.001785014	15.117815022
14.708960000000001	0.001785014	15.117815022
14.712760000000001	0.001785014	15.117815022
14.71481	0.001785014	15.117815022
14.71725	0.001785014	15.117815022
14.721420000000002	0.001785014	15.117815022
14.72505	0.001785014	15.117815022
14.7282	0.001785014	15.117815022
14.73143	0.001785014	15.117815022
14.73655	0.001785014	15.117815022
14.738729999999999	0.001785014	15.117815022
14.74155	0.001785014	15.117815022
14.74487	0.001785014	15.117815022
14.74814	0.001785014	15.117815022
14.74935	0.001785014	15.117815022
14.74915	0.001785014	15.117815022
14.750379999999998	0.001785014	15.117815022
14.75109	0.001785014	15.117815022
14.749579999999998	0.001785014	15.117815022
14.75056	0.001785014	15.117815022
14.750670000000001	0.001785014	15.117815022
14.74865	0.001785014	15.117815022
14.74606	0.001785014	15.117815022
14.7418	0.001785014	15.117815022
14.73836	0.001785014	15.117815022
14.73671	0.001785014	15.117815022
14.73616	0.001785014	15.117815022
14.73678	0.001785014	15.117815022
14.734470000000002	0.001785014	15.117815022
14.735320000000002	0.001785014	15.117815022
14.73166	0.001785014	15.117815022
14.72325	0.001785014	15.117815022
14.717970000000001	0.001785014	15.117815022
14.713239999999999	0.001785014	15.117815022
14.7099	0.001785014	15.117815022
14.705770000000001	0.001785014	15.117815022
14.70408	0.001785014	15.117815022
14.701120000000001	0.001785014	15.117815022
14.696579999999999	0.001785014	15.117815022
14.693729999999999	0.001785014	15.117815022
14.6914	0.001785014	15.117815022
14.68873	0.001785014	15.117815022
14.68457	0.001785014	15.117815022
14.68175	0.001785014	15.117815022
14.675089999999999	0.001785014	15.117815022
14.66833	0.001785014	15.117815022
14.662970000000001	0.001785014	15.117815022
14.65569	0.001785014	15.117815022
14.64674	0.001785014	15.117815022
14.63745	0.001785014	15.117815022
14.630579999999998	0.001785014	15.117815022
14.623170000000002	0.001785014	15.117815022
14.61735	0.001785014	15.117815022
14.61263	0.001785014	15.117815022
14.60655	0.001785014	15.117815022
14.6032	0.001785014	15.117815022
