5.8133	0.001785014	5.669180633
5.8156300000000005	0.001785014	5.669180633
5.81874	0.001785014	5.669180633
5.82242	0.001785014	5.669180633
5.82598	0.001785014	5.669180633
5.83007	0.001785014	5.669180633
5.8307	0.001785014	5.669180633
5.8285599999999995	0.001785014	5.669180633
5.82627	0.001785014	5.669180633
5.82342	0.001785014	5.669180633
5.82334	0.001785014	5.669180633
5.82294	0.001785014	5.669180633
5.8221	0.001785014	5.669180633
5.81959	0.001785014	5.669180633
5.81764	0.001785014	5.669180633
5.81758	0.001785014	5.669180633
5.816730000000001	0.001785014	5.669180633
5.81559	0.001785014	5.669180633
5.81642	0.001785014	5.669180633
5.81873	0.001785014	5.669180633
5.82195	0.001785014	5.669180633
5.82625	0.001785014	5.669180633
5.83039	0.001785014	5.669180633
5.831840000000001	0.001785014	5.669180633
5.83385	0.001785014	5.669180633
5.834890000000001	0.001785014	5.669180633
5.837330000000001	0.001785014	5.669180633
5.84159	0.001785014	5.669180633
5.84274	0.001785014	5.669180633
5.84368	0.001785014	5.669180633
5.84279	0.001785014	5.669180633
5.84157	0.001785014	5.669180633
5.84236	0.001785014	5.669180633
5.84514	0.001785014	5.669180633
5.84885	0.001785014	5.669180633
5.8544599999999996	0.001785014	5.669180633
5.859380000000001	0.001785014	5.669180633
5.86647	0.001785014	5.669180633
5.87584	0.001785014	5.669180633
5.88283	0.001785014	5.669180633
5.88857	0.001785014	5.669180633
5.89521	0.001785014	5.669180633
5.90099	0.001785014	5.669180633
5.90729	0.001785014	5.669180633
5.91255	0.001785014	5.669180633
5.91593	0.001785014	5.669180633
5.91737	0.001785014	5.669180633
5.91907	0.001785014	5.669180633
5.91771	0.001785014	5.669180633
5.9164900000000005	0.001785014	5.669180633
5.91878	0.001785014	5.669180633
5.92434	0.001785014	5.669180633
5.92745	0.001785014	5.669180633
5.9319	0.001785014	5.669180633
5.93797	0.001785014	5.669180633
5.94258	0.001785014	5.669180633
5.948869999999999	0.001785014	5.669180633
5.95249	0.001785014	5.669180633
5.9551300000000005	0.001785014	5.669180633
5.95962	0.001785014	5.669180633
5.96254	0.001785014	5.669180633
5.96404	0.001785014	5.669180633
5.96269	0.001785014	5.669180633
5.96098	0.001785014	5.669180633
5.95714	0.001785014	5.669180633
5.95262	0.001785014	5.669180633
5.9499699999999995	0.001785014	5.669180633
5.95029	0.001785014	5.669180633
5.9509	0.001785014	5.669180633
5.95251	0.001785014	5.669180633
5.95383	0.001785014	5.669180633
5.95405	0.001785014	5.669180633
5.95605	0.001785014	5.669180633
5.95454	0.001785014	5.669180633
5.95277	0.001785014	5.669180633
5.952369999999999	0.001785014	5.669180633
5.95337	0.001785014	5.669180633
5.955030000000001	0.001785014	5.669180633
5.95937	0.001785014	5.669180633
5.96565	0.001785014	5.669180633
5.9722800000000005	0.001785014	5.669180633
5.97735	0.001785014	5.669180633
5.98065	0.001785014	5.669180633
5.982469999999999	0.001785014	5.669180633
5.98436	0.001785014	5.669180633
5.98545	0.001785014	5.669180633
5.98859	0.001785014	5.669180633
5.99254	0.001785014	5.669180633
5.99711	0.001785014	5.669180633
6.00244	0.001785014	5.669180633
6.0068	0.001785014	5.669180633
6.01046	0.001785014	5.669180633
6.01682	0.001785014	5.669180633
6.02153	0.001785014	5.669180633
6.026619999999999	0.001785014	5.669180633
6.0309099999999995	0.001785014	5.669180633
6.03575	0.001785014	5.669180633
6.04244	0.001785014	5.669180633
6.04929	0.001785014	5.669180633
6.05804	0.001785014	5.669180633
6.0652	0.001785014	5.669180633
6.07251	0.001785014	5.669180633
6.07939	0.001785014	5.669180633
6.0871900000000005	0.001785014	5.669180633
6.09253	0.001785014	5.669180633
6.10162	0.001785014	5.669180633
6.10816	0.001785014	5.669180633
6.11298	0.001785014	5.669180633
6.11681	0.001785014	5.669180633
6.1174800000000005	0.001785014	5.669180633
6.11794	0.001785014	5.669180633
6.11894	0.001785014	5.669180633
6.12148	0.001785014	5.669180633
6.12615	0.001785014	5.669180633
6.13208	0.001785014	5.669180633
6.14035	0.001785014	5.669180633
6.1471	0.001785014	5.669180633
6.15578	0.001785014	5.669180633
6.16432	0.001785014	5.669180633
6.17024	0.001785014	5.669180633
6.1754	0.001785014	5.669180633
6.18082	0.001785014	5.669180633
6.187469999999999	0.001785014	5.669180633
6.1958	0.001785014	5.669180633
6.20498	0.001785014	5.669180633
6.21349	0.001785014	5.669180633
6.22112	0.001785014	5.669180633
6.2243900000000005	0.001785014	5.669180633
6.22616	0.001785014	5.669180633
6.22961	0.001785014	5.669180633
6.233219999999999	0.001785014	5.669180633
6.23744	0.001785014	5.669180633
6.24059	0.001785014	5.669180633
6.24425	0.001785014	5.669180633
6.2486	0.001785014	5.669180633
6.25441	0.001785014	5.669180633
6.26127	0.001785014	5.669180633
6.26818	0.001785014	5.669180633
6.2735	0.001785014	5.669180633
6.27655	0.001785014	5.669180633
6.27744	0.001785014	5.669180633
6.27612	0.001785014	5.669180633
6.27557	0.001785014	5.669180633
6.27762	0.001785014	5.669180633
6.27923	0.001785014	5.669180633
6.28034	0.001785014	5.669180633
6.27956	0.001785014	5.669180633
6.27831	0.001785014	5.669180633
6.27875	0.001785014	5.669180633
6.27831	0.001785014	5.669180633
6.27758	0.001785014	5.669180633
6.27813	0.001785014	5.669180633
6.27957	0.001785014	5.669180633
6.2823400000000005	0.001785014	5.669180633
6.285019999999999	0.001785014	5.669180633
6.28659	0.001785014	5.669180633
6.28702	0.001785014	5.669180633
6.2882	0.001785014	5.669180633
6.28985	0.001785014	5.669180633
6.29154	0.001785014	5.669180633
6.29206	0.001785014	5.669180633
6.2896	0.001785014	5.669180633
6.2884199999999995	0.001785014	5.669180633
6.2859300000000005	0.001785014	5.669180633
6.28301	0.001785014	5.669180633
6.2817099999999995	0.001785014	5.669180633
6.281219999999999	0.001785014	5.669180633
6.282780000000001	0.001785014	5.669180633
6.28149	0.001785014	5.669180633
6.281219999999999	0.001785014	5.669180633
6.28097	0.001785014	5.669180633
6.27944	0.001785014	5.669180633
6.27705	0.001785014	5.669180633
6.2756099999999995	0.001785014	5.669180633
6.27211	0.001785014	5.669180633
6.267869999999999	0.001785014	5.669180633
6.2642	0.001785014	5.669180633
6.26162	0.001785014	5.669180633
6.25761	0.001785014	5.669180633
6.2504	0.001785014	5.669180633
6.24432	0.001785014	5.669180633
6.2415400000000005	0.001785014	5.669180633
6.23822	0.001785014	5.669180633
6.23672	0.001785014	5.669180633
6.23377	0.001785014	5.669180633
6.23104	0.001785014	5.669180633
6.229509999999999	0.001785014	5.669180633
6.23035	0.001785014	5.669180633
6.22928	0.001785014	5.669180633
6.22912	0.001785014	5.669180633
6.229769999999999	0.001785014	5.669180633
6.2287300000000005	0.001785014	5.669180633
6.22804	0.001785014	5.669180633
6.2294	0.001785014	5.669180633
6.23036	0.001785014	5.669180633
6.23241	0.001785014	5.669180633
6.23359	0.001785014	5.669180633
6.23244	0.001785014	5.669180633
6.23287	0.001785014	5.669180633
6.2308699999999995	0.001785014	5.669180633
6.23243	0.001785014	5.669180633
6.23305	0.001785014	5.669180633
6.235519999999999	0.001785014	5.669180633
6.23716	0.001785014	5.669180633
6.2383	0.001785014	5.669180633
6.2396	0.001785014	5.669180633
6.2382	0.001785014	5.669180633
6.23871	0.001785014	5.669180633
6.24003	0.001785014	5.669180633
6.23754	0.001785014	5.669180633
6.23474	0.001785014	5.669180633
6.23376	0.001785014	5.669180633
6.23568	0.001785014	5.669180633
6.23996	0.001785014	5.669180633
6.2421	0.001785014	5.669180633
6.24089	0.001785014	5.669180633
6.24226	0.001785014	5.669180633
6.24189	0.001785014	5.669180633
6.24207	0.001785014	5.669180633
6.24289	0.001785014	5.669180633
6.24418	0.001785014	5.669180633
6.24616	0.001785014	5.669180633
6.24675	0.001785014	5.669180633
6.24709	0.001785014	5.669180633
6.24579	0.001785014	5.669180633
6.2432300000000005	0.001785014	5.669180633
6.2396400000000005	0.001785014	5.669180633
6.23566	0.001785014	5.669180633
6.23344	0.001785014	5.669180633
6.23085	0.001785014	5.669180633
6.2299	0.001785014	5.669180633
6.22847	0.001785014	5.669180633
6.22599	0.001785014	5.669180633
6.22443	0.001785014	5.669180633
6.22396	0.001785014	5.669180633
6.222569999999999	0.001785014	5.669180633
6.22165	0.001785014	5.669180633
6.22048	0.001785014	5.669180633
6.21955	0.001785014	5.669180633
6.21825	0.001785014	5.669180633
6.21627	0.001785014	5.669180633
6.21557	0.001785014	5.669180633
6.214930000000001	0.001785014	5.669180633
6.21595	0.001785014	5.669180633
6.21767	0.001785014	5.669180633
6.22007	0.001785014	5.669180633
6.2194199999999995	0.001785014	5.669180633
6.21979	0.001785014	5.669180633
6.2199	0.001785014	5.669180633
6.22002	0.001785014	5.669180633
6.221769999999999	0.001785014	5.669180633
6.22475	0.001785014	5.669180633
6.22612	0.001785014	5.669180633
6.228219999999999	0.001785014	5.669180633
