      0.00000000      8.00896      0.00000      0.00000      0.00000      0.00000
      0.50000000      8.01209      0.00000      0.00000      0.00000      0.00000
      1.00000000      8.01704      0.00000      0.00000      0.00000      0.00000
      1.50000000      8.02017      0.00000      0.00000      0.00000      0.00000
      2.00000000      8.02184      0.00000      0.00000      0.00000      0.00000
      2.50000000      8.02575      0.00000      0.00000      0.00000      0.00000
      3.00000000      8.02826      0.00000      0.00000      0.00000      0.00000
      3.50000000      8.02789      0.00000      0.00000      0.00000      0.00000
      4.00000000      8.02411      0.00000      0.00000      0.00000      0.00000
      4.50000000      8.01951      0.00000      0.00000      0.00000      0.00000
      5.00000000      8.01322      0.00000      0.00000      0.00000      0.00000
      5.50000000      8.01083      0.00000      0.00000      0.00000      0.00000
      6.00000000      8.01226      0.00000      0.00000      0.00000      0.00000
      6.50000000      8.01323      0.00000      0.00000      0.00000      0.00000
      7.00000000      8.01586      0.00000      0.00000      0.00000      0.00000
      7.50000000      8.01988      0.00000      0.00000      0.00000      0.00000
      8.00000000      8.02000      0.00000      0.00000      0.00000      0.00000
      8.50000000      8.02345      0.00000      0.00000      0.00000      0.00000
      9.00000000      8.02351      0.00000      0.00000      0.00000      0.00000
      9.50000000      8.02458      0.00000      0.00000      0.00000      0.00000
     10.00000000      8.02180      0.00000      0.00000      0.00000      0.00000
     10.50000000      8.01733      0.00000      0.00000      0.00000      0.00000
     11.00000000      8.01459      0.00000      0.00000      0.00000      0.00000
     11.50000000      8.01076      0.00000      0.00000      0.00000      0.00000
     12.00000000      8.00904      0.00000      0.00000      0.00000      0.00000
     12.50000000      8.00609      0.00000      0.00000      0.00000      0.00000
     13.00000000      8.00983      0.00000      0.00000      0.00000      0.00000
     13.50000000      8.01430      0.00000      0.00000      0.00000      0.00000
     14.00000000      8.01724      0.00000      0.00000      0.00000      0.00000
     14.50000000      8.02030      0.00000      0.00000      0.00000      0.00000
     15.00000000      8.02724      0.00000      0.00000      0.00000      0.00000
     15.50000000      8.03588      0.00000      0.00000      0.00000      0.00000
     16.00000000      8.04076      0.00000      0.00000      0.00000      0.00000
     16.50000000      8.04492      0.00000      0.00000      0.00000      0.00000
     17.00000000      8.05127      0.00000      0.00000      0.00000      0.00000
     17.50000000      8.05593      0.00000      0.00000      0.00000      0.00000
     18.00000000      8.05903      0.00000      0.00000      0.00000      0.00000
     18.50000000      8.06413      0.00000      0.00000      0.00000      0.00000
     19.00000000      8.06757      0.00000      0.00000      0.00000      0.00000
     19.50000000      8.07266      0.00000      0.00000      0.00000      0.00000
     20.00000000      8.07887      0.00000      0.00000      0.00000      0.00000
     20.50000000      8.08272      0.00000      0.00000      0.00000      0.00000
     21.00000000      8.08335      0.00000      0.00000      0.00000      0.00000
     21.50000000      8.08639      0.00000      0.00000      0.00000      0.00000
     22.00000000      8.08922      0.00000      0.00000      0.00000      0.00000
     22.50000000      8.09439      0.00000      0.00000      0.00000      0.00000
     23.00000000      8.09564      0.00000      0.00000      0.00000      0.00000
     23.50000000      8.09259      0.00000      0.00000      0.00000      0.00000
     24.00000000      8.09209      0.00000      0.00000      0.00000      0.00000
     24.50000000      8.09525      0.00000      0.00000      0.00000      0.00000
     25.00000000      8.09952      0.00000      0.00000      0.00000      0.00000
     25.50000000      8.10043      0.00000      0.00000      0.00000      0.00000
     26.00000000      8.10008      0.00000      0.00000      0.00000      0.00000
     26.50000000      8.10013      0.00000      0.00000      0.00000      0.00000
     27.00000000      8.09734      0.00000      0.00000      0.00000      0.00000
     27.50000000      8.08999      0.00000      0.00000      0.00000      0.00000
     28.00000000      8.08548      0.00000      0.00000      0.00000      0.00000
     28.50000000      8.07777      0.00000      0.00000      0.00000      0.00000
     29.00000000      8.07426      0.00000      0.00000      0.00000      0.00000
     29.50000000      8.07384      0.00000      0.00000      0.00000      0.00000
     30.00000000      8.07071      0.00000      0.00000      0.00000      0.00000
     30.50000000      8.06945      0.00000      0.00000      0.00000      0.00000
     31.00000000      8.06883      0.00000      0.00000      0.00000      0.00000
     31.50000000      8.07051      0.00000      0.00000      0.00000      0.00000
     32.00000000      8.07483      0.00000      0.00000      0.00000      0.00000
     32.50000000      8.07713      0.00000      0.00000      0.00000      0.00000
     33.00000000      8.07970      0.00000      0.00000      0.00000      0.00000
     33.50000000      8.08020      0.00000      0.00000      0.00000      0.00000
     34.00000000      8.08325      0.00000      0.00000      0.00000      0.00000
     34.50000000      8.08577      0.00000      0.00000      0.00000      0.00000
     35.00000000      8.08795      0.00000      0.00000      0.00000      0.00000
     35.50000000      8.08760      0.00000      0.00000      0.00000      0.00000
     36.00000000      8.08943      0.00000      0.00000      0.00000      0.00000
     36.50000000      8.09053      0.00000      0.00000      0.00000      0.00000
     37.00000000      8.09478      0.00000      0.00000      0.00000      0.00000
     37.50000000      8.09792      0.00000      0.00000      0.00000      0.00000
     38.00000000      8.09715      0.00000      0.00000      0.00000      0.00000
     38.50000000      8.09456      0.00000      0.00000      0.00000      0.00000
     39.00000000      8.09478      0.00000      0.00000      0.00000      0.00000
     39.50000000      8.09581      0.00000      0.00000      0.00000      0.00000
     40.00000000      8.09517      0.00000      0.00000      0.00000      0.00000
     40.50000000      8.09791      0.00000      0.00000      0.00000      0.00000
     41.00000000      8.10178      0.00000      0.00000      0.00000      0.00000
     41.50000000      8.10584      0.00000      0.00000      0.00000      0.00000
     42.00000000      8.10516      0.00000      0.00000      0.00000      0.00000
     42.50000000      8.10463      0.00000      0.00000      0.00000      0.00000
     43.00000000      8.10867      0.00000      0.00000      0.00000      0.00000
     43.50000000      8.11098      0.00000      0.00000      0.00000      0.00000
     44.00000000      8.11815      0.00000      0.00000      0.00000      0.00000
     44.50000000      8.11864      0.00000      0.00000      0.00000      0.00000
     45.00000000      8.11755      0.00000      0.00000      0.00000      0.00000
     45.50000000      8.12106      0.00000      0.00000      0.00000      0.00000
     46.00000000      8.12567      0.00000      0.00000      0.00000      0.00000
     46.50000000      8.13021      0.00000      0.00000      0.00000      0.00000
     47.00000000      8.13210      0.00000      0.00000      0.00000      0.00000
     47.50000000      8.12942      0.00000      0.00000      0.00000      0.00000
     48.00000000      8.12926      0.00000      0.00000      0.00000      0.00000
     48.50000000      8.13214      0.00000      0.00000      0.00000      0.00000
     49.00000000      8.14165      0.00000      0.00000      0.00000      0.00000
     49.50000000      8.15069      0.00000      0.00000      0.00000      0.00000
     50.00000000      8.15750      0.00000      0.00000      0.00000      0.00000
     50.50000000      8.16622      0.00000      0.00000      0.00000      0.00000
     51.00000000      8.17000      0.00000      0.00000      0.00000      0.00000
     51.50000000      8.17208      0.00000      0.00000      0.00000      0.00000
     52.00000000      8.17012      0.00000      0.00000      0.00000      0.00000
     52.50000000      8.16881      0.00000      0.00000      0.00000      0.00000
     53.00000000      8.16718      0.00000      0.00000      0.00000      0.00000
     53.50000000      8.16835      0.00000      0.00000      0.00000      0.00000
     54.00000000      8.17049      0.00000      0.00000      0.00000      0.00000
     54.50000000      8.17174      0.00000      0.00000      0.00000      0.00000
     55.00000000      8.17655      0.00000      0.00000      0.00000      0.00000
     55.50000000      8.17865      0.00000      0.00000      0.00000      0.00000
     56.00000000      8.17987      0.00000      0.00000      0.00000      0.00000
     56.50000000      8.18540      0.00000      0.00000      0.00000      0.00000
     57.00000000      8.18823      0.00000      0.00000      0.00000      0.00000
     57.50000000      8.19444      0.00000      0.00000      0.00000      0.00000
     58.00000000      8.19996      0.00000      0.00000      0.00000      0.00000
     58.50000000      8.20678      0.00000      0.00000      0.00000      0.00000
     59.00000000      8.21371      0.00000      0.00000      0.00000      0.00000
     59.50000000      8.22213      0.00000      0.00000      0.00000      0.00000
     60.00000000      8.22961      0.00000      0.00000      0.00000      0.00000
     60.50000000      8.23170      0.00000      0.00000      0.00000      0.00000
     61.00000000      8.23061      0.00000      0.00000      0.00000      0.00000
     61.50000000      8.22839      0.00000      0.00000      0.00000      0.00000
     62.00000000      8.22953      0.00000      0.00000      0.00000      0.00000
     62.50000000      8.22804      0.00000      0.00000      0.00000      0.00000
     63.00000000      8.22646      0.00000      0.00000      0.00000      0.00000
     63.50000000      8.22516      0.00000      0.00000      0.00000      0.00000
     64.00000000      8.22203      0.00000      0.00000      0.00000      0.00000
     64.50000000      8.22097      0.00000      0.00000      0.00000      0.00000
     65.00000000      8.22171      0.00000      0.00000      0.00000      0.00000
     65.50000000      8.22130      0.00000      0.00000      0.00000      0.00000
     66.00000000      8.22013      0.00000      0.00000      0.00000      0.00000
     66.50000000      8.22165      0.00000      0.00000      0.00000      0.00000
     67.00000000      8.21828      0.00000      0.00000      0.00000      0.00000
     67.50000000      8.21602      0.00000      0.00000      0.00000      0.00000
     68.00000000      8.21695      0.00000      0.00000      0.00000      0.00000
     68.50000000      8.21768      0.00000      0.00000      0.00000      0.00000
     69.00000000      8.21251      0.00000      0.00000      0.00000      0.00000
     69.50000000      8.20751      0.00000      0.00000      0.00000      0.00000
     70.00000000      8.20693      0.00000      0.00000      0.00000      0.00000
     70.50000000      8.19925      0.00000      0.00000      0.00000      0.00000
     71.00000000      8.18302      0.00000      0.00000      0.00000      0.00000
     71.50000000      8.16850      0.00000      0.00000      0.00000      0.00000
     72.00000000      8.15917      0.00000      0.00000      0.00000      0.00000
     72.50000000      8.15657      0.00000      0.00000      0.00000      0.00000
     73.00000000      8.15294      0.00000      0.00000      0.00000      0.00000
     73.50000000      8.14581      0.00000      0.00000      0.00000      0.00000
     74.00000000      8.13882      0.00000      0.00000      0.00000      0.00000
     74.50000000      8.12985      0.00000      0.00000      0.00000      0.00000
     75.00000000      8.12502      0.00000      0.00000      0.00000      0.00000
     75.50000000      8.12156      0.00000      0.00000      0.00000      0.00000
     76.00000000      8.11702      0.00000      0.00000      0.00000      0.00000
     76.50000000      8.11382      0.00000      0.00000      0.00000      0.00000
     77.00000000      8.10824      0.00000      0.00000      0.00000      0.00000
     77.50000000      8.09588      0.00000      0.00000      0.00000      0.00000
     78.00000000      8.08482      0.00000      0.00000      0.00000      0.00000
     78.50000000      8.07402      0.00000      0.00000      0.00000      0.00000
     79.00000000      8.06306      0.00000      0.00000      0.00000      0.00000
     79.50000000      8.05232      0.00000      0.00000      0.00000      0.00000
     80.00000000      8.04180      0.00000      0.00000      0.00000      0.00000
     80.50000000      8.03227      0.00000      0.00000      0.00000      0.00000
     81.00000000      8.02463      0.00000      0.00000      0.00000      0.00000
     81.50000000      8.01987      0.00000      0.00000      0.00000      0.00000
     82.00000000      8.01721      0.00000      0.00000      0.00000      0.00000
     82.50000000      8.01606      0.00000      0.00000      0.00000      0.00000
     83.00000000      8.01226      0.00000      0.00000      0.00000      0.00000
     83.50000000      8.00840      0.00000      0.00000      0.00000      0.00000
     84.00000000      8.00199      0.00000      0.00000      0.00000      0.00000
     84.50000000      7.99492      0.00000      0.00000      0.00000      0.00000
     85.00000000      7.99131      0.00000      0.00000      0.00000      0.00000
     85.50000000      7.98957      0.00000      0.00000      0.00000      0.00000
     86.00000000      7.98440      0.00000      0.00000      0.00000      0.00000
     86.50000000      7.97884      0.00000      0.00000      0.00000      0.00000
     87.00000000      7.96872      0.00000      0.00000      0.00000      0.00000
     87.50000000      7.96154      0.00000      0.00000      0.00000      0.00000
     88.00000000      7.95641      0.00000      0.00000      0.00000      0.00000
     88.50000000      7.95098      0.00000      0.00000      0.00000      0.00000
     89.00000000      7.94701      0.00000      0.00000      0.00000      0.00000
     89.50000000      7.93746      0.00000      0.00000      0.00000      0.00000
     90.00000000      7.92808      0.00000      0.00000      0.00000      0.00000
     90.50000000      7.91964      0.00000      0.00000      0.00000      0.00000
     91.00000000      7.91148      0.00000      0.00000      0.00000      0.00000
     91.50000000      7.89971      0.00000      0.00000      0.00000      0.00000
     92.00000000      7.89386      0.00000      0.00000      0.00000      0.00000
     92.50000000      7.88903      0.00000      0.00000      0.00000      0.00000
     93.00000000      7.88641      0.00000      0.00000      0.00000      0.00000
     93.50000000      7.88502      0.00000      0.00000      0.00000      0.00000
     94.00000000      7.88181      0.00000      0.00000      0.00000      0.00000
     94.50000000      7.87616      0.00000      0.00000      0.00000      0.00000
     95.00000000      7.87191      0.00000      0.00000      0.00000      0.00000
     95.50000000      7.86695      0.00000      0.00000      0.00000      0.00000
     96.00000000      7.86788      0.00000      0.00000      0.00000      0.00000
     96.50000000      7.86582      0.00000      0.00000      0.00000      0.00000
     97.00000000      7.85915      0.00000      0.00000      0.00000      0.00000
     97.50000000      7.85498      0.00000      0.00000      0.00000      0.00000
     98.00000000      7.85314      0.00000      0.00000      0.00000      0.00000
     98.50000000      7.85056      0.00000      0.00000      0.00000      0.00000
     99.00000000      7.85011      0.00000      0.00000      0.00000      0.00000
     99.50000000      7.85259      0.00000      0.00000      0.00000      0.00000
    100.00000000      7.85399      0.00000      0.00000      0.00000      0.00000
    100.50000000      7.85480      0.00000      0.00000      0.00000      0.00000
    101.00000000      7.85917      0.00000      0.00000      0.00000      0.00000
    101.50000000      7.85724      0.00000      0.00000      0.00000      0.00000
    102.00000000      7.85426      0.00000      0.00000      0.00000      0.00000
    102.50000000      7.85477      0.00000      0.00000      0.00000      0.00000
    103.00000000      7.85297      0.00000      0.00000      0.00000      0.00000
    103.50000000      7.85088      0.00000      0.00000      0.00000      0.00000
    104.00000000      7.84337      0.00000      0.00000      0.00000      0.00000
    104.50000000      7.83840      0.00000      0.00000      0.00000      0.00000
    105.00000000      7.83479      0.00000      0.00000      0.00000      0.00000
    105.50000000      7.83020      0.00000      0.00000      0.00000      0.00000
    106.00000000      7.82552      0.00000      0.00000      0.00000      0.00000
    106.50000000      7.81933      0.00000      0.00000      0.00000      0.00000
    107.00000000      7.81588      0.00000      0.00000      0.00000      0.00000
    107.50000000      7.81194      0.00000      0.00000      0.00000      0.00000
    108.00000000      7.80696      0.00000      0.00000      0.00000      0.00000
    108.50000000      7.80209      0.00000      0.00000      0.00000      0.00000
    109.00000000      7.79459      0.00000      0.00000      0.00000      0.00000
    109.50000000      7.78936      0.00000      0.00000      0.00000      0.00000
    110.00000000      7.78264      0.00000      0.00000      0.00000      0.00000
    110.50000000      7.77798      0.00000      0.00000      0.00000      0.00000
    111.00000000      7.77281      0.00000      0.00000      0.00000      0.00000
    111.50000000      7.77141      0.00000      0.00000      0.00000      0.00000
    112.00000000      7.77316      0.00000      0.00000      0.00000      0.00000
    112.50000000      7.77970      0.00000      0.00000      0.00000      0.00000
    113.00000000      7.78636      0.00000      0.00000      0.00000      0.00000
    113.50000000      7.79070      0.00000      0.00000      0.00000      0.00000
    114.00000000      7.79267      0.00000      0.00000      0.00000      0.00000
    114.50000000      7.79493      0.00000      0.00000      0.00000      0.00000
    115.00000000      7.79587      0.00000      0.00000      0.00000      0.00000
    115.50000000      7.79660      0.00000      0.00000      0.00000      0.00000
    116.00000000      7.79391      0.00000      0.00000      0.00000      0.00000
    116.50000000      7.78751      0.00000      0.00000      0.00000      0.00000
    117.00000000      7.78427      0.00000      0.00000      0.00000      0.00000
    117.50000000      7.78073      0.00000      0.00000      0.00000      0.00000
    118.00000000      7.77752      0.00000      0.00000      0.00000      0.00000
    118.50000000      7.77005      0.00000      0.00000      0.00000      0.00000
    119.00000000      7.76343      0.00000      0.00000      0.00000      0.00000
    119.50000000      7.76160      0.00000      0.00000      0.00000      0.00000
    120.00000000      7.75999      0.00000      0.00000      0.00000      0.00000
    120.50000000      7.75789      0.00000      0.00000      0.00000      0.00000
    121.00000000      7.75450      0.00000      0.00000      0.00000      0.00000
    121.50000000      7.75222      0.00000      0.00000      0.00000      0.00000
    122.00000000      7.74803      0.00000      0.00000      0.00000      0.00000
    122.50000000      7.74530      0.00000      0.00000      0.00000      0.00000
    123.00000000      7.74104      0.00000      0.00000      0.00000      0.00000
    123.50000000      7.73293      0.00000      0.00000      0.00000      0.00000
    124.00000000      7.72473      0.00000      0.00000      0.00000      0.00000
    124.50000000      7.71649      0.00000      0.00000      0.00000      0.00000
    125.00000000      7.70576      0.00000      0.00000      0.00000      0.00000
    125.50000000      7.69457      0.00000      0.00000      0.00000      0.00000
    126.00000000      7.68187      0.00000      0.00000      0.00000      0.00000
    126.50000000      7.67085      0.00000      0.00000      0.00000      0.00000
    127.00000000      7.65893      0.00000      0.00000      0.00000      0.00000
    127.50000000      7.65418      0.00000      0.00000      0.00000      0.00000
    128.00000000      7.64984      0.00000      0.00000      0.00000      0.00000
    128.50000000      7.64555      0.00000      0.00000      0.00000      0.00000
    129.00000000      7.63909      0.00000      0.00000      0.00000      0.00000
    129.50000000      7.63653      0.00000      0.00000      0.00000      0.00000
    130.00000000      7.63911      0.00000      0.00000      0.00000      0.00000
    130.50000000      7.63967      0.00000      0.00000      0.00000      0.00000
    131.00000000      7.63529      0.00000      0.00000      0.00000      0.00000
    131.50000000      7.62780      0.00000      0.00000      0.00000      0.00000
    132.00000000      7.61931      0.00000      0.00000      0.00000      0.00000
    132.50000000      7.60511      0.00000      0.00000      0.00000      0.00000
    133.00000000      7.58748      0.00000      0.00000      0.00000      0.00000
    133.50000000      7.57008      0.00000      0.00000      0.00000      0.00000
    134.00000000      7.55351      0.00000      0.00000      0.00000      0.00000
    134.50000000      7.54009      0.00000      0.00000      0.00000      0.00000
    135.00000000      7.52334      0.00000      0.00000      0.00000      0.00000
    135.50000000      7.51519      0.00000      0.00000      0.00000      0.00000
    136.00000000      7.51537      0.00000      0.00000      0.00000      0.00000
    136.50000000      7.51536      0.00000      0.00000      0.00000      0.00000
    137.00000000      7.51307      0.00000      0.00000      0.00000      0.00000
    137.50000000      7.51033      0.00000      0.00000      0.00000      0.00000
    138.00000000      7.50641      0.00000      0.00000      0.00000      0.00000
    138.50000000      7.50091      0.00000      0.00000      0.00000      0.00000
    139.00000000      7.49859      0.00000      0.00000      0.00000      0.00000
    139.50000000      7.49631      0.00000      0.00000      0.00000      0.00000
    140.00000000      7.49599      0.00000      0.00000      0.00000      0.00000
    140.50000000      7.49321      0.00000      0.00000      0.00000      0.00000
    141.00000000      7.49035      0.00000      0.00000      0.00000      0.00000
    141.50000000      7.48951      0.00000      0.00000      0.00000      0.00000
    142.00000000      7.48927      0.00000      0.00000      0.00000      0.00000
    142.50000000      7.48806      0.00000      0.00000      0.00000      0.00000
    143.00000000      7.48685      0.00000      0.00000      0.00000      0.00000
    143.50000000      7.48218      0.00000      0.00000      0.00000      0.00000
    144.00000000      7.47682      0.00000      0.00000      0.00000      0.00000
    144.50000000      7.47297      0.00000      0.00000      0.00000      0.00000
    145.00000000      7.46927      0.00000      0.00000      0.00000      0.00000
    145.50000000      7.46793      0.00000      0.00000      0.00000      0.00000
    146.00000000      7.46793      0.00000      0.00000      0.00000      0.00000
    146.50000000      7.47325      0.00000      0.00000      0.00000      0.00000
    147.00000000      7.48131      0.00000      0.00000      0.00000      0.00000
    147.50000000      7.48589      0.00000      0.00000      0.00000      0.00000
    148.00000000      7.49205      0.00000      0.00000      0.00000      0.00000
    148.50000000      7.49644      0.00000      0.00000      0.00000      0.00000
    149.00000000      7.50135      0.00000      0.00000      0.00000      0.00000
    149.50000000      7.50492      0.00000      0.00000      0.00000      0.00000
    150.00000000      7.50843      0.00000      0.00000      0.00000      0.00000
    150.50000000      7.50524      0.00000      0.00000      0.00000      0.00000
    151.00000000      7.50332      0.00000      0.00000      0.00000      0.00000
    151.50000000      7.49994      0.00000      0.00000      0.00000      0.00000
    152.00000000      7.49558      0.00000      0.00000      0.00000      0.00000
    152.50000000      7.49104      0.00000      0.00000      0.00000      0.00000
    153.00000000      7.48508      0.00000      0.00000      0.00000      0.00000
    153.50000000      7.48559      0.00000      0.00000      0.00000      0.00000
    154.00000000      7.48686      0.00000      0.00000      0.00000      0.00000
    154.50000000      7.48935      0.00000      0.00000      0.00000      0.00000
    155.00000000      7.49716      0.00000      0.00000      0.00000      0.00000
    155.50000000      7.49920      0.00000      0.00000      0.00000      0.00000
    156.00000000      7.50629      0.00000      0.00000      0.00000      0.00000
    156.50000000      7.51046      0.00000      0.00000      0.00000      0.00000
    157.00000000      7.51704      0.00000      0.00000      0.00000      0.00000
    157.50000000      7.52081      0.00000      0.00000      0.00000      0.00000
    158.00000000      7.51956      0.00000      0.00000      0.00000      0.00000
    158.50000000      7.51804      0.00000      0.00000      0.00000      0.00000
    159.00000000      7.51610      0.00000      0.00000      0.00000      0.00000
    159.50000000      7.51381      0.00000      0.00000      0.00000      0.00000
    160.00000000      7.51063      0.00000      0.00000      0.00000      0.00000
    160.50000000      7.50848      0.00000      0.00000      0.00000      0.00000
    161.00000000      7.50614      0.00000      0.00000      0.00000      0.00000
    161.50000000      7.50843      0.00000      0.00000      0.00000      0.00000
    162.00000000      7.51370      0.00000      0.00000      0.00000      0.00000
    162.50000000      7.51630      0.00000      0.00000      0.00000      0.00000
    163.00000000      7.51753      0.00000      0.00000      0.00000      0.00000
    163.50000000      7.51557      0.00000      0.00000      0.00000      0.00000
    164.00000000      7.51619      0.00000      0.00000      0.00000      0.00000
    164.50000000      7.51552      0.00000      0.00000      0.00000      0.00000
    165.00000000      7.52068      0.00000      0.00000      0.00000      0.00000
    165.50000000      7.52946      0.00000      0.00000      0.00000      0.00000
    166.00000000      7.53632      0.00000      0.00000      0.00000      0.00000
    166.50000000      7.53949      0.00000      0.00000      0.00000      0.00000
    167.00000000      7.54066      0.00000      0.00000      0.00000      0.00000
    167.50000000      7.54301      0.00000      0.00000      0.00000      0.00000
    168.00000000      7.54633      0.00000      0.00000      0.00000      0.00000
    168.50000000      7.55013      0.00000      0.00000      0.00000      0.00000
    169.00000000      7.55124      0.00000      0.00000      0.00000      0.00000
    169.50000000      7.55077      0.00000      0.00000      0.00000      0.00000
    170.00000000      7.55117      0.00000      0.00000      0.00000      0.00000
    170.50000000      7.55225      0.00000      0.00000      0.00000      0.00000
    171.00000000      7.55127      0.00000      0.00000      0.00000      0.00000
    171.50000000      7.55139      0.00000      0.00000      0.00000      0.00000
    172.00000000      7.55219      0.00000      0.00000      0.00000      0.00000
    172.50000000      7.54515      0.00000      0.00000      0.00000      0.00000
    173.00000000      7.54034      0.00000      0.00000      0.00000      0.00000
    173.50000000      7.53617      0.00000      0.00000      0.00000      0.00000
    174.00000000      7.53240      0.00000      0.00000      0.00000      0.00000
    174.50000000      7.53160      0.00000      0.00000      0.00000      0.00000
    175.00000000      7.53421      0.00000      0.00000      0.00000      0.00000
    175.50000000      7.53632      0.00000      0.00000      0.00000      0.00000
    176.00000000      7.54040      0.00000      0.00000      0.00000      0.00000
    176.50000000      7.53999      0.00000      0.00000      0.00000      0.00000
    177.00000000      7.54600      0.00000      0.00000      0.00000      0.00000
    177.50000000      7.54955      0.00000      0.00000      0.00000      0.00000
    178.00000000      7.55256      0.00000      0.00000      0.00000      0.00000
    178.50000000      7.55928      0.00000      0.00000      0.00000      0.00000
    179.00000000      7.56398      0.00000      0.00000      0.00000      0.00000
    179.50000000      7.56587      0.00000      0.00000      0.00000      0.00000
    180.00000000      7.56907      0.00000      0.00000      0.00000      0.00000
    180.50000000      7.56965      0.00000      0.00000      0.00000      0.00000
    181.00000000      7.57214      0.00000      0.00000      0.00000      0.00000
    181.50000000      7.57539      0.00000      0.00000      0.00000      0.00000
    182.00000000      7.58064      0.00000      0.00000      0.00000      0.00000
    182.50000000      7.58435      0.00000      0.00000      0.00000      0.00000
    183.00000000      7.58941      0.00000      0.00000      0.00000      0.00000
    183.50000000      7.59064      0.00000      0.00000      0.00000      0.00000
    184.00000000      7.59398      0.00000      0.00000      0.00000      0.00000
    184.50000000      7.59905      0.00000      0.00000      0.00000      0.00000
    185.00000000      7.60360      0.00000      0.00000      0.00000      0.00000
    185.50000000      7.60559      0.00000      0.00000      0.00000      0.00000
    186.00000000      7.60500      0.00000      0.00000      0.00000      0.00000
    186.50000000      7.60542      0.00000      0.00000      0.00000      0.00000
    187.00000000      7.60881      0.00000      0.00000      0.00000      0.00000
    187.50000000      7.61246      0.00000      0.00000      0.00000      0.00000
    188.00000000      7.61673      0.00000      0.00000      0.00000      0.00000
    188.50000000      7.61835      0.00000      0.00000      0.00000      0.00000
    189.00000000      7.61675      0.00000      0.00000      0.00000      0.00000
    189.50000000      7.61553      0.00000      0.00000      0.00000      0.00000
    190.00000000      7.61576      0.00000      0.00000      0.00000      0.00000
    190.50000000      7.62120      0.00000      0.00000      0.00000      0.00000
    191.00000000      7.62429      0.00000      0.00000      0.00000      0.00000
    191.50000000      7.62319      0.00000      0.00000      0.00000      0.00000
    192.00000000      7.62528      0.00000      0.00000      0.00000      0.00000
    192.50000000      7.63066      0.00000      0.00000      0.00000      0.00000
    193.00000000      7.63621      0.00000      0.00000      0.00000      0.00000
    193.50000000      7.63994      0.00000      0.00000      0.00000      0.00000
    194.00000000      7.64326      0.00000      0.00000      0.00000      0.00000
    194.50000000      7.64879      0.00000      0.00000      0.00000      0.00000
    195.00000000      7.65712      0.00000      0.00000      0.00000      0.00000
    195.50000000      7.66177      0.00000      0.00000      0.00000      0.00000
    196.00000000      7.66634      0.00000      0.00000      0.00000      0.00000
    196.50000000      7.66856      0.00000      0.00000      0.00000      0.00000
    197.00000000      7.66853      0.00000      0.00000      0.00000      0.00000
    197.50000000      7.67094      0.00000      0.00000      0.00000      0.00000
    198.00000000      7.67348      0.00000      0.00000      0.00000      0.00000
    198.50000000      7.67805      0.00000      0.00000      0.00000      0.00000
    199.00000000      7.68054      0.00000      0.00000      0.00000      0.00000
    199.50000000      7.67953      0.00000      0.00000      0.00000      0.00000
    200.00000000      7.67800      0.00000      0.00000      0.00000      0.00000
    200.50000000      7.67164      0.00000      0.00000      0.00000      0.00000
    201.00000000      7.66665      0.00000      0.00000      0.00000      0.00000
    201.50000000      7.66102      0.00000      0.00000      0.00000      0.00000
    202.00000000      7.65106      0.00000      0.00000      0.00000      0.00000
    202.50000000      7.64376      0.00000      0.00000      0.00000      0.00000
    203.00000000      7.63838      0.00000      0.00000      0.00000      0.00000
    203.50000000      7.63034      0.00000      0.00000      0.00000      0.00000
    204.00000000      7.62962      0.00000      0.00000      0.00000      0.00000
    204.50000000      7.62770      0.00000      0.00000      0.00000      0.00000
    205.00000000      7.62267      0.00000      0.00000      0.00000      0.00000
    205.50000000      7.61746      0.00000      0.00000      0.00000      0.00000
    206.00000000      7.61310      0.00000      0.00000      0.00000      0.00000
    206.50000000      7.60773      0.00000      0.00000      0.00000      0.00000
    207.00000000      7.60075      0.00000      0.00000      0.00000      0.00000
    207.50000000      7.59482      0.00000      0.00000      0.00000      0.00000
    208.00000000      7.58866      0.00000      0.00000      0.00000      0.00000
    208.50000000      7.58084      0.00000      0.00000      0.00000      0.00000
    209.00000000      7.57665      0.00000      0.00000      0.00000      0.00000
    209.50000000      7.57129      0.00000      0.00000      0.00000      0.00000
    210.00000000      7.56774      0.00000      0.00000      0.00000      0.00000
    210.50000000      7.56996      0.00000      0.00000      0.00000      0.00000
    211.00000000      7.57564      0.00000      0.00000      0.00000      0.00000
    211.50000000      7.57957      0.00000      0.00000      0.00000      0.00000
    212.00000000      7.58540      0.00000      0.00000      0.00000      0.00000
    212.50000000      7.58896      0.00000      0.00000      0.00000      0.00000
    213.00000000      7.59035      0.00000      0.00000      0.00000      0.00000
    213.50000000      7.58588      0.00000      0.00000      0.00000      0.00000
    214.00000000      7.58451      0.00000      0.00000      0.00000      0.00000
    214.50000000      7.58120      0.00000      0.00000      0.00000      0.00000
    215.00000000      7.57995      0.00000      0.00000      0.00000      0.00000
    215.50000000      7.57963      0.00000      0.00000      0.00000      0.00000
    216.00000000      7.57950      0.00000      0.00000      0.00000      0.00000
    216.50000000      7.57894      0.00000      0.00000      0.00000      0.00000
    217.00000000      7.57858      0.00000      0.00000      0.00000      0.00000
    217.50000000      7.58048      0.00000      0.00000      0.00000      0.00000
    218.00000000      7.58253      0.00000      0.00000      0.00000      0.00000
    218.50000000      7.58713      0.00000      0.00000      0.00000      0.00000
    219.00000000      7.58821      0.00000      0.00000      0.00000      0.00000
    219.50000000      7.58790      0.00000      0.00000      0.00000      0.00000
    220.00000000      7.58431      0.00000      0.00000      0.00000      0.00000
    220.50000000      7.57637      0.00000      0.00000      0.00000      0.00000
    221.00000000      7.56838      0.00000      0.00000      0.00000      0.00000
    221.50000000      7.55660      0.00000      0.00000      0.00000      0.00000
    222.00000000      7.54719      0.00000      0.00000      0.00000      0.00000
    222.50000000      7.53795      0.00000      0.00000      0.00000      0.00000
    223.00000000      7.52968      0.00000      0.00000      0.00000      0.00000
    223.50000000      7.52330      0.00000      0.00000      0.00000      0.00000
    224.00000000      7.52291      0.00000      0.00000      0.00000      0.00000
    224.50000000      7.52568      0.00000      0.00000      0.00000      0.00000
    225.00000000      7.53255      0.00000      0.00000      0.00000      0.00000
    225.50000000      7.53981      0.00000      0.00000      0.00000      0.00000
    226.00000000      7.54950      0.00000      0.00000      0.00000      0.00000
    226.50000000      7.55411      0.00000      0.00000      0.00000      0.00000
    227.00000000      7.55751      0.00000      0.00000      0.00000      0.00000
    227.50000000      7.55861      0.00000      0.00000      0.00000      0.00000
    228.00000000      7.56187      0.00000      0.00000      0.00000      0.00000
    228.50000000      7.56484      0.00000      0.00000      0.00000      0.00000
    229.00000000      7.56768      0.00000      0.00000      0.00000      0.00000
    229.50000000      7.56832      0.00000      0.00000      0.00000      0.00000
    230.00000000      7.56815      0.00000      0.00000      0.00000      0.00000
    230.50000000      7.57206      0.00000      0.00000      0.00000      0.00000
    231.00000000      7.57636      0.00000      0.00000      0.00000      0.00000
    231.50000000      7.57693      0.00000      0.00000      0.00000      0.00000
    232.00000000      7.58158      0.00000      0.00000      0.00000      0.00000
    232.50000000      7.58467      0.00000      0.00000      0.00000      0.00000
    233.00000000      7.58444      0.00000      0.00000      0.00000      0.00000
    233.50000000      7.58317      0.00000      0.00000      0.00000      0.00000
    234.00000000      7.57924      0.00000      0.00000      0.00000      0.00000
    234.50000000      7.57597      0.00000      0.00000      0.00000      0.00000
    235.00000000      7.57384      0.00000      0.00000      0.00000      0.00000
    235.50000000      7.57118      0.00000      0.00000      0.00000      0.00000
    236.00000000      7.56567      0.00000      0.00000      0.00000      0.00000
    236.50000000      7.55764      0.00000      0.00000      0.00000      0.00000
    237.00000000      7.55008      0.00000      0.00000      0.00000      0.00000
    237.50000000      7.53852      0.00000      0.00000      0.00000      0.00000
    238.00000000      7.52880      0.00000      0.00000      0.00000      0.00000
    238.50000000      7.51825      0.00000      0.00000      0.00000      0.00000
    239.00000000      7.51386      0.00000      0.00000      0.00000      0.00000
    239.50000000      7.50752      0.00000      0.00000      0.00000      0.00000
    240.00000000      7.50588      0.00000      0.00000      0.00000      0.00000
    240.50000000      7.50351      0.00000      0.00000      0.00000      0.00000
    241.00000000      7.50355      0.00000      0.00000      0.00000      0.00000
    241.50000000      7.50145      0.00000      0.00000      0.00000      0.00000
    242.00000000      7.49758      0.00000      0.00000      0.00000      0.00000
    242.50000000      7.48909      0.00000      0.00000      0.00000      0.00000
    243.00000000      7.47879      0.00000      0.00000      0.00000      0.00000
    243.50000000      7.47042      0.00000      0.00000      0.00000      0.00000
    244.00000000      7.46181      0.00000      0.00000      0.00000      0.00000
    244.50000000      7.45393      0.00000      0.00000      0.00000      0.00000
    245.00000000      7.44936      0.00000      0.00000      0.00000      0.00000
    245.50000000      7.44106      0.00000      0.00000      0.00000      0.00000
    246.00000000      7.43235      0.00000      0.00000      0.00000      0.00000
    246.50000000      7.43078      0.00000      0.00000      0.00000      0.00000
    247.00000000      7.42544      0.00000      0.00000      0.00000      0.00000
    247.50000000      7.42099      0.00000      0.00000      0.00000      0.00000
    248.00000000      7.41776      0.00000      0.00000      0.00000      0.00000
    248.50000000      7.41820      0.00000      0.00000      0.00000      0.00000
    249.00000000      7.41562      0.00000      0.00000      0.00000      0.00000
    249.50000000      7.41121      0.00000      0.00000      0.00000      0.00000
    250.00000000      7.40492      0.00000      0.00000      0.00000      0.00000
    250.50000000      7.39343      0.00000      0.00000      0.00000      0.00000
    251.00000000      7.38598      0.00000      0.00000      0.00000      0.00000
    251.50000000      7.37983      0.00000      0.00000      0.00000      0.00000
    252.00000000      7.37421      0.00000      0.00000      0.00000      0.00000
    252.50000000      7.37083      0.00000      0.00000      0.00000      0.00000
    253.00000000      7.37285      0.00000      0.00000      0.00000      0.00000
    253.50000000      7.37484      0.00000      0.00000      0.00000      0.00000
    254.00000000      7.37632      0.00000      0.00000      0.00000      0.00000
    254.50000000      7.37491      0.00000      0.00000      0.00000      0.00000
    255.00000000      7.37602      0.00000      0.00000      0.00000      0.00000
    255.50000000      7.37387      0.00000      0.00000      0.00000      0.00000
    256.00000000      7.37196      0.00000      0.00000      0.00000      0.00000
    256.50000000      7.36884      0.00000      0.00000      0.00000      0.00000
    257.00000000      7.36666      0.00000      0.00000      0.00000      0.00000
    257.50000000      7.36583      0.00000      0.00000      0.00000      0.00000
    258.00000000      7.36537      0.00000      0.00000      0.00000      0.00000
    258.50000000      7.36894      0.00000      0.00000      0.00000      0.00000
    259.00000000      7.37278      0.00000      0.00000      0.00000      0.00000
    259.50000000      7.37238      0.00000      0.00000      0.00000      0.00000
    260.00000000      7.37244      0.00000      0.00000      0.00000      0.00000
    260.50000000      7.37180      0.00000      0.00000      0.00000      0.00000
    261.00000000      7.37152      0.00000      0.00000      0.00000      0.00000
    261.50000000      7.37056      0.00000      0.00000      0.00000      0.00000
    262.00000000      7.37074      0.00000      0.00000      0.00000      0.00000
    262.50000000      7.36855      0.00000      0.00000      0.00000      0.00000
    263.00000000      7.36863      0.00000      0.00000      0.00000      0.00000
    263.50000000      7.37101      0.00000      0.00000      0.00000      0.00000
    264.00000000      7.37486      0.00000      0.00000      0.00000      0.00000
    264.50000000      7.37700      0.00000      0.00000      0.00000      0.00000
    265.00000000      7.38028      0.00000      0.00000      0.00000      0.00000
    265.50000000      7.38333      0.00000      0.00000      0.00000      0.00000
    266.00000000      7.38368      0.00000      0.00000      0.00000      0.00000
    266.50000000      7.38440      0.00000      0.00000      0.00000      0.00000
    267.00000000      7.38557      0.00000      0.00000      0.00000      0.00000
    267.50000000      7.38518      0.00000      0.00000      0.00000      0.00000
    268.00000000      7.38455      0.00000      0.00000      0.00000      0.00000
    268.50000000      7.38216      0.00000      0.00000      0.00000      0.00000
    269.00000000      7.38654      0.00000      0.00000      0.00000      0.00000
    269.50000000      7.39180      0.00000      0.00000      0.00000      0.00000
    270.00000000      7.40073      0.00000      0.00000      0.00000      0.00000
    270.50000000      7.40746      0.00000      0.00000      0.00000      0.00000
    271.00000000      7.41675      0.00000      0.00000      0.00000      0.00000
    271.50000000      7.42260      0.00000      0.00000      0.00000      0.00000
    272.00000000      7.42533      0.00000      0.00000      0.00000      0.00000
    272.50000000      7.42120      0.00000      0.00000      0.00000      0.00000
    273.00000000      7.42065      0.00000      0.00000      0.00000      0.00000
    273.50000000      7.41744      0.00000      0.00000      0.00000      0.00000
    274.00000000      7.41612      0.00000      0.00000      0.00000      0.00000
    274.50000000      7.41666      0.00000      0.00000      0.00000      0.00000
    275.00000000      7.41691      0.00000      0.00000      0.00000      0.00000
    275.50000000      7.41466      0.00000      0.00000      0.00000      0.00000
    276.00000000      7.41104      0.00000      0.00000      0.00000      0.00000
    276.50000000      7.40749      0.00000      0.00000      0.00000      0.00000
    277.00000000      7.39948      0.00000      0.00000      0.00000      0.00000
    277.50000000      7.38864      0.00000      0.00000      0.00000      0.00000
    278.00000000      7.37958      0.00000      0.00000      0.00000      0.00000
    278.50000000      7.37305      0.00000      0.00000      0.00000      0.00000
    279.00000000      7.36646      0.00000      0.00000      0.00000      0.00000
    279.50000000      7.36205      0.00000      0.00000      0.00000      0.00000
    280.00000000      7.36101      0.00000      0.00000      0.00000      0.00000
    280.50000000      7.36156      0.00000      0.00000      0.00000      0.00000
    281.00000000      7.35969      0.00000      0.00000      0.00000      0.00000
    281.50000000      7.35728      0.00000      0.00000      0.00000      0.00000
    282.00000000      7.35282      0.00000      0.00000      0.00000      0.00000
    282.50000000      7.35191      0.00000      0.00000      0.00000      0.00000
    283.00000000      7.35351      0.00000      0.00000      0.00000      0.00000
    283.50000000      7.35477      0.00000      0.00000      0.00000      0.00000
    284.00000000      7.35247      0.00000      0.00000      0.00000      0.00000
    284.50000000      7.35147      0.00000      0.00000      0.00000      0.00000
    285.00000000      7.35183      0.00000      0.00000      0.00000      0.00000
    285.50000000      7.34668      0.00000      0.00000      0.00000      0.00000
    286.00000000      7.34071      0.00000      0.00000      0.00000      0.00000
    286.50000000      7.33766      0.00000      0.00000      0.00000      0.00000
    287.00000000      7.33240      0.00000      0.00000      0.00000      0.00000
    287.50000000      7.32704      0.00000      0.00000      0.00000      0.00000
    288.00000000      7.32148      0.00000      0.00000      0.00000      0.00000
    288.50000000      7.31868      0.00000      0.00000      0.00000      0.00000
    289.00000000      7.30799      0.00000      0.00000      0.00000      0.00000
    289.50000000      7.29685      0.00000      0.00000      0.00000      0.00000
    290.00000000      7.28552      0.00000      0.00000      0.00000      0.00000
    290.50000000      7.27521      0.00000      0.00000      0.00000      0.00000
    291.00000000      7.26667      0.00000      0.00000      0.00000      0.00000
    291.50000000      7.26091      0.00000      0.00000      0.00000      0.00000
    292.00000000      7.24987      0.00000      0.00000      0.00000      0.00000
    292.50000000      7.23483      0.00000      0.00000      0.00000      0.00000
    293.00000000      7.22084      0.00000      0.00000      0.00000      0.00000
    293.50000000      7.20485      0.00000      0.00000      0.00000      0.00000
    294.00000000      7.19417      0.00000      0.00000      0.00000      0.00000
    294.50000000      7.18535      0.00000      0.00000      0.00000      0.00000
    295.00000000      7.17850      0.00000      0.00000      0.00000      0.00000
    295.50000000      7.16556      0.00000      0.00000      0.00000      0.00000
    296.00000000      7.15642      0.00000      0.00000      0.00000      0.00000
    296.50000000      7.15125      0.00000      0.00000      0.00000      0.00000
    297.00000000      7.14470      0.00000      0.00000      0.00000      0.00000
    297.50000000      7.14016      0.00000      0.00000      0.00000      0.00000
    298.00000000      7.13503      0.00000      0.00000      0.00000      0.00000
    298.50000000      7.13113      0.00000      0.00000      0.00000      0.00000
    299.00000000      7.12809      0.00000      0.00000      0.00000      0.00000
    299.50000000      7.12237      0.00000      0.00000      0.00000      0.00000
    300.00000000      7.11271      0.00000      0.00000      0.00000      0.00000
    300.50000000      7.10108      0.00000      0.00000      0.00000      0.00000
    301.00000000      7.09055      0.00000      0.00000      0.00000      0.00000
    301.50000000      7.07529      0.00000      0.00000      0.00000      0.00000
    302.00000000      7.06284      0.00000      0.00000      0.00000      0.00000
    302.50000000      7.05085      0.00000      0.00000      0.00000      0.00000
    303.00000000      7.03771      0.00000      0.00000      0.00000      0.00000
    303.50000000      7.02694      0.00000      0.00000      0.00000      0.00000
    304.00000000      7.01626      0.00000      0.00000      0.00000      0.00000
    304.50000000      7.00620      0.00000      0.00000      0.00000      0.00000
    305.00000000      6.99925      0.00000      0.00000      0.00000      0.00000
    305.50000000      6.98752      0.00000      0.00000      0.00000      0.00000
    306.00000000      6.97774      0.00000      0.00000      0.00000      0.00000
    306.50000000      6.96980      0.00000      0.00000      0.00000      0.00000
    307.00000000      6.96868      0.00000      0.00000      0.00000      0.00000
    307.50000000      6.96769      0.00000      0.00000      0.00000      0.00000
    308.00000000      6.96431      0.00000      0.00000      0.00000      0.00000
    308.50000000      6.95772      0.00000      0.00000      0.00000      0.00000
    309.00000000      6.95016      0.00000      0.00000      0.00000      0.00000
    309.50000000      6.94588      0.00000      0.00000      0.00000      0.00000
    310.00000000      6.94413      0.00000      0.00000      0.00000      0.00000
    310.50000000      6.94427      0.00000      0.00000      0.00000      0.00000
    311.00000000      6.94468      0.00000      0.00000      0.00000      0.00000
    311.50000000      6.94222      0.00000      0.00000      0.00000      0.00000
    312.00000000      6.93511      0.00000      0.00000      0.00000      0.00000
    312.50000000      6.92484      0.00000      0.00000      0.00000      0.00000
    313.00000000      6.90817      0.00000      0.00000      0.00000      0.00000
    313.50000000      6.89714      0.00000      0.00000      0.00000      0.00000
    314.00000000      6.88310      0.00000      0.00000      0.00000      0.00000
    314.50000000      6.86596      0.00000      0.00000      0.00000      0.00000
    315.00000000      6.85077      0.00000      0.00000      0.00000      0.00000
    315.50000000      6.83535      0.00000      0.00000      0.00000      0.00000
    316.00000000      6.82670      0.00000      0.00000      0.00000      0.00000
    316.50000000      6.81797      0.00000      0.00000      0.00000      0.00000
    317.00000000      6.80907      0.00000      0.00000      0.00000      0.00000
    317.50000000      6.79856      0.00000      0.00000      0.00000      0.00000
    318.00000000      6.78730      0.00000      0.00000      0.00000      0.00000
    318.50000000      6.77712      0.00000      0.00000      0.00000      0.00000
    319.00000000      6.76837      0.00000      0.00000      0.00000      0.00000
    319.50000000      6.76125      0.00000      0.00000      0.00000      0.00000
    320.00000000      6.75445      0.00000      0.00000      0.00000      0.00000
    320.50000000      6.74728      0.00000      0.00000      0.00000      0.00000
    321.00000000      6.74102      0.00000      0.00000      0.00000      0.00000
    321.50000000      6.73417      0.00000      0.00000      0.00000      0.00000
    322.00000000      6.72245      0.00000      0.00000      0.00000      0.00000
    322.50000000      6.71146      0.00000      0.00000      0.00000      0.00000
    323.00000000      6.70570      0.00000      0.00000      0.00000      0.00000
    323.50000000      6.70433      0.00000      0.00000      0.00000      0.00000
    324.00000000      6.70098      0.00000      0.00000      0.00000      0.00000
    324.50000000      6.69278      0.00000      0.00000      0.00000      0.00000
    325.00000000      6.68371      0.00000      0.00000      0.00000      0.00000
    325.50000000      6.67434      0.00000      0.00000      0.00000      0.00000
    326.00000000      6.66050      0.00000      0.00000      0.00000      0.00000
    326.50000000      6.64369      0.00000      0.00000      0.00000      0.00000
    327.00000000      6.63034      0.00000      0.00000      0.00000      0.00000
    327.50000000      6.61441      0.00000      0.00000      0.00000      0.00000
    328.00000000      6.59895      0.00000      0.00000      0.00000      0.00000
    328.50000000      6.58128      0.00000      0.00000      0.00000      0.00000
    329.00000000      6.56812      0.00000      0.00000      0.00000      0.00000
    329.50000000      6.55877      0.00000      0.00000      0.00000      0.00000
    330.00000000      6.54722      0.00000      0.00000      0.00000      0.00000
    330.50000000      6.54117      0.00000      0.00000      0.00000      0.00000
    331.00000000      6.53624      0.00000      0.00000      0.00000      0.00000
    331.50000000      6.53085      0.00000      0.00000      0.00000      0.00000
    332.00000000      6.52454      0.00000      0.00000      0.00000      0.00000
    332.50000000      6.51985      0.00000      0.00000      0.00000      0.00000
    333.00000000      6.51242      0.00000      0.00000      0.00000      0.00000
    333.50000000      6.50952      0.00000      0.00000      0.00000      0.00000
    334.00000000      6.50226      0.00000      0.00000      0.00000      0.00000
    334.50000000      6.49870      0.00000      0.00000      0.00000      0.00000
    335.00000000      6.49872      0.00000      0.00000      0.00000      0.00000
    335.50000000      6.49673      0.00000      0.00000      0.00000      0.00000
    336.00000000      6.50057      0.00000      0.00000      0.00000      0.00000
    336.50000000      6.50099      0.00000      0.00000      0.00000      0.00000
    337.00000000      6.50759      0.00000      0.00000      0.00000      0.00000
    337.50000000      6.51283      0.00000      0.00000      0.00000      0.00000
    338.00000000      6.51504      0.00000      0.00000      0.00000      0.00000
    338.50000000      6.52084      0.00000      0.00000      0.00000      0.00000
    339.00000000      6.53002      0.00000      0.00000      0.00000      0.00000
    339.50000000      6.53684      0.00000      0.00000      0.00000      0.00000
    340.00000000      6.54602      0.00000      0.00000      0.00000      0.00000
    340.50000000      6.55334      0.00000      0.00000      0.00000      0.00000
    341.00000000      6.56076      0.00000      0.00000      0.00000      0.00000
    341.50000000      6.57218      0.00000      0.00000      0.00000      0.00000
    342.00000000      6.58411      0.00000      0.00000      0.00000      0.00000
    342.50000000      6.59610      0.00000      0.00000      0.00000      0.00000
    343.00000000      6.60827      0.00000      0.00000      0.00000      0.00000
    343.50000000      6.61974      0.00000      0.00000      0.00000      0.00000
    344.00000000      6.62482      0.00000      0.00000      0.00000      0.00000
    344.50000000      6.62642      0.00000      0.00000      0.00000      0.00000
    345.00000000      6.63074      0.00000      0.00000      0.00000      0.00000
    345.50000000      6.63186      0.00000      0.00000      0.00000      0.00000
    346.00000000      6.63237      0.00000      0.00000      0.00000      0.00000
    346.50000000      6.63310      0.00000      0.00000      0.00000      0.00000
    347.00000000      6.63551      0.00000      0.00000      0.00000      0.00000
    347.50000000      6.63960      0.00000      0.00000      0.00000      0.00000
    348.00000000      6.64350      0.00000      0.00000      0.00000      0.00000
    348.50000000      6.64563      0.00000      0.00000      0.00000      0.00000
    349.00000000      6.65336      0.00000      0.00000      0.00000      0.00000
    349.50000000      6.66198      0.00000      0.00000      0.00000      0.00000
    350.00000000      6.66663      0.00000      0.00000      0.00000      0.00000
    350.50000000      6.67956      0.00000      0.00000      0.00000      0.00000
    351.00000000      6.69147      0.00000      0.00000      0.00000      0.00000
    351.50000000      6.69874      0.00000      0.00000      0.00000      0.00000
    352.00000000      6.70159      0.00000      0.00000      0.00000      0.00000
    352.50000000      6.70548      0.00000      0.00000      0.00000      0.00000
    353.00000000      6.71079      0.00000      0.00000      0.00000      0.00000
    353.50000000      6.71340      0.00000      0.00000      0.00000      0.00000
    354.00000000      6.71740      0.00000      0.00000      0.00000      0.00000
    354.50000000      6.72001      0.00000      0.00000      0.00000      0.00000
    355.00000000      6.72498      0.00000      0.00000      0.00000      0.00000
    355.50000000      6.73363      0.00000      0.00000      0.00000      0.00000
    356.00000000      6.74272      0.00000      0.00000      0.00000      0.00000
    356.50000000      6.75242      0.00000      0.00000      0.00000      0.00000
    357.00000000      6.76109      0.00000      0.00000      0.00000      0.00000
    357.50000000      6.77178      0.00000      0.00000      0.00000      0.00000
    358.00000000      6.78537      0.00000      0.00000      0.00000      0.00000
    358.50000000      6.79813      0.00000      0.00000      0.00000      0.00000
    359.00000000      6.81266      0.00000      0.00000      0.00000      0.00000
    359.50000000      6.82706      0.00000      0.00000      0.00000      0.00000
    360.00000000      6.84525      0.00000      0.00000      0.00000      0.00000
    360.50000000      6.86278      0.00000      0.00000      0.00000      0.00000
    361.00000000      6.87899      0.00000      0.00000      0.00000      0.00000
    361.50000000      6.89708      0.00000      0.00000      0.00000      0.00000
    362.00000000      6.91302      0.00000      0.00000      0.00000      0.00000
    362.50000000      6.92556      0.00000      0.00000      0.00000      0.00000
    363.00000000      6.93557      0.00000      0.00000      0.00000      0.00000
    363.50000000      6.94624      0.00000      0.00000      0.00000      0.00000
    364.00000000      6.95773      0.00000      0.00000      0.00000      0.00000
    364.50000000      6.96550      0.00000      0.00000      0.00000      0.00000
    365.00000000      6.97273      0.00000      0.00000      0.00000      0.00000
    365.50000000      6.97936      0.00000      0.00000      0.00000      0.00000
    366.00000000      6.98907      0.00000      0.00000      0.00000      0.00000
    366.50000000      7.00124      0.00000      0.00000      0.00000      0.00000
    367.00000000      7.01431      0.00000      0.00000      0.00000      0.00000
    367.50000000      7.02847      0.00000      0.00000      0.00000      0.00000
    368.00000000      7.04450      0.00000      0.00000      0.00000      0.00000
    368.50000000      7.05595      0.00000      0.00000      0.00000      0.00000
    369.00000000      7.06643      0.00000      0.00000      0.00000      0.00000
    369.50000000      7.07551      0.00000      0.00000      0.00000      0.00000
    370.00000000      7.07998      0.00000      0.00000      0.00000      0.00000
    370.50000000      7.08741      0.00000      0.00000      0.00000      0.00000
    371.00000000      7.09550      0.00000      0.00000      0.00000      0.00000
    371.50000000      7.09981      0.00000      0.00000      0.00000      0.00000
    372.00000000      7.10129      0.00000      0.00000      0.00000      0.00000
    372.50000000      7.10164      0.00000      0.00000      0.00000      0.00000
    373.00000000      7.10606      0.00000      0.00000      0.00000      0.00000
    373.50000000      7.10764      0.00000      0.00000      0.00000      0.00000
    374.00000000      7.11009      0.00000      0.00000      0.00000      0.00000
    374.50000000      7.11610      0.00000      0.00000      0.00000      0.00000
    375.00000000      7.12329      0.00000      0.00000      0.00000      0.00000
    375.50000000      7.13251      0.00000      0.00000      0.00000      0.00000
    376.00000000      7.13831      0.00000      0.00000      0.00000      0.00000
    376.50000000      7.14140      0.00000      0.00000      0.00000      0.00000
    377.00000000      7.14224      0.00000      0.00000      0.00000      0.00000
    377.50000000      7.13760      0.00000      0.00000      0.00000      0.00000
    378.00000000      7.13292      0.00000      0.00000      0.00000      0.00000
    378.50000000      7.13090      0.00000      0.00000      0.00000      0.00000
    379.00000000      7.12828      0.00000      0.00000      0.00000      0.00000
    379.50000000      7.12804      0.00000      0.00000      0.00000      0.00000
    380.00000000      7.12682      0.00000      0.00000      0.00000      0.00000
    380.50000000      7.12665      0.00000      0.00000      0.00000      0.00000
    381.00000000      7.12401      0.00000      0.00000      0.00000      0.00000
    381.50000000      7.12366      0.00000      0.00000      0.00000      0.00000
    382.00000000      7.12032      0.00000      0.00000      0.00000      0.00000
    382.50000000      7.11273      0.00000      0.00000      0.00000      0.00000
    383.00000000      7.10682      0.00000      0.00000      0.00000      0.00000
    383.50000000      7.10182      0.00000      0.00000      0.00000      0.00000
    384.00000000      7.09836      0.00000      0.00000      0.00000      0.00000
    384.50000000      7.09136      0.00000      0.00000      0.00000      0.00000
    385.00000000      7.08269      0.00000      0.00000      0.00000      0.00000
    385.50000000      7.07458      0.00000      0.00000      0.00000      0.00000
    386.00000000      7.06260      0.00000      0.00000      0.00000      0.00000
    386.50000000      7.05621      0.00000      0.00000      0.00000      0.00000
    387.00000000      7.05081      0.00000      0.00000      0.00000      0.00000
    387.50000000      7.04638      0.00000      0.00000      0.00000      0.00000
    388.00000000      7.03747      0.00000      0.00000      0.00000      0.00000
    388.50000000      7.02924      0.00000      0.00000      0.00000      0.00000
    389.00000000      7.01413      0.00000      0.00000      0.00000      0.00000
    389.50000000      7.00291      0.00000      0.00000      0.00000      0.00000
    390.00000000      6.99348      0.00000      0.00000      0.00000      0.00000
    390.50000000      6.98820      0.00000      0.00000      0.00000      0.00000
    391.00000000      6.98003      0.00000      0.00000      0.00000      0.00000
    391.50000000      6.97437      0.00000      0.00000      0.00000      0.00000
    392.00000000      6.97313      0.00000      0.00000      0.00000      0.00000
    392.50000000      6.96807      0.00000      0.00000      0.00000      0.00000
    393.00000000      6.96329      0.00000      0.00000      0.00000      0.00000
    393.50000000      6.96118      0.00000      0.00000      0.00000      0.00000
    394.00000000      6.95992      0.00000      0.00000      0.00000      0.00000
    394.50000000      6.96445      0.00000      0.00000      0.00000      0.00000
    395.00000000      6.96945      0.00000      0.00000      0.00000      0.00000
    395.50000000      6.97873      0.00000      0.00000      0.00000      0.00000
    396.00000000      6.98455      0.00000      0.00000      0.00000      0.00000
    396.50000000      6.99022      0.00000      0.00000      0.00000      0.00000
    397.00000000      6.99919      0.00000      0.00000      0.00000      0.00000
    397.50000000      7.00272      0.00000      0.00000      0.00000      0.00000
    398.00000000      7.00523      0.00000      0.00000      0.00000      0.00000
    398.50000000      7.00638      0.00000      0.00000      0.00000      0.00000
    399.00000000      7.01141      0.00000      0.00000      0.00000      0.00000
    399.50000000      7.01342      0.00000      0.00000      0.00000      0.00000
    400.00000000      7.01461      0.00000      0.00000      0.00000      0.00000
    400.50000000      7.01342      0.00000      0.00000      0.00000      0.00000
    401.00000000      7.01101      0.00000      0.00000      0.00000      0.00000
    401.50000000      7.01422      0.00000      0.00000      0.00000      0.00000
    402.00000000      7.01502      0.00000      0.00000      0.00000      0.00000
    402.50000000      7.01359      0.00000      0.00000      0.00000      0.00000
    403.00000000      7.01248      0.00000      0.00000      0.00000      0.00000
    403.50000000      7.01192      0.00000      0.00000      0.00000      0.00000
    404.00000000      7.01713      0.00000      0.00000      0.00000      0.00000
    404.50000000      7.02160      0.00000      0.00000      0.00000      0.00000
    405.00000000      7.02322      0.00000      0.00000      0.00000      0.00000
    405.50000000      7.02640      0.00000      0.00000      0.00000      0.00000
    406.00000000      7.02899      0.00000      0.00000      0.00000      0.00000
    406.50000000      7.03291      0.00000      0.00000      0.00000      0.00000
    407.00000000      7.03425      0.00000      0.00000      0.00000      0.00000
    407.50000000      7.03799      0.00000      0.00000      0.00000      0.00000
    408.00000000      7.04073      0.00000      0.00000      0.00000      0.00000
    408.50000000      7.03595      0.00000      0.00000      0.00000      0.00000
    409.00000000      7.02954      0.00000      0.00000      0.00000      0.00000
    409.50000000      7.02552      0.00000      0.00000      0.00000      0.00000
    410.00000000      7.02102      0.00000      0.00000      0.00000      0.00000
    410.50000000      7.01568      0.00000      0.00000      0.00000      0.00000
    411.00000000      7.01928      0.00000      0.00000      0.00000      0.00000
    411.50000000      7.02921      0.00000      0.00000      0.00000      0.00000
    412.00000000      7.03704      0.00000      0.00000      0.00000      0.00000
    412.50000000      7.04031      0.00000      0.00000      0.00000      0.00000
    413.00000000      7.04236      0.00000      0.00000      0.00000      0.00000
    413.50000000      7.04508      0.00000      0.00000      0.00000      0.00000
    414.00000000      7.04832      0.00000      0.00000      0.00000      0.00000
    414.50000000      7.05385      0.00000      0.00000      0.00000      0.00000
    415.00000000      7.05981      0.00000      0.00000      0.00000      0.00000
    415.50000000      7.06988      0.00000      0.00000      0.00000      0.00000
    416.00000000      7.08246      0.00000      0.00000      0.00000      0.00000
    416.50000000      7.09300      0.00000      0.00000      0.00000      0.00000
    417.00000000      7.10287      0.00000      0.00000      0.00000      0.00000
    417.50000000      7.10837      0.00000      0.00000      0.00000      0.00000
    418.00000000      7.11249      0.00000      0.00000      0.00000      0.00000
    418.50000000      7.11466      0.00000      0.00000      0.00000      0.00000
    419.00000000      7.11918      0.00000      0.00000      0.00000      0.00000
    419.50000000      7.12076      0.00000      0.00000      0.00000      0.00000
    420.00000000      7.12298      0.00000      0.00000      0.00000      0.00000
    420.50000000      7.12566      0.00000      0.00000      0.00000      0.00000
    421.00000000      7.12629      0.00000      0.00000      0.00000      0.00000
    421.50000000      7.12792      0.00000      0.00000      0.00000      0.00000
    422.00000000      7.12725      0.00000      0.00000      0.00000      0.00000
    422.50000000      7.12772      0.00000      0.00000      0.00000      0.00000
    423.00000000      7.12821      0.00000      0.00000      0.00000      0.00000
    423.50000000      7.12596      0.00000      0.00000      0.00000      0.00000
    424.00000000      7.11996      0.00000      0.00000      0.00000      0.00000
    424.50000000      7.11784      0.00000      0.00000      0.00000      0.00000
    425.00000000      7.11626      0.00000      0.00000      0.00000      0.00000
    425.50000000      7.11546      0.00000      0.00000      0.00000      0.00000
    426.00000000      7.11637      0.00000      0.00000      0.00000      0.00000
    426.50000000      7.11783      0.00000      0.00000      0.00000      0.00000
    427.00000000      7.11881      0.00000      0.00000      0.00000      0.00000
    427.50000000      7.11730      0.00000      0.00000      0.00000      0.00000
    428.00000000      7.12248      0.00000      0.00000      0.00000      0.00000
    428.50000000      7.12864      0.00000      0.00000      0.00000      0.00000
    429.00000000      7.13818      0.00000      0.00000      0.00000      0.00000
