   1940.00000000     11.02271      0.00000      0.00000      0.00000      0.00000
   1940.50000000     11.02038      0.00000      0.00000      0.00000      0.00000
   1941.00000000     11.02036      0.00000      0.00000      0.00000      0.00000
   1941.50000000     11.01821      0.00000      0.00000      0.00000      0.00000
   1942.00000000     11.01619      0.00000      0.00000      0.00000      0.00000
   1942.50000000     11.01191      0.00000      0.00000      0.00000      0.00000
   1943.00000000     11.00926      0.00000      0.00000      0.00000      0.00000
   1943.50000000     11.00583      0.00000      0.00000      0.00000      0.00000
   1944.00000000     11.00324      0.00000      0.00000      0.00000      0.00000
   1944.50000000     11.00133      0.00000      0.00000      0.00000      0.00000
   1945.00000000     10.99994      0.00000      0.00000      0.00000      0.00000
   1945.50000000     10.99900      0.00000      0.00000      0.00000      0.00000
   1946.00000000     10.99655      0.00000      0.00000      0.00000      0.00000
   1946.50000000     10.99481      0.00000      0.00000      0.00000      0.00000
   1947.00000000     10.99458      0.00000      0.00000      0.00000      0.00000
   1947.50000000     10.99353      0.00000      0.00000      0.00000      0.00000
   1948.00000000     10.99154      0.00000      0.00000      0.00000      0.00000
   1948.50000000     10.98997      0.00000      0.00000      0.00000      0.00000
   1949.00000000     10.98981      0.00000      0.00000      0.00000      0.00000
   1949.50000000     10.98983      0.00000      0.00000      0.00000      0.00000
   1950.00000000     10.98962      0.00000      0.00000      0.00000      0.00000
   1950.50000000     10.98951      0.00000      0.00000      0.00000      0.00000
   1951.00000000     10.99132      0.00000      0.00000      0.00000      0.00000
   1951.50000000     10.99482      0.00000      0.00000      0.00000      0.00000
   1952.00000000     10.99921      0.00000      0.00000      0.00000      0.00000
   1952.50000000     11.00203      0.00000      0.00000      0.00000      0.00000
   1953.00000000     11.00278      0.00000      0.00000      0.00000      0.00000
   1953.50000000     11.00233      0.00000      0.00000      0.00000      0.00000
   1954.00000000     11.00513      0.00000      0.00000      0.00000      0.00000
   1954.50000000     11.01007      0.00000      0.00000      0.00000      0.00000
   1955.00000000     11.01337      0.00000      0.00000      0.00000      0.00000
   1955.50000000     11.01336      0.00000      0.00000      0.00000      0.00000
   1956.00000000     11.01252      0.00000      0.00000      0.00000      0.00000
   1956.50000000     11.01265      0.00000      0.00000      0.00000      0.00000
   1957.00000000     11.01252      0.00000      0.00000      0.00000      0.00000
   1957.50000000     11.01109      0.00000      0.00000      0.00000      0.00000
   1958.00000000     11.01013      0.00000      0.00000      0.00000      0.00000
   1958.50000000     11.00798      0.00000      0.00000      0.00000      0.00000
   1959.00000000     11.00664      0.00000      0.00000      0.00000      0.00000
   1959.50000000     11.00582      0.00000      0.00000      0.00000      0.00000
   1960.00000000     11.00543      0.00000      0.00000      0.00000      0.00000
   1960.50000000     11.00510      0.00000      0.00000      0.00000      0.00000
   1961.00000000     11.00389      0.00000      0.00000      0.00000      0.00000
   1961.50000000     11.00323      0.00000      0.00000      0.00000      0.00000
   1962.00000000     11.00162      0.00000      0.00000      0.00000      0.00000
   1962.50000000     11.00039      0.00000      0.00000      0.00000      0.00000
   1963.00000000     10.99934      0.00000      0.00000      0.00000      0.00000
   1963.50000000     10.99785      0.00000      0.00000      0.00000      0.00000
   1964.00000000     10.99932      0.00000      0.00000      0.00000      0.00000
   1964.50000000     11.00303      0.00000      0.00000      0.00000      0.00000
   1965.00000000     11.00297      0.00000      0.00000      0.00000      0.00000
   1965.50000000     11.00559      0.00000      0.00000      0.00000      0.00000
   1966.00000000     11.00804      0.00000      0.00000      0.00000      0.00000
   1966.50000000     11.00921      0.00000      0.00000      0.00000      0.00000
   1967.00000000     11.00697      0.00000      0.00000      0.00000      0.00000
   1967.50000000     11.00594      0.00000      0.00000      0.00000      0.00000
   1968.00000000     11.00423      0.00000      0.00000      0.00000      0.00000
   1968.50000000     11.00234      0.00000      0.00000      0.00000      0.00000
   1969.00000000     11.00089      0.00000      0.00000      0.00000      0.00000
   1969.50000000     10.99773      0.00000      0.00000      0.00000      0.00000
   1970.00000000     10.99877      0.00000      0.00000      0.00000      0.00000
   1970.50000000     10.99936      0.00000      0.00000      0.00000      0.00000
   1971.00000000     11.00100      0.00000      0.00000      0.00000      0.00000
   1971.50000000     11.00179      0.00000      0.00000      0.00000      0.00000
   1972.00000000     11.00596      0.00000      0.00000      0.00000      0.00000
   1972.50000000     11.01003      0.00000      0.00000      0.00000      0.00000
   1973.00000000     11.01566      0.00000      0.00000      0.00000      0.00000
   1973.50000000     11.02093      0.00000      0.00000      0.00000      0.00000
   1974.00000000     11.02624      0.00000      0.00000      0.00000      0.00000
   1974.50000000     11.03431      0.00000      0.00000      0.00000      0.00000
   1975.00000000     11.04271      0.00000      0.00000      0.00000      0.00000
   1975.50000000     11.05189      0.00000      0.00000      0.00000      0.00000
   1976.00000000     11.06023      0.00000      0.00000      0.00000      0.00000
   1976.50000000     11.06887      0.00000      0.00000      0.00000      0.00000
   1977.00000000     11.07615      0.00000      0.00000      0.00000      0.00000
   1977.50000000     11.08445      0.00000      0.00000      0.00000      0.00000
   1978.00000000     11.09321      0.00000      0.00000      0.00000      0.00000
   1978.50000000     11.09903      0.00000      0.00000      0.00000      0.00000
   1979.00000000     11.10552      0.00000      0.00000      0.00000      0.00000
   1979.50000000     11.11137      0.00000      0.00000      0.00000      0.00000
   1980.00000000     11.12024      0.00000      0.00000      0.00000      0.00000
   1980.50000000     11.12886      0.00000      0.00000      0.00000      0.00000
   1981.00000000     11.13886      0.00000      0.00000      0.00000      0.00000
   1981.50000000     11.14943      0.00000      0.00000      0.00000      0.00000
   1982.00000000     11.16064      0.00000      0.00000      0.00000      0.00000
   1982.50000000     11.16976      0.00000      0.00000      0.00000      0.00000
   1983.00000000     11.17435      0.00000      0.00000      0.00000      0.00000
   1983.50000000     11.17947      0.00000      0.00000      0.00000      0.00000
   1984.00000000     11.18620      0.00000      0.00000      0.00000      0.00000
   1984.50000000     11.18946      0.00000      0.00000      0.00000      0.00000
   1985.00000000     11.19235      0.00000      0.00000      0.00000      0.00000
   1985.50000000     11.19585      0.00000      0.00000      0.00000      0.00000
   1986.00000000     11.19651      0.00000      0.00000      0.00000      0.00000
   1986.50000000     11.19646      0.00000      0.00000      0.00000      0.00000
   1987.00000000     11.19676      0.00000      0.00000      0.00000      0.00000
   1987.50000000     11.19835      0.00000      0.00000      0.00000      0.00000
   1988.00000000     11.20034      0.00000      0.00000      0.00000      0.00000
   1988.50000000     11.20110      0.00000      0.00000      0.00000      0.00000
   1989.00000000     11.20163      0.00000      0.00000      0.00000      0.00000
   1989.50000000     11.20221      0.00000      0.00000      0.00000      0.00000
   1990.00000000     11.20571      0.00000      0.00000      0.00000      0.00000
   1990.50000000     11.20953      0.00000      0.00000      0.00000      0.00000
   1991.00000000     11.21344      0.00000      0.00000      0.00000      0.00000
   1991.50000000     11.21878      0.00000      0.00000      0.00000      0.00000
   1992.00000000     11.22480      0.00000      0.00000      0.00000      0.00000
   1992.50000000     11.22838      0.00000      0.00000      0.00000      0.00000
   1993.00000000     11.23282      0.00000      0.00000      0.00000      0.00000
   1993.50000000     11.23913      0.00000      0.00000      0.00000      0.00000
   1994.00000000     11.24306      0.00000      0.00000      0.00000      0.00000
   1994.50000000     11.24755      0.00000      0.00000      0.00000      0.00000
   1995.00000000     11.25302      0.00000      0.00000      0.00000      0.00000
   1995.50000000     11.25725      0.00000      0.00000      0.00000      0.00000
   1996.00000000     11.26214      0.00000      0.00000      0.00000      0.00000
   1996.50000000     11.26427      0.00000      0.00000      0.00000      0.00000
   1997.00000000     11.26479      0.00000      0.00000      0.00000      0.00000
   1997.50000000     11.26577      0.00000      0.00000      0.00000      0.00000
   1998.00000000     11.26280      0.00000      0.00000      0.00000      0.00000
   1998.50000000     11.26061      0.00000      0.00000      0.00000      0.00000
   1999.00000000     11.25891      0.00000      0.00000      0.00000      0.00000
   1999.50000000     11.25414      0.00000      0.00000      0.00000      0.00000
   2000.00000000     11.25072      0.00000      0.00000      0.00000      0.00000
   2000.50000000     11.24829      0.00000      0.00000      0.00000      0.00000
   2001.00000000     11.24452      0.00000      0.00000      0.00000      0.00000
   2001.50000000     11.24327      0.00000      0.00000      0.00000      0.00000
   2002.00000000     11.24252      0.00000      0.00000      0.00000      0.00000
   2002.50000000     11.24160      0.00000      0.00000      0.00000      0.00000
   2003.00000000     11.24242      0.00000      0.00000      0.00000      0.00000
   2003.50000000     11.24278      0.00000      0.00000      0.00000      0.00000
   2004.00000000     11.24063      0.00000      0.00000      0.00000      0.00000
   2004.50000000     11.23926      0.00000      0.00000      0.00000      0.00000
   2005.00000000     11.23892      0.00000      0.00000      0.00000      0.00000
   2005.50000000     11.23877      0.00000      0.00000      0.00000      0.00000
   2006.00000000     11.23927      0.00000      0.00000      0.00000      0.00000
   2006.50000000     11.24209      0.00000      0.00000      0.00000      0.00000
   2007.00000000     11.24621      0.00000      0.00000      0.00000      0.00000
   2007.50000000     11.25038      0.00000      0.00000      0.00000      0.00000
   2008.00000000     11.25436      0.00000      0.00000      0.00000      0.00000
   2008.50000000     11.25450      0.00000      0.00000      0.00000      0.00000
   2009.00000000     11.25365      0.00000      0.00000      0.00000      0.00000
   2009.50000000     11.25223      0.00000      0.00000      0.00000      0.00000
   2010.00000000     11.25108      0.00000      0.00000      0.00000      0.00000
   2010.50000000     11.25012      0.00000      0.00000      0.00000      0.00000
   2011.00000000     11.24908      0.00000      0.00000      0.00000      0.00000
   2011.50000000     11.24812      0.00000      0.00000      0.00000      0.00000
   2012.00000000     11.24646      0.00000      0.00000      0.00000      0.00000
   2012.50000000     11.24590      0.00000      0.00000      0.00000      0.00000
   2013.00000000     11.24816      0.00000      0.00000      0.00000      0.00000
   2013.50000000     11.24946      0.00000      0.00000      0.00000      0.00000
   2014.00000000     11.24814      0.00000      0.00000      0.00000      0.00000
   2014.50000000     11.24676      0.00000      0.00000      0.00000      0.00000
   2015.00000000     11.24811      0.00000      0.00000      0.00000      0.00000
   2015.50000000     11.25013      0.00000      0.00000      0.00000      0.00000
   2016.00000000     11.25227      0.00000      0.00000      0.00000      0.00000
   2016.50000000     11.25430      0.00000      0.00000      0.00000      0.00000
   2017.00000000     11.25718      0.00000      0.00000      0.00000      0.00000
   2017.50000000     11.26155      0.00000      0.00000      0.00000      0.00000
   2018.00000000     11.26538      0.00000      0.00000      0.00000      0.00000
   2018.50000000     11.26691      0.00000      0.00000      0.00000      0.00000
   2019.00000000     11.26569      0.00000      0.00000      0.00000      0.00000
   2019.50000000     11.26826      0.00000      0.00000      0.00000      0.00000
   2020.00000000     11.26705      0.00000      0.00000      0.00000      0.00000
   2020.50000000     11.26281      0.00000      0.00000      0.00000      0.00000
   2021.00000000     11.25921      0.00000      0.00000      0.00000      0.00000
   2021.50000000     11.25360      0.00000      0.00000      0.00000      0.00000
   2022.00000000     11.24951      0.00000      0.00000      0.00000      0.00000
   2022.50000000     11.24625      0.00000      0.00000      0.00000      0.00000
   2023.00000000     11.24254      0.00000      0.00000      0.00000      0.00000
   2023.50000000     11.24266      0.00000      0.00000      0.00000      0.00000
   2024.00000000     11.24214      0.00000      0.00000      0.00000      0.00000
   2024.50000000     11.24102      0.00000      0.00000      0.00000      0.00000
   2025.00000000     11.24029      0.00000      0.00000      0.00000      0.00000
   2025.50000000     11.23853      0.00000      0.00000      0.00000      0.00000
   2026.00000000     11.23677      0.00000      0.00000      0.00000      0.00000
   2026.50000000     11.23274      0.00000      0.00000      0.00000      0.00000
   2027.00000000     11.22984      0.00000      0.00000      0.00000      0.00000
   2027.50000000     11.22391      0.00000      0.00000      0.00000      0.00000
   2028.00000000     11.21812      0.00000      0.00000      0.00000      0.00000
   2028.50000000     11.21267      0.00000      0.00000      0.00000      0.00000
   2029.00000000     11.20725      0.00000      0.00000      0.00000      0.00000
   2029.50000000     11.20153      0.00000      0.00000      0.00000      0.00000
   2030.00000000     11.19711      0.00000      0.00000      0.00000      0.00000
   2030.50000000     11.19253      0.00000      0.00000      0.00000      0.00000
   2031.00000000     11.18910      0.00000      0.00000      0.00000      0.00000
   2031.50000000     11.18473      0.00000      0.00000      0.00000      0.00000
   2032.00000000     11.17974      0.00000      0.00000      0.00000      0.00000
   2032.50000000     11.17642      0.00000      0.00000      0.00000      0.00000
   2033.00000000     11.17138      0.00000      0.00000      0.00000      0.00000
   2033.50000000     11.16586      0.00000      0.00000      0.00000      0.00000
   2034.00000000     11.15854      0.00000      0.00000      0.00000      0.00000
   2034.50000000     11.15202      0.00000      0.00000      0.00000      0.00000
   2035.00000000     11.14697      0.00000      0.00000      0.00000      0.00000
   2035.50000000     11.14416      0.00000      0.00000      0.00000      0.00000
   2036.00000000     11.14051      0.00000      0.00000      0.00000      0.00000
   2036.50000000     11.13480      0.00000      0.00000      0.00000      0.00000
   2037.00000000     11.12907      0.00000      0.00000      0.00000      0.00000
   2037.50000000     11.12310      0.00000      0.00000      0.00000      0.00000
   2038.00000000     11.11542      0.00000      0.00000      0.00000      0.00000
   2038.50000000     11.10968      0.00000      0.00000      0.00000      0.00000
   2039.00000000     11.10535      0.00000      0.00000      0.00000      0.00000
   2039.50000000     11.10053      0.00000      0.00000      0.00000      0.00000
   2040.00000000     11.09570      0.00000      0.00000      0.00000      0.00000
   2040.50000000     11.08975      0.00000      0.00000      0.00000      0.00000
   2041.00000000     11.08520      0.00000      0.00000      0.00000      0.00000
   2041.50000000     11.08008      0.00000      0.00000      0.00000      0.00000
   2042.00000000     11.07582      0.00000      0.00000      0.00000      0.00000
   2042.50000000     11.07281      0.00000      0.00000      0.00000      0.00000
   2043.00000000     11.06877      0.00000      0.00000      0.00000      0.00000
   2043.50000000     11.06495      0.00000      0.00000      0.00000      0.00000
   2044.00000000     11.06346      0.00000      0.00000      0.00000      0.00000
   2044.50000000     11.06464      0.00000      0.00000      0.00000      0.00000
   2045.00000000     11.06408      0.00000      0.00000      0.00000      0.00000
   2045.50000000     11.06351      0.00000      0.00000      0.00000      0.00000
   2046.00000000     11.06147      0.00000      0.00000      0.00000      0.00000
   2046.50000000     11.05827      0.00000      0.00000      0.00000      0.00000
   2047.00000000     11.05591      0.00000      0.00000      0.00000      0.00000
   2047.50000000     11.05215      0.00000      0.00000      0.00000      0.00000
   2048.00000000     11.04860      0.00000      0.00000      0.00000      0.00000
   2048.50000000     11.04623      0.00000      0.00000      0.00000      0.00000
   2049.00000000     11.04265      0.00000      0.00000      0.00000      0.00000
   2049.50000000     11.03833      0.00000      0.00000      0.00000      0.00000
   2050.00000000     11.03414      0.00000      0.00000      0.00000      0.00000
   2050.50000000     11.02825      0.00000      0.00000      0.00000      0.00000
   2051.00000000     11.02104      0.00000      0.00000      0.00000      0.00000
   2051.50000000     11.01390      0.00000      0.00000      0.00000      0.00000
   2052.00000000     11.00762      0.00000      0.00000      0.00000      0.00000
   2052.50000000     11.00122      0.00000      0.00000      0.00000      0.00000
   2053.00000000     10.99627      0.00000      0.00000      0.00000      0.00000
   2053.50000000     10.98974      0.00000      0.00000      0.00000      0.00000
   2054.00000000     10.98106      0.00000      0.00000      0.00000      0.00000
   2054.50000000     10.97325      0.00000      0.00000      0.00000      0.00000
   2055.00000000     10.96525      0.00000      0.00000      0.00000      0.00000
   2055.50000000     10.95754      0.00000      0.00000      0.00000      0.00000
   2056.00000000     10.95139      0.00000      0.00000      0.00000      0.00000
   2056.50000000     10.94615      0.00000      0.00000      0.00000      0.00000
   2057.00000000     10.94072      0.00000      0.00000      0.00000      0.00000
   2057.50000000     10.93753      0.00000      0.00000      0.00000      0.00000
   2058.00000000     10.93153      0.00000      0.00000      0.00000      0.00000
   2058.50000000     10.92251      0.00000      0.00000      0.00000      0.00000
   2059.00000000     10.91740      0.00000      0.00000      0.00000      0.00000
   2059.50000000     10.91154      0.00000      0.00000      0.00000      0.00000
   2060.00000000     10.90594      0.00000      0.00000      0.00000      0.00000
   2060.50000000     10.90036      0.00000      0.00000      0.00000      0.00000
   2061.00000000     10.89544      0.00000      0.00000      0.00000      0.00000
   2061.50000000     10.88814      0.00000      0.00000      0.00000      0.00000
   2062.00000000     10.87903      0.00000      0.00000      0.00000      0.00000
   2062.50000000     10.86959      0.00000      0.00000      0.00000      0.00000
   2063.00000000     10.86036      0.00000      0.00000      0.00000      0.00000
   2063.50000000     10.85027      0.00000      0.00000      0.00000      0.00000
   2064.00000000     10.84224      0.00000      0.00000      0.00000      0.00000
   2064.50000000     10.83588      0.00000      0.00000      0.00000      0.00000
   2065.00000000     10.83090      0.00000      0.00000      0.00000      0.00000
   2065.50000000     10.82828      0.00000      0.00000      0.00000      0.00000
   2066.00000000     10.82878      0.00000      0.00000      0.00000      0.00000
   2066.50000000     10.82741      0.00000      0.00000      0.00000      0.00000
   2067.00000000     10.82435      0.00000      0.00000      0.00000      0.00000
   2067.50000000     10.81889      0.00000      0.00000      0.00000      0.00000
   2068.00000000     10.81095      0.00000      0.00000      0.00000      0.00000
   2068.50000000     10.80421      0.00000      0.00000      0.00000      0.00000
   2069.00000000     10.79663      0.00000      0.00000      0.00000      0.00000
   2069.50000000     10.79018      0.00000      0.00000      0.00000      0.00000
   2070.00000000     10.78276      0.00000      0.00000      0.00000      0.00000
   2070.50000000     10.77381      0.00000      0.00000      0.00000      0.00000
   2071.00000000     10.76497      0.00000      0.00000      0.00000      0.00000
   2071.50000000     10.75607      0.00000      0.00000      0.00000      0.00000
   2072.00000000     10.74553      0.00000      0.00000      0.00000      0.00000
   2072.50000000     10.73517      0.00000      0.00000      0.00000      0.00000
   2073.00000000     10.72398      0.00000      0.00000      0.00000      0.00000
   2073.50000000     10.71551      0.00000      0.00000      0.00000      0.00000
   2074.00000000     10.70740      0.00000      0.00000      0.00000      0.00000
   2074.50000000     10.70045      0.00000      0.00000      0.00000      0.00000
   2075.00000000     10.69582      0.00000      0.00000      0.00000      0.00000
   2075.50000000     10.69212      0.00000      0.00000      0.00000      0.00000
   2076.00000000     10.69099      0.00000      0.00000      0.00000      0.00000
   2076.50000000     10.69027      0.00000      0.00000      0.00000      0.00000
   2077.00000000     10.68755      0.00000      0.00000      0.00000      0.00000
   2077.50000000     10.68765      0.00000      0.00000      0.00000      0.00000
   2078.00000000     10.68876      0.00000      0.00000      0.00000      0.00000
   2078.50000000     10.68854      0.00000      0.00000      0.00000      0.00000
   2079.00000000     10.68840      0.00000      0.00000      0.00000      0.00000
   2079.50000000     10.69183      0.00000      0.00000      0.00000      0.00000
   2080.00000000     10.69362      0.00000      0.00000      0.00000      0.00000
   2080.50000000     10.69427      0.00000      0.00000      0.00000      0.00000
   2081.00000000     10.69895      0.00000      0.00000      0.00000      0.00000
   2081.50000000     10.70530      0.00000      0.00000      0.00000      0.00000
   2082.00000000     10.70767      0.00000      0.00000      0.00000      0.00000
   2082.50000000     10.71212      0.00000      0.00000      0.00000      0.00000
   2083.00000000     10.71758      0.00000      0.00000      0.00000      0.00000
   2083.50000000     10.72065      0.00000      0.00000      0.00000      0.00000
   2084.00000000     10.72192      0.00000      0.00000      0.00000      0.00000
   2084.50000000     10.72224      0.00000      0.00000      0.00000      0.00000
   2085.00000000     10.72569      0.00000      0.00000      0.00000      0.00000
   2085.50000000     10.72907      0.00000      0.00000      0.00000      0.00000
   2086.00000000     10.73262      0.00000      0.00000      0.00000      0.00000
   2086.50000000     10.73475      0.00000      0.00000      0.00000      0.00000
   2087.00000000     10.73603      0.00000      0.00000      0.00000      0.00000
   2087.50000000     10.73979      0.00000      0.00000      0.00000      0.00000
   2088.00000000     10.74477      0.00000      0.00000      0.00000      0.00000
   2088.50000000     10.74959      0.00000      0.00000      0.00000      0.00000
   2089.00000000     10.75434      0.00000      0.00000      0.00000      0.00000
   2089.50000000     10.75768      0.00000      0.00000      0.00000      0.00000
   2090.00000000     10.76285      0.00000      0.00000      0.00000      0.00000
   2090.50000000     10.76967      0.00000      0.00000      0.00000      0.00000
   2091.00000000     10.77756      0.00000      0.00000      0.00000      0.00000
   2091.50000000     10.78539      0.00000      0.00000      0.00000      0.00000
   2092.00000000     10.79173      0.00000      0.00000      0.00000      0.00000
   2092.50000000     10.79752      0.00000      0.00000      0.00000      0.00000
   2093.00000000     10.80390      0.00000      0.00000      0.00000      0.00000
   2093.50000000     10.80944      0.00000      0.00000      0.00000      0.00000
   2094.00000000     10.81443      0.00000      0.00000      0.00000      0.00000
   2094.50000000     10.81874      0.00000      0.00000      0.00000      0.00000
   2095.00000000     10.82490      0.00000      0.00000      0.00000      0.00000
   2095.50000000     10.82961      0.00000      0.00000      0.00000      0.00000
   2096.00000000     10.83282      0.00000      0.00000      0.00000      0.00000
   2096.50000000     10.83452      0.00000      0.00000      0.00000      0.00000
   2097.00000000     10.83492      0.00000      0.00000      0.00000      0.00000
   2097.50000000     10.83789      0.00000      0.00000      0.00000      0.00000
   2098.00000000     10.84007      0.00000      0.00000      0.00000      0.00000
   2098.50000000     10.84186      0.00000      0.00000      0.00000      0.00000
   2099.00000000     10.84186      0.00000      0.00000      0.00000      0.00000
   2099.50000000     10.84170      0.00000      0.00000      0.00000      0.00000
   2100.00000000     10.84057      0.00000      0.00000      0.00000      0.00000
   2100.50000000     10.83949      0.00000      0.00000      0.00000      0.00000
   2101.00000000     10.83811      0.00000      0.00000      0.00000      0.00000
   2101.50000000     10.83383      0.00000      0.00000      0.00000      0.00000
   2102.00000000     10.82836      0.00000      0.00000      0.00000      0.00000
   2102.50000000     10.82213      0.00000      0.00000      0.00000      0.00000
   2103.00000000     10.81794      0.00000      0.00000      0.00000      0.00000
   2103.50000000     10.81435      0.00000      0.00000      0.00000      0.00000
   2104.00000000     10.81036      0.00000      0.00000      0.00000      0.00000
   2104.50000000     10.80672      0.00000      0.00000      0.00000      0.00000
   2105.00000000     10.80646      0.00000      0.00000      0.00000      0.00000
   2105.50000000     10.80646      0.00000      0.00000      0.00000      0.00000
   2106.00000000     10.80896      0.00000      0.00000      0.00000      0.00000
   2106.50000000     10.81147      0.00000      0.00000      0.00000      0.00000
   2107.00000000     10.81459      0.00000      0.00000      0.00000      0.00000
   2107.50000000     10.81750      0.00000      0.00000      0.00000      0.00000
   2108.00000000     10.81983      0.00000      0.00000      0.00000      0.00000
   2108.50000000     10.82257      0.00000      0.00000      0.00000      0.00000
   2109.00000000     10.82449      0.00000      0.00000      0.00000      0.00000
   2109.50000000     10.82854      0.00000      0.00000      0.00000      0.00000
   2110.00000000     10.83295      0.00000      0.00000      0.00000      0.00000
   2110.50000000     10.83771      0.00000      0.00000      0.00000      0.00000
   2111.00000000     10.84107      0.00000      0.00000      0.00000      0.00000
   2111.50000000     10.84520      0.00000      0.00000      0.00000      0.00000
   2112.00000000     10.85195      0.00000      0.00000      0.00000      0.00000
   2112.50000000     10.85849      0.00000      0.00000      0.00000      0.00000
   2113.00000000     10.86287      0.00000      0.00000      0.00000      0.00000
   2113.50000000     10.86836      0.00000      0.00000      0.00000      0.00000
   2114.00000000     10.87290      0.00000      0.00000      0.00000      0.00000
   2114.50000000     10.87728      0.00000      0.00000      0.00000      0.00000
   2115.00000000     10.88189      0.00000      0.00000      0.00000      0.00000
   2115.50000000     10.88674      0.00000      0.00000      0.00000      0.00000
   2116.00000000     10.89181      0.00000      0.00000      0.00000      0.00000
   2116.50000000     10.89647      0.00000      0.00000      0.00000      0.00000
   2117.00000000     10.89970      0.00000      0.00000      0.00000      0.00000
   2117.50000000     10.90195      0.00000      0.00000      0.00000      0.00000
   2118.00000000     10.90364      0.00000      0.00000      0.00000      0.00000
   2118.50000000     10.90453      0.00000      0.00000      0.00000      0.00000
   2119.00000000     10.90224      0.00000      0.00000      0.00000      0.00000
   2119.50000000     10.90110      0.00000      0.00000      0.00000      0.00000
   2120.00000000     10.89956      0.00000      0.00000      0.00000      0.00000
   2120.50000000     10.90206      0.00000      0.00000      0.00000      0.00000
   2121.00000000     10.90457      0.00000      0.00000      0.00000      0.00000
   2121.50000000     10.90640      0.00000      0.00000      0.00000      0.00000
   2122.00000000     10.90781      0.00000      0.00000      0.00000      0.00000
   2122.50000000     10.91071      0.00000      0.00000      0.00000      0.00000
   2123.00000000     10.91354      0.00000      0.00000      0.00000      0.00000
   2123.50000000     10.91521      0.00000      0.00000      0.00000      0.00000
   2124.00000000     10.91415      0.00000      0.00000      0.00000      0.00000
   2124.50000000     10.91696      0.00000      0.00000      0.00000      0.00000
   2125.00000000     10.91769      0.00000      0.00000      0.00000      0.00000
   2125.50000000     10.91806      0.00000      0.00000      0.00000      0.00000
   2126.00000000     10.91905      0.00000      0.00000      0.00000      0.00000
   2126.50000000     10.92037      0.00000      0.00000      0.00000      0.00000
   2127.00000000     10.92036      0.00000      0.00000      0.00000      0.00000
   2127.50000000     10.92035      0.00000      0.00000      0.00000      0.00000
   2128.00000000     10.92023      0.00000      0.00000      0.00000      0.00000
   2128.50000000     10.92050      0.00000      0.00000      0.00000      0.00000
   2129.00000000     10.92299      0.00000      0.00000      0.00000      0.00000
   2129.50000000     10.92333      0.00000      0.00000      0.00000      0.00000
   2130.00000000     10.92433      0.00000      0.00000      0.00000      0.00000
   2130.50000000     10.92459      0.00000      0.00000      0.00000      0.00000
   2131.00000000     10.92453      0.00000      0.00000      0.00000      0.00000
   2131.50000000     10.92537      0.00000      0.00000      0.00000      0.00000
   2132.00000000     10.92402      0.00000      0.00000      0.00000      0.00000
   2132.50000000     10.92252      0.00000      0.00000      0.00000      0.00000
   2133.00000000     10.92142      0.00000      0.00000      0.00000      0.00000
   2133.50000000     10.91932      0.00000      0.00000      0.00000      0.00000
   2134.00000000     10.91748      0.00000      0.00000      0.00000      0.00000
   2134.50000000     10.91567      0.00000      0.00000      0.00000      0.00000
   2135.00000000     10.91620      0.00000      0.00000      0.00000      0.00000
   2135.50000000     10.91294      0.00000      0.00000      0.00000      0.00000
   2136.00000000     10.90754      0.00000      0.00000      0.00000      0.00000
   2136.50000000     10.90140      0.00000      0.00000      0.00000      0.00000
   2137.00000000     10.89434      0.00000      0.00000      0.00000      0.00000
   2137.50000000     10.88703      0.00000      0.00000      0.00000      0.00000
   2138.00000000     10.87865      0.00000      0.00000      0.00000      0.00000
   2138.50000000     10.87231      0.00000      0.00000      0.00000      0.00000
   2139.00000000     10.86734      0.00000      0.00000      0.00000      0.00000
   2139.50000000     10.86529      0.00000      0.00000      0.00000      0.00000
   2140.00000000     10.86509      0.00000      0.00000      0.00000      0.00000
   2140.50000000     10.86664      0.00000      0.00000      0.00000      0.00000
   2141.00000000     10.86549      0.00000      0.00000      0.00000      0.00000
   2141.50000000     10.86400      0.00000      0.00000      0.00000      0.00000
   2142.00000000     10.86356      0.00000      0.00000      0.00000      0.00000
   2142.50000000     10.86230      0.00000      0.00000      0.00000      0.00000
   2143.00000000     10.86138      0.00000      0.00000      0.00000      0.00000
   2143.50000000     10.85824      0.00000      0.00000      0.00000      0.00000
   2144.00000000     10.85455      0.00000      0.00000      0.00000      0.00000
   2144.50000000     10.84952      0.00000      0.00000      0.00000      0.00000
   2145.00000000     10.84470      0.00000      0.00000      0.00000      0.00000
   2145.50000000     10.83986      0.00000      0.00000      0.00000      0.00000
   2146.00000000     10.83382      0.00000      0.00000      0.00000      0.00000
   2146.50000000     10.82879      0.00000      0.00000      0.00000      0.00000
   2147.00000000     10.82752      0.00000      0.00000      0.00000      0.00000
   2147.50000000     10.82542      0.00000      0.00000      0.00000      0.00000
   2148.00000000     10.82441      0.00000      0.00000      0.00000      0.00000
   2148.50000000     10.82311      0.00000      0.00000      0.00000      0.00000
   2149.00000000     10.82263      0.00000      0.00000      0.00000      0.00000
   2149.50000000     10.82476      0.00000      0.00000      0.00000      0.00000
   2150.00000000     10.82409      0.00000      0.00000      0.00000      0.00000
   2150.50000000     10.82014      0.00000      0.00000      0.00000      0.00000
   2151.00000000     10.81239      0.00000      0.00000      0.00000      0.00000
   2151.50000000     10.80747      0.00000      0.00000      0.00000      0.00000
   2152.00000000     10.80257      0.00000      0.00000      0.00000      0.00000
   2152.50000000     10.79604      0.00000      0.00000      0.00000      0.00000
   2153.00000000     10.78973      0.00000      0.00000      0.00000      0.00000
   2153.50000000     10.78561      0.00000      0.00000      0.00000      0.00000
   2154.00000000     10.78183      0.00000      0.00000      0.00000      0.00000
   2154.50000000     10.77877      0.00000      0.00000      0.00000      0.00000
   2155.00000000     10.77493      0.00000      0.00000      0.00000      0.00000
   2155.50000000     10.77256      0.00000      0.00000      0.00000      0.00000
   2156.00000000     10.76923      0.00000      0.00000      0.00000      0.00000
   2156.50000000     10.76461      0.00000      0.00000      0.00000      0.00000
   2157.00000000     10.76230      0.00000      0.00000      0.00000      0.00000
   2157.50000000     10.76023      0.00000      0.00000      0.00000      0.00000
   2158.00000000     10.76138      0.00000      0.00000      0.00000      0.00000
   2158.50000000     10.76288      0.00000      0.00000      0.00000      0.00000
   2159.00000000     10.76221      0.00000      0.00000      0.00000      0.00000
   2159.50000000     10.75950      0.00000      0.00000      0.00000      0.00000
   2160.00000000     10.75489      0.00000      0.00000      0.00000      0.00000
   2160.50000000     10.74943      0.00000      0.00000      0.00000      0.00000
   2161.00000000     10.74328      0.00000      0.00000      0.00000      0.00000
   2161.50000000     10.73862      0.00000      0.00000      0.00000      0.00000
   2162.00000000     10.73326      0.00000      0.00000      0.00000      0.00000
   2162.50000000     10.73076      0.00000      0.00000      0.00000      0.00000
   2163.00000000     10.72572      0.00000      0.00000      0.00000      0.00000
   2163.50000000     10.72168      0.00000      0.00000      0.00000      0.00000
   2164.00000000     10.71571      0.00000      0.00000      0.00000      0.00000
   2164.50000000     10.71019      0.00000      0.00000      0.00000      0.00000
   2165.00000000     10.70568      0.00000      0.00000      0.00000      0.00000
   2165.50000000     10.69850      0.00000      0.00000      0.00000      0.00000
   2166.00000000     10.69223      0.00000      0.00000      0.00000      0.00000
   2166.50000000     10.68580      0.00000      0.00000      0.00000      0.00000
   2167.00000000     10.68057      0.00000      0.00000      0.00000      0.00000
   2167.50000000     10.67578      0.00000      0.00000      0.00000      0.00000
   2168.00000000     10.67217      0.00000      0.00000      0.00000      0.00000
   2168.50000000     10.66627      0.00000      0.00000      0.00000      0.00000
   2169.00000000     10.66018      0.00000      0.00000      0.00000      0.00000
   2169.50000000     10.65208      0.00000      0.00000      0.00000      0.00000
   2170.00000000     10.64519      0.00000      0.00000      0.00000      0.00000
   2170.50000000     10.63919      0.00000      0.00000      0.00000      0.00000
   2171.00000000     10.63427      0.00000      0.00000      0.00000      0.00000
   2171.50000000     10.62857      0.00000      0.00000      0.00000      0.00000
   2172.00000000     10.62231      0.00000      0.00000      0.00000      0.00000
   2172.50000000     10.61591      0.00000      0.00000      0.00000      0.00000
   2173.00000000     10.61250      0.00000      0.00000      0.00000      0.00000
   2173.50000000     10.61036      0.00000      0.00000      0.00000      0.00000
   2174.00000000     10.60885      0.00000      0.00000      0.00000      0.00000
   2174.50000000     10.60576      0.00000      0.00000      0.00000      0.00000
   2175.00000000     10.60173      0.00000      0.00000      0.00000      0.00000
   2175.50000000     10.59704      0.00000      0.00000      0.00000      0.00000
   2176.00000000     10.59254      0.00000      0.00000      0.00000      0.00000
   2176.50000000     10.58687      0.00000      0.00000      0.00000      0.00000
   2177.00000000     10.58235      0.00000      0.00000      0.00000      0.00000
   2177.50000000     10.57881      0.00000      0.00000      0.00000      0.00000
   2178.00000000     10.57987      0.00000      0.00000      0.00000      0.00000
   2178.50000000     10.57954      0.00000      0.00000      0.00000      0.00000
   2179.00000000     10.58168      0.00000      0.00000      0.00000      0.00000
   2179.50000000     10.58454      0.00000      0.00000      0.00000      0.00000
   2180.00000000     10.58800      0.00000      0.00000      0.00000      0.00000
   2180.50000000     10.59108      0.00000      0.00000      0.00000      0.00000
   2181.00000000     10.59629      0.00000      0.00000      0.00000      0.00000
   2181.50000000     10.60243      0.00000      0.00000      0.00000      0.00000
   2182.00000000     10.60658      0.00000      0.00000      0.00000      0.00000
   2182.50000000     10.61104      0.00000      0.00000      0.00000      0.00000
   2183.00000000     10.61520      0.00000      0.00000      0.00000      0.00000
   2183.50000000     10.62129      0.00000      0.00000      0.00000      0.00000
   2184.00000000     10.62648      0.00000      0.00000      0.00000      0.00000
   2184.50000000     10.63269      0.00000      0.00000      0.00000      0.00000
   2185.00000000     10.63490      0.00000      0.00000      0.00000      0.00000
   2185.50000000     10.63588      0.00000      0.00000      0.00000      0.00000
   2186.00000000     10.63868      0.00000      0.00000      0.00000      0.00000
   2186.50000000     10.64057      0.00000      0.00000      0.00000      0.00000
   2187.00000000     10.64033      0.00000      0.00000      0.00000      0.00000
   2187.50000000     10.64238      0.00000      0.00000      0.00000      0.00000
   2188.00000000     10.64229      0.00000      0.00000      0.00000      0.00000
   2188.50000000     10.63933      0.00000      0.00000      0.00000      0.00000
   2189.00000000     10.63870      0.00000      0.00000      0.00000      0.00000
   2189.50000000     10.63642      0.00000      0.00000      0.00000      0.00000
   2190.00000000     10.63444      0.00000      0.00000      0.00000      0.00000
   2190.50000000     10.63385      0.00000      0.00000      0.00000      0.00000
   2191.00000000     10.63424      0.00000      0.00000      0.00000      0.00000
   2191.50000000     10.63658      0.00000      0.00000      0.00000      0.00000
   2192.00000000     10.63702      0.00000      0.00000      0.00000      0.00000
   2192.50000000     10.63978      0.00000      0.00000      0.00000      0.00000
   2193.00000000     10.64371      0.00000      0.00000      0.00000      0.00000
   2193.50000000     10.64762      0.00000      0.00000      0.00000      0.00000
   2194.00000000     10.65134      0.00000      0.00000      0.00000      0.00000
   2194.50000000     10.65386      0.00000      0.00000      0.00000      0.00000
   2195.00000000     10.65630      0.00000      0.00000      0.00000      0.00000
   2195.50000000     10.65917      0.00000      0.00000      0.00000      0.00000
   2196.00000000     10.66331      0.00000      0.00000      0.00000      0.00000
   2196.50000000     10.66798      0.00000      0.00000      0.00000      0.00000
   2197.00000000     10.66893      0.00000      0.00000      0.00000      0.00000
   2197.50000000     10.66848      0.00000      0.00000      0.00000      0.00000
   2198.00000000     10.66998      0.00000      0.00000      0.00000      0.00000
   2198.50000000     10.67535      0.00000      0.00000      0.00000      0.00000
   2199.00000000     10.67782      0.00000      0.00000      0.00000      0.00000
   2199.50000000     10.68048      0.00000      0.00000      0.00000      0.00000
   2200.00000000     10.68493      0.00000      0.00000      0.00000      0.00000
   2200.50000000     10.69198      0.00000      0.00000      0.00000      0.00000
   2201.00000000     10.69951      0.00000      0.00000      0.00000      0.00000
   2201.50000000     10.70533      0.00000      0.00000      0.00000      0.00000
   2202.00000000     10.71329      0.00000      0.00000      0.00000      0.00000
   2202.50000000     10.72044      0.00000      0.00000      0.00000      0.00000
   2203.00000000     10.72844      0.00000      0.00000      0.00000      0.00000
   2203.50000000     10.73727      0.00000      0.00000      0.00000      0.00000
   2204.00000000     10.74469      0.00000      0.00000      0.00000      0.00000
   2204.50000000     10.75004      0.00000      0.00000      0.00000      0.00000
   2205.00000000     10.75521      0.00000      0.00000      0.00000      0.00000
   2205.50000000     10.76170      0.00000      0.00000      0.00000      0.00000
   2206.00000000     10.77021      0.00000      0.00000      0.00000      0.00000
   2206.50000000     10.77944      0.00000      0.00000      0.00000      0.00000
   2207.00000000     10.78720      0.00000      0.00000      0.00000      0.00000
   2207.50000000     10.79545      0.00000      0.00000      0.00000      0.00000
   2208.00000000     10.80427      0.00000      0.00000      0.00000      0.00000
   2208.50000000     10.81244      0.00000      0.00000      0.00000      0.00000
   2209.00000000     10.81841      0.00000      0.00000      0.00000      0.00000
   2209.50000000     10.82344      0.00000      0.00000      0.00000      0.00000
   2210.00000000     10.82761      0.00000      0.00000      0.00000      0.00000
   2210.50000000     10.83430      0.00000      0.00000      0.00000      0.00000
   2211.00000000     10.83985      0.00000      0.00000      0.00000      0.00000
   2211.50000000     10.84575      0.00000      0.00000      0.00000      0.00000
   2212.00000000     10.85190      0.00000      0.00000      0.00000      0.00000
   2212.50000000     10.85823      0.00000      0.00000      0.00000      0.00000
   2213.00000000     10.86416      0.00000      0.00000      0.00000      0.00000
   2213.50000000     10.86892      0.00000      0.00000      0.00000      0.00000
   2214.00000000     10.87186      0.00000      0.00000      0.00000      0.00000
   2214.50000000     10.87471      0.00000      0.00000      0.00000      0.00000
   2215.00000000     10.87735      0.00000      0.00000      0.00000      0.00000
   2215.50000000     10.87796      0.00000      0.00000      0.00000      0.00000
   2216.00000000     10.87956      0.00000      0.00000      0.00000      0.00000
   2216.50000000     10.88249      0.00000      0.00000      0.00000      0.00000
   2217.00000000     10.88723      0.00000      0.00000      0.00000      0.00000
   2217.50000000     10.89205      0.00000      0.00000      0.00000      0.00000
   2218.00000000     10.89630      0.00000      0.00000      0.00000      0.00000
   2218.50000000     10.90224      0.00000      0.00000      0.00000      0.00000
   2219.00000000     10.90865      0.00000      0.00000      0.00000      0.00000
   2219.50000000     10.91446      0.00000      0.00000      0.00000      0.00000
   2220.00000000     10.92193      0.00000      0.00000      0.00000      0.00000
   2220.50000000     10.92897      0.00000      0.00000      0.00000      0.00000
   2221.00000000     10.93466      0.00000      0.00000      0.00000      0.00000
   2221.50000000     10.93755      0.00000      0.00000      0.00000      0.00000
   2222.00000000     10.93771      0.00000      0.00000      0.00000      0.00000
   2222.50000000     10.93764      0.00000      0.00000      0.00000      0.00000
   2223.00000000     10.93925      0.00000      0.00000      0.00000      0.00000
   2223.50000000     10.93970      0.00000      0.00000      0.00000      0.00000
   2224.00000000     10.93919      0.00000      0.00000      0.00000      0.00000
   2224.50000000     10.94078      0.00000      0.00000      0.00000      0.00000
   2225.00000000     10.94275      0.00000      0.00000      0.00000      0.00000
   2225.50000000     10.94550      0.00000      0.00000      0.00000      0.00000
   2226.00000000     10.94962      0.00000      0.00000      0.00000      0.00000
   2226.50000000     10.95088      0.00000      0.00000      0.00000      0.00000
   2227.00000000     10.95275      0.00000      0.00000      0.00000      0.00000
   2227.50000000     10.95479      0.00000      0.00000      0.00000      0.00000
   2228.00000000     10.95686      0.00000      0.00000      0.00000      0.00000
   2228.50000000     10.95824      0.00000      0.00000      0.00000      0.00000
   2229.00000000     10.95667      0.00000      0.00000      0.00000      0.00000
   2229.50000000     10.95954      0.00000      0.00000      0.00000      0.00000
   2230.00000000     10.96411      0.00000      0.00000      0.00000      0.00000
   2230.50000000     10.96813      0.00000      0.00000      0.00000      0.00000
   2231.00000000     10.96967      0.00000      0.00000      0.00000      0.00000
   2231.50000000     10.97118      0.00000      0.00000      0.00000      0.00000
   2232.00000000     10.97167      0.00000      0.00000      0.00000      0.00000
   2232.50000000     10.97213      0.00000      0.00000      0.00000      0.00000
   2233.00000000     10.97111      0.00000      0.00000      0.00000      0.00000
   2233.50000000     10.97163      0.00000      0.00000      0.00000      0.00000
   2234.00000000     10.97363      0.00000      0.00000      0.00000      0.00000
   2234.50000000     10.97699      0.00000      0.00000      0.00000      0.00000
   2235.00000000     10.98128      0.00000      0.00000      0.00000      0.00000
   2235.50000000     10.98473      0.00000      0.00000      0.00000      0.00000
   2236.00000000     10.98620      0.00000      0.00000      0.00000      0.00000
   2236.50000000     10.98588      0.00000      0.00000      0.00000      0.00000
   2237.00000000     10.98485      0.00000      0.00000      0.00000      0.00000
   2237.50000000     10.98302      0.00000      0.00000      0.00000      0.00000
   2238.00000000     10.98151      0.00000      0.00000      0.00000      0.00000
   2238.50000000     10.98088      0.00000      0.00000      0.00000      0.00000
   2239.00000000     10.98058      0.00000      0.00000      0.00000      0.00000
   2239.50000000     10.98122      0.00000      0.00000      0.00000      0.00000
   2240.00000000     10.98238      0.00000      0.00000      0.00000      0.00000
   2240.50000000     10.98413      0.00000      0.00000      0.00000      0.00000
   2241.00000000     10.98676      0.00000      0.00000      0.00000      0.00000
   2241.50000000     10.98862      0.00000      0.00000      0.00000      0.00000
   2242.00000000     10.99066      0.00000      0.00000      0.00000      0.00000
   2242.50000000     10.98984      0.00000      0.00000      0.00000      0.00000
   2243.00000000     10.98721      0.00000      0.00000      0.00000      0.00000
   2243.50000000     10.98806      0.00000      0.00000      0.00000      0.00000
   2244.00000000     10.98899      0.00000      0.00000      0.00000      0.00000
   2244.50000000     10.98839      0.00000      0.00000      0.00000      0.00000
   2245.00000000     10.98781      0.00000      0.00000      0.00000      0.00000
   2245.50000000     10.98591      0.00000      0.00000      0.00000      0.00000
   2246.00000000     10.98361      0.00000      0.00000      0.00000      0.00000
   2246.50000000     10.98009      0.00000      0.00000      0.00000      0.00000
   2247.00000000     10.97628      0.00000      0.00000      0.00000      0.00000
   2247.50000000     10.97344      0.00000      0.00000      0.00000      0.00000
   2248.00000000     10.97056      0.00000      0.00000      0.00000      0.00000
   2248.50000000     10.96617      0.00000      0.00000      0.00000      0.00000
   2249.00000000     10.96111      0.00000      0.00000      0.00000      0.00000
   2249.50000000     10.95565      0.00000      0.00000      0.00000      0.00000
   2250.00000000     10.95254      0.00000      0.00000      0.00000      0.00000
   2250.50000000     10.94935      0.00000      0.00000      0.00000      0.00000
   2251.00000000     10.94741      0.00000      0.00000      0.00000      0.00000
   2251.50000000     10.94571      0.00000      0.00000      0.00000      0.00000
   2252.00000000     10.94350      0.00000      0.00000      0.00000      0.00000
   2252.50000000     10.94354      0.00000      0.00000      0.00000      0.00000
   2253.00000000     10.94420      0.00000      0.00000      0.00000      0.00000
   2253.50000000     10.94386      0.00000      0.00000      0.00000      0.00000
   2254.00000000     10.94354      0.00000      0.00000      0.00000      0.00000
   2254.50000000     10.94474      0.00000      0.00000      0.00000      0.00000
   2255.00000000     10.94902      0.00000      0.00000      0.00000      0.00000
   2255.50000000     10.94973      0.00000      0.00000      0.00000      0.00000
   2256.00000000     10.95081      0.00000      0.00000      0.00000      0.00000
   2256.50000000     10.95411      0.00000      0.00000      0.00000      0.00000
   2257.00000000     10.95746      0.00000      0.00000      0.00000      0.00000
   2257.50000000     10.95915      0.00000      0.00000      0.00000      0.00000
   2258.00000000     10.96142      0.00000      0.00000      0.00000      0.00000
   2258.50000000     10.96339      0.00000      0.00000      0.00000      0.00000
   2259.00000000     10.96367      0.00000      0.00000      0.00000      0.00000
   2259.50000000     10.96476      0.00000      0.00000      0.00000      0.00000
   2260.00000000     10.96562      0.00000      0.00000      0.00000      0.00000
   2260.50000000     10.96480      0.00000      0.00000      0.00000      0.00000
   2261.00000000     10.96624      0.00000      0.00000      0.00000      0.00000
   2261.50000000     10.96789      0.00000      0.00000      0.00000      0.00000
   2262.00000000     10.97123      0.00000      0.00000      0.00000      0.00000
   2262.50000000     10.97390      0.00000      0.00000      0.00000      0.00000
   2263.00000000     10.97539      0.00000      0.00000      0.00000      0.00000
   2263.50000000     10.97798      0.00000      0.00000      0.00000      0.00000
   2264.00000000     10.98169      0.00000      0.00000      0.00000      0.00000
   2264.50000000     10.98720      0.00000      0.00000      0.00000      0.00000
   2265.00000000     10.99324      0.00000      0.00000      0.00000      0.00000
   2265.50000000     10.99721      0.00000      0.00000      0.00000      0.00000
   2266.00000000     11.00046      0.00000      0.00000      0.00000      0.00000
   2266.50000000     11.00215      0.00000      0.00000      0.00000      0.00000
   2267.00000000     11.00321      0.00000      0.00000      0.00000      0.00000
   2267.50000000     11.00328      0.00000      0.00000      0.00000      0.00000
   2268.00000000     11.00553      0.00000      0.00000      0.00000      0.00000
   2268.50000000     11.00789      0.00000      0.00000      0.00000      0.00000
   2269.00000000     11.01001      0.00000      0.00000      0.00000      0.00000
   2269.50000000     11.00756      0.00000      0.00000      0.00000      0.00000
   2270.00000000     11.00450      0.00000      0.00000      0.00000      0.00000
   2270.50000000     11.00198      0.00000      0.00000      0.00000      0.00000
   2271.00000000     11.00324      0.00000      0.00000      0.00000      0.00000
   2271.50000000     11.00600      0.00000      0.00000      0.00000      0.00000
   2272.00000000     11.01104      0.00000      0.00000      0.00000      0.00000
   2272.50000000     11.01306      0.00000      0.00000      0.00000      0.00000
   2273.00000000     11.01462      0.00000      0.00000      0.00000      0.00000
   2273.50000000     11.01634      0.00000      0.00000      0.00000      0.00000
   2274.00000000     11.01706      0.00000      0.00000      0.00000      0.00000
   2274.50000000     11.01855      0.00000      0.00000      0.00000      0.00000
   2275.00000000     11.02039      0.00000      0.00000      0.00000      0.00000
   2275.50000000     11.02296      0.00000      0.00000      0.00000      0.00000
   2276.00000000     11.02727      0.00000      0.00000      0.00000      0.00000
   2276.50000000     11.03334      0.00000      0.00000      0.00000      0.00000
   2277.00000000     11.03929      0.00000      0.00000      0.00000      0.00000
   2277.50000000     11.04387      0.00000      0.00000      0.00000      0.00000
   2278.00000000     11.04854      0.00000      0.00000      0.00000      0.00000
   2278.50000000     11.05393      0.00000      0.00000      0.00000      0.00000
   2279.00000000     11.05730      0.00000      0.00000      0.00000      0.00000
   2279.50000000     11.05924      0.00000      0.00000      0.00000      0.00000
   2280.00000000     11.06078      0.00000      0.00000      0.00000      0.00000
   2280.50000000     11.05942      0.00000      0.00000      0.00000      0.00000
   2281.00000000     11.05922      0.00000      0.00000      0.00000      0.00000
   2281.50000000     11.05871      0.00000      0.00000      0.00000      0.00000
   2282.00000000     11.05634      0.00000      0.00000      0.00000      0.00000
   2282.50000000     11.05397      0.00000      0.00000      0.00000      0.00000
   2283.00000000     11.05332      0.00000      0.00000      0.00000      0.00000
   2283.50000000     11.05296      0.00000      0.00000      0.00000      0.00000
   2284.00000000     11.05259      0.00000      0.00000      0.00000      0.00000
   2284.50000000     11.05108      0.00000      0.00000      0.00000      0.00000
   2285.00000000     11.04800      0.00000      0.00000      0.00000      0.00000
   2285.50000000     11.04347      0.00000      0.00000      0.00000      0.00000
   2286.00000000     11.04064      0.00000      0.00000      0.00000      0.00000
   2286.50000000     11.03646      0.00000      0.00000      0.00000      0.00000
   2287.00000000     11.03273      0.00000      0.00000      0.00000      0.00000
   2287.50000000     11.03133      0.00000      0.00000      0.00000      0.00000
   2288.00000000     11.03176      0.00000      0.00000      0.00000      0.00000
   2288.50000000     11.03320      0.00000      0.00000      0.00000      0.00000
   2289.00000000     11.03485      0.00000      0.00000      0.00000      0.00000
   2289.50000000     11.03441      0.00000      0.00000      0.00000      0.00000
   2290.00000000     11.03722      0.00000      0.00000      0.00000      0.00000
   2290.50000000     11.04022      0.00000      0.00000      0.00000      0.00000
   2291.00000000     11.04384      0.00000      0.00000      0.00000      0.00000
   2291.50000000     11.04489      0.00000      0.00000      0.00000      0.00000
   2292.00000000     11.04569      0.00000      0.00000      0.00000      0.00000
   2292.50000000     11.04488      0.00000      0.00000      0.00000      0.00000
   2293.00000000     11.04287      0.00000      0.00000      0.00000      0.00000
   2293.50000000     11.04413      0.00000      0.00000      0.00000      0.00000
   2294.00000000     11.04437      0.00000      0.00000      0.00000      0.00000
   2294.50000000     11.04292      0.00000      0.00000      0.00000      0.00000
   2295.00000000     11.04206      0.00000      0.00000      0.00000      0.00000
   2295.50000000     11.04278      0.00000      0.00000      0.00000      0.00000
   2296.00000000     11.04388      0.00000      0.00000      0.00000      0.00000
   2296.50000000     11.04358      0.00000      0.00000      0.00000      0.00000
   2297.00000000     11.04446      0.00000      0.00000      0.00000      0.00000
   2297.50000000     11.04705      0.00000      0.00000      0.00000      0.00000
   2298.00000000     11.04731      0.00000      0.00000      0.00000      0.00000
   2298.50000000     11.04649      0.00000      0.00000      0.00000      0.00000
   2299.00000000     11.04678      0.00000      0.00000      0.00000      0.00000
   2299.50000000     11.04337      0.00000      0.00000      0.00000      0.00000
   2300.00000000     11.04068      0.00000      0.00000      0.00000      0.00000
   2300.50000000     11.03552      0.00000      0.00000      0.00000      0.00000
   2301.00000000     11.03310      0.00000      0.00000      0.00000      0.00000
