1520.00000000	3.07626
1520.50000000	3.07750
1521.00000000	3.07914
1521.50000000	3.08109
1522.00000000	3.08297
1522.50000000	3.08514
1523.00000000	3.08547
1523.50000000	3.08434
1524.00000000	3.08313
1524.50000000	3.08162
1525.00000000	3.08158
1525.50000000	3.08137
1526.00000000	3.08092
1526.50000000	3.07959
1527.00000000	3.07856
1527.50000000	3.07853
1528.00000000	3.07808
1528.50000000	3.07748
1529.00000000	3.07792
1529.50000000	3.07914
1530.00000000	3.08084
1530.50000000	3.08312
1531.00000000	3.08531
1531.50000000	3.08608
1532.00000000	3.08714
1532.50000000	3.08769
1533.00000000	3.08898
1533.50000000	3.09124
1534.00000000	3.09184
1534.50000000	3.09234
1535.00000000	3.09187
1535.50000000	3.09122
1536.00000000	3.09164
1536.50000000	3.09311
1537.00000000	3.09508
1537.50000000	3.09805
1538.00000000	3.10065
1538.50000000	3.10440
1539.00000000	3.10936
1539.50000000	3.11306
1540.00000000	3.11610
1540.50000000	3.11961
1541.00000000	3.12267
1541.50000000	3.12600
1542.00000000	3.12879
1542.50000000	3.13057
1543.00000000	3.13134
1543.50000000	3.13224
1544.00000000	3.13152
1544.50000000	3.13087
1545.00000000	3.13208
1545.50000000	3.13502
1546.00000000	3.13667
1546.50000000	3.13903
1547.00000000	3.14224
1547.50000000	3.14468
1548.00000000	3.14801
1548.50000000	3.14992
1549.00000000	3.15132
1549.50000000	3.15369
1550.00000000	3.15524
1550.50000000	3.15603
1551.00000000	3.15532
1551.50000000	3.15441
1552.00000000	3.15238
1552.50000000	3.14999
1553.00000000	3.14859
1553.50000000	3.14876
1554.00000000	3.14908
1554.50000000	3.14993
1555.00000000	3.15063
1555.50000000	3.15075
1556.00000000	3.15180
1556.50000000	3.15101
1557.00000000	3.15007
1557.50000000	3.14986
1558.00000000	3.15039
1558.50000000	3.15126
1559.00000000	3.15356
1559.50000000	3.15688
1560.00000000	3.16039
1560.50000000	3.16308
1561.00000000	3.16482
1561.50000000	3.16579
1562.00000000	3.16679
1562.50000000	3.16736
1563.00000000	3.16902
1563.50000000	3.17111
1564.00000000	3.17353
1564.50000000	3.17635
1565.00000000	3.17866
1565.50000000	3.18060
1566.00000000	3.18396
1566.50000000	3.18646
1567.00000000	3.18915
1567.50000000	3.19142
1568.00000000	3.19398
1568.50000000	3.19752
1569.00000000	3.20115
1569.50000000	3.20578
1570.00000000	3.20956
1570.50000000	3.21343
1571.00000000	3.21707
1571.50000000	3.22120
1572.00000000	3.22403
1572.50000000	3.22884
1573.00000000	3.23230
1573.50000000	3.23485
1574.00000000	3.23688
1574.50000000	3.23723
1575.00000000	3.23747
1575.50000000	3.23800
1576.00000000	3.23935
1576.50000000	3.24182
1577.00000000	3.24496
1577.50000000	3.24933
1578.00000000	3.25290
1578.50000000	3.25750
1579.00000000	3.26202
1579.50000000	3.26515
1580.00000000	3.26788
1580.50000000	3.27075
1581.00000000	3.27427
1581.50000000	3.27867
1582.00000000	3.28353
1582.50000000	3.28804
1583.00000000	3.29207
1583.50000000	3.29380
1584.00000000	3.29474
1584.50000000	3.29657
1585.00000000	3.29848
1585.50000000	3.30071
1586.00000000	3.30238
1586.50000000	3.30431
1587.00000000	3.30662
1587.50000000	3.30969
1588.00000000	3.31332
1588.50000000	3.31698
1589.00000000	3.31979
1589.50000000	3.32141
1590.00000000	3.32188
1590.50000000	3.32118
1591.00000000	3.32089
1591.50000000	3.32197
1592.00000000	3.32282
1592.50000000	3.32341
1593.00000000	3.32300
1593.50000000	3.32234
1594.00000000	3.32257
1594.50000000	3.32234
1595.00000000	3.32195
1595.50000000	3.32224
1596.00000000	3.32300
1596.50000000	3.32447
1597.00000000	3.32589
1597.50000000	3.32672
1598.00000000	3.32695
1598.50000000	3.32757
1599.00000000	3.32844
1599.50000000	3.32934
1600.00000000	3.32961
1600.50000000	3.32831
1601.00000000	3.32769
1601.50000000	3.32637
1602.00000000	3.32482
1602.50000000	3.32414
1603.00000000	3.32388
1603.50000000	3.32470
1604.00000000	3.32402
1604.50000000	3.32388
1605.00000000	3.32374
1605.50000000	3.32294
1606.00000000	3.32167
1606.50000000	3.32091
1607.00000000	3.31906
1607.50000000	3.31681
1608.00000000	3.31487
1608.50000000	3.31351
1609.00000000	3.31138
1609.50000000	3.30757
1610.00000000	3.30435
1610.50000000	3.30288
1611.00000000	3.30112
1611.50000000	3.30033
1612.00000000	3.29877
1612.50000000	3.29732
1613.00000000	3.29651
1613.50000000	3.29696
1614.00000000	3.29639
1614.50000000	3.29631
1615.00000000	3.29665
1615.50000000	3.29610
1616.00000000	3.29574
1616.50000000	3.29646
1617.00000000	3.29696
1617.50000000	3.29805
1618.00000000	3.29867
1618.50000000	3.29806
1619.00000000	3.29829
1619.50000000	3.29723
1620.00000000	3.29806
1620.50000000	3.29839
1621.00000000	3.29969
1621.50000000	3.30056
1622.00000000	3.30116
1622.50000000	3.30185
1623.00000000	3.30111
1623.50000000	3.30138
1624.00000000	3.30208
1624.50000000	3.30076
1625.00000000	3.29928
1625.50000000	3.29876
1626.00000000	3.29978
1626.50000000	3.30204
1627.00000000	3.30318
1627.50000000	3.30254
1628.00000000	3.30326
1628.50000000	3.30306
1629.00000000	3.30316
1629.50000000	3.30359
1630.00000000	3.30428
1630.50000000	3.30532
1631.00000000	3.30564
1631.50000000	3.30582
1632.00000000	3.30513
1632.50000000	3.30377
1633.00000000	3.30187
1633.50000000	3.29977
1634.00000000	3.29859
1634.50000000	3.29722
1635.00000000	3.29672
1635.50000000	3.29596
1636.00000000	3.29465
1636.50000000	3.29383
1637.00000000	3.29358
1637.50000000	3.29284
1638.00000000	3.29235
1638.50000000	3.29173
1639.00000000	3.29124
1639.50000000	3.29055
1640.00000000	3.28951
1640.50000000	3.28914
1641.00000000	3.28880
1641.50000000	3.28934
1642.00000000	3.29025
1642.50000000	3.29152
1643.00000000	3.29117
1643.50000000	3.29137
1644.00000000	3.29143
1644.50000000	3.29149
1645.00000000	3.29242
1645.50000000	3.29399
1646.00000000	3.29472
1646.50000000	3.29583
