0.00000000	7.84895
0.50000000	7.85035
1.00000000	7.85019
1.50000000	7.85102
2.00000000	7.85143
2.50000000	7.85304
3.00000000	7.85637
3.50000000	7.86044
4.00000000	7.86325
4.50000000	7.86559
5.00000000	7.86774
5.50000000	7.86900
6.00000000	7.87141
6.50000000	7.87230
7.00000000	7.87212
7.50000000	7.87128
8.00000000	7.87097
8.50000000	7.87204
9.00000000	7.87468
9.50000000	7.87679
10.00000000	7.87908
10.50000000	7.88125
11.00000000	7.88401
11.50000000	7.88653
12.00000000	7.88997
12.50000000	7.89298
13.00000000	7.89564
13.50000000	7.89852
14.00000000	7.90160
14.50000000	7.90478
15.00000000	7.90663
15.50000000	7.90706
16.00000000	7.90770
16.50000000	7.90838
17.00000000	7.91047
17.50000000	7.91309
18.00000000	7.91600
18.50000000	7.91890
19.00000000	7.92218
19.50000000	7.92317
20.00000000	7.92379
20.50000000	7.92290
21.00000000	7.92115
21.50000000	7.91920
22.00000000	7.91752
22.50000000	7.91611
23.00000000	7.91395
23.50000000	7.91296
24.00000000	7.91284
24.50000000	7.91286
25.00000000	7.91352
25.50000000	7.91405
26.00000000	7.91475
26.50000000	7.91627
27.00000000	7.91686
27.50000000	7.91748
28.00000000	7.91865
28.50000000	7.91902
29.00000000	7.92059
29.50000000	7.92336
30.00000000	7.92625
30.50000000	7.92883
31.00000000	7.93057
31.50000000	7.93219
32.00000000	7.93440
32.50000000	7.93749
33.00000000	7.93942
33.50000000	7.94078
34.00000000	7.94214
34.50000000	7.94188
35.00000000	7.94335
35.50000000	7.94400
36.00000000	7.94401
36.50000000	7.94378
37.00000000	7.94277
37.50000000	7.94069
38.00000000	7.93945
38.50000000	7.93830
39.00000000	7.93819
39.50000000	7.93894
40.00000000	7.94041
40.50000000	7.94158
41.00000000	7.94316
41.50000000	7.94411
42.00000000	7.94356
42.50000000	7.94269
43.00000000	7.94010
43.50000000	7.93731
44.00000000	7.93587
44.50000000	7.93553
45.00000000	7.93425
45.50000000	7.93407
46.00000000	7.93331
46.50000000	7.93329
47.00000000	7.93340
47.50000000	7.93319
48.00000000	7.93397
48.50000000	7.93576
49.00000000	7.93750
49.50000000	7.93974
50.00000000	7.93998
50.50000000	7.94054
51.00000000	7.94186
51.50000000	7.94407
52.00000000	7.94524
52.50000000	7.94603
53.00000000	7.94634
53.50000000	7.94603
54.00000000	7.94617
54.50000000	7.94731
55.00000000	7.94770
55.50000000	7.94712
56.00000000	7.94787
56.50000000	7.94977
57.00000000	7.95107
57.50000000	7.95254
58.00000000	7.95382
58.50000000	7.95463
59.00000000	7.95469
59.50000000	7.95518
60.00000000	7.95640
60.50000000	7.95819
61.00000000	7.96000
61.50000000	7.96234
62.00000000	7.96307
62.50000000	7.96306
63.00000000	7.96234
63.50000000	7.96188
64.00000000	7.96200
64.50000000	7.96245
65.00000000	7.96285
65.50000000	7.96306
66.00000000	7.96360
66.50000000	7.96426
67.00000000	7.96411
67.50000000	7.96458
68.00000000	7.96619
68.50000000	7.96663
69.00000000	7.96599
69.50000000	7.96554
70.00000000	7.96443
70.50000000	7.96460
71.00000000	7.96374
71.50000000	7.96392
72.00000000	7.96481
72.50000000	7.96571
73.00000000	7.96550
73.50000000	7.96628
74.00000000	7.96693
74.50000000	7.96698
75.00000000	7.96725
75.50000000	7.96829
76.00000000	7.96889
76.50000000	7.96900
77.00000000	7.96729
77.50000000	7.96611
78.00000000	7.96532
78.50000000	7.96471
79.00000000	7.96343
79.50000000	7.96247
80.00000000	7.96143
80.50000000	7.96110
81.00000000	7.96086
81.50000000	7.96050
82.00000000	7.95955
82.50000000	7.95865
83.00000000	7.95756
83.50000000	7.95622
84.00000000	7.95689
84.50000000	7.95766
85.00000000	7.95695
85.50000000	7.95503
86.00000000	7.95336
86.50000000	7.95057
87.00000000	7.94853
87.50000000	7.94738
88.00000000	7.94658
88.50000000	7.94648
89.00000000	7.94734
89.50000000	7.94843
90.00000000	7.94895
90.50000000	7.94789
91.00000000	7.94674
91.50000000	7.94546
92.00000000	7.94411
92.50000000	7.94333
93.00000000	7.94261
93.50000000	7.94249
94.00000000	7.94202
94.50000000	7.94140
95.00000000	7.94058
95.50000000	7.93873
96.00000000	7.93608
96.50000000	7.93453
97.00000000	7.93286
97.50000000	7.93132
98.00000000	7.93004
98.50000000	7.92944
99.00000000	7.92900
99.50000000	7.92773
100.00000000	7.92731
100.50000000	7.92628
101.00000000	7.92463
101.50000000	7.92232
102.00000000	7.92051
102.50000000	7.91981
103.00000000	7.91923
103.50000000	7.91989
104.00000000	7.91904
104.50000000	7.91917
105.00000000	7.91826
105.50000000	7.91715
106.00000000	7.91774
106.50000000	7.91808
107.00000000	7.91974
107.50000000	7.92137
108.00000000	7.92231
108.50000000	7.92307
109.00000000	7.92332
109.50000000	7.92371
110.00000000	7.92314
110.50000000	7.92289
111.00000000	7.92086
111.50000000	7.91994
112.00000000	7.91983
112.50000000	7.92058
113.00000000	7.92156
113.50000000	7.92322
114.00000000	7.92426
114.50000000	7.92406
115.00000000	7.92323
115.50000000	7.92317
116.00000000	7.92247
116.50000000	7.92331
117.00000000	7.92279
117.50000000	7.92117
118.00000000	7.91882
118.50000000	7.91779
119.00000000	7.91703
119.50000000	7.91578
120.00000000	7.91437
120.50000000	7.91177
121.00000000	7.90953
121.50000000	7.90743
122.00000000	7.90389
122.50000000	7.89977
123.00000000	7.89400
123.50000000	7.88826
124.00000000	7.88309
124.50000000	7.87704
125.00000000	7.87091
125.50000000	7.86498
126.00000000	7.85982
126.50000000	7.85489
127.00000000	7.84977
127.50000000	7.84609
128.00000000	7.84134
128.50000000	7.83653
129.00000000	7.83182
129.50000000	7.82756
130.00000000	7.82348
130.50000000	7.81886
131.00000000	7.81428
131.50000000	7.81037
132.00000000	7.80684
132.50000000	7.80365
133.00000000	7.80120
133.50000000	7.79807
134.00000000	7.79600
134.50000000	7.79437
135.00000000	7.79348
135.50000000	7.79269
136.00000000	7.79211
136.50000000	7.79206
137.00000000	7.79257
137.50000000	7.79395
138.00000000	7.79576
138.50000000	7.79757
139.00000000	7.79807
139.50000000	7.79752
140.00000000	7.79767
140.50000000	7.79732
141.00000000	7.79596
141.50000000	7.79502
142.00000000	7.79294
142.50000000	7.79182
143.00000000	7.79207
143.50000000	7.79239
144.00000000	7.79132
144.50000000	7.79049
145.00000000	7.79016
145.50000000	7.79042
146.00000000	7.79187
146.50000000	7.79218
147.00000000	7.79169
147.50000000	7.79076
148.00000000	7.78896
148.50000000	7.78622
149.00000000	7.78260
149.50000000	7.78090
150.00000000	7.77902
150.50000000	7.77727
151.00000000	7.77520
151.50000000	7.77250
152.00000000	7.76943
152.50000000	7.76754
153.00000000	7.76611
153.50000000	7.76407
154.00000000	7.76278
154.50000000	7.76261
155.00000000	7.76250
155.50000000	7.76203
156.00000000	7.76068
156.50000000	7.75846
157.00000000	7.75549
157.50000000	7.75362
158.00000000	7.75224
158.50000000	7.74973
159.00000000	7.74689
159.50000000	7.74463
160.00000000	7.74284
160.50000000	7.74228
161.00000000	7.74150
161.50000000	7.74134
162.00000000	7.73993
162.50000000	7.74063
163.00000000	7.74292
163.50000000	7.74599
164.00000000	7.74869
164.50000000	7.75234
165.00000000	7.75588
165.50000000	7.75878
166.00000000	7.76070
166.50000000	7.76315
167.00000000	7.76505
167.50000000	7.76712
168.00000000	7.76933
168.50000000	7.77233
169.00000000	7.77466
169.50000000	7.77771
170.00000000	7.78229
170.50000000	7.78652
171.00000000	7.79063
171.50000000	7.79489
172.00000000	7.79785
172.50000000	7.79910
173.00000000	7.79949
173.50000000	7.80005
174.00000000	7.80055
174.50000000	7.80087
175.00000000	7.80026
175.50000000	7.80041
176.00000000	7.80032
176.50000000	7.79958
177.00000000	7.79852
177.50000000	7.79657
178.00000000	7.79710
178.50000000	7.79616
179.00000000	7.79510
179.50000000	7.79308
180.00000000	7.79061
180.50000000	7.78770
181.00000000	7.78469
181.50000000	7.78051
182.00000000	7.77716
182.50000000	7.77408
183.00000000	7.77109
183.50000000	7.76745
184.00000000	7.76322
184.50000000	7.75954
185.00000000	7.75550
185.50000000	7.75079
186.00000000	7.74633
186.50000000	7.74283
187.00000000	7.73994
187.50000000	7.73735
188.00000000	7.73648
188.50000000	7.73560
189.00000000	7.73515
189.50000000	7.73298
190.00000000	7.73055
190.50000000	7.72851
191.00000000	7.72708
191.50000000	7.72843
192.00000000	7.73034
192.50000000	7.73107
193.00000000	7.73194
193.50000000	7.73288
194.00000000	7.73386
194.50000000	7.73465
195.00000000	7.73396
195.50000000	7.73463
196.00000000	7.73622
196.50000000	7.73610
197.00000000	7.73586
197.50000000	7.73547
198.00000000	7.73461
198.50000000	7.73323
199.00000000	7.73226
199.50000000	7.73176
200.00000000	7.73070
200.50000000	7.72951
201.00000000	7.72776
201.50000000	7.72663
202.00000000	7.72543
202.50000000	7.72488
203.00000000	7.72401
203.50000000	7.72523
204.00000000	7.72558
204.50000000	7.72451
205.00000000	7.72450
205.50000000	7.72322
206.00000000	7.72208
206.50000000	7.72064
207.00000000	7.71855
207.50000000	7.71601
208.00000000	7.71517
208.50000000	7.71433
209.00000000	7.71339
209.50000000	7.71174
210.00000000	7.70894
210.50000000	7.70537
211.00000000	7.70025
211.50000000	7.69491
212.00000000	7.68912
212.50000000	7.68311
213.00000000	7.67755
213.50000000	7.67311
214.00000000	7.66920
214.50000000	7.66612
215.00000000	7.66308
215.50000000	7.65995
216.00000000	7.65621
216.50000000	7.65404
217.00000000	7.65072
217.50000000	7.64816
218.00000000	7.64593
218.50000000	7.64324
219.00000000	7.64013
219.50000000	7.63780
220.00000000	7.63457
220.50000000	7.63212
221.00000000	7.63052
221.50000000	7.63082
222.00000000	7.63052
222.50000000	7.63066
223.00000000	7.62963
223.50000000	7.62886
224.00000000	7.62811
224.50000000	7.62818
225.00000000	7.62687
225.50000000	7.62509
226.00000000	7.62273
226.50000000	7.62019
227.00000000	7.61646
227.50000000	7.61297
228.00000000	7.60967
228.50000000	7.60587
229.00000000	7.60069
229.50000000	7.59379
230.00000000	7.58849
230.50000000	7.58290
231.00000000	7.57846
231.50000000	7.57413
232.00000000	7.56952
232.50000000	7.56591
233.00000000	7.56216
233.50000000	7.55798
234.00000000	7.55461
234.50000000	7.55072
235.00000000	7.54774
235.50000000	7.54452
236.00000000	7.54008
236.50000000	7.53542
237.00000000	7.53134
237.50000000	7.52757
238.00000000	7.52288
238.50000000	7.51923
239.00000000	7.51623
239.50000000	7.51472
240.00000000	7.51263
240.50000000	7.51055
241.00000000	7.50833
241.50000000	7.50643
242.00000000	7.50540
242.50000000	7.50327
243.00000000	7.50036
243.50000000	7.49769
244.00000000	7.49635
244.50000000	7.49488
245.00000000	7.49416
245.50000000	7.49228
246.00000000	7.49135
246.50000000	7.49072
247.00000000	7.48955
247.50000000	7.48922
248.00000000	7.48857
248.50000000	7.48844
249.00000000	7.48673
249.50000000	7.48530
250.00000000	7.48440
250.50000000	7.48388
251.00000000	7.48229
251.50000000	7.48019
252.00000000	7.47746
252.50000000	7.47367
253.00000000	7.47053
253.50000000	7.46989
254.00000000	7.46956
254.50000000	7.46861
255.00000000	7.46822
255.50000000	7.46746
256.00000000	7.46613
256.50000000	7.46567
257.00000000	7.46623
257.50000000	7.46606
258.00000000	7.46654
258.50000000	7.46705
259.00000000	7.46738
259.50000000	7.46725
260.00000000	7.46636
260.50000000	7.46585
261.00000000	7.46450
261.50000000	7.46301
262.00000000	7.46171
262.50000000	7.46074
263.00000000	7.45863
263.50000000	7.45789
264.00000000	7.45691
264.50000000	7.45600
265.00000000	7.45614
265.50000000	7.45651
266.00000000	7.45629
266.50000000	7.45577
267.00000000	7.45666
267.50000000	7.45710
268.00000000	7.45713
268.50000000	7.45688
269.00000000	7.45655
269.50000000	7.45663
270.00000000	7.45564
270.50000000	7.45419
271.00000000	7.45171
271.50000000	7.44974
272.00000000	7.44795
272.50000000	7.44565
273.00000000	7.44271
273.50000000	7.43995
274.00000000	7.43444
274.50000000	7.42922
275.00000000	7.42408
275.50000000	7.41857
276.00000000	7.41187
276.50000000	7.40609
277.00000000	7.40077
277.50000000	7.39646
278.00000000	7.39263
278.50000000	7.38685
279.00000000	7.38142
279.50000000	7.37732
280.00000000	7.37199
280.50000000	7.36686
281.00000000	7.36221
281.50000000	7.35878
282.00000000	7.35524
282.50000000	7.35105
283.00000000	7.34722
283.50000000	7.34405
284.00000000	7.34158
284.50000000	7.33915
285.00000000	7.33696
285.50000000	7.33557
286.00000000	7.33253
286.50000000	7.32646
287.00000000	7.32074
287.50000000	7.31619
288.00000000	7.31236
288.50000000	7.30959
289.00000000	7.30691
289.50000000	7.30389
290.00000000	7.30043
290.50000000	7.29685
291.00000000	7.29345
291.50000000	7.28930
292.00000000	7.28583
292.50000000	7.28345
293.00000000	7.28143
293.50000000	7.27882
294.00000000	7.27552
294.50000000	7.27287
295.00000000	7.27012
295.50000000	7.26774
296.00000000	7.26341
296.50000000	7.25732
297.00000000	7.25286
297.50000000	7.24818
298.00000000	7.24566
298.50000000	7.24299
299.00000000	7.23817
299.50000000	7.23443
300.00000000	7.22961
300.50000000	7.22595
301.00000000	7.22202
301.50000000	7.21754
302.00000000	7.21298
302.50000000	7.20764
303.00000000	7.20272
303.50000000	7.19792
304.00000000	7.19356
304.50000000	7.18880
305.00000000	7.18470
305.50000000	7.18029
306.00000000	7.17594
306.50000000	7.17058
307.00000000	7.16609
307.50000000	7.16280
308.00000000	7.15951
308.50000000	7.15653
309.00000000	7.15417
309.50000000	7.15104
310.00000000	7.14769
310.50000000	7.14572
311.00000000	7.14311
311.50000000	7.14159
312.00000000	7.13944
312.50000000	7.13676
313.00000000	7.13261
313.50000000	7.12872
314.00000000	7.12418
314.50000000	7.11912
315.00000000	7.11284
315.50000000	7.10566
316.00000000	7.09965
316.50000000	7.09210
317.00000000	7.08569
317.50000000	7.07902
318.00000000	7.07283
318.50000000	7.06675
319.00000000	7.06107
319.50000000	7.05757
320.00000000	7.05505
320.50000000	7.05258
321.00000000	7.05047
321.50000000	7.04838
322.00000000	7.04602
322.50000000	7.04495
323.00000000	7.04304
323.50000000	7.04249
324.00000000	7.04054
324.50000000	7.03838
325.00000000	7.03794
325.50000000	7.03679
326.00000000	7.03489
326.50000000	7.03330
327.00000000	7.03406
327.50000000	7.03347
328.00000000	7.03171
328.50000000	7.02958
329.00000000	7.02767
329.50000000	7.02650
330.00000000	7.02572
330.50000000	7.02384
331.00000000	7.02277
331.50000000	7.02168
332.00000000	7.01836
332.50000000	7.01519
333.00000000	7.01185
333.50000000	7.00875
334.00000000	7.00430
334.50000000	6.99861
335.00000000	6.99352
335.50000000	6.98869
336.00000000	6.98495
336.50000000	6.98301
337.00000000	6.98004
337.50000000	6.97790
338.00000000	6.97418
338.50000000	6.96925
339.00000000	6.96426
339.50000000	6.95883
340.00000000	6.95394
340.50000000	6.94895
341.00000000	6.94329
341.50000000	6.93753
342.00000000	6.93045
342.50000000	6.92395
343.00000000	6.91795
343.50000000	6.91174
344.00000000	6.90554
344.50000000	6.89933
345.00000000	6.89390
345.50000000	6.88770
346.00000000	6.88062
346.50000000	6.87566
347.00000000	6.86958
347.50000000	6.86485
348.00000000	6.85910
348.50000000	6.85350
349.00000000	6.84783
349.50000000	6.84296
350.00000000	6.83855
350.50000000	6.83425
351.00000000	6.83014
351.50000000	6.82541
352.00000000	6.82035
352.50000000	6.81616
353.00000000	6.81201
353.50000000	6.80874
354.00000000	6.80572
354.50000000	6.80248
355.00000000	6.79902
355.50000000	6.79606
356.00000000	6.79376
356.50000000	6.79213
357.00000000	6.79178
357.50000000	6.79134
358.00000000	6.79033
358.50000000	6.79039
359.00000000	6.78994
359.50000000	6.78924
360.00000000	6.78827
360.50000000	6.78834
361.00000000	6.78803
361.50000000	6.78636
362.00000000	6.78493
362.50000000	6.78447
363.00000000	6.78393
363.50000000	6.78322
364.00000000	6.78313
364.50000000	6.78211
365.00000000	6.78155
365.50000000	6.78161
366.00000000	6.78329
366.50000000	6.78368
367.00000000	6.78433
367.50000000	6.78517
368.00000000	6.78653
368.50000000	6.78746
369.00000000	6.78762
369.50000000	6.78859
370.00000000	6.78943
370.50000000	6.79006
371.00000000	6.79126
371.50000000	6.79252
372.00000000	6.79320
372.50000000	6.79324
373.00000000	6.79407
373.50000000	6.79512
374.00000000	6.79650
374.50000000	6.79703
375.00000000	6.79713
375.50000000	6.79871
376.00000000	6.80087
376.50000000	6.80093
377.00000000	6.80077
377.50000000	6.79940
378.00000000	6.79808
378.50000000	6.79832
379.00000000	6.80017
379.50000000	6.80189
380.00000000	6.80406
380.50000000	6.80628
381.00000000	6.80845
381.50000000	6.81074
382.00000000	6.81205
382.50000000	6.81302
383.00000000	6.81414
383.50000000	6.81543
384.00000000	6.81534
384.50000000	6.81286
385.00000000	6.81060
385.50000000	6.80767
386.00000000	6.80601
386.50000000	6.80442
387.00000000	6.80182
387.50000000	6.79958
388.00000000	6.79679
388.50000000	6.79370
389.00000000	6.79045
389.50000000	6.78777
390.00000000	6.78711
390.50000000	6.78569
391.00000000	6.78454
391.50000000	6.78328
392.00000000	6.78254
392.50000000	6.78051
393.00000000	6.77849
393.50000000	6.77680
394.00000000	6.77588
394.50000000	6.77509
395.00000000	6.77342
395.50000000	6.77109
396.00000000	6.76845
396.50000000	6.76622
397.00000000	6.76295
397.50000000	6.76026
398.00000000	6.75803
398.50000000	6.75656
399.00000000	6.75547
399.50000000	6.75428
400.00000000	6.75406
400.50000000	6.75334
401.00000000	6.75272
401.50000000	6.75072
402.00000000	6.74835
402.50000000	6.74533
403.00000000	6.74274
403.50000000	6.74019
404.00000000	6.73747
404.50000000	6.73446
405.00000000	6.73107
405.50000000	6.72928
406.00000000	6.72790
406.50000000	6.72706
407.00000000	6.72662
407.50000000	6.72602
408.00000000	6.72580
408.50000000	6.72494
409.00000000	6.72433
409.50000000	6.72457
410.00000000	6.72533
410.50000000	6.72492
411.00000000	6.72517
411.50000000	6.72564
412.00000000	6.72608
412.50000000	6.72496
413.00000000	6.72283
413.50000000	6.72023
414.00000000	6.71774
414.50000000	6.71633
415.00000000	6.71628
415.50000000	6.71758
416.00000000	6.71698
416.50000000	6.71639
417.00000000	6.71491
417.50000000	6.71304
418.00000000	6.71141
418.50000000	6.71084
419.00000000	6.70991
419.50000000	6.70912
420.00000000	6.70849
420.50000000	6.70790
421.00000000	6.70835
421.50000000	6.70957
422.00000000	6.71125
422.50000000	6.71283
423.00000000	6.71211
423.50000000	6.71055
424.00000000	6.70927
424.50000000	6.70745
425.00000000	6.70605
425.50000000	6.70349
426.00000000	6.70029
426.50000000	6.69654
427.00000000	6.69290
427.50000000	6.69179
428.00000000	6.69133
428.50000000	6.69010
429.00000000	6.68982
429.50000000	6.68955
430.00000000	6.68963
430.50000000	6.68948
431.00000000	6.68930
431.50000000	6.68877
432.00000000	6.68871
432.50000000	6.68818
433.00000000	6.68827
433.50000000	6.68937
434.00000000	6.68864
434.50000000	6.68838
435.00000000	6.68768
435.50000000	6.68663
436.00000000	6.68611
436.50000000	6.68656
437.00000000	6.68689
437.50000000	6.68808
438.00000000	6.68932
438.50000000	6.69100
439.00000000	6.69325
439.50000000	6.69424
440.00000000	6.69511
440.50000000	6.69734
441.00000000	6.69974
441.50000000	6.70206
442.00000000	6.70353
442.50000000	6.70392
443.00000000	6.70254
443.50000000	6.70079
444.00000000	6.69845
444.50000000	6.69602
445.00000000	6.69441
445.50000000	6.69402
446.00000000	6.69230
446.50000000	6.69156
447.00000000	6.69241
447.50000000	6.69301
448.00000000	6.69412
448.50000000	6.69427
449.00000000	6.69416
449.50000000	6.69518
450.00000000	6.69610
450.50000000	6.69589
451.00000000	6.69416
451.50000000	6.69218
452.00000000	6.68950
452.50000000	6.68575
453.00000000	6.68265
453.50000000	6.68049
454.00000000	6.67945
454.50000000	6.67850
455.00000000	6.67703
455.50000000	6.67572
456.00000000	6.67453
456.50000000	6.67167
457.00000000	6.66860
457.50000000	6.66673
458.00000000	6.66555
458.50000000	6.66505
459.00000000	6.66687
459.50000000	6.66894
460.00000000	6.67115
460.50000000	6.67268
461.00000000	6.67328
461.50000000	6.67328
462.00000000	6.67343
462.50000000	6.67306
463.00000000	6.67417
463.50000000	6.67513
464.00000000	6.67663
464.50000000	6.67817
465.00000000	6.67900
465.50000000	6.67991
466.00000000	6.68102
466.50000000	6.68183
467.00000000	6.68254
467.50000000	6.68337
468.00000000	6.68500
468.50000000	6.68736
469.00000000	6.68923
469.50000000	6.69092
470.00000000	6.69178
470.50000000	6.69296
471.00000000	6.69292
471.50000000	6.69399
472.00000000	6.69345
472.50000000	6.69442
473.00000000	6.69487
473.50000000	6.69480
474.00000000	6.69509
474.50000000	6.69410
475.00000000	6.69252
475.50000000	6.69131
476.00000000	6.68969
476.50000000	6.69046
477.00000000	6.69138
477.50000000	6.69432
478.00000000	6.69656
478.50000000	6.69940
479.00000000	6.70152
479.50000000	6.70334
480.00000000	6.70383
480.50000000	6.70532
481.00000000	6.70765
481.50000000	6.70951
482.00000000	6.71202
482.50000000	6.71503
483.00000000	6.71745
483.50000000	6.71844
484.00000000	6.71951
484.50000000	6.72109
485.00000000	6.72285
485.50000000	6.72464
486.00000000	6.72691
486.50000000	6.72821
487.00000000	6.72897
487.50000000	6.73032
488.00000000	6.73171
488.50000000	6.73263
489.00000000	6.73326
489.50000000	6.73360
490.00000000	6.73223
490.50000000	6.72955
491.00000000	6.72688
491.50000000	6.72529
492.00000000	6.72443
492.50000000	6.72372
493.00000000	6.72210
493.50000000	6.72073
494.00000000	6.72011
494.50000000	6.71916
495.00000000	6.71892
495.50000000	6.71845
496.00000000	6.71832
496.50000000	6.71880
497.00000000	6.71966
497.50000000	6.72015
498.00000000	6.72035
498.50000000	6.72082
499.00000000	6.72189
499.50000000	6.72372
500.00000000	6.72507
500.50000000	6.72451
501.00000000	6.72446
501.50000000	6.72294
502.00000000	6.72097
502.50000000	6.71936
503.00000000	6.71809
503.50000000	6.71845
504.00000000	6.71767
504.50000000	6.71760
505.00000000	6.71694
505.50000000	6.71594
506.00000000	6.71449
506.50000000	6.71423
507.00000000	6.71356
507.50000000	6.71201
508.00000000	6.71053
508.50000000	6.70948
509.00000000	6.70821
509.50000000	6.70503
510.00000000	6.70193
510.50000000	6.70004
511.00000000	6.69868
511.50000000	6.69713
512.00000000	6.69403
512.50000000	6.69209
513.00000000	6.69029
513.50000000	6.68853
514.00000000	6.68487
514.50000000	6.68238
515.00000000	6.68046
515.50000000	6.67779
516.00000000	6.67585
516.50000000	6.67515
517.00000000	6.67423
517.50000000	6.67393
518.00000000	6.67397
518.50000000	6.67341
519.00000000	6.67388
519.50000000	6.67193
520.00000000	6.67125
520.50000000	6.66995
521.00000000	6.66898
521.50000000	6.66889
522.00000000	6.66883
522.50000000	6.66965
523.00000000	6.66943
523.50000000	6.67118
524.00000000	6.67290
524.50000000	6.67272
525.00000000	6.67215
525.50000000	6.67262
526.00000000	6.67374
526.50000000	6.67626
527.00000000	6.67732
527.50000000	6.67712
528.00000000	6.67890
528.50000000	6.67998
529.00000000	6.68200
529.50000000	6.68383
530.00000000	6.68627
530.50000000	6.68913
531.00000000	6.69137
531.50000000	6.69372
532.00000000	6.69542
532.50000000	6.69693
533.00000000	6.69783
533.50000000	6.69871
534.00000000	6.70051
534.50000000	6.70125
535.00000000	6.70236
535.50000000	6.70267
536.00000000	6.70259
536.50000000	6.70300
537.00000000	6.70452
537.50000000	6.70602
538.00000000	6.70804
538.50000000	6.71049
539.00000000	6.71237
539.50000000	6.71489
540.00000000	6.71619
540.50000000	6.71910
541.00000000	6.72241
541.50000000	6.72559
542.00000000	6.72847
542.50000000	6.73104
543.00000000	6.73278
543.50000000	6.73605
544.00000000	6.73874
544.50000000	6.74020
545.00000000	6.74204
545.50000000	6.74409
546.00000000	6.74463
546.50000000	6.74532
547.00000000	6.74681
547.50000000	6.74772
548.00000000	6.74916
548.50000000	6.74986
549.00000000	6.75013
549.50000000	6.74959
550.00000000	6.74967
550.50000000	6.75025
551.00000000	6.75189
551.50000000	6.75409
552.00000000	6.75449
552.50000000	6.75471
553.00000000	6.75463
553.50000000	6.75624
554.00000000	6.75888
554.50000000	6.76062
555.00000000	6.76181
555.50000000	6.76195
556.00000000	6.76123
556.50000000	6.76119
557.00000000	6.75947
557.50000000	6.75809
558.00000000	6.75555
558.50000000	6.75275
559.00000000	6.75090
559.50000000	6.74947
560.00000000	6.74894
560.50000000	6.74758
561.00000000	6.74494
561.50000000	6.74163
562.00000000	6.73943
562.50000000	6.73616
563.00000000	6.73171
563.50000000	6.72909
564.00000000	6.72623
564.50000000	6.72315
565.00000000	6.72037
565.50000000	6.71992
566.00000000	6.71982
566.50000000	6.72023
567.00000000	6.72043
567.50000000	6.72209
568.00000000	6.72227
568.50000000	6.72169
569.00000000	6.72153
569.50000000	6.72128
570.00000000	6.72121
570.50000000	6.72126
571.00000000	6.72248
571.50000000	6.72339
572.00000000	6.72518
572.50000000	6.72726
573.00000000	6.72987
573.50000000	6.73204
574.00000000	6.73413
574.50000000	6.73815
575.00000000	6.74154
575.50000000	6.74370
576.00000000	6.74408
576.50000000	6.74496
577.00000000	6.74615
577.50000000	6.74769
578.00000000	6.74874
578.50000000	6.74962
579.00000000	6.75155
579.50000000	6.75394
580.00000000	6.75662
580.50000000	6.75982
581.00000000	6.76380
581.50000000	6.76755
582.00000000	6.77202
582.50000000	6.77656
583.00000000	6.77946
583.50000000	6.78250
584.00000000	6.78357
584.50000000	6.78493
585.00000000	6.78581
585.50000000	6.78641
586.00000000	6.78812
586.50000000	6.78943
587.00000000	6.79127
587.50000000	6.79372
588.00000000	6.79813
588.50000000	6.80244
589.00000000	6.80532
589.50000000	6.80750
590.00000000	6.81039
590.50000000	6.81253
591.00000000	6.81464
591.50000000	6.81720
592.00000000	6.81796
592.50000000	6.81747
593.00000000	6.81706
593.50000000	6.81561
594.00000000	6.81381
594.50000000	6.81182
595.00000000	6.81023
595.50000000	6.81044
596.00000000	6.81090
596.50000000	6.81027
597.00000000	6.81147
597.50000000	6.81274
598.00000000	6.81325
598.50000000	6.81428
599.00000000	6.81522
599.50000000	6.81554
600.00000000	6.81674
600.50000000	6.81878
601.00000000	6.82127
601.50000000	6.82150
602.00000000	6.82315
602.50000000	6.82566
603.00000000	6.82905
603.50000000	6.83186
604.00000000	6.83550
604.50000000	6.83883
605.00000000	6.84089
605.50000000	6.84266
606.00000000	6.84370
606.50000000	6.84556
607.00000000	6.84661
607.50000000	6.84729
608.00000000	6.84672
608.50000000	6.84668
609.00000000	6.84470
609.50000000	6.84362
610.00000000	6.84270
610.50000000	6.84122
611.00000000	6.83950
611.50000000	6.83780
612.00000000	6.83828
612.50000000	6.83960
613.00000000	6.84134
613.50000000	6.84109
614.00000000	6.84117
614.50000000	6.84136
615.00000000	6.84084
615.50000000	6.84071
616.00000000	6.84060
616.50000000	6.84145
617.00000000	6.84293
617.50000000	6.84403
618.00000000	6.84474
618.50000000	6.84484
619.00000000	6.84545
619.50000000	6.84701
620.00000000	6.84888
620.50000000	6.85151
621.00000000	6.85369
621.50000000	6.85681
622.00000000	6.85849
622.50000000	6.85981
623.00000000	6.86165
623.50000000	6.86349
624.00000000	6.86591
624.50000000	6.86843
625.00000000	6.87327
625.50000000	6.87868
626.00000000	6.88415
626.50000000	6.88874
627.00000000	6.89365
627.50000000	6.89673
628.00000000	6.89828
628.50000000	6.90015
629.00000000	6.90129
629.50000000	6.90405
630.00000000	6.90676
630.50000000	6.90976
631.00000000	6.91213
631.50000000	6.91461
632.00000000	6.91718
632.50000000	6.91822
633.00000000	6.91921
633.50000000	6.91934
634.00000000	6.91814
634.50000000	6.91868
635.00000000	6.91984
635.50000000	6.92264
636.00000000	6.92570
636.50000000	6.92878
637.00000000	6.93255
637.50000000	6.93637
638.00000000	6.93901
638.50000000	6.94178
639.00000000	6.94618
639.50000000	6.95027
640.00000000	6.95420
640.50000000	6.95816
641.00000000	6.96147
641.50000000	6.96490
642.00000000	6.97012
642.50000000	6.97499
643.00000000	6.98074
643.50000000	6.98578
644.00000000	6.98981
644.50000000	6.99217
645.00000000	6.99292
645.50000000	6.99467
646.00000000	6.99760
646.50000000	7.00109
647.00000000	7.00252
647.50000000	7.00256
648.00000000	7.00306
648.50000000	7.00486
649.00000000	7.00741
649.50000000	7.00870
650.00000000	7.00807
650.50000000	7.00764
651.00000000	7.00774
651.50000000	7.00721
652.00000000	7.00735
652.50000000	7.00872
653.00000000	7.00903
653.50000000	7.00976
654.00000000	7.00871
654.50000000	7.00890
655.00000000	7.00882
655.50000000	7.00796
656.00000000	7.00745
656.50000000	7.00804
657.00000000	7.00694
657.50000000	7.00747
658.00000000	7.00821
658.50000000	7.00765
659.00000000	7.00713
659.50000000	7.00628
660.00000000	7.00605
660.50000000	7.00528
661.00000000	7.00426
661.50000000	7.00170
662.00000000	6.99915
662.50000000	6.99693
663.00000000	6.99618
663.50000000	6.99641
664.00000000	6.99741
664.50000000	6.99722
665.00000000	6.99650
665.50000000	6.99648
666.00000000	6.99789
666.50000000	6.99911
667.00000000	6.99948
667.50000000	7.00041
668.00000000	7.00200
668.50000000	7.00306
669.00000000	7.00518
669.50000000	7.00637
670.00000000	7.00701
670.50000000	7.00843
671.00000000	7.00894
671.50000000	7.00855
672.00000000	7.00748
672.50000000	7.00617
673.00000000	7.00576
673.50000000	7.00596
674.00000000	7.00490
674.50000000	7.00447
675.00000000	7.00384
675.50000000	7.00323
676.00000000	7.00295
676.50000000	7.00292
677.00000000	7.00260
677.50000000	7.00337
678.00000000	7.00522
678.50000000	7.00806
679.00000000	7.01034
679.50000000	7.01389
680.00000000	7.01613
680.50000000	7.01869
681.00000000	7.01964
681.50000000	7.01996
682.00000000	7.02100
682.50000000	7.02031
683.00000000	7.01925
683.50000000	7.01871
684.00000000	7.01909
684.50000000	7.02119
685.00000000	7.02210
685.50000000	7.02243
686.00000000	7.02268
686.50000000	7.02278
687.00000000	7.02315
687.50000000	7.02408
688.00000000	7.02460
688.50000000	7.02484
689.00000000	7.02535
689.50000000	7.02564
690.00000000	7.02677
690.50000000	7.02810
691.00000000	7.02879
691.50000000	7.03061
692.00000000	7.03149
692.50000000	7.03329
693.00000000	7.03443
693.50000000	7.03502
694.00000000	7.03525
694.50000000	7.03578
695.00000000	7.03557
695.50000000	7.03594
696.00000000	7.03610
696.50000000	7.03733
697.00000000	7.03990
697.50000000	7.04256
698.00000000	7.04336
698.50000000	7.04226
699.00000000	7.03971
699.50000000	7.03668
700.00000000	7.03306
700.50000000	7.03016
701.00000000	7.02783
701.50000000	7.02489
702.00000000	7.02351
702.50000000	7.02131
703.00000000	7.01988
703.50000000	7.01772
704.00000000	7.01630
704.50000000	7.01656
705.00000000	7.01580
705.50000000	7.01589
706.00000000	7.01629
706.50000000	7.01547
707.00000000	7.01580
707.50000000	7.01623
708.00000000	7.01653
708.50000000	7.01707
709.00000000	7.01738
709.50000000	7.01829
710.00000000	7.01883
710.50000000	7.01828
711.00000000	7.01706
711.50000000	7.01606
712.00000000	7.01555
712.50000000	7.01516
713.00000000	7.01545
713.50000000	7.01595
714.00000000	7.01729
714.50000000	7.01832
715.00000000	7.01890
715.50000000	7.02080
716.00000000	7.02381
716.50000000	7.02708
717.00000000	7.03099
717.50000000	7.03498
718.00000000	7.03866
718.50000000	7.04213
719.00000000	7.04590
719.50000000	7.04970
720.00000000	7.05278
720.50000000	7.05546
721.00000000	7.05785
721.50000000	7.05969
722.00000000	7.06161
722.50000000	7.06222
723.00000000	7.06324
723.50000000	7.06383
724.00000000	7.06508
724.50000000	7.06625
725.00000000	7.06782
725.50000000	7.06857
726.00000000	7.06940
726.50000000	7.06824
727.00000000	7.06759
727.50000000	7.06710
728.00000000	7.06763
728.50000000	7.06945
729.00000000	7.07045
729.50000000	7.07152
730.00000000	7.07224
730.50000000	7.07383
731.00000000	7.07490
731.50000000	7.07500
732.00000000	7.07559
732.50000000	7.07712
733.00000000	7.07870
733.50000000	7.07920
734.00000000	7.07945
734.50000000	7.07999
735.00000000	7.08144
735.50000000	7.08410
736.00000000	7.08690
736.50000000	7.09002
737.00000000	7.09269
737.50000000	7.09522
738.00000000	7.09681
738.50000000	7.10008
739.00000000	7.10269
739.50000000	7.10570
740.00000000	7.10837
740.50000000	7.10873
741.00000000	7.10851
741.50000000	7.10868
742.00000000	7.10996
742.50000000	7.11107
743.00000000	7.11231
743.50000000	7.11431
744.00000000	7.11576
744.50000000	7.11585
745.00000000	7.11490
745.50000000	7.11268
746.00000000	7.11061
746.50000000	7.10845
747.00000000	7.10598
747.50000000	7.10194
748.00000000	7.09988
748.50000000	7.09786
749.00000000	7.09526
749.50000000	7.09382
750.00000000	7.09251
750.50000000	7.09238
751.00000000	7.09218
751.50000000	7.09270
752.00000000	7.09359
752.50000000	7.09425
753.00000000	7.09375
753.50000000	7.09395
754.00000000	7.09338
754.50000000	7.09306
755.00000000	7.09241
755.50000000	7.09163
756.00000000	7.09016
756.50000000	7.08754
757.00000000	7.08593
757.50000000	7.08673
758.00000000	7.08721
758.50000000	7.08703
759.00000000	7.08703
759.50000000	7.08557
760.00000000	7.08356
760.50000000	7.08264
761.00000000	7.08194
761.50000000	7.08045
762.00000000	7.07912
762.50000000	7.07639
763.00000000	7.07438
763.50000000	7.07395
764.00000000	7.07234
764.50000000	7.07226
765.00000000	7.07213
765.50000000	7.07198
766.00000000	7.07181
766.50000000	7.07268
767.00000000	7.07295
767.50000000	7.07106
768.00000000	7.06990
768.50000000	7.06768
769.00000000	7.06608
769.50000000	7.06428
770.00000000	7.06294
770.50000000	7.06144
771.00000000	7.06077
771.50000000	7.06031
772.00000000	7.06046
772.50000000	7.06076
773.00000000	7.06111
773.50000000	7.06032
774.00000000	7.06016
774.50000000	7.06036
775.00000000	7.06080
775.50000000	7.06017
776.00000000	7.05939
776.50000000	7.05930
777.00000000	7.06000
777.50000000	7.05915
778.00000000	7.05849
778.50000000	7.05784
779.00000000	7.05832
779.50000000	7.05701
780.00000000	7.05464
780.50000000	7.05316
781.00000000	7.05088
781.50000000	7.04899
782.00000000	7.04616
782.50000000	7.04298
783.00000000	7.04077
783.50000000	7.03824
784.00000000	7.03449
784.50000000	7.03057
785.00000000	7.02685
785.50000000	7.02484
786.00000000	7.02330
786.50000000	7.02225
787.00000000	7.02217
787.50000000	7.02087
788.00000000	7.02139
788.50000000	7.02085
789.00000000	7.02085
789.50000000	7.02023
790.00000000	7.01956
790.50000000	7.01769
791.00000000	7.01647
791.50000000	7.01505
792.00000000	7.01349
792.50000000	7.01092
793.00000000	7.00816
793.50000000	7.00487
794.00000000	7.00330
794.50000000	7.00162
795.00000000	7.00051
795.50000000	6.99963
796.00000000	6.99713
796.50000000	6.99419
797.00000000	6.99316
797.50000000	6.99272
798.00000000	6.99186
798.50000000	6.99268
799.00000000	6.99213
799.50000000	6.99066
800.00000000	6.98877
800.50000000	6.98771
801.00000000	6.98748
801.50000000	6.98594
802.00000000	6.98489
802.50000000	6.98365
803.00000000	6.98255
803.50000000	6.98237
804.00000000	6.98049
804.50000000	6.97951
805.00000000	6.97807
805.50000000	6.97690
806.00000000	6.97657
806.50000000	6.97638
807.00000000	6.97588
807.50000000	6.97461
808.00000000	6.97352
808.50000000	6.97327
809.00000000	6.97412
809.50000000	6.97580
810.00000000	6.97695
810.50000000	6.97695
811.00000000	6.97721
811.50000000	6.97653
812.00000000	6.97484
812.50000000	6.97412
813.00000000	6.97371
813.50000000	6.97307
814.00000000	6.97363
814.50000000	6.97231
815.00000000	6.97154
815.50000000	6.97077
816.00000000	6.97118
816.50000000	6.97053
817.00000000	6.96969
817.50000000	6.96869
818.00000000	6.96698
818.50000000	6.96586
819.00000000	6.96570
819.50000000	6.96510
820.00000000	6.96241
820.50000000	6.96033
821.00000000	6.95777
821.50000000	6.95518
822.00000000	6.95291
822.50000000	6.95188
823.00000000	6.95175
823.50000000	6.95294
824.00000000	6.95415
824.50000000	6.95553
825.00000000	6.95793
825.50000000	6.96202
826.00000000	6.96506
826.50000000	6.96820
827.00000000	6.97082
827.50000000	6.97433
828.00000000	6.97852
828.50000000	6.98238
829.00000000	6.98520
829.50000000	6.98852
830.00000000	6.99131
830.50000000	6.99383
831.00000000	6.99589
831.50000000	6.99810
832.00000000	7.00145
832.50000000	7.00548
833.00000000	7.00873
833.50000000	7.01112
834.00000000	7.01324
834.50000000	7.01570
835.00000000	7.01855
835.50000000	7.02073
836.00000000	7.02190
836.50000000	7.02327
837.00000000	7.02424
837.50000000	7.02631
838.00000000	7.02839
838.50000000	7.03026
839.00000000	7.03131
839.50000000	7.03363
840.00000000	7.03574
840.50000000	7.03932
841.00000000	7.04195
841.50000000	7.04341
842.00000000	7.04450
842.50000000	7.04606
843.00000000	7.04676
843.50000000	7.04594
844.00000000	7.04555
844.50000000	7.04690
845.00000000	7.04766
845.50000000	7.04887
846.00000000	7.05016
846.50000000	7.05157
847.00000000	7.05208
847.50000000	7.05202
848.00000000	7.05088
848.50000000	7.04946
849.00000000	7.04865
849.50000000	7.04828
850.00000000	7.04653
850.50000000	7.04563
851.00000000	7.04474
851.50000000	7.04481
852.00000000	7.04469
852.50000000	7.04416
853.00000000	7.04519
853.50000000	7.04585
854.00000000	7.04575
854.50000000	7.04584
855.00000000	7.04634
855.50000000	7.04674
856.00000000	7.04847
856.50000000	7.04947
857.00000000	7.05090
857.50000000	7.05278
858.00000000	7.05449
858.50000000	7.05789
859.00000000	7.06231
859.50000000	7.06667
860.00000000	7.07160
860.50000000	7.07621
861.00000000	7.08149
861.50000000	7.08521
862.00000000	7.08916
862.50000000	7.09344
863.00000000	7.09777
863.50000000	7.10044
864.00000000	7.10344
864.50000000	7.10765
865.00000000	7.11112
865.50000000	7.11581
866.00000000	7.11977
866.50000000	7.12304
867.00000000	7.12677
867.50000000	7.13205
868.00000000	7.13558
868.50000000	7.14006
869.00000000	7.14469
869.50000000	7.14922
870.00000000	7.15271
870.50000000	7.15497
871.00000000	7.15823
871.50000000	7.16026
872.00000000	7.16381
872.50000000	7.16817
873.00000000	7.17154
873.50000000	7.17315
874.00000000	7.17572
874.50000000	7.17753
875.00000000	7.17946
875.50000000	7.18129
876.00000000	7.18365
876.50000000	7.18699
877.00000000	7.19065
877.50000000	7.19370
878.00000000	7.19614
878.50000000	7.19790
879.00000000	7.19859
879.50000000	7.19861
880.00000000	7.19832
880.50000000	7.19994
881.00000000	7.19920
881.50000000	7.19971
882.00000000	7.20119
882.50000000	7.20400
883.00000000	7.20648
883.50000000	7.20730
884.00000000	7.20693
884.50000000	7.20685
885.00000000	7.20721
885.50000000	7.20696
886.00000000	7.20781
886.50000000	7.20816
887.00000000	7.20965
887.50000000	7.20985
888.00000000	7.21070
888.50000000	7.21225
889.00000000	7.21366
889.50000000	7.21467
890.00000000	7.21718
890.50000000	7.21837
891.00000000	7.22026
891.50000000	7.22271
892.00000000	7.22494
892.50000000	7.22728
893.00000000	7.23010
893.50000000	7.23381
894.00000000	7.23751
894.50000000	7.24068
895.00000000	7.24304
895.50000000	7.24472
896.00000000	7.24565
896.50000000	7.24840
897.00000000	7.25059
897.50000000	7.25305
898.00000000	7.25579
898.50000000	7.25791
899.00000000	7.25974
899.50000000	7.26090
900.00000000	7.26037
900.50000000	7.25922
901.00000000	7.25881
901.50000000	7.25733
902.00000000	7.25745
902.50000000	7.25643
903.00000000	7.25449
903.50000000	7.25325
904.00000000	7.25256
904.50000000	7.25100
905.00000000	7.25062
905.50000000	7.24929
906.00000000	7.24949
906.50000000	7.25026
907.00000000	7.25177
907.50000000	7.25246
908.00000000	7.25367
908.50000000	7.25442
909.00000000	7.25485
909.50000000	7.25490
910.00000000	7.25387
910.50000000	7.25357
911.00000000	7.25348
911.50000000	7.25337
912.00000000	7.25324
912.50000000	7.25090
913.00000000	7.24763
913.50000000	7.24505
914.00000000	7.24394
914.50000000	7.24288
915.00000000	7.24156
915.50000000	7.24024
916.00000000	7.23896
916.50000000	7.23858
917.00000000	7.23855
917.50000000	7.23666
918.00000000	7.23412
918.50000000	7.23301
919.00000000	7.23420
919.50000000	7.23456
920.00000000	7.23490
920.50000000	7.23527
921.00000000	7.23626
921.50000000	7.23517
922.00000000	7.23408
922.50000000	7.23441
923.00000000	7.23306
923.50000000	7.23189
924.00000000	7.23113
924.50000000	7.23110
925.00000000	7.23037
925.50000000	7.23057
926.00000000	7.22988
926.50000000	7.23081
927.00000000	7.23257
927.50000000	7.23478
928.00000000	7.23784
928.50000000	7.23954
929.00000000	7.23972
929.50000000	7.24024
930.00000000	7.23967
930.50000000	7.23828
931.00000000	7.23815
931.50000000	7.23629
932.00000000	7.23405
932.50000000	7.23173
933.00000000	7.22919
933.50000000	7.22625
934.00000000	7.22375
934.50000000	7.22088
935.00000000	7.21775
935.50000000	7.21580
936.00000000	7.21430
936.50000000	7.21217
937.00000000	7.21027
937.50000000	7.20781
938.00000000	7.20633
938.50000000	7.20487
939.00000000	7.20354
939.50000000	7.20386
940.00000000	7.20406
940.50000000	7.20438
941.00000000	7.20381
941.50000000	7.20276
942.00000000	7.20042
942.50000000	7.19822
943.00000000	7.19602
943.50000000	7.19312
944.00000000	7.19227
944.50000000	7.19173
945.00000000	7.19127
945.50000000	7.19000
946.00000000	7.18866
946.50000000	7.18790
947.00000000	7.18645
947.50000000	7.18479
948.00000000	7.18325
948.50000000	7.18057
949.00000000	7.17760
949.50000000	7.17454
950.00000000	7.17197
950.50000000	7.17069
951.00000000	7.16962
951.50000000	7.16947
952.00000000	7.16986
952.50000000	7.16979
953.00000000	7.16782
953.50000000	7.16659
954.00000000	7.16598
954.50000000	7.16606
955.00000000	7.16711
955.50000000	7.16843
956.00000000	7.17066
956.50000000	7.17273
957.00000000	7.17519
957.50000000	7.17655
958.00000000	7.17685
958.50000000	7.17779
959.00000000	7.17854
959.50000000	7.17918
960.00000000	7.17958
960.50000000	7.17953
961.00000000	7.17867
961.50000000	7.17862
962.00000000	7.17868
962.50000000	7.17766
963.00000000	7.17550
963.50000000	7.17386
964.00000000	7.17140
964.50000000	7.16812
965.00000000	7.16412
965.50000000	7.16031
966.00000000	7.15580
966.50000000	7.15212
967.00000000	7.14969
967.50000000	7.14865
968.00000000	7.14892
968.50000000	7.14951
969.00000000	7.15097
969.50000000	7.15310
970.00000000	7.15492
970.50000000	7.15856
971.00000000	7.16063
971.50000000	7.16231
972.00000000	7.16409
972.50000000	7.16587
973.00000000	7.16707
973.50000000	7.16969
974.00000000	7.17300
974.50000000	7.17676
975.00000000	7.18017
975.50000000	7.18392
976.00000000	7.18773
976.50000000	7.19246
977.00000000	7.19627
977.50000000	7.20007
978.00000000	7.20388
978.50000000	7.20768
979.00000000	7.21105
979.50000000	7.21538
980.00000000	7.21965
980.50000000	7.22358
981.00000000	7.22672
981.50000000	7.23057
982.00000000	7.23389
982.50000000	7.23686
983.00000000	7.24112
983.50000000	7.24439
984.00000000	7.24792
984.50000000	7.25060
985.00000000	7.25237
985.50000000	7.25429
986.00000000	7.25488
986.50000000	7.25551
987.00000000	7.25583
987.50000000	7.25599
988.00000000	7.25718
988.50000000	7.25887
989.00000000	7.26075
989.50000000	7.26259
990.00000000	7.26349
990.50000000	7.26419
991.00000000	7.26464
991.50000000	7.26410
992.00000000	7.26429
992.50000000	7.26429
993.00000000	7.26384
993.50000000	7.26368
994.00000000	7.26303
994.50000000	7.26311
995.00000000	7.26408
995.50000000	7.26549
996.00000000	7.26612
996.50000000	7.26692
997.00000000	7.26803
997.50000000	7.26884
998.00000000	7.27082
998.50000000	7.27377
999.00000000	7.27581
999.50000000	7.27640
1000.00000000	7.27713
1000.50000000	7.27856
1001.00000000	7.27927
1001.50000000	7.27962
1002.00000000	7.27987
1002.50000000	7.28060
1003.00000000	7.28156
1003.50000000	7.28225
1004.00000000	7.28316
1004.50000000	7.28397
1005.00000000	7.28372
1005.50000000	7.28195
1006.00000000	7.28175
1006.50000000	7.28181
1007.00000000	7.28239
1007.50000000	7.28256
1008.00000000	7.28389
1008.50000000	7.28568
1009.00000000	7.28823
1009.50000000	7.29057
1010.00000000	7.29305
1010.50000000	7.29531
1011.00000000	7.29785
1011.50000000	7.29893
1012.00000000	7.29999
1012.50000000	7.29930
1013.00000000	7.29818
1013.50000000	7.29759
1014.00000000	7.29785
1014.50000000	7.29823
1015.00000000	7.29790
1015.50000000	7.29826
1016.00000000	7.29856
1016.50000000	7.29931
1017.00000000	7.30019
1017.50000000	7.30062
1018.00000000	7.30188
1018.50000000	7.30383
1019.00000000	7.30675
1019.50000000	7.30877
1020.00000000	7.31017
1020.50000000	7.31147
1021.00000000	7.31090
1021.50000000	7.30934
1022.00000000	7.31061
1022.50000000	7.31078
1023.00000000	7.31079
1023.50000000	7.31027
1024.00000000	7.30995
1024.50000000	7.31096
1025.00000000	7.31178
1025.50000000	7.31164
1026.00000000	7.31267
1026.50000000	7.31572
1027.00000000	7.31928
1027.50000000	7.32310
1028.00000000	7.32727
1028.50000000	7.33188
1029.00000000	7.33520
1029.50000000	7.33729
1030.00000000	7.34119
1030.50000000	7.34509
1031.00000000	7.34887
1031.50000000	7.35285
1032.00000000	7.35541
1032.50000000	7.35792
1033.00000000	7.36018
1033.50000000	7.36065
1034.00000000	7.36101
1034.50000000	7.36175
1035.00000000	7.36204
1035.50000000	7.36389
1036.00000000	7.36681
1036.50000000	7.36829
1037.00000000	7.36851
1037.50000000	7.36963
1038.00000000	7.37078
1038.50000000	7.37106
1039.00000000	7.37211
1039.50000000	7.37309
1040.00000000	7.37359
1040.50000000	7.37430
1041.00000000	7.37326
1041.50000000	7.37245
1042.00000000	7.37267
1042.50000000	7.37307
1043.00000000	7.37395
1043.50000000	7.37414
1044.00000000	7.37322
1044.50000000	7.37276
1045.00000000	7.37220
1045.50000000	7.37223
1046.00000000	7.37304
1046.50000000	7.37402
1047.00000000	7.37419
1047.50000000	7.37396
1048.00000000	7.37361
1048.50000000	7.37202
1049.00000000	7.37140
1049.50000000	7.37122
1050.00000000	7.36996
1050.50000000	7.36737
1051.00000000	7.36446
1051.50000000	7.36204
1052.00000000	7.36195
1052.50000000	7.36193
1053.00000000	7.36071
1053.50000000	7.36042
1054.00000000	7.35925
1054.50000000	7.35781
1055.00000000	7.35701
1055.50000000	7.35541
1056.00000000	7.35344
1056.50000000	7.35149
1057.00000000	7.35014
1057.50000000	7.34945
1058.00000000	7.34807
1058.50000000	7.34678
1059.00000000	7.34773
1059.50000000	7.34944
1060.00000000	7.35125
1060.50000000	7.35295
1061.00000000	7.35376
1061.50000000	7.35457
1062.00000000	7.35633
1062.50000000	7.35923
1063.00000000	7.36161
1063.50000000	7.36273
1064.00000000	7.36269
1064.50000000	7.36234
1065.00000000	7.36265
1065.50000000	7.36383
1066.00000000	7.36643
1066.50000000	7.36876
1067.00000000	7.37045
1067.50000000	7.37260
1068.00000000	7.37450
1068.50000000	7.37785
1069.00000000	7.38172
1069.50000000	7.38428
1070.00000000	7.38768
1070.50000000	7.39081
1071.00000000	7.39297
1071.50000000	7.39475
1072.00000000	7.39551
1072.50000000	7.39621
1073.00000000	7.39509
1073.50000000	7.39324
1074.00000000	7.39076
1074.50000000	7.38874
1075.00000000	7.38764
1075.50000000	7.38692
1076.00000000	7.38613
1076.50000000	7.38518
1077.00000000	7.38327
1077.50000000	7.38118
1078.00000000	7.37994
1078.50000000	7.37888
1079.00000000	7.37774
1079.50000000	7.37704
1080.00000000	7.37682
1080.50000000	7.37645
1081.00000000	7.37579
1081.50000000	7.37435
1082.00000000	7.37278
1082.50000000	7.37184
1083.00000000	7.37063
1083.50000000	7.36977
1084.00000000	7.36832
1084.50000000	7.36815
1085.00000000	7.36964
1085.50000000	7.37039
1086.00000000	7.37080
1086.50000000	7.37212
1087.00000000	7.37397
1087.50000000	7.37460
1088.00000000	7.37457
1088.50000000	7.37521
1089.00000000	7.37652
1089.50000000	7.37860
1090.00000000	7.37970
1090.50000000	7.38098
1091.00000000	7.38145
1091.50000000	7.38186
1092.00000000	7.38269
1092.50000000	7.38459
1093.00000000	7.38648
1093.50000000	7.38907
1094.00000000	7.39176
1094.50000000	7.39384
1095.00000000	7.39581
1095.50000000	7.39730
1096.00000000	7.39786
1096.50000000	7.39987
1097.00000000	7.40216
1097.50000000	7.40490
1098.00000000	7.40795
1098.50000000	7.41053
1099.00000000	7.41200
1099.50000000	7.41388
1100.00000000	7.41605
1100.50000000	7.41723
1101.00000000	7.41829
1101.50000000	7.41956
1102.00000000	7.42245
1102.50000000	7.42667
1103.00000000	7.43036
1103.50000000	7.43506
1104.00000000	7.43704
1104.50000000	7.43895
1105.00000000	7.44095
1105.50000000	7.44383
1106.00000000	7.44606
1106.50000000	7.44926
1107.00000000	7.45339
1107.50000000	7.45685
1108.00000000	7.46010
1108.50000000	7.46344
1109.00000000	7.46700
1109.50000000	7.47004
1110.00000000	7.47349
1110.50000000	7.47698
1111.00000000	7.48110
1111.50000000	7.48528
1112.00000000	7.48876
1112.50000000	7.49096
1113.00000000	7.49325
1113.50000000	7.49597
1114.00000000	7.49796
1114.50000000	7.49960
1115.00000000	7.50094
1115.50000000	7.50303
1116.00000000	7.50585
1116.50000000	7.50747
1117.00000000	7.50842
1117.50000000	7.50875
1118.00000000	7.50987
1118.50000000	7.51095
1119.00000000	7.51128
1119.50000000	7.51122
1120.00000000	7.51324
1120.50000000	7.51565
1121.00000000	7.51814
1121.50000000	7.51926
1122.00000000	7.52096
1122.50000000	7.52272
1123.00000000	7.52575
1123.50000000	7.52922
1124.00000000	7.53233
1124.50000000	7.53581
1125.00000000	7.53899
1125.50000000	7.54132
1126.00000000	7.54380
1126.50000000	7.54580
1127.00000000	7.54682
1127.50000000	7.54800
1128.00000000	7.55015
1128.50000000	7.55332
1129.00000000	7.55603
1129.50000000	7.55865
1130.00000000	7.56015
1130.50000000	7.56171
1131.00000000	7.56390
1131.50000000	7.56592
1132.00000000	7.56694
1132.50000000	7.56657
1133.00000000	7.56618
1133.50000000	7.56664
1134.00000000	7.56852
1134.50000000	7.57052
1135.00000000	7.57212
1135.50000000	7.57352
1136.00000000	7.57467
1136.50000000	7.57594
1137.00000000	7.57735
1137.50000000	7.57878
1138.00000000	7.58026
1138.50000000	7.57945
1139.00000000	7.57796
1139.50000000	7.57656
1140.00000000	7.57522
1140.50000000	7.57564
1141.00000000	7.57611
1141.50000000	7.57702
1142.00000000	7.57758
1142.50000000	7.57766
1143.00000000	7.57852
1143.50000000	7.57884
1144.00000000	7.57869
1144.50000000	7.57762
1145.00000000	7.57586
1145.50000000	7.57500
1146.00000000	7.57318
1146.50000000	7.57229
1147.00000000	7.57033
1147.50000000	7.56932
1148.00000000	7.56665
1148.50000000	7.56403
1149.00000000	7.56256
1149.50000000	7.56271
1150.00000000	7.56241
1150.50000000	7.56089
1151.00000000	7.55974
1151.50000000	7.55913
1152.00000000	7.55874
1152.50000000	7.56025
1153.00000000	7.56098
1153.50000000	7.56092
1154.00000000	7.56141
1154.50000000	7.56185
1155.00000000	7.56361
1155.50000000	7.56459
1156.00000000	7.56453
1156.50000000	7.56536
1157.00000000	7.56559
1157.50000000	7.56525
1158.00000000	7.56454
1158.50000000	7.56487
1159.00000000	7.56694
1159.50000000	7.56965
1160.00000000	7.57171
1160.50000000	7.57312
1161.00000000	7.57526
1161.50000000	7.57745
1162.00000000	7.57865
1162.50000000	7.57901
1163.00000000	7.57833
1163.50000000	7.57478
1164.00000000	7.57168
1164.50000000	7.57056
1165.00000000	7.57081
1165.50000000	7.57202
1166.00000000	7.57199
1166.50000000	7.57235
1167.00000000	7.57325
1167.50000000	7.57579
1168.00000000	7.57771
1168.50000000	7.57893
1169.00000000	7.58041
1169.50000000	7.58186
1170.00000000	7.58378
1170.50000000	7.58590
1171.00000000	7.58805
1171.50000000	7.59020
1172.00000000	7.59273
1172.50000000	7.59572
1173.00000000	7.59830
1173.50000000	7.60114
1174.00000000	7.60288
1174.50000000	7.60636
1175.00000000	7.60906
1175.50000000	7.61075
1176.00000000	7.61095
1176.50000000	7.60937
1177.00000000	7.60722
1177.50000000	7.60558
1178.00000000	7.60423
1178.50000000	7.60396
1179.00000000	7.60415
1179.50000000	7.60406
