1640.00000000	3.28951
1640.50000000	3.28914
1641.00000000	3.28880
1641.50000000	3.28934
1642.00000000	3.29025
1642.50000000	3.29152
1643.00000000	3.29117
1643.50000000	3.29137
1644.00000000	3.29143
1644.50000000	3.29149
1645.00000000	3.29242
1645.50000000	3.29399
1646.00000000	3.29472
1646.50000000	3.29583
1647.00000000	3.29774
1647.50000000	3.29831
1648.00000000	3.29936
1648.50000000	3.30015
1649.00000000	3.30076
1649.50000000	3.30120
1650.00000000	3.30231
1650.50000000	3.30308
1651.00000000	3.30507
1651.50000000	3.30760
1652.00000000	3.30794
1652.50000000	3.30851
1653.00000000	3.30901
1653.50000000	3.31125
1654.00000000	3.31429
1654.50000000	3.31720
1655.00000000	3.32059
1655.50000000	3.32228
1656.00000000	3.32374
1656.50000000	3.32572
1657.00000000	3.32611
1657.50000000	3.32726
1658.00000000	3.32716
1658.50000000	3.32641
1659.00000000	3.32551
1659.50000000	3.32545
1660.00000000	3.32626
1660.50000000	3.32557
1661.00000000	3.32421
1661.50000000	3.32216
1662.00000000	3.32057
1662.50000000	3.31933
1663.00000000	3.31719
1663.50000000	3.31532
1664.00000000	3.31354
1664.50000000	3.31186
1665.00000000	3.31066
1665.50000000	3.31233
1666.00000000	3.31356
1666.50000000	3.31432
1667.00000000	3.31488
1667.50000000	3.31640
1668.00000000	3.31691
1668.50000000	3.31657
1669.00000000	3.31655
1669.50000000	3.31658
1670.00000000	3.31601
1670.50000000	3.31592
1671.00000000	3.31702
1671.50000000	3.31760
1672.00000000	3.31852
1672.50000000	3.31969
1673.00000000	3.32213
1673.50000000	3.32443
1674.00000000	3.32684
1674.50000000	3.33148
1675.00000000	3.33534
1675.50000000	3.33810
1676.00000000	3.33842
1676.50000000	3.33886
1677.00000000	3.33990
1677.50000000	3.34026
1678.00000000	3.34004
1678.50000000	3.33926
1679.00000000	3.33958
1679.50000000	3.34049
1680.00000000	3.34150
1680.50000000	3.34353
1681.00000000	3.34549
1681.50000000	3.34786
1682.00000000	3.35048
1682.50000000	3.35276
1683.00000000	3.35430
1683.50000000	3.35611
1684.00000000	3.35588
1684.50000000	3.35656
1685.00000000	3.35705
1685.50000000	3.35688
1686.00000000	3.35873
1686.50000000	3.36128
1687.00000000	3.36375
1687.50000000	3.36626
1688.00000000	3.37054
1688.50000000	3.37391
1689.00000000	3.37587
1689.50000000	3.37797
1690.00000000	3.38017
1690.50000000	3.38282
1691.00000000	3.38639
1691.50000000	3.39014
1692.00000000	3.39204
1692.50000000	3.39354
1693.00000000	3.39408
1693.50000000	3.39498
1694.00000000	3.39578
1694.50000000	3.39719
1695.00000000	3.39918
1695.50000000	3.40214
1696.00000000	3.40484
1696.50000000	3.40615
1697.00000000	3.40851
1697.50000000	3.41057
1698.00000000	3.41152
1698.50000000	3.41249
1699.00000000	3.41241
1699.50000000	3.41166
1700.00000000	3.41150
1700.50000000	3.41183
1701.00000000	3.41321
1701.50000000	3.41305
1702.00000000	3.41409
1702.50000000	3.41562
1703.00000000	3.41808
1703.50000000	3.41936
1704.00000000	3.42183
1704.50000000	3.42389
1705.00000000	3.42468
1705.50000000	3.42529
1706.00000000	3.42537
1706.50000000	3.42614
1707.00000000	3.42634
1707.50000000	3.42629
1708.00000000	3.42438
1708.50000000	3.42289
1709.00000000	3.42065
1709.50000000	3.41831
1710.00000000	3.41648
1710.50000000	3.41472
1711.00000000	3.41289
1711.50000000	3.41080
1712.00000000	3.41035
1712.50000000	3.41084
1713.00000000	3.41135
1713.50000000	3.41016
1714.00000000	3.40923
1714.50000000	3.40817
1715.00000000	3.40691
1715.50000000	3.40595
1716.00000000	3.40459
1716.50000000	3.40424
1717.00000000	3.40415
1717.50000000	3.40362
1718.00000000	3.40274
1718.50000000	3.40144
1719.00000000	3.40086
1719.50000000	3.40109
1720.00000000	3.40077
1720.50000000	3.40096
1721.00000000	3.40108
1721.50000000	3.40161
1722.00000000	3.40144
1722.50000000	3.40089
1723.00000000	3.40086
1723.50000000	3.40169
1724.00000000	3.40316
1724.50000000	3.40423
1725.00000000	3.40662
1725.50000000	3.40989
1726.00000000	3.41370
1726.50000000	3.41684
1727.00000000	3.42048
1727.50000000	3.42201
1728.00000000	3.42278
1728.50000000	3.42365
1729.00000000	3.42306
1729.50000000	3.42364
1730.00000000	3.42394
1730.50000000	3.42429
1731.00000000	3.42422
1731.50000000	3.42483
1732.00000000	3.42567
1732.50000000	3.42498
1733.00000000	3.42370
1733.50000000	3.42230
1734.00000000	3.42043
1734.50000000	3.42031
1735.00000000	3.42072
1735.50000000	3.42312
1736.00000000	3.42579
1736.50000000	3.42790
1737.00000000	3.43033
1737.50000000	3.43246
1738.00000000	3.43473
1738.50000000	3.43751
1739.00000000	3.44124
1739.50000000	3.44425
1740.00000000	3.44691
1740.50000000	3.44947
1741.00000000	3.45181
1741.50000000	3.45414
1742.00000000	3.45786
1742.50000000	3.46128
1743.00000000	3.46534
1743.50000000	3.46898
1744.00000000	3.47161
1744.50000000	3.47407
1745.00000000	3.47504
1745.50000000	3.47715
1746.00000000	3.47989
1746.50000000	3.48319
1747.00000000	3.48488
1747.50000000	3.48522
1748.00000000	3.48591
1748.50000000	3.48882
1749.00000000	3.49250
1749.50000000	3.49438
1750.00000000	3.49443
1750.50000000	3.49393
1751.00000000	3.49343
1751.50000000	3.49268
1752.00000000	3.49240
1752.50000000	3.49380
1753.00000000	3.49420
1753.50000000	3.49557
1754.00000000	3.49488
1754.50000000	3.49513
1755.00000000	3.49563
1755.50000000	3.49554
1756.00000000	3.49500
1756.50000000	3.49576
1757.00000000	3.49471
1757.50000000	3.49401
1758.00000000	3.49386
1758.50000000	3.49180
1759.00000000	3.48991
1759.50000000	3.48733
1760.00000000	3.48544
1760.50000000	3.48349
1761.00000000	3.48160
1761.50000000	3.47879
1762.00000000	3.47693
1762.50000000	3.47489
1763.00000000	3.47458
1763.50000000	3.47410
1764.00000000	3.47489
1764.50000000	3.47420
1765.00000000	3.47322
1765.50000000	3.47350
1766.00000000	3.47425
1766.50000000	3.47495
1767.00000000	3.47472
1767.50000000	3.47504
1768.00000000	3.47548
1768.50000000	3.47461
1769.00000000	3.47451
1769.50000000	3.47405
1770.00000000	3.47319
1770.50000000	3.47346
1771.00000000	3.47292
1771.50000000	3.47253
1772.00000000	3.47152
1772.50000000	3.47049
1773.00000000	3.46982
1773.50000000	3.46963
1774.00000000	3.46833
1774.50000000	3.46756
1775.00000000	3.46665
1775.50000000	3.46599
1776.00000000	3.46570
1776.50000000	3.46632
1777.00000000	3.46724
1777.50000000	3.46931
1778.00000000	3.47270
1778.50000000	3.47686
1779.00000000	3.48153
1779.50000000	3.48739
1780.00000000	3.49218
1780.50000000	3.49630
1781.00000000	3.49896
1781.50000000	3.50053
1782.00000000	3.50269
1782.50000000	3.50339
1783.00000000	3.50406
1783.50000000	3.50542
1784.00000000	3.50802
1784.50000000	3.51211
1785.00000000	3.51528
1785.50000000	3.51784
1786.00000000	3.52055
1786.50000000	3.52290
1787.00000000	3.52531
1787.50000000	3.52790
1788.00000000	3.52932
1788.50000000	3.53032
1789.00000000	3.53181
1789.50000000	3.53282
1790.00000000	3.53473
1790.50000000	3.53674
1791.00000000	3.53841
1791.50000000	3.54176
1792.00000000	3.54394
1792.50000000	3.54707
1793.00000000	3.54968
1793.50000000	3.55234
1794.00000000	3.55550
1794.50000000	3.55824
1795.00000000	3.56057
1795.50000000	3.56287
1796.00000000	3.56446
1796.50000000	3.56712
1797.00000000	3.56981
1797.50000000	3.57192
1798.00000000	3.57164
1798.50000000	3.56903
1799.00000000	3.56505
1799.50000000	3.56117
1800.00000000	3.55759
1800.50000000	3.55508
1801.00000000	3.55332
1801.50000000	3.55100
1802.00000000	3.54984
1802.50000000	3.54806
1803.00000000	3.54792
1803.50000000	3.54694
1804.00000000	3.54641
1804.50000000	3.54646
1805.00000000	3.54658
1805.50000000	3.54685
1806.00000000	3.54769
1806.50000000	3.54676
1807.00000000	3.54624
1807.50000000	3.54565
1808.00000000	3.54419
1808.50000000	3.54273
1809.00000000	3.54151
1809.50000000	3.54143
1810.00000000	3.54000
1810.50000000	3.53908
1811.00000000	3.53829
1811.50000000	3.53784
1812.00000000	3.53736
1812.50000000	3.53828
1813.00000000	3.53906
1813.50000000	3.53977
1814.00000000	3.54142
1814.50000000	3.54243
1815.00000000	3.54331
1815.50000000	3.54521
1816.00000000	3.54877
1816.50000000	3.55322
1817.00000000	3.55887
1817.50000000	3.56450
1818.00000000	3.56982
1818.50000000	3.57456
1819.00000000	3.57940
1819.50000000	3.58393
1820.00000000	3.58715
1820.50000000	3.58998
1821.00000000	3.59247
1821.50000000	3.59409
1822.00000000	3.59551
1822.50000000	3.59510
1823.00000000	3.59556
1823.50000000	3.59554
1824.00000000	3.59599
1824.50000000	3.59655
1825.00000000	3.59728
1825.50000000	3.59686
1826.00000000	3.59614
1826.50000000	3.59330
1827.00000000	3.59110
1827.50000000	3.58934
1828.00000000	3.58919
1828.50000000	3.59037
1829.00000000	3.59059
1829.50000000	3.59121
1830.00000000	3.59219
1830.50000000	3.59246
1831.00000000	3.59167
1831.50000000	3.59029
1832.00000000	3.58948
1832.50000000	3.59012
1833.00000000	3.59060
1833.50000000	3.59053
1834.00000000	3.59023
1834.50000000	3.58935
1835.00000000	3.58869
1835.50000000	3.58880
1836.00000000	3.58942
1836.50000000	3.59167
1837.00000000	3.59389
1837.50000000	3.59502
1838.00000000	3.59582
1838.50000000	3.59729
1839.00000000	3.59764
1839.50000000	3.59863
1840.00000000	3.59912
1840.50000000	3.59688
1841.00000000	3.59399
1841.50000000	3.59167
1842.00000000	3.59079
1842.50000000	3.59006
1843.00000000	3.58969
1843.50000000	3.59021
1844.00000000	3.58939
1844.50000000	3.58748
1845.00000000	3.58449
1845.50000000	3.58004
1846.00000000	3.57669
1846.50000000	3.57274
1847.00000000	3.56824
1847.50000000	3.56260
1848.00000000	3.55802
1848.50000000	3.55380
1849.00000000	3.54881
1849.50000000	3.54504
1850.00000000	3.54178
1850.50000000	3.53983
1851.00000000	3.53759
1851.50000000	3.53616
1852.00000000	3.53497
1852.50000000	3.53334
1853.00000000	3.53152
1853.50000000	3.53084
1854.00000000	3.52947
1854.50000000	3.52847
1855.00000000	3.52816
1855.50000000	3.52776
1856.00000000	3.52753
1856.50000000	3.52641
1857.00000000	3.52589
1857.50000000	3.52801
1858.00000000	3.52930
1858.50000000	3.53030
1859.00000000	3.53145
1859.50000000	3.53177
1860.00000000	3.53154
1860.50000000	3.53244
1861.00000000	3.53381
1861.50000000	3.53471
1862.00000000	3.53524
1862.50000000	3.53499
1863.00000000	3.53610
1863.50000000	3.53825
1864.00000000	3.53907
1864.50000000	3.54076
1865.00000000	3.54254
1865.50000000	3.54383
1866.00000000	3.54495
1866.50000000	3.54739
1867.00000000	3.54922
1867.50000000	3.54876
1868.00000000	3.54856
1868.50000000	3.54743
1869.00000000	3.54721
1869.50000000	3.54656
1870.00000000	3.54627
1870.50000000	3.54563
1871.00000000	3.54559
1871.50000000	3.54621
1872.00000000	3.54703
1872.50000000	3.54720
1873.00000000	3.54711
1873.50000000	3.54637
1874.00000000	3.54654
1874.50000000	3.54706
1875.00000000	3.54834
1875.50000000	3.54861
1876.00000000	3.54863
1876.50000000	3.54949
1877.00000000	3.55065
1877.50000000	3.55086
1878.00000000	3.55150
1878.50000000	3.55136
1879.00000000	3.55370
1879.50000000	3.55454
1880.00000000	3.55462
1880.50000000	3.55528
1881.00000000	3.55510
1881.50000000	3.55514
1882.00000000	3.55428
1882.50000000	3.55326
1883.00000000	3.55257
1883.50000000	3.55206
1884.00000000	3.54990
1884.50000000	3.54762
1885.00000000	3.54624
1885.50000000	3.54708
1886.00000000	3.54787
1886.50000000	3.54969
1887.00000000	3.55210
1887.50000000	3.55386
1888.00000000	3.55761
1888.50000000	3.56013
1889.00000000	3.56233
1889.50000000	3.56434
1890.00000000	3.56575
1890.50000000	3.56576
1891.00000000	3.56707
1891.50000000	3.56782
1892.00000000	3.56800
1892.50000000	3.56753
1893.00000000	3.56756
1893.50000000	3.56671
1894.00000000	3.56756
1894.50000000	3.56872
1895.00000000	3.56952
1895.50000000	3.57049
1896.00000000	3.56938
1896.50000000	3.56746
1897.00000000	3.56756
1897.50000000	3.56817
1898.00000000	3.56870
1898.50000000	3.57117
1899.00000000	3.57235
1899.50000000	3.57279
1900.00000000	3.57263
1900.50000000	3.57302
1901.00000000	3.57315
1901.50000000	3.57201
1902.00000000	3.57220
1902.50000000	3.57195
1903.00000000	3.57152
1903.50000000	3.57215
1904.00000000	3.57052
1904.50000000	3.57073
1905.00000000	3.57053
1905.50000000	3.57022
1906.00000000	3.57149
1906.50000000	3.57193
1907.00000000	3.57239
1907.50000000	3.57147
1908.00000000	3.57035
1908.50000000	3.56950
1909.00000000	3.56901
1909.50000000	3.56894
1910.00000000	3.56938
1910.50000000	3.56845
1911.00000000	3.56766
1911.50000000	3.56559
1912.00000000	3.56196
1912.50000000	3.55905
1913.00000000	3.55604
1913.50000000	3.55315
1914.00000000	3.55140
1914.50000000	3.54749
1915.00000000	3.54371
1915.50000000	3.53924
1916.00000000	3.53557
1916.50000000	3.53120
1917.00000000	3.52744
1917.50000000	3.52338
1918.00000000	3.51872
1918.50000000	3.51503
1919.00000000	3.51172
1919.50000000	3.50798
1920.00000000	3.50245
1920.50000000	3.49770
1921.00000000	3.49225
1921.50000000	3.48665
1922.00000000	3.48147
1922.50000000	3.47716
1923.00000000	3.47388
1923.50000000	3.47175
1924.00000000	3.47052
1924.50000000	3.46966
1925.00000000	3.46982
1925.50000000	3.47099
1926.00000000	3.47128
1926.50000000	3.47215
1927.00000000	3.47338
1927.50000000	3.47480
1928.00000000	3.47720
1928.50000000	3.47915
1929.00000000	3.47987
1929.50000000	3.48160
1930.00000000	3.48245
1930.50000000	3.48360
1931.00000000	3.48427
1931.50000000	3.48447
1932.00000000	3.48555
1932.50000000	3.48831
1933.00000000	3.49020
1933.50000000	3.49122
1934.00000000	3.49133
1934.50000000	3.49221
1935.00000000	3.49326
1935.50000000	3.49355
1936.00000000	3.49371
1936.50000000	3.49371
1937.00000000	3.49270
1937.50000000	3.49225
1938.00000000	3.49250
1938.50000000	3.49350
1939.00000000	3.49416
1939.50000000	3.49575
1940.00000000	3.49636
1940.50000000	3.49818
1941.00000000	3.49923
1941.50000000	3.49908
1942.00000000	3.49813
1942.50000000	3.49743
1943.00000000	3.49612
1943.50000000	3.49355
1944.00000000	3.49129
1944.50000000	3.49017
1945.00000000	3.48865
1945.50000000	3.48731
1946.00000000	3.48569
1946.50000000	3.48380
1947.00000000	3.48094
1947.50000000	3.47693
1948.00000000	3.47162
1948.50000000	3.46597
1949.00000000	3.46105
1949.50000000	3.45609
1950.00000000	3.44941
1950.50000000	3.44398
1951.00000000	3.43940
1951.50000000	3.43524
1952.00000000	3.43059
1952.50000000	3.42538
1953.00000000	3.42161
1953.50000000	3.41751
1954.00000000	3.41329
1954.50000000	3.40984
1955.00000000	3.40679
1955.50000000	3.40442
1956.00000000	3.40333
1956.50000000	3.40112
1957.00000000	3.39958
1957.50000000	3.39811
1958.00000000	3.39650
1958.50000000	3.39663
1959.00000000	3.39717
1959.50000000	3.39719
1960.00000000	3.39777
1960.50000000	3.39755
1961.00000000	3.39816
1961.50000000	3.39793
1962.00000000	3.39880
1962.50000000	3.40087
1963.00000000	3.40307
1963.50000000	3.40383
1964.00000000	3.40513
1964.50000000	3.40679
1965.00000000	3.40751
1965.50000000	3.41059
1966.00000000	3.41299
1966.50000000	3.41492
1967.00000000	3.41778
1967.50000000	3.42178
1968.00000000	3.42403
1968.50000000	3.42813
1969.00000000	3.43204
1969.50000000	3.43562
1970.00000000	3.43858
1970.50000000	3.44005
1971.00000000	3.44240
1971.50000000	3.44417
1972.00000000	3.44711
1972.50000000	3.45087
1973.00000000	3.45303
1973.50000000	3.45391
1974.00000000	3.45531
1974.50000000	3.45645
1975.00000000	3.45677
1975.50000000	3.45635
1976.00000000	3.45648
1976.50000000	3.45738
1977.00000000	3.45868
1977.50000000	3.45956
1978.00000000	3.46024
1978.50000000	3.46042
1979.00000000	3.45920
1979.50000000	3.45735
1980.00000000	3.45456
1980.50000000	3.45313
1981.00000000	3.45048
1981.50000000	3.44852
1982.00000000	3.44856
1982.50000000	3.44995
1983.00000000	3.45185
1983.50000000	3.45134
1984.00000000	3.44956
1984.50000000	3.44812
1985.00000000	3.44620
1985.50000000	3.44401
1986.00000000	3.44269
1986.50000000	3.44031
1987.00000000	3.43938
1987.50000000	3.43817
1988.00000000	3.43707
1988.50000000	3.43664
1989.00000000	3.43655
1989.50000000	3.43548
1990.00000000	3.43567
1990.50000000	3.43398
1991.00000000	3.43308
1991.50000000	3.43233
1992.00000000	3.43120
1992.50000000	3.43014
1993.00000000	3.42964
1993.50000000	3.42944
1994.00000000	3.42915
1994.50000000	3.42876
1995.00000000	3.42771
1995.50000000	3.42638
1996.00000000	3.42461
1996.50000000	3.42500
1997.00000000	3.42503
1997.50000000	3.42562
1998.00000000	3.42637
1998.50000000	3.42680
1999.00000000	3.42713
1999.50000000	3.42638
2000.00000000	3.42396
2000.50000000	3.42140
2001.00000000	3.41961
2001.50000000	3.41705
2002.00000000	3.41541
2002.50000000	3.41244
2003.00000000	3.40954
2003.50000000	3.40688
2004.00000000	3.40476
2004.50000000	3.40262
2005.00000000	3.40160
2005.50000000	3.39915
2006.00000000	3.39755
2006.50000000	3.39636
2007.00000000	3.39614
2007.50000000	3.39486
2008.00000000	3.39375
2008.50000000	3.39193
2009.00000000	3.38994
2009.50000000	3.38705
2010.00000000	3.38302
2010.50000000	3.37942
2011.00000000	3.37600
2011.50000000	3.37300
2012.00000000	3.37009
2012.50000000	3.36562
2013.00000000	3.36167
2013.50000000	3.35863
2014.00000000	3.35626
2014.50000000	3.35345
2015.00000000	3.35140
2015.50000000	3.34860
2016.00000000	3.34636
2016.50000000	3.34452
2017.00000000	3.34292
2017.50000000	3.33955
2018.00000000	3.33511
2018.50000000	3.33176
2019.00000000	3.32994
2019.50000000	3.32774
2020.00000000	3.32497
2020.50000000	3.32359
2021.00000000	3.32316
2021.50000000	3.32125
2022.00000000	3.31915
2022.50000000	3.31857
2023.00000000	3.31637
2023.50000000	3.31392
2024.00000000	3.31136
2024.50000000	3.31065
2025.00000000	3.30975
2025.50000000	3.30891
2026.00000000	3.30787
2026.50000000	3.30798
2027.00000000	3.30959
2027.50000000	3.31131
2028.00000000	3.31360
2028.50000000	3.31417
2029.00000000	3.31342
2029.50000000	3.31360
2030.00000000	3.31346
2030.50000000	3.31274
2031.00000000	3.31238
2031.50000000	3.31029
2032.00000000	3.30797
2032.50000000	3.30577
2033.00000000	3.30345
2033.50000000	3.30033
2034.00000000	3.29802
2034.50000000	3.29604
2035.00000000	3.29377
2035.50000000	3.29220
2036.00000000	3.29132
2036.50000000	3.28991
2037.00000000	3.28782
2037.50000000	3.28582
2038.00000000	3.28508
2038.50000000	3.28468
2039.00000000	3.28437
2039.50000000	3.28528
2040.00000000	3.28583
2040.50000000	3.28528
2041.00000000	3.28382
2041.50000000	3.28184
2042.00000000	3.27820
2042.50000000	3.27481
2043.00000000	3.27183
2043.50000000	3.26883
2044.00000000	3.26817
2044.50000000	3.26749
2045.00000000	3.26749
2045.50000000	3.26678
2046.00000000	3.26536
2046.50000000	3.26404
2047.00000000	3.26175
2047.50000000	3.25955
2048.00000000	3.25758
2048.50000000	3.25450
2049.00000000	3.25145
2049.50000000	3.24956
2050.00000000	3.24673
2050.50000000	3.24490
2051.00000000	3.24452
2051.50000000	3.24436
2052.00000000	3.24406
2052.50000000	3.24323
2053.00000000	3.24146
2053.50000000	3.24123
2054.00000000	3.24080
2054.50000000	3.24192
2055.00000000	3.24335
2055.50000000	3.24520
2056.00000000	3.24738
2056.50000000	3.24956
2057.00000000	3.25195
2057.50000000	3.25297
2058.00000000	3.25282
2058.50000000	3.25289
2059.00000000	3.25235
2059.50000000	3.25189
2060.00000000	3.25069
2060.50000000	3.24960
2061.00000000	3.24745
2061.50000000	3.24637
2062.00000000	3.24468
2062.50000000	3.24328
2063.00000000	3.24034
2063.50000000	3.23757
2064.00000000	3.23460
2064.50000000	3.23119
2065.00000000	3.22770
2065.50000000	3.22374
2066.00000000	3.21869
2066.50000000	3.21412
2067.00000000	3.20998
2067.50000000	3.20665
2068.00000000	3.20448
2068.50000000	3.20338
2069.00000000	3.20359
2069.50000000	3.20481
2070.00000000	3.20459
2070.50000000	3.20611
2071.00000000	3.20650
2071.50000000	3.20673
2072.00000000	3.20670
2072.50000000	3.20636
2073.00000000	3.20537
2073.50000000	3.20517
2074.00000000	3.20589
2074.50000000	3.20669
2075.00000000	3.20764
2075.50000000	3.20901
2076.00000000	3.21089
2076.50000000	3.21358
2077.00000000	3.21600
2077.50000000	3.21839
2078.00000000	3.22014
2078.50000000	3.22171
2079.00000000	3.22215
2079.50000000	3.22337
2080.00000000	3.22517
2080.50000000	3.22668
2081.00000000	3.22787
2081.50000000	3.22949
2082.00000000	3.23018
2082.50000000	3.23042
2083.00000000	3.23156
2083.50000000	3.23175
2084.00000000	3.23202
2084.50000000	3.23220
2085.00000000	3.23133
2085.50000000	3.23060
2086.00000000	3.22921
2086.50000000	3.22781
2087.00000000	3.22638
2087.50000000	3.22431
2088.00000000	3.22270
2088.50000000	3.22132
2089.00000000	3.22055
2089.50000000	3.21941
2090.00000000	3.21796
2090.50000000	3.21583
2091.00000000	3.21376
2091.50000000	3.21045
2092.00000000	3.20826
2092.50000000	3.20603
2093.00000000	3.20381
2093.50000000	3.20086
2094.00000000	3.19726
2094.50000000	3.19386
2095.00000000	3.19131
2095.50000000	3.18947
2096.00000000	3.18695
2096.50000000	3.18420
2097.00000000	3.18071
2097.50000000	3.17790
2098.00000000	3.17597
2098.50000000	3.17486
2099.00000000	3.17257
2099.50000000	3.16860
2100.00000000	3.16590
2100.50000000	3.16347
2101.00000000	3.16047
2101.50000000	3.15795
2102.00000000	3.15533
2102.50000000	3.15293
2103.00000000	3.15069
2103.50000000	3.14922
2104.00000000	3.14879
2104.50000000	3.14839
2105.00000000	3.14671
2105.50000000	3.14389
2106.00000000	3.14249
2106.50000000	3.14141
2107.00000000	3.14079
2107.50000000	3.13999
2108.00000000	3.13932
2108.50000000	3.13891
2109.00000000	3.13882
2109.50000000	3.13871
2110.00000000	3.13862
2110.50000000	3.13888
2111.00000000	3.14016
2111.50000000	3.14042
2112.00000000	3.14014
2112.50000000	3.13866
2113.00000000	3.13734
2113.50000000	3.13600
2114.00000000	3.13593
2114.50000000	3.13607
2115.00000000	3.13528
2115.50000000	3.13542
2116.00000000	3.13529
2116.50000000	3.13556
2117.00000000	3.13582
2117.50000000	3.13556
2118.00000000	3.13644
2118.50000000	3.13828
2119.00000000	3.14082
2119.50000000	3.14260
2120.00000000	3.14432
2120.50000000	3.14604
2121.00000000	3.14579
2121.50000000	3.14452
2122.00000000	3.14597
2122.50000000	3.14677
2123.00000000	3.14738
2123.50000000	3.14772
2124.00000000	3.14786
2124.50000000	3.14978
2125.00000000	3.15082
2125.50000000	3.15071
2126.00000000	3.15160
2126.50000000	3.15357
2127.00000000	3.15614
2127.50000000	3.15853
2128.00000000	3.16118
2128.50000000	3.16479
2129.00000000	3.16676
2129.50000000	3.16750
2130.00000000	3.16985
2130.50000000	3.17223
2131.00000000	3.17504
2131.50000000	3.17761
2132.00000000	3.17780
2132.50000000	3.17847
2133.00000000	3.17936
2133.50000000	3.17859
2134.00000000	3.17757
2134.50000000	3.17675
2135.00000000	3.17482
2135.50000000	3.17476
2136.00000000	3.17627
2136.50000000	3.17662
2137.00000000	3.17638
2137.50000000	3.17672
2138.00000000	3.17705
2138.50000000	3.17608
2139.00000000	3.17541
2139.50000000	3.17455
2140.00000000	3.17306
2140.50000000	3.17174
2141.00000000	3.16901
2141.50000000	3.16682
2142.00000000	3.16565
2142.50000000	3.16441
2143.00000000	3.16326
2143.50000000	3.16155
2144.00000000	3.15854
2144.50000000	3.15563
2145.00000000	3.15223
2145.50000000	3.14925
2146.00000000	3.14675
2146.50000000	3.14470
2147.00000000	3.14155
2147.50000000	3.13847
2148.00000000	3.13523
2148.50000000	3.13150
2149.00000000	3.12863
2149.50000000	3.12587
2150.00000000	3.12231
2150.50000000	3.11819
2151.00000000	3.11364
2151.50000000	3.10924
2152.00000000	3.10749
2152.50000000	3.10488
2153.00000000	3.10098
2153.50000000	3.09806
2154.00000000	3.09419
2154.50000000	3.08956
2155.00000000	3.08680
2155.50000000	3.08218
2156.00000000	3.07700
2156.50000000	3.07229
2157.00000000	3.06848
2157.50000000	3.06487
2158.00000000	3.06090
2158.50000000	3.05729
2159.00000000	3.05499
2159.50000000	3.05432
2160.00000000	3.05359
2160.50000000	3.05266
2161.00000000	3.05089
2161.50000000	3.04924
2162.00000000	3.04876
2162.50000000	3.04906
2163.00000000	3.04860
2163.50000000	3.04730
2164.00000000	3.04577
2164.50000000	3.04366
2165.00000000	3.04210
2165.50000000	3.04114
2166.00000000	3.04143
2166.50000000	3.04117
2167.00000000	3.04057
2167.50000000	3.04023
2168.00000000	3.03964
2168.50000000	3.04011
2169.00000000	3.04098
2169.50000000	3.04039
2170.00000000	3.04088
2170.50000000	3.04044
2171.00000000	3.03974
2171.50000000	3.03930
2172.00000000	3.03787
2172.50000000	3.03639
2173.00000000	3.03361
2173.50000000	3.03047
2174.00000000	3.02757
2174.50000000	3.02469
2175.00000000	3.02240
2175.50000000	3.01989
2176.00000000	3.01726
2176.50000000	3.01411
2177.00000000	3.00964
2177.50000000	3.00512
2178.00000000	3.00208
2178.50000000	2.99935
2179.00000000	2.99683
2179.50000000	2.99442
2180.00000000	2.99248
2180.50000000	2.99146
2181.00000000	2.98946
2181.50000000	2.98634
2182.00000000	2.98386
2182.50000000	2.98247
2183.00000000	2.98099
2183.50000000	2.97904
2184.00000000	2.97652
2184.50000000	2.97530
2185.00000000	2.97592
2185.50000000	2.97561
2186.00000000	2.97484
2186.50000000	2.97491
2187.00000000	2.97523
2187.50000000	2.97456
2188.00000000	2.97322
2188.50000000	2.97257
2189.00000000	2.97297
2189.50000000	2.97463
2190.00000000	2.97505
2190.50000000	2.97538
2191.00000000	2.97494
2191.50000000	2.97451
2192.00000000	2.97445
2192.50000000	2.97464
2193.00000000	2.97493
2193.50000000	2.97546
2194.00000000	2.97606
2194.50000000	2.97581
2195.00000000	2.97512
2195.50000000	2.97415
2196.00000000	2.97163
2196.50000000	2.96972
2197.00000000	2.96746
2197.50000000	2.96671
2198.00000000	2.96648
2198.50000000	2.96574
2199.00000000	2.96416
2199.50000000	2.96281
2200.00000000	2.96199
2200.50000000	2.96057
2201.00000000	2.95869
2201.50000000	2.95753
2202.00000000	2.95786
2202.50000000	2.95939
2203.00000000	2.96016
2203.50000000	2.96258
2204.00000000	2.96286
2204.50000000	2.96265
2205.00000000	2.96179
2205.50000000	2.96163
2206.00000000	2.96064
2206.50000000	2.96081
2207.00000000	2.96139
2207.50000000	2.96149
2208.00000000	2.96134
2208.50000000	2.96051
2209.00000000	2.96022
2209.50000000	2.95939
2210.00000000	2.95878
2210.50000000	2.95820
2211.00000000	2.95837
2211.50000000	2.95842
2212.00000000	2.95789
2212.50000000	2.95624
2213.00000000	2.95534
2213.50000000	2.95551
2214.00000000	2.95504
2214.50000000	2.95411
2215.00000000	2.95218
2215.50000000	2.95105
2216.00000000	2.95046
2216.50000000	2.94891
2217.00000000	2.94675
2217.50000000	2.94398
2218.00000000	2.94133
2218.50000000	2.93823
2219.00000000	2.93473
2219.50000000	2.93102
2220.00000000	2.92935
2220.50000000	2.92796
2221.00000000	2.92636
2221.50000000	2.92412
2222.00000000	2.92307
2222.50000000	2.92128
2223.00000000	2.92090
2223.50000000	2.92161
2224.00000000	2.92157
2224.50000000	2.92278
2225.00000000	2.92414
2225.50000000	2.92433
2226.00000000	2.92540
2226.50000000	2.92547
2227.00000000	2.92441
2227.50000000	2.92338
2228.00000000	2.92344
2228.50000000	2.92481
2229.00000000	2.92568
2229.50000000	2.92662
2230.00000000	2.92630
2230.50000000	2.92582
2231.00000000	2.92644
2231.50000000	2.92701
2232.00000000	2.92688
2232.50000000	2.92560
2233.00000000	2.92443
2233.50000000	2.92463
2234.00000000	2.92650
2234.50000000	2.92843
2235.00000000	2.92971
2235.50000000	2.93052
2236.00000000	2.93123
2236.50000000	2.93187
2237.00000000	2.93322
2237.50000000	2.93470
2238.00000000	2.93607
2238.50000000	2.93522
2239.00000000	2.93368
2239.50000000	2.93231
2240.00000000	2.93103
2240.50000000	2.93076
2241.00000000	2.93099
2241.50000000	2.93163
2242.00000000	2.93231
2242.50000000	2.93216
2243.00000000	2.93268
2243.50000000	2.93266
2244.00000000	2.93186
2244.50000000	2.93030
2245.00000000	2.92772
2245.50000000	2.92635
2246.00000000	2.92379
2246.50000000	2.92243
2247.00000000	2.92042
2247.50000000	2.91962
2248.00000000	2.91797
2248.50000000	2.91665
2249.00000000	2.91635
2249.50000000	2.91737
2250.00000000	2.91740
2250.50000000	2.91639
2251.00000000	2.91522
2251.50000000	2.91457
2252.00000000	2.91415
2252.50000000	2.91564
2253.00000000	2.91579
2253.50000000	2.91472
2254.00000000	2.91428
2254.50000000	2.91397
2255.00000000	2.91460
2255.50000000	2.91428
2256.00000000	2.91284
2256.50000000	2.91185
2257.00000000	2.90991
2257.50000000	2.90816
2258.00000000	2.90636
2258.50000000	2.90554
2259.00000000	2.90530
2259.50000000	2.90593
2260.00000000	2.90633
2260.50000000	2.90599
2261.00000000	2.90661
2261.50000000	2.90666
2262.00000000	2.90623
2262.50000000	2.90537
2263.00000000	2.90323
2263.50000000	2.89752
2264.00000000	2.89195
2264.50000000	2.88782
2265.00000000	2.88434
2265.50000000	2.88173
2266.00000000	2.87802
2266.50000000	2.87500
2267.00000000	2.87221
2267.50000000	2.87081
2268.00000000	2.86932
2268.50000000	2.86775
2269.00000000	2.86617
2269.50000000	2.86451
2270.00000000	2.86305
2270.50000000	2.86193
2271.00000000	2.86075
2271.50000000	2.85996
2272.00000000	2.85919
2272.50000000	2.85883
2273.00000000	2.85797
2273.50000000	2.85748
2274.00000000	2.85620
2274.50000000	2.85680
2275.00000000	2.85654
2275.50000000	2.85576
2276.00000000	2.85354
2276.50000000	2.84968
2277.00000000	2.84532
2277.50000000	2.84128
2278.00000000	2.83830
2278.50000000	2.83642
2279.00000000	2.83489
2279.50000000	2.83303
2280.00000000	2.83053
2280.50000000	2.82843
2281.00000000	2.82611
2281.50000000	2.82139
2282.00000000	2.81758
2282.50000000	2.81458
2283.00000000	2.81205
2283.50000000	2.81058
2284.00000000	2.80942
2284.50000000	2.80898
2285.00000000	2.80855
2285.50000000	2.80708
2286.00000000	2.80619
2286.50000000	2.80580
2287.00000000	2.80563
2287.50000000	2.80732
2288.00000000	2.80835
2288.50000000	2.81042
2289.00000000	2.81349
2289.50000000	2.81640
2290.00000000	2.81867
2290.50000000	2.82098
2291.00000000	2.82508
2291.50000000	2.82781
2292.00000000	2.83132
2292.50000000	2.83448
2293.00000000	2.83806
2293.50000000	2.84060
2294.00000000	2.84269
2294.50000000	2.84518
2295.00000000	2.84679
2295.50000000	2.84905
2296.00000000	2.85233
2296.50000000	2.85584
2297.00000000	2.85907
2297.50000000	2.86218
2298.00000000	2.86496
2298.50000000	2.86864
2299.00000000	2.87158
2299.50000000	2.87520
2300.00000000	2.87847
2300.50000000	2.88230
2301.00000000	2.88569
2301.50000000	2.88809
2302.00000000	2.89118
2302.50000000	2.89527
2303.00000000	2.89899
2303.50000000	2.90363
2304.00000000	2.90856
2304.50000000	2.91308
2305.00000000	2.91794
2305.50000000	2.92330
2306.00000000	2.92736
2306.50000000	2.93049
2307.00000000	2.93403
2307.50000000	2.93791
2308.00000000	2.94273
2308.50000000	2.94809
2309.00000000	2.95214
2309.50000000	2.95605
2310.00000000	2.95909
2310.50000000	2.96222
2311.00000000	2.96429
2311.50000000	2.96740
2312.00000000	2.97002
2312.50000000	2.97323
2313.00000000	2.97486
2313.50000000	2.97522
2314.00000000	2.97470
2314.50000000	2.97365
