0.00000000	6.28652
0.50000000	6.29049
1.00000000	6.29481
1.50000000	6.29740
2.00000000	6.30069
2.50000000	6.30478
3.00000000	6.30886
3.50000000	6.31129
4.00000000	6.31381
4.50000000	6.31696
5.00000000	6.31991
5.50000000	6.32124
6.00000000	6.32028
6.50000000	6.32019
7.00000000	6.32163
7.50000000	6.32209
8.00000000	6.32238
8.50000000	6.32237
9.00000000	6.32234
9.50000000	6.32268
10.00000000	6.32430
10.50000000	6.32580
11.00000000	6.32740
11.50000000	6.32879
12.00000000	6.32962
12.50000000	6.33086
13.00000000	6.33167
13.50000000	6.33218
14.00000000	6.33298
14.50000000	6.33435
15.00000000	6.33575
15.50000000	6.33667
16.00000000	6.33737
16.50000000	6.33670
17.00000000	6.33564
17.50000000	6.33515
18.00000000	6.33562
18.50000000	6.33698
19.00000000	6.33785
19.50000000	6.33990
20.00000000	6.34377
20.50000000	6.34680
21.00000000	6.34976
21.50000000	6.35293
22.00000000	6.35458
22.50000000	6.35657
23.00000000	6.35953
23.50000000	6.36217
24.00000000	6.36460
24.50000000	6.36765
25.00000000	6.37050
25.50000000	6.37309
26.00000000	6.37522
26.50000000	6.37793
27.00000000	6.38079
27.50000000	6.38420
28.00000000	6.38713
28.50000000	6.39001
29.00000000	6.39121
29.50000000	6.39275
30.00000000	6.39387
30.50000000	6.39298
31.00000000	6.39188
31.50000000	6.39101
32.00000000	6.39090
32.50000000	6.39178
33.00000000	6.39288
33.50000000	6.39400
34.00000000	6.39718
34.50000000	6.39948
35.00000000	6.40074
35.50000000	6.39961
36.00000000	6.39932
36.50000000	6.39881
37.00000000	6.39917
37.50000000	6.39854
38.00000000	6.39815
38.50000000	6.39654
39.00000000	6.39538
39.50000000	6.39402
40.00000000	6.39216
40.50000000	6.39043
41.00000000	6.38892
41.50000000	6.38709
42.00000000	6.38367
42.50000000	6.38061
43.00000000	6.37838
43.50000000	6.37687
44.00000000	6.37529
44.50000000	6.37331
45.00000000	6.37120
45.50000000	6.36944
46.00000000	6.36757
46.50000000	6.36604
47.00000000	6.36509
47.50000000	6.36404
48.00000000	6.36482
48.50000000	6.36513
49.00000000	6.36389
49.50000000	6.36217
50.00000000	6.36144
50.50000000	6.35960
51.00000000	6.35656
51.50000000	6.35418
52.00000000	6.35201
52.50000000	6.34954
53.00000000	6.34620
53.50000000	6.34326
54.00000000	6.34021
54.50000000	6.33644
55.00000000	6.33267
55.50000000	6.32853
56.00000000	6.32643
56.50000000	6.32554
57.00000000	6.32358
57.50000000	6.32178
58.00000000	6.32233
58.50000000	6.32321
59.00000000	6.32412
59.50000000	6.32589
60.00000000	6.32736
60.50000000	6.32853
61.00000000	6.32909
61.50000000	6.32853
62.00000000	6.32775
62.50000000	6.32663
63.00000000	6.32607
63.50000000	6.32691
64.00000000	6.32637
64.50000000	6.32515
65.00000000	6.32456
65.50000000	6.32344
66.00000000	6.32182
66.50000000	6.32081
67.00000000	6.32019
67.50000000	6.31927
68.00000000	6.32007
68.50000000	6.32044
69.00000000	6.32053
69.50000000	6.32051
70.00000000	6.31987
70.50000000	6.31760
71.00000000	6.31534
71.50000000	6.31194
72.00000000	6.30792
72.50000000	6.30343
73.00000000	6.29923
73.50000000	6.29502
74.00000000	6.29025
74.50000000	6.28411
75.00000000	6.27750
75.50000000	6.27250
76.00000000	6.26815
76.50000000	6.26507
77.00000000	6.26186
77.50000000	6.25839
78.00000000	6.25552
78.50000000	6.25185
79.00000000	6.24876
79.50000000	6.24705
80.00000000	6.24336
80.50000000	6.23954
81.00000000	6.23546
81.50000000	6.23356
82.00000000	6.23244
82.50000000	6.23036
83.00000000	6.22798
83.50000000	6.22653
84.00000000	6.22578
84.50000000	6.22524
85.00000000	6.22430
85.50000000	6.22305
86.00000000	6.22070
86.50000000	6.21920
87.00000000	6.21699
87.50000000	6.21437
88.00000000	6.21241
88.50000000	6.21118
89.00000000	6.21024
89.50000000	6.20991
90.00000000	6.20895
90.50000000	6.20907
91.00000000	6.20989
91.50000000	6.21173
92.00000000	6.21291
92.50000000	6.21249
93.00000000	6.21171
93.50000000	6.20845
94.00000000	6.20554
94.50000000	6.20174
95.00000000	6.19819
95.50000000	6.19486
96.00000000	6.19171
96.50000000	6.18951
97.00000000	6.18731
97.50000000	6.18659
98.00000000	6.18701
98.50000000	6.18692
99.00000000	6.18633
99.50000000	6.18417
100.00000000	6.18262
100.50000000	6.18041
101.00000000	6.17768
101.50000000	6.17580
102.00000000	6.17434
102.50000000	6.17235
103.00000000	6.17133
103.50000000	6.16984
104.00000000	6.16936
104.50000000	6.17039
105.00000000	6.17057
105.50000000	6.17117
106.00000000	6.17155
106.50000000	6.17155
107.00000000	6.17274
107.50000000	6.17224
108.00000000	6.17086
108.50000000	6.16994
109.00000000	6.16850
109.50000000	6.16531
110.00000000	6.16190
110.50000000	6.15900
111.00000000	6.15495
111.50000000	6.15227
112.00000000	6.15003
112.50000000	6.14708
113.00000000	6.14383
113.50000000	6.14273
114.00000000	6.14054
114.50000000	6.13704
115.00000000	6.13202
115.50000000	6.12665
116.00000000	6.12140
116.50000000	6.11585
117.00000000	6.11059
117.50000000	6.10603
118.00000000	6.10059
118.50000000	6.09698
119.00000000	6.09444
119.50000000	6.09155
120.00000000	6.08972
120.50000000	6.08679
121.00000000	6.08375
121.50000000	6.08043
122.00000000	6.07728
122.50000000	6.07375
123.00000000	6.06992
123.50000000	6.06846
124.00000000	6.06788
124.50000000	6.06780
125.00000000	6.06762
125.50000000	6.06771
126.00000000	6.06773
126.50000000	6.06937
127.00000000	6.07118
127.50000000	6.07157
128.00000000	6.07276
128.50000000	6.07415
129.00000000	6.07503
129.50000000	6.07641
130.00000000	6.07658
130.50000000	6.07738
131.00000000	6.07777
131.50000000	6.07857
132.00000000	6.07942
132.50000000	6.08160
133.00000000	6.08415
133.50000000	6.08618
134.00000000	6.08636
134.50000000	6.08665
135.00000000	6.08616
135.50000000	6.08520
136.00000000	6.08399
136.50000000	6.08347
137.00000000	6.08263
137.50000000	6.08230
138.00000000	6.08179
138.50000000	6.08075
139.00000000	6.08152
139.50000000	6.08241
140.00000000	6.08271
140.50000000	6.08476
141.00000000	6.08543
141.50000000	6.08593
142.00000000	6.08668
142.50000000	6.08777
143.00000000	6.08882
143.50000000	6.08962
144.00000000	6.08973
144.50000000	6.08943
145.00000000	6.08852
145.50000000	6.08844
146.00000000	6.08757
146.50000000	6.08601
147.00000000	6.08324
147.50000000	6.08199
148.00000000	6.08141
148.50000000	6.08026
149.00000000	6.07922
149.50000000	6.07726
150.00000000	6.07502
150.50000000	6.07407
151.00000000	6.07209
151.50000000	6.07039
152.00000000	6.06838
152.50000000	6.06636
153.00000000	6.06407
153.50000000	6.06225
154.00000000	6.06132
154.50000000	6.06028
155.00000000	6.05830
155.50000000	6.05683
156.00000000	6.05665
156.50000000	6.05769
157.00000000	6.06011
157.50000000	6.06189
158.00000000	6.06357
158.50000000	6.06497
159.00000000	6.06632
159.50000000	6.06747
160.00000000	6.06820
160.50000000	6.06930
161.00000000	6.06877
161.50000000	6.06856
162.00000000	6.06700
162.50000000	6.06610
163.00000000	6.06586
163.50000000	6.06450
164.00000000	6.06388
164.50000000	6.06178
165.00000000	6.05966
165.50000000	6.05872
166.00000000	6.05797
166.50000000	6.05558
167.00000000	6.05196
167.50000000	6.04832
168.00000000	6.04343
168.50000000	6.03959
169.00000000	6.03587
169.50000000	6.03254
170.00000000	6.02999
170.50000000	6.02585
171.00000000	6.02196
171.50000000	6.01826
172.00000000	6.01526
172.50000000	6.01170
173.00000000	6.00867
173.50000000	6.00522
174.00000000	6.00175
174.50000000	5.99837
175.00000000	5.99541
175.50000000	5.99205
176.00000000	5.99021
176.50000000	5.98888
177.00000000	5.98690
177.50000000	5.98575
178.00000000	5.98338
178.50000000	5.98084
179.00000000	5.97741
179.50000000	5.97455
180.00000000	5.97302
180.50000000	5.97055
181.00000000	5.96745
181.50000000	5.96423
182.00000000	5.96106
182.50000000	5.95770
183.00000000	5.95572
183.50000000	5.95397
184.00000000	5.95272
184.50000000	5.95217
185.00000000	5.95164
185.50000000	5.95115
186.00000000	5.95021
186.50000000	5.94961
187.00000000	5.94957
187.50000000	5.94875
188.00000000	5.94863
188.50000000	5.94787
189.00000000	5.94740
189.50000000	5.94699
190.00000000	5.94706
190.50000000	5.94623
191.00000000	5.94487
191.50000000	5.94417
192.00000000	5.94298
192.50000000	5.94180
193.00000000	5.94014
193.50000000	5.93784
194.00000000	5.93542
194.50000000	5.93541
195.00000000	5.93434
195.50000000	5.93307
196.00000000	5.93091
196.50000000	5.93011
197.00000000	5.93150
197.50000000	5.93216
198.00000000	5.93372
198.50000000	5.93559
199.00000000	5.93734
199.50000000	5.93867
200.00000000	5.93927
200.50000000	5.93959
201.00000000	5.94033
201.50000000	5.94157
202.00000000	5.94237
202.50000000	5.94239
203.00000000	5.94262
203.50000000	5.94391
204.00000000	5.94626
204.50000000	5.94964
205.00000000	5.95267
205.50000000	5.95577
206.00000000	5.95979
206.50000000	5.96257
207.00000000	5.96499
207.50000000	5.96754
208.00000000	5.97029
208.50000000	5.97214
209.00000000	5.97298
209.50000000	5.97526
210.00000000	5.97742
210.50000000	5.97925
211.00000000	5.98170
211.50000000	5.98412
212.00000000	5.98598
212.50000000	5.98752
213.00000000	5.98962
213.50000000	5.99115
214.00000000	5.99257
214.50000000	5.99377
215.00000000	5.99507
215.50000000	5.99525
216.00000000	5.99420
216.50000000	5.99354
217.00000000	5.99389
217.50000000	5.99459
218.00000000	5.99512
218.50000000	5.99546
219.00000000	5.99687
219.50000000	5.99789
220.00000000	5.99860
220.50000000	5.99866
221.00000000	5.99952
221.50000000	6.00064
222.00000000	6.00313
222.50000000	6.00490
223.00000000	6.00689
223.50000000	6.00819
224.00000000	6.00884
224.50000000	6.00909
225.00000000	6.01055
225.50000000	6.01027
226.00000000	6.00888
226.50000000	6.00583
227.00000000	6.00404
227.50000000	6.00228
228.00000000	6.00036
228.50000000	5.99840
229.00000000	5.99735
229.50000000	5.99544
230.00000000	5.99302
230.50000000	5.99119
231.00000000	5.98838
231.50000000	5.98675
232.00000000	5.98457
232.50000000	5.98167
233.00000000	5.97852
233.50000000	5.97413
234.00000000	5.96930
234.50000000	5.96430
235.00000000	5.95958
235.50000000	5.95283
236.00000000	5.94808
236.50000000	5.94309
237.00000000	5.93940
237.50000000	5.93648
238.00000000	5.93370
238.50000000	5.93151
239.00000000	5.92942
239.50000000	5.92664
240.00000000	5.92379
240.50000000	5.92047
241.00000000	5.91726
241.50000000	5.91444
242.00000000	5.91168
242.50000000	5.90861
243.00000000	5.90606
243.50000000	5.90467
244.00000000	5.90249
244.50000000	5.89981
245.00000000	5.89651
245.50000000	5.89456
246.00000000	5.89231
246.50000000	5.89078
247.00000000	5.88945
247.50000000	5.88798
248.00000000	5.88766
248.50000000	5.88837
249.00000000	5.88766
249.50000000	5.88647
250.00000000	5.88706
250.50000000	5.88647
251.00000000	5.88621
251.50000000	5.88581
252.00000000	5.88533
252.50000000	5.88377
253.00000000	5.88182
253.50000000	5.87932
254.00000000	5.87763
254.50000000	5.87526
255.00000000	5.87273
255.50000000	5.86986
256.00000000	5.86811
256.50000000	5.86742
257.00000000	5.86733
257.50000000	5.86559
258.00000000	5.86559
258.50000000	5.86477
259.00000000	5.86354
259.50000000	5.86169
260.00000000	5.85948
260.50000000	5.85770
261.00000000	5.85551
261.50000000	5.85389
262.00000000	5.85258
262.50000000	5.85215
263.00000000	5.85069
263.50000000	5.85065
264.00000000	5.85102
264.50000000	5.85175
265.00000000	5.85249
265.50000000	5.85370
266.00000000	5.85445
266.50000000	5.85456
267.00000000	5.85568
267.50000000	5.85602
268.00000000	5.85670
268.50000000	5.85804
269.00000000	5.86023
269.50000000	5.86286
270.00000000	5.86459
270.50000000	5.86768
271.00000000	5.87019
271.50000000	5.87336
272.00000000	5.87699
272.50000000	5.88009
273.00000000	5.88324
273.50000000	5.88746
274.00000000	5.89193
274.50000000	5.89472
275.00000000	5.89552
275.50000000	5.89542
276.00000000	5.89637
276.50000000	5.89840
277.00000000	5.89961
277.50000000	5.90099
278.00000000	5.90170
278.50000000	5.90187
279.00000000	5.90284
279.50000000	5.90338
280.00000000	5.90401
280.50000000	5.90465
281.00000000	5.90562
281.50000000	5.90601
282.00000000	5.90599
282.50000000	5.90566
283.00000000	5.90724
283.50000000	5.90870
284.00000000	5.91117
284.50000000	5.91385
285.00000000	5.91485
285.50000000	5.91644
286.00000000	5.91726
286.50000000	5.91902
287.00000000	5.91865
287.50000000	5.91846
288.00000000	5.91839
288.50000000	5.92013
289.00000000	5.92094
289.50000000	5.92113
290.00000000	5.92031
290.50000000	5.92110
291.00000000	5.92129
291.50000000	5.92105
292.00000000	5.92114
292.50000000	5.92246
293.00000000	5.92358
293.50000000	5.92618
294.00000000	5.92736
294.50000000	5.92896
295.00000000	5.93078
295.50000000	5.93098
296.00000000	5.93183
296.50000000	5.93149
297.00000000	5.93178
297.50000000	5.93167
298.00000000	5.93181
298.50000000	5.93344
299.00000000	5.93604
299.50000000	5.93823
300.00000000	5.94046
300.50000000	5.94262
301.00000000	5.94393
301.50000000	5.94539
302.00000000	5.94716
302.50000000	5.94875
303.00000000	5.94849
303.50000000	5.94815
304.00000000	5.94957
304.50000000	5.94845
305.00000000	5.94708
305.50000000	5.94555
306.00000000	5.94334
306.50000000	5.94066
307.00000000	5.93787
307.50000000	5.93405
308.00000000	5.92990
308.50000000	5.92681
309.00000000	5.92434
309.50000000	5.92156
310.00000000	5.91931
310.50000000	5.91618
311.00000000	5.91270
311.50000000	5.90849
312.00000000	5.90507
312.50000000	5.90301
313.00000000	5.90127
313.50000000	5.89952
314.00000000	5.89602
314.50000000	5.89262
315.00000000	5.89074
315.50000000	5.88867
316.00000000	5.88814
316.50000000	5.88888
317.00000000	5.88864
317.50000000	5.88842
318.00000000	5.88707
318.50000000	5.88626
319.00000000	5.88755
319.50000000	5.88958
320.00000000	5.89191
320.50000000	5.89429
321.00000000	5.89764
321.50000000	5.90075
322.00000000	5.90379
322.50000000	5.90644
323.00000000	5.90868
323.50000000	5.90943
324.00000000	5.91117
324.50000000	5.91213
325.00000000	5.91184
325.50000000	5.91030
326.00000000	5.90868
326.50000000	5.90636
327.00000000	5.90281
327.50000000	5.89971
328.00000000	5.89700
328.50000000	5.89419
329.00000000	5.89151
329.50000000	5.88973
330.00000000	5.88825
330.50000000	5.88858
331.00000000	5.88830
331.50000000	5.88722
332.00000000	5.88704
332.50000000	5.88762
333.00000000	5.88685
333.50000000	5.88571
334.00000000	5.88356
334.50000000	5.87971
335.00000000	5.87648
335.50000000	5.87212
336.00000000	5.86713
336.50000000	5.86255
337.00000000	5.85701
337.50000000	5.85237
338.00000000	5.84849
338.50000000	5.84493
339.00000000	5.84149
339.50000000	5.83943
340.00000000	5.83806
340.50000000	5.83797
341.00000000	5.83790
341.50000000	5.83745
342.00000000	5.83748
342.50000000	5.83695
343.00000000	5.83559
343.50000000	5.83565
344.00000000	5.83565
344.50000000	5.83402
345.00000000	5.83350
345.50000000	5.83256
346.00000000	5.83163
346.50000000	5.83131
347.00000000	5.82984
347.50000000	5.82828
348.00000000	5.82738
348.50000000	5.82613
349.00000000	5.82476
349.50000000	5.82290
350.00000000	5.82074
350.50000000	5.81856
351.00000000	5.81594
351.50000000	5.81270
352.00000000	5.80997
352.50000000	5.80792
353.00000000	5.80660
353.50000000	5.80642
354.00000000	5.80496
354.50000000	5.80515
355.00000000	5.80592
355.50000000	5.80581
356.00000000	5.80720
356.50000000	5.80764
357.00000000	5.80819
357.50000000	5.80932
358.00000000	5.80992
358.50000000	5.80984
359.00000000	5.80952
359.50000000	5.80850
360.00000000	5.80855
360.50000000	5.81018
361.00000000	5.81246
361.50000000	5.81461
362.00000000	5.81584
362.50000000	5.81634
363.00000000	5.81707
363.50000000	5.81845
364.00000000	5.81833
364.50000000	5.81863
365.00000000	5.81753
365.50000000	5.81671
366.00000000	5.81584
366.50000000	5.81297
367.00000000	5.81032
367.50000000	5.80786
368.00000000	5.80514
368.50000000	5.80239
369.00000000	5.80176
369.50000000	5.80055
370.00000000	5.79904
370.50000000	5.79767
371.00000000	5.79431
371.50000000	5.78978
372.00000000	5.78585
372.50000000	5.78194
373.00000000	5.77815
373.50000000	5.77420
374.00000000	5.77154
374.50000000	5.76861
375.00000000	5.76508
375.50000000	5.76138
376.00000000	5.75831
376.50000000	5.75405
377.00000000	5.75156
377.50000000	5.74889
378.00000000	5.74559
378.50000000	5.74318
379.00000000	5.73945
379.50000000	5.73663
380.00000000	5.73371
380.50000000	5.73072
381.00000000	5.72757
381.50000000	5.72434
382.00000000	5.72117
382.50000000	5.71906
383.00000000	5.71799
383.50000000	5.71859
384.00000000	5.72050
384.50000000	5.72247
385.00000000	5.72502
385.50000000	5.72593
386.00000000	5.72660
386.50000000	5.72811
387.00000000	5.72900
387.50000000	5.72969
388.00000000	5.73138
388.50000000	5.73465
389.00000000	5.73717
389.50000000	5.73978
390.00000000	5.74212
390.50000000	5.74330
391.00000000	5.74503
391.50000000	5.74560
392.00000000	5.74729
392.50000000	5.74745
393.00000000	5.74590
393.50000000	5.74408
394.00000000	5.74144
394.50000000	5.73961
395.00000000	5.73712
395.50000000	5.73421
396.00000000	5.73036
396.50000000	5.72783
397.00000000	5.72482
397.50000000	5.72146
398.00000000	5.71727
398.50000000	5.71198
399.00000000	5.70859
399.50000000	5.70544
400.00000000	5.70327
400.50000000	5.70102
401.00000000	5.69726
401.50000000	5.69466
402.00000000	5.69167
402.50000000	5.69023
403.00000000	5.69086
403.50000000	5.69244
404.00000000	5.69292
404.50000000	5.69324
405.00000000	5.69369
405.50000000	5.69355
406.00000000	5.69475
406.50000000	5.69452
407.00000000	5.69346
407.50000000	5.69169
408.00000000	5.69055
408.50000000	5.69090
409.00000000	5.69278
409.50000000	5.69429
410.00000000	5.69610
410.50000000	5.69778
411.00000000	5.70008
411.50000000	5.70210
412.00000000	5.70499
412.50000000	5.70768
413.00000000	5.70991
413.50000000	5.71216
414.00000000	5.71456
414.50000000	5.71714
415.00000000	5.71834
415.50000000	5.71796
416.00000000	5.71782
416.50000000	5.71738
417.00000000	5.71832
417.50000000	5.71964
418.00000000	5.72115
418.50000000	5.72274
419.00000000	5.72469
419.50000000	5.72440
420.00000000	5.72361
420.50000000	5.72148
421.00000000	5.71841
421.50000000	5.71521
422.00000000	5.71228
422.50000000	5.70944
423.00000000	5.70572
423.50000000	5.70300
424.00000000	5.70110
424.50000000	5.69911
425.00000000	5.69769
425.50000000	5.69614
426.00000000	5.69475
426.50000000	5.69393
427.00000000	5.69220
427.50000000	5.69055
428.00000000	5.68941
428.50000000	5.68744
429.00000000	5.68685
429.50000000	5.68747
430.00000000	5.68841
430.50000000	5.68919
431.00000000	5.68933
431.50000000	5.68935
432.00000000	5.68996
432.50000000	5.69140
433.00000000	5.69176
433.50000000	5.69167
434.00000000	5.69169
434.50000000	5.69019
435.00000000	5.69045
435.50000000	5.68985
436.00000000	5.68890
436.50000000	5.68776
437.00000000	5.68601
437.50000000	5.68319
438.00000000	5.68111
438.50000000	5.67922
439.00000000	5.67839
439.50000000	5.67849
440.00000000	5.67930
440.50000000	5.67970
441.00000000	5.68076
441.50000000	5.68117
442.00000000	5.68020
442.50000000	5.67896
443.00000000	5.67601
443.50000000	5.67294
444.00000000	5.67111
444.50000000	5.67036
445.00000000	5.66880
445.50000000	5.66846
446.00000000	5.66787
446.50000000	5.66827
447.00000000	5.66916
447.50000000	5.66993
448.00000000	5.67160
448.50000000	5.67438
449.00000000	5.67706
449.50000000	5.68012
450.00000000	5.68138
450.50000000	5.68299
451.00000000	5.68541
451.50000000	5.68858
452.00000000	5.69070
452.50000000	5.69230
453.00000000	5.69343
453.50000000	5.69390
454.00000000	5.69477
454.50000000	5.69646
455.00000000	5.69743
455.50000000	5.69741
456.00000000	5.69866
456.50000000	5.70115
457.00000000	5.70298
457.50000000	5.70486
458.00000000	5.70658
458.50000000	5.70773
459.00000000	5.70814
459.50000000	5.70889
460.00000000	5.71033
460.50000000	5.71236
461.00000000	5.71432
461.50000000	5.71670
462.00000000	5.71742
462.50000000	5.71741
463.00000000	5.71662
463.50000000	5.71599
464.00000000	5.71582
464.50000000	5.71588
465.00000000	5.71578
465.50000000	5.71534
466.00000000	5.71529
466.50000000	5.71535
467.00000000	5.71456
467.50000000	5.71431
468.00000000	5.71525
468.50000000	5.71514
469.00000000	5.71398
469.50000000	5.71314
470.00000000	5.71202
470.50000000	5.71244
471.00000000	5.71211
471.50000000	5.71289
472.00000000	5.71465
472.50000000	5.71660
473.00000000	5.71750
473.50000000	5.71944
474.00000000	5.72123
474.50000000	5.72247
475.00000000	5.72386
475.50000000	5.72601
476.00000000	5.72775
476.50000000	5.72922
477.00000000	5.72893
477.50000000	5.72929
478.00000000	5.73011
478.50000000	5.73108
479.00000000	5.73151
479.50000000	5.73235
480.00000000	5.73318
480.50000000	5.73470
481.00000000	5.73608
481.50000000	5.73747
482.00000000	5.73830
482.50000000	5.73928
483.00000000	5.74003
483.50000000	5.74048
484.00000000	5.74284
484.50000000	5.74551
485.00000000	5.74672
485.50000000	5.74685
486.00000000	5.74739
486.50000000	5.74691
487.00000000	5.74719
487.50000000	5.74820
488.00000000	5.74973
488.50000000	5.75182
489.00000000	5.75467
489.50000000	5.75760
490.00000000	5.75990
490.50000000	5.76063
491.00000000	5.76124
491.50000000	5.76180
492.00000000	5.76222
492.50000000	5.76303
493.00000000	5.76375
493.50000000	5.76519
494.00000000	5.76622
494.50000000	5.76704
495.00000000	5.76744
495.50000000	5.76666
496.00000000	5.76512
496.50000000	5.76449
497.00000000	5.76376
497.50000000	5.76309
498.00000000	5.76252
498.50000000	5.76253
499.00000000	5.76270
499.50000000	5.76224
500.00000000	5.76270
500.50000000	5.76252
501.00000000	5.76181
501.50000000	5.76052
502.00000000	5.75979
502.50000000	5.76019
503.00000000	5.76074
503.50000000	5.76269
504.00000000	5.76325
504.50000000	5.76479
505.00000000	5.76538
505.50000000	5.76579
506.00000000	5.76780
506.50000000	5.76946
507.00000000	5.77261
507.50000000	5.77570
508.00000000	5.77807
508.50000000	5.78026
509.00000000	5.78198
509.50000000	5.78388
510.00000000	5.78463
510.50000000	5.78584
511.00000000	5.78537
511.50000000	5.78585
512.00000000	5.78723
512.50000000	5.78966
513.00000000	5.79248
513.50000000	5.79607
514.00000000	5.79914
514.50000000	5.80107
515.00000000	5.80234
515.50000000	5.80444
516.00000000	5.80585
516.50000000	5.80897
517.00000000	5.81073
517.50000000	5.81138
518.00000000	5.81115
518.50000000	5.81222
519.00000000	5.81351
519.50000000	5.81418
520.00000000	5.81461
520.50000000	5.81367
521.00000000	5.81300
521.50000000	5.81241
522.00000000	5.81025
522.50000000	5.80745
523.00000000	5.80291
523.50000000	5.79839
524.00000000	5.79448
524.50000000	5.78964
525.00000000	5.78462
525.50000000	5.77989
526.00000000	5.77588
526.50000000	5.77207
527.00000000	5.76813
527.50000000	5.76572
528.00000000	5.76232
528.50000000	5.75892
529.00000000	5.75557
529.50000000	5.75278
530.00000000	5.75032
530.50000000	5.74731
531.00000000	5.74423
531.50000000	5.74182
532.00000000	5.73979
532.50000000	5.73795
533.00000000	5.73679
533.50000000	5.73495
534.00000000	5.73405
534.50000000	5.73351
535.00000000	5.73356
535.50000000	5.73377
536.00000000	5.73426
536.50000000	5.73519
537.00000000	5.73680
537.50000000	5.73941
538.00000000	5.74254
538.50000000	5.74578
539.00000000	5.74792
539.50000000	5.74928
540.00000000	5.75139
540.50000000	5.75316
541.00000000	5.75399
541.50000000	5.75515
542.00000000	5.75520
542.50000000	5.75616
543.00000000	5.75846
543.50000000	5.76095
544.00000000	5.76194
544.50000000	5.76303
545.00000000	5.76465
545.50000000	5.76666
546.00000000	5.76970
546.50000000	5.77168
547.00000000	5.77288
547.50000000	5.77373
548.00000000	5.77373
548.50000000	5.77296
549.00000000	5.77150
549.50000000	5.77202
550.00000000	5.77257
550.50000000	5.77338
551.00000000	5.77397
551.50000000	5.77377
552.00000000	5.77306
552.50000000	5.77348
553.00000000	5.77432
553.50000000	5.77439
554.00000000	5.77494
554.50000000	5.77646
555.00000000	5.77801
555.50000000	5.77904
556.00000000	5.77894
556.50000000	5.77758
557.00000000	5.77549
557.50000000	5.77435
558.00000000	5.77370
558.50000000	5.77190
559.00000000	5.76969
559.50000000	5.76820
560.00000000	5.76710
560.50000000	5.76725
561.00000000	5.76733
561.50000000	5.76814
562.00000000	5.76772
562.50000000	5.76938
563.00000000	5.77251
563.50000000	5.77643
564.00000000	5.77973
564.50000000	5.78365
565.00000000	5.78735
565.50000000	5.79020
566.00000000	5.79199
566.50000000	5.79421
567.00000000	5.79586
567.50000000	5.79769
568.00000000	5.79957
568.50000000	5.80210
569.00000000	5.80409
569.50000000	5.80686
570.00000000	5.81116
570.50000000	5.81532
571.00000000	5.81947
571.50000000	5.82401
572.00000000	5.82775
572.50000000	5.83000
573.00000000	5.83163
573.50000000	5.83359
574.00000000	5.83549
574.50000000	5.83716
575.00000000	5.83796
575.50000000	5.83948
576.00000000	5.84094
576.50000000	5.84165
577.00000000	5.84199
577.50000000	5.84126
578.00000000	5.84275
578.50000000	5.84270
579.00000000	5.84270
579.50000000	5.84154
580.00000000	5.83987
580.50000000	5.83791
581.00000000	5.83602
581.50000000	5.83304
582.00000000	5.83098
582.50000000	5.82924
583.00000000	5.82781
583.50000000	5.82607
584.00000000	5.82392
584.50000000	5.82237
585.00000000	5.82068
585.50000000	5.81824
586.00000000	5.81612
586.50000000	5.81492
587.00000000	5.81431
587.50000000	5.81384
588.00000000	5.81499
588.50000000	5.81589
589.00000000	5.81718
589.50000000	5.81697
590.00000000	5.81638
590.50000000	5.81603
591.00000000	5.81609
591.50000000	5.81891
592.00000000	5.82205
592.50000000	5.82373
593.00000000	5.82560
593.50000000	5.82757
594.00000000	5.82943
594.50000000	5.83119
595.00000000	5.83167
595.50000000	5.83330
596.00000000	5.83594
596.50000000	5.83653
597.00000000	5.83713
597.50000000	5.83758
598.00000000	5.83754
598.50000000	5.83694
599.00000000	5.83657
599.50000000	5.83660
600.00000000	5.83598
600.50000000	5.83536
601.00000000	5.83435
601.50000000	5.83403
602.00000000	5.83347
602.50000000	5.83341
603.00000000	5.83302
603.50000000	5.83485
604.00000000	5.83583
604.50000000	5.83535
605.00000000	5.83591
605.50000000	5.83518
606.00000000	5.83452
606.50000000	5.83346
607.00000000	5.83183
607.50000000	5.82966
608.00000000	5.82917
608.50000000	5.82877
609.00000000	5.82837
609.50000000	5.82710
610.00000000	5.82471
610.50000000	5.82164
611.00000000	5.81696
611.50000000	5.81226
612.00000000	5.80721
612.50000000	5.80213
613.00000000	5.79763
613.50000000	5.79409
614.00000000	5.79111
614.50000000	5.78883
615.00000000	5.78665
615.50000000	5.78432
616.00000000	5.78138
616.50000000	5.77999
617.00000000	5.77763
617.50000000	5.77595
618.00000000	5.77467
618.50000000	5.77298
619.00000000	5.77088
619.50000000	5.76963
620.00000000	5.76749
620.50000000	5.76586
621.00000000	5.76531
621.50000000	5.76647
622.00000000	5.76716
622.50000000	5.76827
623.00000000	5.76811
623.50000000	5.76818
624.00000000	5.76826
624.50000000	5.76909
625.00000000	5.76853
625.50000000	5.76754
626.00000000	5.76606
626.50000000	5.76451
627.00000000	5.76156
627.50000000	5.75906
628.00000000	5.75675
628.50000000	5.75402
629.00000000	5.75013
629.50000000	5.74472
630.00000000	5.74117
630.50000000	5.73724
631.00000000	5.73457
631.50000000	5.73207
632.00000000	5.72940
632.50000000	5.72759
633.00000000	5.72550
633.50000000	5.72287
634.00000000	5.72088
634.50000000	5.71839
635.00000000	5.71658
635.50000000	5.71467
636.00000000	5.71154
636.50000000	5.70802
637.00000000	5.70494
637.50000000	5.70217
638.00000000	5.69826
638.50000000	5.69536
639.00000000	5.69303
639.50000000	5.69230
640.00000000	5.69097
640.50000000	5.68966
641.00000000	5.68840
641.50000000	5.68742
642.00000000	5.68734
642.50000000	5.68599
643.00000000	5.68376
643.50000000	5.68177
644.00000000	5.68128
644.50000000	5.68058
645.00000000	5.68059
645.50000000	5.67946
646.00000000	5.67953
646.50000000	5.67986
647.00000000	5.67971
647.50000000	5.68034
648.00000000	5.68051
648.50000000	5.68127
649.00000000	5.68048
649.50000000	5.67995
650.00000000	5.68019
650.50000000	5.68092
651.00000000	5.68067
651.50000000	5.67992
652.00000000	5.67861
652.50000000	5.67636
653.00000000	5.67488
653.50000000	5.67595
654.00000000	5.67723
654.50000000	5.67788
655.00000000	5.67912
655.50000000	5.68006
656.00000000	5.68043
656.50000000	5.68163
657.00000000	5.68383
657.50000000	5.68541
658.00000000	5.68760
658.50000000	5.68982
659.00000000	5.69182
659.50000000	5.69337
660.00000000	5.69397
660.50000000	5.69536
661.00000000	5.69601
661.50000000	5.69652
662.00000000	5.69713
662.50000000	5.69810
663.00000000	5.69788
663.50000000	5.69902
664.00000000	5.69996
664.50000000	5.70088
665.00000000	5.70278
665.50000000	5.70493
666.00000000	5.70654
666.50000000	5.70791
667.00000000	5.71083
667.50000000	5.71342
668.00000000	5.71571
668.50000000	5.71778
669.00000000	5.71988
669.50000000	5.72271
670.00000000	5.72438
670.50000000	5.72573
671.00000000	5.72599
671.50000000	5.72691
672.00000000	5.72792
672.50000000	5.72848
673.00000000	5.72839
673.50000000	5.72848
674.00000000	5.72583
674.50000000	5.72351
675.00000000	5.72129
675.50000000	5.71893
676.00000000	5.71526
676.50000000	5.71240
677.00000000	5.71025
677.50000000	5.70927
678.00000000	5.70879
678.50000000	5.70645
679.00000000	5.70437
679.50000000	5.70348
680.00000000	5.70137
680.50000000	5.69924
681.00000000	5.69782
681.50000000	5.69750
682.00000000	5.69703
682.50000000	5.69592
683.00000000	5.69500
683.50000000	5.69462
684.00000000	5.69487
684.50000000	5.69506
685.00000000	5.69538
685.50000000	5.69643
686.00000000	5.69566
686.50000000	5.69168
687.00000000	5.68816
687.50000000	5.68569
688.00000000	5.68395
688.50000000	5.68342
689.00000000	5.68306
689.50000000	5.68234
690.00000000	5.68124
690.50000000	5.68007
691.00000000	5.67911
691.50000000	5.67731
692.00000000	5.67604
692.50000000	5.67572
693.00000000	5.67579
693.50000000	5.67522
694.00000000	5.67385
694.50000000	5.67298
695.00000000	5.67210
695.50000000	5.67163
696.00000000	5.66922
696.50000000	5.66506
697.00000000	5.66254
697.50000000	5.65978
698.00000000	5.65930
698.50000000	5.65871
699.00000000	5.65601
699.50000000	5.65462
700.00000000	5.65202
700.50000000	5.65044
701.00000000	5.64855
701.50000000	5.64608
702.00000000	5.64352
702.50000000	5.64015
703.00000000	5.63718
703.50000000	5.63425
704.00000000	5.63180
704.50000000	5.62885
705.00000000	5.62655
705.50000000	5.62400
706.00000000	5.62149
706.50000000	5.61809
707.00000000	5.61562
707.50000000	5.61450
708.00000000	5.61335
708.50000000	5.61268
709.00000000	5.61255
709.50000000	5.61161
710.00000000	5.61056
710.50000000	5.61085
711.00000000	5.61054
711.50000000	5.61140
712.00000000	5.61151
712.50000000	5.61110
713.00000000	5.60922
713.50000000	5.60762
714.00000000	5.60541
714.50000000	5.60282
715.00000000	5.59933
715.50000000	5.59521
716.00000000	5.59243
716.50000000	5.58830
717.00000000	5.58540
717.50000000	5.58236
718.00000000	5.57962
718.50000000	5.57676
719.00000000	5.57421
719.50000000	5.57363
720.00000000	5.57402
720.50000000	5.57431
721.00000000	5.57457
721.50000000	5.57466
722.00000000	5.57435
722.50000000	5.57514
723.00000000	5.57519
723.50000000	5.57650
724.00000000	5.57622
724.50000000	5.57549
725.00000000	5.57627
725.50000000	5.57628
726.00000000	5.57558
726.50000000	5.57522
727.00000000	5.57722
727.50000000	5.57793
728.00000000	5.57756
728.50000000	5.57709
729.00000000	5.57700
729.50000000	5.57764
730.00000000	5.57900
730.50000000	5.57941
731.00000000	5.58067
731.50000000	5.58204
732.00000000	5.58110
732.50000000	5.58014
733.00000000	5.57888
733.50000000	5.57772
734.00000000	5.57517
734.50000000	5.57128
735.00000000	5.56802
735.50000000	5.56508
736.00000000	5.56310
736.50000000	5.56299
737.00000000	5.56193
737.50000000	5.56177
738.00000000	5.55999
738.50000000	5.55719
739.00000000	5.55458
739.50000000	5.55153
740.00000000	5.54895
740.50000000	5.54640
741.00000000	5.54327
741.50000000	5.53993
742.00000000	5.53514
742.50000000	5.53074
743.00000000	5.52684
743.50000000	5.52251
744.00000000	5.51822
744.50000000	5.51382
745.00000000	5.51018
745.50000000	5.50579
746.00000000	5.50046
746.50000000	5.49742
747.00000000	5.49335
747.50000000	5.49054
748.00000000	5.48673
748.50000000	5.48314
749.00000000	5.47935
749.50000000	5.47646
750.00000000	5.47393
750.50000000	5.47152
751.00000000	5.46927
751.50000000	5.46645
752.00000000	5.46329
752.50000000	5.46105
753.00000000	5.45888
753.50000000	5.45770
754.00000000	5.45668
754.50000000	5.45543
755.00000000	5.45383
755.50000000	5.45261
756.00000000	5.45203
756.50000000	5.45194
757.00000000	5.45308
757.50000000	5.45413
758.00000000	5.45447
758.50000000	5.45590
759.00000000	5.45695
759.50000000	5.45771
760.00000000	5.45817
760.50000000	5.45968
761.00000000	5.46077
761.50000000	5.46062
762.00000000	5.46073
762.50000000	5.46175
763.00000000	5.46274
763.50000000	5.46371
764.00000000	5.46532
764.50000000	5.46601
765.00000000	5.46707
765.50000000	5.46882
766.00000000	5.47224
766.50000000	5.47435
767.00000000	5.47658
767.50000000	5.47866
768.00000000	5.48106
768.50000000	5.48300
769.00000000	5.48407
769.50000000	5.48587
770.00000000	5.48746
770.50000000	5.48881
771.00000000	5.49072
771.50000000	5.49264
772.00000000	5.49397
772.50000000	5.49460
773.00000000	5.49601
773.50000000	5.49769
774.00000000	5.49979
774.50000000	5.50120
775.00000000	5.50231
775.50000000	5.50503
776.00000000	5.50851
776.50000000	5.50988
777.00000000	5.51125
777.50000000	5.51144
778.00000000	5.51175
778.50000000	5.51358
779.00000000	5.51696
779.50000000	5.52023
780.00000000	5.52378
780.50000000	5.52726
781.00000000	5.53063
781.50000000	5.53418
782.00000000	5.53679
782.50000000	5.53906
783.00000000	5.54160
783.50000000	5.54430
784.00000000	5.54573
784.50000000	5.54490
785.00000000	5.54421
785.50000000	5.54301
786.00000000	5.54320
786.50000000	5.54364
787.00000000	5.54314
787.50000000	5.54297
788.00000000	5.54233
788.50000000	5.54152
789.00000000	5.54063
789.50000000	5.54039
790.00000000	5.54206
790.50000000	5.54295
791.00000000	5.54401
791.50000000	5.54478
792.00000000	5.54603
792.50000000	5.54581
793.00000000	5.54537
793.50000000	5.54511
794.00000000	5.54555
794.50000000	5.54619
795.00000000	5.54594
795.50000000	5.54494
796.00000000	5.54350
796.50000000	5.54250
797.00000000	5.54049
797.50000000	5.53918
798.00000000	5.53837
798.50000000	5.53840
799.00000000	5.53885
799.50000000	5.53923
800.00000000	5.54061
800.50000000	5.54157
801.00000000	5.54263
801.50000000	5.54234
802.00000000	5.54174
802.50000000	5.54058
803.00000000	5.53989
803.50000000	5.53928
804.00000000	5.53874
804.50000000	5.53805
805.00000000	5.53696
805.50000000	5.53747
806.00000000	5.53839
806.50000000	5.53985
807.00000000	5.54173
807.50000000	5.54339
808.00000000	5.54546
808.50000000	5.54681
809.00000000	5.54816
809.50000000	5.55038
810.00000000	5.55307
810.50000000	5.55452
811.00000000	5.55667
811.50000000	5.55906
812.00000000	5.56134
812.50000000	5.56199
813.00000000	5.56159
813.50000000	5.56074
814.00000000	5.55998
814.50000000	5.56036
815.00000000	5.56205
815.50000000	5.56516
816.00000000	5.56641
816.50000000	5.56762
817.00000000	5.56804
817.50000000	5.56803
818.00000000	5.56813
818.50000000	5.56930
819.00000000	5.57006
819.50000000	5.57085
820.00000000	5.57163
820.50000000	5.57223
821.00000000	5.57379
821.50000000	5.57592
822.00000000	5.57840
822.50000000	5.58061
823.00000000	5.58041
823.50000000	5.57934
824.00000000	5.57850
824.50000000	5.57698
825.00000000	5.57568
825.50000000	5.57303
826.00000000	5.56965
826.50000000	5.56578
827.00000000	5.56193
827.50000000	5.56063
828.00000000	5.56000
828.50000000	5.55850
829.00000000	5.55792
829.50000000	5.55732
830.00000000	5.55711
830.50000000	5.55665
831.00000000	5.55631
831.50000000	5.55582
832.00000000	5.55594
832.50000000	5.55563
833.00000000	5.55596
833.50000000	5.55733
834.00000000	5.55687
834.50000000	5.55690
835.00000000	5.55651
835.50000000	5.55563
836.00000000	5.55512
836.50000000	5.55544
837.00000000	5.55549
837.50000000	5.55623
838.00000000	5.55694
838.50000000	5.55791
839.00000000	5.55933
839.50000000	5.55933
840.00000000	5.55922
840.50000000	5.56051
841.00000000	5.56200
841.50000000	5.56343
842.00000000	5.56398
842.50000000	5.56350
843.00000000	5.56129
843.50000000	5.55879
844.00000000	5.55593
844.50000000	5.55313
845.00000000	5.55118
845.50000000	5.55047
846.00000000	5.54864
846.50000000	5.54794
847.00000000	5.54891
847.50000000	5.54978
848.00000000	5.55116
848.50000000	5.55175
849.00000000	5.55217
849.50000000	5.55378
850.00000000	5.55534
850.50000000	5.55579
851.00000000	5.55477
851.50000000	5.55358
852.00000000	5.55169
852.50000000	5.54873
853.00000000	5.54642
853.50000000	5.54499
854.00000000	5.54470
854.50000000	5.54446
855.00000000	5.54364
855.50000000	5.54313
856.00000000	5.54257
856.50000000	5.54045
857.00000000	5.53810
857.50000000	5.53696
858.00000000	5.53648
858.50000000	5.53672
859.00000000	5.53931
859.50000000	5.54204
860.00000000	5.54495
860.50000000	5.54726
861.00000000	5.54866
861.50000000	5.54951
862.00000000	5.55056
862.50000000	5.55111
863.00000000	5.55319
863.50000000	5.55510
864.00000000	5.55751
864.50000000	5.55989
865.00000000	5.56157
865.50000000	5.56332
866.00000000	5.56514
866.50000000	5.56663
867.00000000	5.56797
867.50000000	5.56945
868.00000000	5.57167
868.50000000	5.57454
869.00000000	5.57689
869.50000000	5.57897
870.00000000	5.58015
870.50000000	5.58164
871.00000000	5.58188
871.50000000	5.58323
872.00000000	5.58297
872.50000000	5.58419
873.00000000	5.58502
873.50000000	5.58547
874.00000000	5.58641
874.50000000	5.58623
875.00000000	5.58546
875.50000000	5.58511
876.00000000	5.58424
876.50000000	5.58576
877.00000000	5.58733
877.50000000	5.59089
878.00000000	5.59372
878.50000000	5.59702
879.00000000	5.59951
879.50000000	5.60172
880.00000000	5.60250
880.50000000	5.60430
881.00000000	5.60692
881.50000000	5.60897
882.00000000	5.61169
882.50000000	5.61497
883.00000000	5.61773
883.50000000	5.61921
884.00000000	5.62084
884.50000000	5.62303
885.00000000	5.62538
885.50000000	5.62774
886.00000000	5.63068
886.50000000	5.63255
887.00000000	5.63384
887.50000000	5.63564
888.00000000	5.63736
888.50000000	5.63855
889.00000000	5.63946
889.50000000	5.64016
890.00000000	5.63911
890.50000000	5.63677
891.00000000	5.63436
891.50000000	5.63295
892.00000000	5.63225
892.50000000	5.63172
893.00000000	5.63022
893.50000000	5.62897
894.00000000	5.62839
894.50000000	5.62747
895.00000000	5.62726
895.50000000	5.62677
896.00000000	5.62658
896.50000000	5.62697
897.00000000	5.62770
897.50000000	5.62800
898.00000000	5.62800
898.50000000	5.62818
899.00000000	5.62891
899.50000000	5.63042
900.00000000	5.63141
900.50000000	5.63045
901.00000000	5.62995
901.50000000	5.62786
902.00000000	5.62526
902.50000000	5.62297
903.00000000	5.62096
903.50000000	5.62058
904.00000000	5.61909
904.50000000	5.61830
905.00000000	5.61690
905.50000000	5.61521
906.00000000	5.61310
906.50000000	5.61224
907.00000000	5.61111
907.50000000	5.60913
908.00000000	5.60731
908.50000000	5.60600
909.00000000	5.60459
909.50000000	5.60138
910.00000000	5.59824
910.50000000	5.59628
911.00000000	5.59494
911.50000000	5.59331
912.00000000	5.59009
912.50000000	5.58810
913.00000000	5.58619
913.50000000	5.58419
914.00000000	5.58025
914.50000000	5.57749
915.00000000	5.57530
915.50000000	5.57239
916.00000000	5.57023
916.50000000	5.56933
917.00000000	5.56823
917.50000000	5.56779
918.00000000	5.56780
918.50000000	5.56737
919.00000000	5.56802
919.50000000	5.56629
920.00000000	5.56585
920.50000000	5.56488
921.00000000	5.56425
921.50000000	5.56467
922.00000000	5.56519
922.50000000	5.56668
923.00000000	5.56720
923.50000000	5.56972
924.00000000	5.57217
924.50000000	5.57273
925.00000000	5.57286
925.50000000	5.57398
926.00000000	5.57562
926.50000000	5.57858
927.00000000	5.58005
927.50000000	5.58026
928.00000000	5.58239
928.50000000	5.58383
929.00000000	5.58617
929.50000000	5.58823
930.00000000	5.59086
930.50000000	5.59386
931.00000000	5.59622
931.50000000	5.59865
932.00000000	5.60042
932.50000000	5.60202
933.00000000	5.60298
933.50000000	5.60394
934.00000000	5.60578
934.50000000	5.60651
935.00000000	5.60757
935.50000000	5.60781
936.00000000	5.60773
936.50000000	5.60813
937.00000000	5.60973
937.50000000	5.61137
938.00000000	5.61358
938.50000000	5.61627
939.00000000	5.61836
939.50000000	5.62114
940.00000000	5.62263
940.50000000	5.62577
941.00000000	5.62929
941.50000000	5.63261
942.00000000	5.63557
942.50000000	5.63817
943.00000000	5.64005
943.50000000	5.64356
944.00000000	5.64651
944.50000000	5.64820
945.00000000	5.65032
945.50000000	5.65268
946.00000000	5.65359
946.50000000	5.65474
947.00000000	5.65677
947.50000000	5.65840
948.00000000	5.66063
948.50000000	5.66215
949.00000000	5.66326
949.50000000	5.66355
950.00000000	5.66446
950.50000000	5.66596
951.00000000	5.66847
951.50000000	5.67152
952.00000000	5.67286
952.50000000	5.67397
953.00000000	5.67476
953.50000000	5.67720
954.00000000	5.68068
954.50000000	5.68319
955.00000000	5.68506
955.50000000	5.68595
956.00000000	5.68592
956.50000000	5.68657
957.00000000	5.68548
957.50000000	5.68463
958.00000000	5.68256
958.50000000	5.68021
959.00000000	5.67877
959.50000000	5.67764
960.00000000	5.67730
960.50000000	5.67614
961.00000000	5.67362
961.50000000	5.67040
962.00000000	5.66835
962.50000000	5.66515
963.00000000	5.66083
963.50000000	5.65851
964.00000000	5.65604
964.50000000	5.65344
965.00000000	5.65119
965.50000000	5.65126
966.00000000	5.65180
966.50000000	5.65299
967.00000000	5.65399
967.50000000	5.65648
968.00000000	5.65745
968.50000000	5.65764
969.00000000	5.65823
969.50000000	5.65865
970.00000000	5.65927
970.50000000	5.65992
971.00000000	5.66166
971.50000000	5.66308
972.00000000	5.66534
972.50000000	5.66785
973.00000000	5.67078
973.50000000	5.67322
974.00000000	5.67555
974.50000000	5.67975
975.00000000	5.68336
975.50000000	5.68578
976.00000000	5.68655
976.50000000	5.68792
977.00000000	5.68961
977.50000000	5.69179
978.00000000	5.69355
978.50000000	5.69520
979.00000000	5.69792
979.50000000	5.70107
980.00000000	5.70449
980.50000000	5.70833
981.00000000	5.71295
981.50000000	5.71721
982.00000000	5.72213
982.50000000	5.72710
983.00000000	5.73032
983.50000000	5.73360
984.00000000	5.73489
984.50000000	5.73637
985.00000000	5.73732
985.50000000	5.73798
986.00000000	5.73962
986.50000000	5.74077
987.00000000	5.74246
987.50000000	5.74483
988.00000000	5.74913
988.50000000	5.75345
989.00000000	5.75638
989.50000000	5.75861
990.00000000	5.76161
990.50000000	5.76380
991.00000000	5.76588
991.50000000	5.76846
992.00000000	5.76930
992.50000000	5.76885
993.00000000	5.76860
993.50000000	5.76722
994.00000000	5.76550
994.50000000	5.76355
995.00000000	5.76200
995.50000000	5.76231
996.00000000	5.76291
996.50000000	5.76246
997.00000000	5.76387
997.50000000	5.76537
998.00000000	5.76612
998.50000000	5.76739
999.00000000	5.76863
999.50000000	5.76925
1000.00000000	5.77072
1000.50000000	5.77305
1001.00000000	5.77576
1001.50000000	5.77617
1002.00000000	5.77798
1002.50000000	5.78066
1003.00000000	5.78415
1003.50000000	5.78711
1004.00000000	5.79079
1004.50000000	5.79415
1005.00000000	5.79619
1005.50000000	5.79788
1006.00000000	5.79878
1006.50000000	5.80041
1007.00000000	5.80118
1007.50000000	5.80154
1008.00000000	5.80070
1008.50000000	5.80039
1009.00000000	5.79812
1009.50000000	5.79688
1010.00000000	5.79586
1010.50000000	5.79440
1011.00000000	5.79287
1011.50000000	5.79159
1012.00000000	5.79268
1012.50000000	5.79473
1013.00000000	5.79735
1013.50000000	5.79806
1014.00000000	5.79913
1014.50000000	5.80032
1015.00000000	5.80075
1015.50000000	5.80152
1016.00000000	5.80226
1016.50000000	5.80386
1017.00000000	5.80601
1017.50000000	5.80770
1018.00000000	5.80889
1018.50000000	5.80937
1019.00000000	5.81023
1019.50000000	5.81192
1020.00000000	5.81394
1020.50000000	5.81666
1021.00000000	5.81886
1021.50000000	5.82199
1022.00000000	5.82366
1022.50000000	5.82502
1023.00000000	5.82695
1023.50000000	5.82891
1024.00000000	5.83151
1024.50000000	5.83441
1025.00000000	5.83984
1025.50000000	5.84589
1026.00000000	5.85205
1026.50000000	5.85735
1027.00000000	5.86294
1027.50000000	5.86674
1028.00000000	5.86890
1028.50000000	5.87134
1029.00000000	5.87306
1029.50000000	5.87632
1030.00000000	5.87945
1030.50000000	5.88281
1031.00000000	5.88542
1031.50000000	5.88800
1032.00000000	5.89055
1032.50000000	5.89153
1033.00000000	5.89244
1033.50000000	5.89238
1034.00000000	5.89085
1034.50000000	5.89098
1035.00000000	5.89170
1035.50000000	5.89398
1036.00000000	5.89654
1036.50000000	5.89923
1037.00000000	5.90272
1037.50000000	5.90640
1038.00000000	5.90884
1038.50000000	5.91143
1039.00000000	5.91569
1039.50000000	5.91965
1040.00000000	5.92343
1040.50000000	5.92721
1041.00000000	5.93022
1041.50000000	5.93332
1042.00000000	5.93817
1042.50000000	5.94263
1043.00000000	5.94797
1043.50000000	5.95256
1044.00000000	5.95617
1044.50000000	5.95798
1045.00000000	5.95819
1045.50000000	5.95942
1046.00000000	5.96195
1046.50000000	5.96510
1047.00000000	5.96627
1047.50000000	5.96618
1048.00000000	5.96670
1048.50000000	5.96846
1049.00000000	5.97104
1049.50000000	5.97250
1050.00000000	5.97210
1050.50000000	5.97198
1051.00000000	5.97247
1051.50000000	5.97224
1052.00000000	5.97270
1052.50000000	5.97423
1053.00000000	5.97469
1053.50000000	5.97538
1054.00000000	5.97427
1054.50000000	5.97431
1055.00000000	5.97392
1055.50000000	5.97264
1056.00000000	5.97171
1056.50000000	5.97173
1057.00000000	5.97006
1057.50000000	5.97013
1058.00000000	5.97027
1058.50000000	5.96921
1059.00000000	5.96817
1059.50000000	5.96690
1060.00000000	5.96622
1060.50000000	5.96495
1061.00000000	5.96338
1061.50000000	5.96023
1062.00000000	5.95693
1062.50000000	5.95408
1063.00000000	5.95267
1063.50000000	5.95244
1064.00000000	5.95297
1064.50000000	5.95244
1065.00000000	5.95134
1065.50000000	5.95078
1066.00000000	5.95169
1066.50000000	5.95233
1067.00000000	5.95202
1067.50000000	5.95219
1068.00000000	5.95299
1068.50000000	5.95332
1069.00000000	5.95461
1069.50000000	5.95487
1070.00000000	5.95448
1070.50000000	5.95481
1071.00000000	5.95422
1071.50000000	5.95261
1072.00000000	5.95037
1072.50000000	5.94794
1073.00000000	5.94652
1073.50000000	5.94577
1074.00000000	5.94397
1074.50000000	5.94296
1075.00000000	5.94189
1075.50000000	5.94097
1076.00000000	5.94048
1076.50000000	5.94021
1077.00000000	5.93955
1077.50000000	5.93991
1078.00000000	5.94119
1078.50000000	5.94333
1079.00000000	5.94465
1079.50000000	5.94709
1080.00000000	5.94806
1080.50000000	5.94934
1081.00000000	5.94890
1081.50000000	5.94777
1082.00000000	5.94724
1082.50000000	5.94492
1083.00000000	5.94208
1083.50000000	5.93968
1084.00000000	5.93810
1084.50000000	5.93823
1085.00000000	5.93716
1085.50000000	5.93556
1086.00000000	5.93387
1086.50000000	5.93208
1087.00000000	5.93065
1087.50000000	5.92983
1088.00000000	5.92869
1088.50000000	5.92725
1089.00000000	5.92602
1089.50000000	5.92458
1090.00000000	5.92390
1090.50000000	5.92339
1091.00000000	5.92213
1091.50000000	5.92187
1092.00000000	5.92065
1092.50000000	5.92030
1093.00000000	5.91922
1093.50000000	5.91748
1094.00000000	5.91520
1094.50000000	5.91326
1095.00000000	5.91052
1095.50000000	5.90841
1096.00000000	5.90618
1096.50000000	5.90499
1097.00000000	5.90534
1097.50000000	5.90590
1098.00000000	5.90471
1098.50000000	5.90176
1099.00000000	5.89747
1099.50000000	5.89265
1100.00000000	5.88713
1100.50000000	5.88230
1101.00000000	5.87805
1101.50000000	5.87321
1102.00000000	5.86997
1102.50000000	5.86593
1103.00000000	5.86256
1103.50000000	5.85852
1104.00000000	5.85523
1104.50000000	5.85380
1105.00000000	5.85116
1105.50000000	5.84947
1106.00000000	5.84804
1106.50000000	5.84551
1107.00000000	5.84424
1107.50000000	5.84312
1108.00000000	5.84199
1108.50000000	5.84121
1109.00000000	5.84017
1109.50000000	5.83964
1110.00000000	5.83899
1110.50000000	5.83704
1111.00000000	5.83438
1111.50000000	5.83196
1112.00000000	5.83020
1112.50000000	5.82842
1113.00000000	5.82747
1113.50000000	5.82681
1114.00000000	5.82706
1114.50000000	5.82712
1115.00000000	5.82679
1115.50000000	5.82785
1116.00000000	5.82995
1116.50000000	5.83226
1117.00000000	5.83512
1117.50000000	5.83806
1118.00000000	5.84063
1118.50000000	5.84301
1119.00000000	5.84562
1119.50000000	5.84827
1120.00000000	5.85025
1120.50000000	5.85178
1121.00000000	5.85298
1121.50000000	5.85365
1122.00000000	5.85442
1122.50000000	5.85396
1123.00000000	5.85381
1123.50000000	5.85327
1124.00000000	5.85342
1124.50000000	5.85347
1125.00000000	5.85396
1125.50000000	5.85369
1126.00000000	5.85361
1126.50000000	5.85163
1127.00000000	5.85011
1127.50000000	5.84871
1128.00000000	5.84823
1128.50000000	5.84900
1129.00000000	5.84906
1129.50000000	5.84917
1130.00000000	5.84886
1130.50000000	5.84976
1131.00000000	5.85033
1131.50000000	5.84997
1132.00000000	5.85010
1132.50000000	5.85106
1133.00000000	5.85215
1133.50000000	5.85213
1134.00000000	5.85190
1134.50000000	5.85219
1135.00000000	5.85353
1135.50000000	5.85621
1136.00000000	5.85893
1136.50000000	5.86173
1137.00000000	5.86398
1137.50000000	5.86627
1138.00000000	5.86739
1138.50000000	5.87023
1139.00000000	5.87245
1139.50000000	5.87490
1140.00000000	5.87702
1140.50000000	5.87699
1141.00000000	5.87643
1141.50000000	5.87628
1142.00000000	5.87724
1142.50000000	5.87801
1143.00000000	5.87897
1143.50000000	5.88069
1144.00000000	5.88209
1144.50000000	5.88214
1145.00000000	5.88120
1145.50000000	5.87908
1146.00000000	5.87696
1146.50000000	5.87493
1147.00000000	5.87266
1147.50000000	5.86879
1148.00000000	5.86706
1148.50000000	5.86534
1149.00000000	5.86301
1149.50000000	5.86171
1150.00000000	5.86038
1150.50000000	5.86013
1151.00000000	5.85979
1151.50000000	5.86009
1152.00000000	5.86066
1152.50000000	5.86104
1153.00000000	5.86006
1153.50000000	5.85955
1154.00000000	5.85826
1154.50000000	5.85717
1155.00000000	5.85548
1155.50000000	5.85366
1156.00000000	5.85093
1156.50000000	5.84702
1157.00000000	5.84419
1157.50000000	5.84364
1158.00000000	5.84294
1158.50000000	5.84149
1159.00000000	5.84017
1159.50000000	5.83727
1160.00000000	5.83382
1160.50000000	5.83142
1161.00000000	5.82916
1161.50000000	5.82604
1162.00000000	5.82317
1162.50000000	5.81877
1163.00000000	5.81495
1163.50000000	5.81282
1164.00000000	5.80958
1164.50000000	5.80791
1165.00000000	5.80612
1165.50000000	5.80438
1166.00000000	5.80269
1166.50000000	5.80192
1167.00000000	5.80056
1167.50000000	5.79713
1168.00000000	5.79451
1168.50000000	5.79077
1169.00000000	5.78765
1169.50000000	5.78437
1170.00000000	5.78154
1170.50000000	5.77857
1171.00000000	5.77643
1171.50000000	5.77433
1172.00000000	5.77288
1172.50000000	5.77170
1173.00000000	5.77064
1173.50000000	5.76841
1174.00000000	5.76681
1174.50000000	5.76564
1175.00000000	5.76470
1175.50000000	5.76279
1176.00000000	5.76080
1176.50000000	5.75955
1177.00000000	5.75931
1177.50000000	5.75748
1178.00000000	5.75594
1178.50000000	5.75464
1179.00000000	5.75428
1179.50000000	5.75218
1180.00000000	5.74910
1180.50000000	5.74697
1181.00000000	5.74403
1181.50000000	5.74150
1182.00000000	5.73811
1182.50000000	5.73427
1183.00000000	5.73147
1183.50000000	5.72818
1184.00000000	5.72372
1184.50000000	5.71915
1185.00000000	5.71466
1185.50000000	5.71174
1186.00000000	5.70939
1186.50000000	5.70747
1187.00000000	5.70649
1187.50000000	5.70425
1188.00000000	5.70374
1188.50000000	5.70227
1189.00000000	5.70147
1189.50000000	5.69995
1190.00000000	5.69850
1190.50000000	5.69594
1191.00000000	5.69388
1191.50000000	5.69173
1192.00000000	5.68952
1192.50000000	5.68627
1193.00000000	5.68267
1193.50000000	5.67862
1194.00000000	5.67617
1194.50000000	5.67348
1195.00000000	5.67151
1195.50000000	5.66975
1196.00000000	5.66639
1196.50000000	5.66272
1197.00000000	5.66093
1197.50000000	5.65982
1198.00000000	5.65830
1198.50000000	5.65830
1199.00000000	5.65707
1199.50000000	5.65496
1200.00000000	5.65257
1200.50000000	5.65109
1201.00000000	5.65063
1201.50000000	5.64892
1202.00000000	5.64759
1202.50000000	5.64620
1203.00000000	5.64505
1203.50000000	5.64482
1204.00000000	5.64311
1204.50000000	5.64216
1205.00000000	5.64079
1205.50000000	5.63965
1206.00000000	5.63915
1206.50000000	5.63889
1207.00000000	5.63819
1207.50000000	5.63677
1208.00000000	5.63550
1208.50000000	5.63496
1209.00000000	5.63548
1209.50000000	5.63677
1210.00000000	5.63728
1210.50000000	5.63671
1211.00000000	5.63635
1211.50000000	5.63516
1212.00000000	5.63309
1212.50000000	5.63196
1213.00000000	5.63105
1213.50000000	5.62987
1214.00000000	5.62995
1214.50000000	5.62823
1215.00000000	5.62708
1215.50000000	5.62610
1216.00000000	5.62633
1216.50000000	5.62553
1217.00000000	5.62437
1217.50000000	5.62314
1218.00000000	5.62121
1218.50000000	5.61981
1219.00000000	5.61940
1219.50000000	5.61863
1220.00000000	5.61580
1220.50000000	5.61363
1221.00000000	5.61091
1221.50000000	5.60830
1222.00000000	5.60603
1222.50000000	5.60500
1223.00000000	5.60474
1223.50000000	5.60579
1224.00000000	5.60671
1224.50000000	5.60787
1225.00000000	5.61019
1225.50000000	5.61423
1226.00000000	5.61730
1226.50000000	5.62045
1227.00000000	5.62292
1227.50000000	5.62650
1228.00000000	5.63074
1228.50000000	5.63482
1229.00000000	5.63798
1229.50000000	5.64164
1230.00000000	5.64494
1230.50000000	5.64813
1231.00000000	5.65099
1231.50000000	5.65433
1232.00000000	5.65882
1232.50000000	5.66390
1233.00000000	5.66834
1233.50000000	5.67197
1234.00000000	5.67556
1234.50000000	5.67951
1235.00000000	5.68388
1235.50000000	5.68768
1236.00000000	5.69035
1236.50000000	5.69326
1237.00000000	5.69599
1237.50000000	5.69990
1238.00000000	5.70359
1238.50000000	5.70679
1239.00000000	5.70901
1239.50000000	5.71241
1240.00000000	5.71573
1240.50000000	5.72044
1241.00000000	5.72411
1241.50000000	5.72659
1242.00000000	5.72870
1242.50000000	5.73121
1243.00000000	5.73279
1243.50000000	5.73266
1244.00000000	5.73283
1244.50000000	5.73480
1245.00000000	5.73609
1245.50000000	5.73782
1246.00000000	5.73968
1246.50000000	5.74169
1247.00000000	5.74282
1247.50000000	5.74349
1248.00000000	5.74306
1248.50000000	5.74233
1249.00000000	5.74206
1249.50000000	5.74225
1250.00000000	5.74110
1250.50000000	5.74061
1251.00000000	5.74002
1251.50000000	5.74040
1252.00000000	5.74070
1252.50000000	5.74070
1253.00000000	5.74225
1253.50000000	5.74351
1254.00000000	5.74389
1254.50000000	5.74438
1255.00000000	5.74523
1255.50000000	5.74586
1256.00000000	5.74776
1256.50000000	5.74906
1257.00000000	5.75060
1257.50000000	5.75261
1258.00000000	5.75442
1258.50000000	5.75780
1259.00000000	5.76226
1259.50000000	5.76669
1260.00000000	5.77154
1260.50000000	5.77618
1261.00000000	5.78138
1261.50000000	5.78492
1262.00000000	5.78846
1262.50000000	5.79211
1263.00000000	5.79580
1263.50000000	5.79785
1264.00000000	5.80025
1264.50000000	5.80410
1265.00000000	5.80741
1265.50000000	5.81168
1266.00000000	5.81527
1266.50000000	5.81820
1267.00000000	5.82151
1267.50000000	5.82651
1268.00000000	5.82991
1268.50000000	5.83410
1269.00000000	5.83857
1269.50000000	5.84307
1270.00000000	5.84651
1270.50000000	5.84891
1271.00000000	5.85225
1271.50000000	5.85431
1272.00000000	5.85789
1272.50000000	5.86220
1273.00000000	5.86564
1273.50000000	5.86725
1274.00000000	5.86981
1274.50000000	5.87142
1275.00000000	5.87327
1275.50000000	5.87505
1276.00000000	5.87724
1276.50000000	5.88029
1277.00000000	5.88350
1277.50000000	5.88590
1278.00000000	5.88751
1278.50000000	5.88834
1279.00000000	5.88821
1279.50000000	5.88732
1280.00000000	5.88618
1280.50000000	5.88696
1281.00000000	5.88514
1281.50000000	5.88453
1282.00000000	5.88455
1282.50000000	5.88576
1283.00000000	5.88640
1283.50000000	5.88556
1284.00000000	5.88358
1284.50000000	5.88182
1285.00000000	5.88069
1285.50000000	5.87885
1286.00000000	5.87813
1286.50000000	5.87709
1287.00000000	5.87709
1287.50000000	5.87560
1288.00000000	5.87489
1288.50000000	5.87487
1289.00000000	5.87461
1289.50000000	5.87412
1290.00000000	5.87508
1290.50000000	5.87481
1291.00000000	5.87517
1291.50000000	5.87606
1292.00000000	5.87675
1292.50000000	5.87751
1293.00000000	5.87866
1293.50000000	5.88077
1294.00000000	5.88286
1294.50000000	5.88434
1295.00000000	5.88501
1295.50000000	5.88493
1296.00000000	5.88405
1296.50000000	5.88487
1297.00000000	5.88507
1297.50000000	5.88544
1298.00000000	5.88614
1298.50000000	5.88621
1299.00000000	5.88598
1299.50000000	5.88522
1300.00000000	5.88284
1300.50000000	5.87981
1301.00000000	5.87748
1301.50000000	5.87404
1302.00000000	5.87231
1302.50000000	5.86952
1303.00000000	5.86561
1303.50000000	5.86249
1304.00000000	5.85989
1304.50000000	5.85621
1305.00000000	5.85366
1305.50000000	5.85034
1306.00000000	5.84862
1306.50000000	5.84745
1307.00000000	5.84691
1307.50000000	5.84564
1308.00000000	5.84496
1308.50000000	5.84385
1309.00000000	5.84235
1309.50000000	5.84063
1310.00000000	5.83789
1310.50000000	5.83592
1311.00000000	5.83419
1311.50000000	5.83239
1312.00000000	5.83057
1312.50000000	5.82652
1313.00000000	5.82137
1313.50000000	5.81689
1314.00000000	5.81405
1314.50000000	5.81141
1315.00000000	5.80833
1315.50000000	5.80551
1316.00000000	5.80270
1316.50000000	5.80100
1317.00000000	5.79975
1317.50000000	5.79675
1318.00000000	5.79330
1318.50000000	5.79135
1319.00000000	5.79185
1319.50000000	5.79158
1320.00000000	5.79145
1320.50000000	5.79114
1321.00000000	5.79141
1321.50000000	5.78959
1322.00000000	5.78788
1322.50000000	5.78749
1323.00000000	5.78546
1323.50000000	5.78361
1324.00000000	5.78221
1324.50000000	5.78124
1325.00000000	5.77940
1325.50000000	5.77857
1326.00000000	5.77663
1326.50000000	5.77630
1327.00000000	5.77657
1327.50000000	5.77731
1328.00000000	5.77888
1328.50000000	5.77917
1329.00000000	5.77799
1329.50000000	5.77697
1330.00000000	5.77476
1330.50000000	5.77170
1331.00000000	5.77003
1331.50000000	5.76673
1332.00000000	5.76309
1332.50000000	5.75936
1333.00000000	5.75539
1333.50000000	5.75116
1334.00000000	5.74729
1334.50000000	5.74295
1335.00000000	5.73839
1335.50000000	5.73509
1336.00000000	5.73214
1336.50000000	5.72856
1337.00000000	5.72536
1337.50000000	5.72148
1338.00000000	5.71841
1338.50000000	5.71525
1339.00000000	5.71219
1339.50000000	5.71073
1340.00000000	5.70913
1340.50000000	5.70778
1341.00000000	5.70552
1341.50000000	5.70270
1342.00000000	5.69868
1342.50000000	5.69475
1343.00000000	5.69073
1343.50000000	5.68589
1344.00000000	5.68303
1344.50000000	5.68054
1345.00000000	5.67806
1345.50000000	5.67483
1346.00000000	5.67171
1346.50000000	5.66932
1347.00000000	5.66640
1347.50000000	5.66329
1348.00000000	5.66040
1348.50000000	5.65650
1349.00000000	5.65238
1349.50000000	5.64804
1350.00000000	5.64455
1350.50000000	5.64249
1351.00000000	5.64050
1351.50000000	5.63964
1352.00000000	5.63947
1352.50000000	5.63894
1353.00000000	5.63647
1353.50000000	5.63460
1354.00000000	5.63353
1354.50000000	5.63301
1355.00000000	5.63354
1355.50000000	5.63430
1356.00000000	5.63603
1356.50000000	5.63758
1357.00000000	5.63945
1357.50000000	5.64025
1358.00000000	5.64001
1358.50000000	5.64036
1359.00000000	5.64055
1359.50000000	5.64053
1360.00000000	5.64031
1360.50000000	5.63956
1361.00000000	5.63806
1361.50000000	5.63732
1362.00000000	5.63677
1362.50000000	5.63496
1363.00000000	5.63212
1363.50000000	5.62988
1364.00000000	5.62674
1364.50000000	5.62276
1365.00000000	5.61800
1365.50000000	5.61355
1366.00000000	5.60852
1366.50000000	5.60440
1367.00000000	5.60165
1367.50000000	5.60036
1368.00000000	5.60038
1368.50000000	5.60061
1369.00000000	5.60162
1369.50000000	5.60325
1370.00000000	5.60476
1370.50000000	5.60806
1371.00000000	5.60976
1371.50000000	5.61106
1372.00000000	5.61249
1372.50000000	5.61395
1373.00000000	5.61485
1373.50000000	5.61720
1374.00000000	5.62017
1374.50000000	5.62363
1375.00000000	5.62664
1375.50000000	5.62996
1376.00000000	5.63325
1376.50000000	5.63746
1377.00000000	5.64065
1377.50000000	5.64383
1378.00000000	5.64713
1378.50000000	5.65046
1379.00000000	5.65351
1379.50000000	5.65753
1380.00000000	5.66141
1380.50000000	5.66498
1381.00000000	5.66772
1381.50000000	5.67122
1382.00000000	5.67431
1382.50000000	5.67706
1383.00000000	5.68115
1383.50000000	5.68427
1384.00000000	5.68767
1384.50000000	5.69012
1385.00000000	5.69168
1385.50000000	5.69337
1386.00000000	5.69364
1386.50000000	5.69393
1387.00000000	5.69390
1387.50000000	5.69378
1388.00000000	5.69478
1388.50000000	5.69630
1389.00000000	5.69794
1389.50000000	5.69956
1390.00000000	5.70017
1390.50000000	5.70068
1391.00000000	5.70085
1391.50000000	5.70008
1392.00000000	5.69988
1392.50000000	5.69942
1393.00000000	5.69837
1393.50000000	5.69770
1394.00000000	5.69650
1394.50000000	5.69603
1395.00000000	5.69639
1395.50000000	5.69706
1396.00000000	5.69691
1396.50000000	5.69694
1397.00000000	5.69742
1397.50000000	5.69741
1398.00000000	5.69855
1398.50000000	5.70064
1399.00000000	5.70194
1399.50000000	5.70191
1400.00000000	5.70189
1400.50000000	5.70267
1401.00000000	5.70281
1401.50000000	5.70251
1402.00000000	5.70217
1402.50000000	5.70240
1403.00000000	5.70289
1403.50000000	5.70298
1404.00000000	5.70313
1404.50000000	5.70322
1405.00000000	5.70233
1405.50000000	5.69988
1406.00000000	5.69896
1406.50000000	5.69823
1407.00000000	5.69799
1407.50000000	5.69733
1408.00000000	5.69792
1408.50000000	5.69897
1409.00000000	5.70084
1409.50000000	5.70254
1410.00000000	5.70446
1410.50000000	5.70618
1411.00000000	5.70814
1411.50000000	5.70871
1412.00000000	5.70946
1412.50000000	5.70853
1413.00000000	5.70717
1413.50000000	5.70654
1414.00000000	5.70670
1414.50000000	5.70698
1415.00000000	5.70664
1415.50000000	5.70700
1416.00000000	5.70736
1416.50000000	5.70814
1417.00000000	5.70911
1417.50000000	5.70963
1418.00000000	5.71094
1418.50000000	5.71297
1419.00000000	5.71600
1419.50000000	5.71808
1420.00000000	5.71943
1420.50000000	5.72064
1421.00000000	5.72000
1421.50000000	5.71837
1422.00000000	5.71946
1422.50000000	5.71940
1423.00000000	5.71920
1423.50000000	5.71846
1424.00000000	5.71795
1424.50000000	5.71866
1425.00000000	5.71930
1425.50000000	5.71902
1426.00000000	5.71994
1426.50000000	5.72299
1427.00000000	5.72653
1427.50000000	5.73038
1428.00000000	5.73457
1428.50000000	5.73905
1429.00000000	5.74237
1429.50000000	5.74441
1430.00000000	5.74824
1430.50000000	5.75202
1431.00000000	5.75558
1431.50000000	5.75936
1432.00000000	5.76186
1432.50000000	5.76425
1433.00000000	5.76633
1433.50000000	5.76662
1434.00000000	5.76682
1434.50000000	5.76740
1435.00000000	5.76761
1435.50000000	5.76925
1436.00000000	5.77177
1436.50000000	5.77288
1437.00000000	5.77264
1437.50000000	5.77338
1438.00000000	5.77417
1438.50000000	5.77418
1439.00000000	5.77513
1439.50000000	5.77603
1440.00000000	5.77646
1440.50000000	5.77709
1441.00000000	5.77596
1441.50000000	5.77495
1442.00000000	5.77488
1442.50000000	5.77510
1443.00000000	5.77580
1443.50000000	5.77576
1444.00000000	5.77461
1444.50000000	5.77395
1445.00000000	5.77326
1445.50000000	5.77318
1446.00000000	5.77398
1446.50000000	5.77495
1447.00000000	5.77525
1447.50000000	5.77515
1448.00000000	5.77499
1448.50000000	5.77360
1449.00000000	5.77316
1449.50000000	5.77318
1450.00000000	5.77211
1450.50000000	5.76965
1451.00000000	5.76683
1451.50000000	5.76455
1452.00000000	5.76439
1452.50000000	5.76446
1453.00000000	5.76338
1453.50000000	5.76318
1454.00000000	5.76208
1454.50000000	5.76076
1455.00000000	5.75980
1455.50000000	5.75827
1456.00000000	5.75635
1456.50000000	5.75425
1457.00000000	5.75258
1457.50000000	5.75148
1458.00000000	5.74958
1458.50000000	5.74763
1459.00000000	5.74801
1459.50000000	5.74885
1460.00000000	5.74978
1460.50000000	5.75052
1461.00000000	5.75039
1461.50000000	5.75025
1462.00000000	5.75106
1462.50000000	5.75302
1463.00000000	5.75454
1463.50000000	5.75477
1464.00000000	5.75376
1464.50000000	5.75257
1465.00000000	5.75209
1465.50000000	5.75247
1466.00000000	5.75421
1466.50000000	5.75572
1467.00000000	5.75657
1467.50000000	5.75790
1468.00000000	5.75902
1468.50000000	5.76155
1469.00000000	5.76462
1469.50000000	5.76646
1470.00000000	5.76910
1470.50000000	5.77170
1471.00000000	5.77331
1471.50000000	5.77454
1472.00000000	5.77489
1472.50000000	5.77534
1473.00000000	5.77407
1473.50000000	5.77211
1474.00000000	5.76947
1474.50000000	5.76746
1475.00000000	5.76646
1475.50000000	5.76592
1476.00000000	5.76531
1476.50000000	5.76448
1477.00000000	5.76264
1477.50000000	5.76057
1478.00000000	5.75917
1478.50000000	5.75791
1479.00000000	5.75652
1479.50000000	5.75563
1480.00000000	5.75522
1480.50000000	5.75454
1481.00000000	5.75375
1481.50000000	5.75238
1482.00000000	5.75079
1482.50000000	5.74977
1483.00000000	5.74846
1483.50000000	5.74765
1484.00000000	5.74626
1484.50000000	5.74609
1485.00000000	5.74749
1485.50000000	5.74820
1486.00000000	5.74858
1486.50000000	5.74978
1487.00000000	5.75148
1487.50000000	5.75192
1488.00000000	5.75159
1488.50000000	5.75184
1489.00000000	5.75252
1489.50000000	5.75377
1490.00000000	5.75400
1490.50000000	5.75438
1491.00000000	5.75389
1491.50000000	5.75329
1492.00000000	5.75303
1492.50000000	5.75396
1493.00000000	5.75488
1493.50000000	5.75661
1494.00000000	5.75846
1494.50000000	5.75983
1495.00000000	5.76119
1495.50000000	5.76212
1496.00000000	5.76230
1496.50000000	5.76411
1497.00000000	5.76639
1497.50000000	5.76896
1498.00000000	5.77178
1498.50000000	5.77411
1499.00000000	5.77525
1499.50000000	5.77677
1500.00000000	5.77845
1500.50000000	5.77904
1501.00000000	5.77954
1501.50000000	5.78014
1502.00000000	5.78223
1502.50000000	5.78555
1503.00000000	5.78832
1503.50000000	5.79184
1504.00000000	5.79254
1504.50000000	5.79321
1505.00000000	5.79413
1505.50000000	5.79590
1506.00000000	5.79708
1506.50000000	5.79919
1507.00000000	5.80238
1507.50000000	5.80493
1508.00000000	5.80729
1508.50000000	5.80996
1509.00000000	5.81285
1509.50000000	5.81522
1510.00000000	5.81806
1510.50000000	5.82097
1511.00000000	5.82449
1511.50000000	5.82815
1512.00000000	5.83115
1512.50000000	5.83286
1513.00000000	5.83452
1513.50000000	5.83645
1514.00000000	5.83766
1514.50000000	5.83852
1515.00000000	5.83922
1515.50000000	5.84062
1516.00000000	5.84277
1516.50000000	5.84372
1517.00000000	5.84402
1517.50000000	5.84371
1518.00000000	5.84428
1518.50000000	5.84491
1519.00000000	5.84473
1519.50000000	5.84415
1520.00000000	5.84558
1520.50000000	5.84737
1521.00000000	5.84932
1521.50000000	5.84972
1522.00000000	5.85058
1522.50000000	5.85164
1523.00000000	5.85397
1523.50000000	5.85656
1524.00000000	5.85889
1524.50000000	5.86148
1525.00000000	5.86369
1525.50000000	5.86519
1526.00000000	5.86674
1526.50000000	5.86797
1527.00000000	5.86835
1527.50000000	5.86894
1528.00000000	5.87050
1528.50000000	5.87302
1529.00000000	5.87513
1529.50000000	5.87715
1530.00000000	5.87812
1530.50000000	5.87926
1531.00000000	5.88095
1531.50000000	5.88253
1532.00000000	5.88314
1532.50000000	5.88241
1533.00000000	5.88172
1533.50000000	5.88179
1534.00000000	5.88325
1534.50000000	5.88489
1535.00000000	5.88625
1535.50000000	5.88755
1536.00000000	5.88861
1536.50000000	5.88988
1537.00000000	5.89120
1537.50000000	5.89251
1538.00000000	5.89394
1538.50000000	5.89309
1539.00000000	5.89158
1539.50000000	5.89015
1540.00000000	5.88875
1540.50000000	5.88921
1541.00000000	5.88960
1541.50000000	5.89039
1542.00000000	5.89071
1542.50000000	5.89062
1543.00000000	5.89127
1543.50000000	5.89137
1544.00000000	5.89106
1544.50000000	5.88981
1545.00000000	5.88794
1545.50000000	5.88688
1546.00000000	5.88492
1546.50000000	5.88383
1547.00000000	5.88161
1547.50000000	5.88025
1548.00000000	5.87711
1548.50000000	5.87397
1549.00000000	5.87202
1549.50000000	5.87176
1550.00000000	5.87126
1550.50000000	5.86957
1551.00000000	5.86842
1551.50000000	5.86787
1552.00000000	5.86756
1552.50000000	5.86912
1553.00000000	5.87000
1553.50000000	5.87011
1554.00000000	5.87065
1554.50000000	5.87098
1555.00000000	5.87256
1555.50000000	5.87329
1556.00000000	5.87292
1556.50000000	5.87341
1557.00000000	5.87331
1557.50000000	5.87240
1558.00000000	5.87101
1558.50000000	5.87056
1559.00000000	5.87198
1559.50000000	5.87390
1560.00000000	5.87503
1560.50000000	5.87550
1561.00000000	5.87660
1561.50000000	5.87789
1562.00000000	5.87809
1562.50000000	5.87745
1563.00000000	5.87588
1563.50000000	5.87172
1564.00000000	5.86812
1564.50000000	5.86660
1565.00000000	5.86661
1565.50000000	5.86758
1566.00000000	5.86728
1566.50000000	5.86720
1567.00000000	5.86761
1567.50000000	5.86956
1568.00000000	5.87066
1568.50000000	5.87081
1569.00000000	5.87118
1569.50000000	5.87144
1570.00000000	5.87213
1570.50000000	5.87295
1571.00000000	5.87378
1571.50000000	5.87449
1572.00000000	5.87564
1572.50000000	5.87724
1573.00000000	5.87846
1573.50000000	5.87991
1574.00000000	5.88025
1574.50000000	5.88227
1575.00000000	5.88356
1575.50000000	5.88378
1576.00000000	5.88255
1576.50000000	5.87956
1577.00000000	5.87601
1577.50000000	5.87302
1578.00000000	5.87018
1578.50000000	5.86841
1579.00000000	5.86718
1579.50000000	5.86574
1580.00000000	5.86415
1580.50000000	5.86265
1581.00000000	5.86060
1581.50000000	5.85660
1582.00000000	5.85372
1582.50000000	5.85170
1583.00000000	5.84985
1583.50000000	5.84903
1584.00000000	5.84920
1584.50000000	5.84994
1585.00000000	5.85132
1585.50000000	5.85123
1586.00000000	5.85108
1586.50000000	5.85103
1587.00000000	5.85004
1587.50000000	5.85035
1588.00000000	5.85007
1588.50000000	5.85091
1589.00000000	5.85280
1589.50000000	5.85487
1590.00000000	5.85639
1590.50000000	5.85751
1591.00000000	5.85996
1591.50000000	5.86044
1592.00000000	5.86148
1592.50000000	5.86241
1593.00000000	5.86316
1593.50000000	5.86378
1594.00000000	5.86422
1594.50000000	5.86519
1595.00000000	5.86573
1595.50000000	5.86677
1596.00000000	5.86866
1596.50000000	5.87087
1597.00000000	5.87361
1597.50000000	5.87667
1598.00000000	5.87880
1598.50000000	5.88190
1599.00000000	5.88408
1599.50000000	5.88630
1600.00000000	5.88771
1600.50000000	5.89040
1601.00000000	5.89218
1601.50000000	5.89239
1602.00000000	5.89311
1602.50000000	5.89445
1603.00000000	5.89578
1603.50000000	5.89818
1604.00000000	5.90076
1604.50000000	5.90294
1605.00000000	5.90594
1605.50000000	5.90943
1606.00000000	5.91208
1606.50000000	5.91414
1607.00000000	5.91717
1607.50000000	5.92067
1608.00000000	5.92422
1608.50000000	5.92905
1609.00000000	5.93289
1609.50000000	5.93736
1610.00000000	5.94137
1610.50000000	5.94559
1611.00000000	5.94871
1611.50000000	5.95280
1612.00000000	5.95679
1612.50000000	5.96122
1613.00000000	5.96416
1613.50000000	5.96580
1614.00000000	5.96675
1614.50000000	5.96745
1615.00000000	5.96711
1615.50000000	5.96838
1616.00000000	5.96880
1616.50000000	5.96939
1617.00000000	5.97121
1617.50000000	5.97228
1618.00000000	5.97171
1618.50000000	5.97318
1619.00000000	5.97524
1619.50000000	5.97709
1620.00000000	5.97896
1620.50000000	5.97995
1621.00000000	5.98093
1621.50000000	5.98152
1622.00000000	5.98399
1622.50000000	5.98564
1623.00000000	5.98530
1623.50000000	5.98516
1624.00000000	5.98569
1624.50000000	5.98504
1625.00000000	5.98438
1625.50000000	5.98553
1626.00000000	5.98838
1626.50000000	5.98931
1627.00000000	5.99158
1627.50000000	5.99494
1628.00000000	5.99816
1628.50000000	6.00011
1629.00000000	6.00140
1629.50000000	6.00272
1630.00000000	6.00441
1630.50000000	6.00544
1631.00000000	6.00708
1631.50000000	6.01022
1632.00000000	6.01296
1632.50000000	6.01439
1633.00000000	6.01520
1633.50000000	6.01595
1634.00000000	6.01759
1634.50000000	6.02000
1635.00000000	6.02283
1635.50000000	6.02371
1636.00000000	6.02465
1636.50000000	6.02582
1637.00000000	6.02760
1637.50000000	6.03062
1638.00000000	6.03370
1638.50000000	6.03535
1639.00000000	6.03596
1639.50000000	6.03760
1640.00000000	6.03887
1640.50000000	6.03933
1641.00000000	6.03936
1641.50000000	6.03911
1642.00000000	6.03874
1642.50000000	6.03862
1643.00000000	6.03901
1643.50000000	6.03896
1644.00000000	6.03854
1644.50000000	6.03797
1645.00000000	6.03884
1645.50000000	6.03944
1646.00000000	6.03942
1646.50000000	6.03876
1647.00000000	6.03815
1647.50000000	6.03661
1648.00000000	6.03651
1648.50000000	6.03635
1649.00000000	6.03622
1649.50000000	6.03531
1650.00000000	6.03379
1650.50000000	6.03295
1651.00000000	6.03497
1651.50000000	6.03495
1652.00000000	6.03567
1652.50000000	6.03606
1653.00000000	6.03652
1653.50000000	6.03615
1654.00000000	6.03533
1654.50000000	6.03428
1655.00000000	6.03332
1655.50000000	6.03258
1656.00000000	6.03231
1656.50000000	6.03232
1657.00000000	6.03277
1657.50000000	6.03300
1658.00000000	6.03498
1658.50000000	6.03553
1659.00000000	6.03570
1659.50000000	6.03677
1660.00000000	6.03744
1660.50000000	6.03943
1661.00000000	6.04032
1661.50000000	6.04185
1662.00000000	6.04311
1662.50000000	6.04343
1663.00000000	6.04541
1663.50000000	6.04800
1664.00000000	6.05038
1664.50000000	6.05211
1665.00000000	6.05347
1665.50000000	6.05399
1666.00000000	6.05337
1666.50000000	6.05242
1667.00000000	6.05167
1667.50000000	6.04978
1668.00000000	6.04782
1668.50000000	6.04650
1669.00000000	6.04534
1669.50000000	6.04395
1670.00000000	6.04268
1670.50000000	6.04180
1671.00000000	6.03977
1671.50000000	6.03826
1672.00000000	6.03660
1672.50000000	6.03512
1673.00000000	6.03373
1673.50000000	6.03195
1674.00000000	6.02959
1674.50000000	6.02636
1675.00000000	6.02263
1675.50000000	6.01959
1676.00000000	6.01528
1676.50000000	6.01312
1677.00000000	6.01072
1677.50000000	6.00875
1678.00000000	6.00712
1678.50000000	6.00555
1679.00000000	6.00339
1679.50000000	6.00281
1680.00000000	6.00197
1680.50000000	6.00218
1681.00000000	6.00192
1681.50000000	6.00086
1682.00000000	5.99914
1682.50000000	5.99902
1683.00000000	5.99815
1683.50000000	5.99807
1684.00000000	5.99887
1684.50000000	5.99953
1685.00000000	5.99887
1685.50000000	6.00006
1686.00000000	6.00132
1686.50000000	6.00203
1687.00000000	6.00149
1687.50000000	6.00117
1688.00000000	6.00061
1688.50000000	6.00054
1689.00000000	6.00080
1689.50000000	6.00139
1690.00000000	6.00161
1690.50000000	6.00179
1691.00000000	6.00144
1691.50000000	6.00079
1692.00000000	6.00104
1692.50000000	6.00104
1693.00000000	6.00093
1693.50000000	6.00101
1694.00000000	6.00178
1694.50000000	6.00260
1695.00000000	6.00396
1695.50000000	6.00415
1696.00000000	6.00475
1696.50000000	6.00484
1697.00000000	6.00546
1697.50000000	6.00492
1698.00000000	6.00547
1698.50000000	6.00637
1699.00000000	6.00741
1699.50000000	6.00910
1700.00000000	6.00991
1700.50000000	6.01137
1701.00000000	6.01172
1701.50000000	6.01239
1702.00000000	6.01209
1702.50000000	6.01115
1703.00000000	6.00918
1703.50000000	6.00684
1704.00000000	6.00524
1704.50000000	6.00382
1705.00000000	6.00414
1705.50000000	6.00427
1706.00000000	6.00415
1706.50000000	6.00252
1707.00000000	6.00042
1707.50000000	6.00043
1708.00000000	6.00090
1708.50000000	6.00184
1709.00000000	6.00261
1709.50000000	6.00251
1710.00000000	6.00205
1710.50000000	6.00239
1711.00000000	6.00107
1711.50000000	6.00017
1712.00000000	6.00066
1712.50000000	6.00141
1713.00000000	6.00370
1713.50000000	6.00693
1714.00000000	6.01059
1714.50000000	6.01321
1715.00000000	6.01500
1715.50000000	6.01636
1716.00000000	6.01691
1716.50000000	6.01739
1717.00000000	6.01754
1717.50000000	6.01695
1718.00000000	6.01649
1718.50000000	6.01526
1719.00000000	6.01245
1719.50000000	6.00848
1720.00000000	6.00671
1720.50000000	6.00470
1721.00000000	6.00253
1721.50000000	6.00102
1722.00000000	6.00047
1722.50000000	6.00026
1723.00000000	6.00068
1723.50000000	6.00026
1724.00000000	5.99906
1724.50000000	5.99696
1725.00000000	5.99545
1725.50000000	5.99507
1726.00000000	5.99462
1726.50000000	5.99479
1727.00000000	5.99236
1727.50000000	5.99034
1728.00000000	5.98687
1728.50000000	5.98428
1729.00000000	5.98239
1729.50000000	5.97926
1730.00000000	5.97673
1730.50000000	5.97402
1731.00000000	5.97119
1731.50000000	5.96769
1732.00000000	5.96341
1732.50000000	5.96036
1733.00000000	5.95788
1733.50000000	5.95565
1734.00000000	5.95274
1734.50000000	5.94989
1735.00000000	5.94901
1735.50000000	5.94865
1736.00000000	5.94896
1736.50000000	5.95079
1737.00000000	5.95126
1737.50000000	5.95163
1738.00000000	5.95196
1738.50000000	5.95289
1739.00000000	5.95400
1739.50000000	5.95427
1740.00000000	5.95378
1740.50000000	5.95488
1741.00000000	5.95655
1741.50000000	5.95843
1742.00000000	5.96013
1742.50000000	5.96161
1743.00000000	5.96139
1743.50000000	5.96044
1744.00000000	5.95945
1744.50000000	5.95889
1745.00000000	5.95930
1745.50000000	5.95963
1746.00000000	5.95967
1746.50000000	5.95923
1747.00000000	5.95788
1747.50000000	5.95709
1748.00000000	5.95627
1748.50000000	5.95513
1749.00000000	5.95281
1749.50000000	5.94957
1750.00000000	5.94718
1750.50000000	5.94511
1751.00000000	5.94336
1751.50000000	5.94130
1752.00000000	5.93786
1752.50000000	5.93446
1753.00000000	5.93168
1753.50000000	5.92900
1754.00000000	5.92690
1754.50000000	5.92517
1755.00000000	5.92323
1755.50000000	5.92119
1756.00000000	5.91893
1756.50000000	5.91665
1757.00000000	5.91524
1757.50000000	5.91403
1758.00000000	5.91195
1758.50000000	5.90962
1759.00000000	5.90668
1759.50000000	5.90304
1760.00000000	5.89862
1760.50000000	5.89492
1761.00000000	5.89239
1761.50000000	5.88918
1762.00000000	5.88597
1762.50000000	5.88318
1763.00000000	5.88096
1763.50000000	5.87903
1764.00000000	5.87726
1764.50000000	5.87585
1765.00000000	5.87456
1765.50000000	5.87257
1766.00000000	5.87145
1766.50000000	5.86916
1767.00000000	5.86572
1767.50000000	5.86138
1768.00000000	5.85790
1768.50000000	5.85385
1769.00000000	5.85057
1769.50000000	5.84845
1770.00000000	5.84588
1770.50000000	5.84267
1771.00000000	5.84043
1771.50000000	5.83811
1772.00000000	5.83588
1772.50000000	5.83372
1773.00000000	5.83173
1773.50000000	5.83082
1774.00000000	5.83032
1774.50000000	5.82894
1775.00000000	5.82850
1775.50000000	5.82780
1776.00000000	5.82565
1776.50000000	5.82364
1777.00000000	5.82161
1777.50000000	5.81924
1778.00000000	5.81724
1778.50000000	5.81542
1779.00000000	5.81223
1779.50000000	5.80848
1780.00000000	5.80443
1780.50000000	5.80106
1781.00000000	5.79803
1781.50000000	5.79531
1782.00000000	5.79223
1782.50000000	5.78835
1783.00000000	5.78556
1783.50000000	5.78265
1784.00000000	5.78129
1784.50000000	5.77891
1785.00000000	5.77571
1785.50000000	5.77301
1786.00000000	5.77042
1786.50000000	5.76837
1787.00000000	5.76670
1787.50000000	5.76511
1788.00000000	5.76313
1788.50000000	5.76162
1789.00000000	5.76010
1789.50000000	5.75822
1790.00000000	5.75631
1790.50000000	5.75296
1791.00000000	5.74948
1791.50000000	5.74536
1792.00000000	5.74127
1792.50000000	5.73734
1793.00000000	5.73384
1793.50000000	5.73059
1794.00000000	5.72942
1794.50000000	5.72733
1795.00000000	5.72540
1795.50000000	5.72317
1796.00000000	5.72053
1796.50000000	5.71852
1797.00000000	5.71625
1797.50000000	5.71261
1798.00000000	5.70989
1798.50000000	5.70713
1799.00000000	5.70415
1799.50000000	5.70105
1800.00000000	5.69797
1800.50000000	5.69516
1801.00000000	5.69299
1801.50000000	5.69000
1802.00000000	5.68678
1802.50000000	5.68356
1803.00000000	5.68071
1803.50000000	5.67732
1804.00000000	5.67460
1804.50000000	5.67203
1805.00000000	5.66988
1805.50000000	5.66809
1806.00000000	5.66613
1806.50000000	5.66399
1807.00000000	5.66234
1807.50000000	5.66142
1808.00000000	5.66001
1808.50000000	5.65937
1809.00000000	5.65790
1809.50000000	5.65575
1810.00000000	5.65375
1810.50000000	5.65138
1811.00000000	5.64912
1811.50000000	5.64779
1812.00000000	5.64685
1812.50000000	5.64683
1813.00000000	5.64488
1813.50000000	5.64418
1814.00000000	5.64259
1814.50000000	5.64053
1815.00000000	5.63815
1815.50000000	5.63563
1816.00000000	5.63297
1816.50000000	5.63161
1817.00000000	5.62970
1817.50000000	5.62771
1818.00000000	5.62637
1818.50000000	5.62292
1819.00000000	5.61921
1819.50000000	5.61481
1820.00000000	5.61095
1820.50000000	5.60778
1821.00000000	5.60628
1821.50000000	5.60433
1822.00000000	5.60295
1822.50000000	5.60086
1823.00000000	5.59987
1823.50000000	5.59646
1824.00000000	5.59463
1824.50000000	5.59223
1825.00000000	5.59146
1825.50000000	5.59127
1826.00000000	5.59064
1826.50000000	5.59050
1827.00000000	5.59074
1827.50000000	5.59041
1828.00000000	5.59045
1828.50000000	5.58997
1829.00000000	5.58871
1829.50000000	5.58550
1830.00000000	5.58240
1830.50000000	5.57943
1831.00000000	5.57663
1831.50000000	5.57460
1832.00000000	5.57241
1832.50000000	5.57173
1833.00000000	5.57128
1833.50000000	5.57072
1834.00000000	5.56884
1834.50000000	5.56838
1835.00000000	5.56674
1835.50000000	5.56360
1836.00000000	5.56084
1836.50000000	5.55877
1837.00000000	5.55681
1837.50000000	5.55541
1838.00000000	5.55391
1838.50000000	5.55226
1839.00000000	5.54999
1839.50000000	5.54832
1840.00000000	5.54528
1840.50000000	5.54143
1841.00000000	5.53760
1841.50000000	5.53389
1842.00000000	5.53150
1842.50000000	5.52768
1843.00000000	5.52309
1843.50000000	5.52036
1844.00000000	5.51605
1844.50000000	5.51222
1845.00000000	5.50940
1845.50000000	5.50682
1846.00000000	5.50372
1846.50000000	5.50143
1847.00000000	5.49981
1847.50000000	5.49982
1848.00000000	5.49976
1848.50000000	5.49948
1849.00000000	5.49967
1849.50000000	5.50121
1850.00000000	5.50272
1850.50000000	5.50377
1851.00000000	5.50664
1851.50000000	5.50897
1852.00000000	5.51035
1852.50000000	5.51260
1853.00000000	5.51506
1853.50000000	5.51650
1854.00000000	5.51800
1854.50000000	5.51761
1855.00000000	5.51700
1855.50000000	5.51761
1856.00000000	5.51806
1856.50000000	5.51826
1857.00000000	5.51877
1857.50000000	5.51870
1858.00000000	5.51864
1858.50000000	5.51780
1859.00000000	5.51750
1859.50000000	5.51699
1860.00000000	5.51673
1860.50000000	5.51732
1861.00000000	5.51729
1861.50000000	5.51634
1862.00000000	5.51494
1862.50000000	5.51339
1863.00000000	5.51260
1863.50000000	5.51191
1864.00000000	5.51152
1864.50000000	5.50912
1865.00000000	5.50673
1865.50000000	5.50376
1866.00000000	5.50124
1866.50000000	5.50027
1867.00000000	5.49936
1867.50000000	5.49905
1868.00000000	5.49843
1868.50000000	5.49873
1869.00000000	5.49796
1869.50000000	5.49748
1870.00000000	5.49618
1870.50000000	5.49486
1871.00000000	5.49448
1871.50000000	5.49447
1872.00000000	5.49519
1872.50000000	5.49535
1873.00000000	5.49662
1873.50000000	5.49797
1874.00000000	5.49930
1874.50000000	5.50219
1875.00000000	5.50549
1875.50000000	5.50792
1876.00000000	5.50859
1876.50000000	5.50979
1877.00000000	5.51003
1877.50000000	5.50964
1878.00000000	5.50965
1878.50000000	5.50993
1879.00000000	5.50964
1879.50000000	5.50891
1880.00000000	5.50795
1880.50000000	5.50865
1881.00000000	5.51003
1881.50000000	5.51111
1882.00000000	5.51254
1882.50000000	5.51436
1883.00000000	5.51563
1883.50000000	5.51755
1884.00000000	5.51997
1884.50000000	5.52165
1885.00000000	5.52481
1885.50000000	5.52797
1886.00000000	5.53143
1886.50000000	5.53427
1887.00000000	5.53788
1887.50000000	5.54166
1888.00000000	5.54513
1888.50000000	5.54882
1889.00000000	5.55097
1889.50000000	5.55392
1890.00000000	5.55692
1890.50000000	5.55925
1891.00000000	5.56130
1891.50000000	5.56446
1892.00000000	5.56565
1892.50000000	5.56721
1893.00000000	5.56848
1893.50000000	5.56959
1894.00000000	5.57070
1894.50000000	5.57191
1895.00000000	5.57282
1895.50000000	5.57394
1896.00000000	5.57474
1896.50000000	5.57562
1897.00000000	5.57648
1897.50000000	5.57864
1898.00000000	5.58052
1898.50000000	5.58183
1899.00000000	5.58257
1899.50000000	5.58373
1900.00000000	5.58448
1900.50000000	5.58537
1901.00000000	5.58694
1901.50000000	5.58888
1902.00000000	5.59126
1902.50000000	5.59294
1903.00000000	5.59353
1903.50000000	5.59316
1904.00000000	5.59299
1904.50000000	5.59261
1905.00000000	5.59082
1905.50000000	5.58814
1906.00000000	5.58585
1906.50000000	5.58354
1907.00000000	5.58052
1907.50000000	5.57794
1908.00000000	5.57622
1908.50000000	5.57385
1909.00000000	5.57172
1909.50000000	5.57077
1910.00000000	5.56960
1910.50000000	5.56989
1911.00000000	5.56973
1911.50000000	5.56892
1912.00000000	5.56816
1912.50000000	5.56757
1913.00000000	5.56656
1913.50000000	5.56474
1914.00000000	5.56407
1914.50000000	5.56268
1915.00000000	5.56211
1915.50000000	5.56248
1916.00000000	5.56296
1916.50000000	5.56261
1917.00000000	5.56240
1917.50000000	5.56242
1918.00000000	5.56254
1918.50000000	5.56218
1919.00000000	5.56214
1919.50000000	5.56262
1920.00000000	5.56259
1920.50000000	5.56155
1921.00000000	5.56055
1921.50000000	5.55944
1922.00000000	5.55900
1922.50000000	5.55809
1923.00000000	5.55830
1923.50000000	5.55812
1924.00000000	5.55802
1924.50000000	5.55684
1925.00000000	5.55660
1925.50000000	5.55591
1926.00000000	5.55464
1926.50000000	5.55437
1927.00000000	5.55453
1927.50000000	5.55450
1928.00000000	5.55248
1928.50000000	5.55082
1929.00000000	5.54849
1929.50000000	5.54584
1930.00000000	5.54373
1930.50000000	5.54235
1931.00000000	5.54186
1931.50000000	5.54097
1932.00000000	5.53917
1932.50000000	5.53756
1933.00000000	5.53656
1933.50000000	5.53658
1934.00000000	5.53654
1934.50000000	5.53539
1935.00000000	5.53493
1935.50000000	5.53194
1936.00000000	5.52984
1936.50000000	5.52861
1937.00000000	5.52886
1937.50000000	5.52861
1938.00000000	5.52747
1938.50000000	5.52558
1939.00000000	5.52453
1939.50000000	5.52362
1940.00000000	5.52197
1940.50000000	5.52218
1941.00000000	5.52295
1941.50000000	5.52341
1942.00000000	5.52419
1942.50000000	5.52490
1943.00000000	5.52583
1943.50000000	5.52693
1944.00000000	5.52856
1944.50000000	5.52926
1945.00000000	5.53007
1945.50000000	5.53274
1946.00000000	5.53575
1946.50000000	5.53850
1947.00000000	5.54159
1947.50000000	5.54401
1948.00000000	5.54532
1948.50000000	5.54457
1949.00000000	5.54490
1949.50000000	5.54539
1950.00000000	5.54520
1950.50000000	5.54382
1951.00000000	5.54342
1951.50000000	5.54240
1952.00000000	5.54108
1952.50000000	5.54016
1953.00000000	5.53868
1953.50000000	5.53711
1954.00000000	5.53604
1954.50000000	5.53625
1955.00000000	5.53555
1955.50000000	5.53513
1956.00000000	5.53476
1956.50000000	5.53409
1957.00000000	5.53352
1957.50000000	5.53264
1958.00000000	5.53326
1958.50000000	5.53461
1959.00000000	5.53608
1959.50000000	5.53648
1960.00000000	5.53642
1960.50000000	5.53848
1961.00000000	5.53962
1961.50000000	5.53929
1962.00000000	5.53809
1962.50000000	5.53829
1963.00000000	5.54107
1963.50000000	5.54316
1964.00000000	5.54598
1964.50000000	5.54644
1965.00000000	5.54553
1965.50000000	5.54512
1966.00000000	5.54395
1966.50000000	5.54267
1967.00000000	5.54156
1967.50000000	5.54011
1968.00000000	5.53864
1968.50000000	5.53779
1969.00000000	5.53741
1969.50000000	5.53746
1970.00000000	5.53546
1970.50000000	5.53483
1971.00000000	5.53369
1971.50000000	5.53192
1972.00000000	5.52926
1972.50000000	5.52807
1973.00000000	5.52653
1973.50000000	5.52494
1974.00000000	5.52250
1974.50000000	5.52247
1975.00000000	5.52160
1975.50000000	5.52181
1976.00000000	5.52262
1976.50000000	5.52357
1977.00000000	5.52467
1977.50000000	5.52652
1978.00000000	5.52678
1978.50000000	5.52509
1979.00000000	5.52267
1979.50000000	5.52157
1980.00000000	5.52128
1980.50000000	5.52150
1981.00000000	5.52015
1981.50000000	5.51768
1982.00000000	5.51527
1982.50000000	5.51312
1983.00000000	5.51338
1983.50000000	5.51394
1984.00000000	5.51512
1984.50000000	5.51549
1985.00000000	5.51653
1985.50000000	5.51758
1986.00000000	5.51872
1986.50000000	5.51796
1987.00000000	5.51672
1987.50000000	5.51616
1988.00000000	5.51429
1988.50000000	5.51387
1989.00000000	5.51290
1989.50000000	5.51262
1990.00000000	5.51174
1990.50000000	5.51116
1991.00000000	5.51011
1991.50000000	5.51001
1992.00000000	5.51000
1992.50000000	5.51043
1993.00000000	5.51189
1993.50000000	5.51181
1994.00000000	5.51203
1994.50000000	5.51317
1995.00000000	5.51400
1995.50000000	5.51509
1996.00000000	5.51646
1996.50000000	5.51685
1997.00000000	5.51809
1997.50000000	5.52048
1998.00000000	5.52280
1998.50000000	5.52512
1999.00000000	5.52572
1999.50000000	5.52631
2000.00000000	5.52614
2000.50000000	5.52513
2001.00000000	5.52517
2001.50000000	5.52629
2002.00000000	5.52509
2002.50000000	5.52333
2003.00000000	5.52232
2003.50000000	5.52175
2004.00000000	5.52137
2004.50000000	5.52149
2005.00000000	5.52181
2005.50000000	5.52278
2006.00000000	5.52416
2006.50000000	5.52545
2007.00000000	5.52616
2007.50000000	5.52653
2008.00000000	5.52672
2008.50000000	5.52663
2009.00000000	5.52686
2009.50000000	5.52652
2010.00000000	5.52643
2010.50000000	5.52641
2011.00000000	5.52648
2011.50000000	5.52605
2012.00000000	5.52609
2012.50000000	5.52522
2013.00000000	5.52373
2013.50000000	5.52291
2014.00000000	5.52204
2014.50000000	5.51942
2015.00000000	5.51628
2015.50000000	5.51607
2016.00000000	5.51578
2016.50000000	5.51702
2017.00000000	5.51811
2017.50000000	5.51765
2018.00000000	5.51820
2018.50000000	5.51854
2019.00000000	5.51810
2019.50000000	5.51746
2020.00000000	5.51673
2020.50000000	5.51655
2021.00000000	5.51729
2021.50000000	5.51840
2022.00000000	5.51908
2022.50000000	5.51992
2023.00000000	5.52183
2023.50000000	5.52375
2024.00000000	5.52627
2024.50000000	5.52869
2025.00000000	5.53135
2025.50000000	5.53420
2026.00000000	5.53835
2026.50000000	5.54166
2027.00000000	5.54486
2027.50000000	5.54802
2028.00000000	5.54987
2028.50000000	5.55104
2029.00000000	5.55101
2029.50000000	5.55009
2030.00000000	5.54802
2030.50000000	5.54746
2031.00000000	5.54763
2031.50000000	5.54833
2032.00000000	5.54965
2032.50000000	5.54947
2033.00000000	5.54943
2033.50000000	5.54945
2034.00000000	5.54959
2034.50000000	5.55106
2035.00000000	5.55227
2035.50000000	5.55387
2036.00000000	5.55428
2036.50000000	5.55465
2037.00000000	5.55439
2037.50000000	5.55436
2038.00000000	5.55324
2038.50000000	5.55177
2039.00000000	5.55079
2039.50000000	5.55072
2040.00000000	5.55083
2040.50000000	5.54918
2041.00000000	5.54734
2041.50000000	5.54505
2042.00000000	5.54388
2042.50000000	5.54394
2043.00000000	5.54396
2043.50000000	5.54381
2044.00000000	5.54241
2044.50000000	5.54025
2045.00000000	5.53737
2045.50000000	5.53488
2046.00000000	5.53209
2046.50000000	5.53070
2047.00000000	5.52969
2047.50000000	5.52914
2048.00000000	5.52898
2048.50000000	5.52895
2049.00000000	5.52759
2049.50000000	5.52625
2050.00000000	5.52559
2050.50000000	5.52603
2051.00000000	5.52596
2051.50000000	5.52633
2052.00000000	5.52550
2052.50000000	5.52475
2053.00000000	5.52440
2053.50000000	5.52440
2054.00000000	5.52420
2054.50000000	5.52370
2055.00000000	5.52356
2055.50000000	5.52324
2056.00000000	5.52248
2056.50000000	5.52165
2057.00000000	5.52159
2057.50000000	5.52052
2058.00000000	5.52080
2058.50000000	5.51923
2059.00000000	5.51709
2059.50000000	5.51611
2060.00000000	5.51420
2060.50000000	5.51270
2061.00000000	5.51098
2061.50000000	5.50890
2062.00000000	5.50590
2062.50000000	5.50343
2063.00000000	5.50090
2063.50000000	5.49922
2064.00000000	5.49724
2064.50000000	5.49544
2065.00000000	5.49371
2065.50000000	5.49204
2066.00000000	5.49167
2066.50000000	5.49125
2067.00000000	5.49060
2067.50000000	5.49060
2068.00000000	5.49051
2068.50000000	5.48996
2069.00000000	5.48827
2069.50000000	5.48659
2070.00000000	5.48435
2070.50000000	5.48267
2071.00000000	5.48184
2071.50000000	5.48065
2072.00000000	5.47998
2072.50000000	5.47871
2073.00000000	5.47749
2073.50000000	5.47786
2074.00000000	5.47942
2074.50000000	5.48098
2075.00000000	5.48221
2075.50000000	5.48406
2076.00000000	5.48552
2076.50000000	5.48773
2077.00000000	5.48952
2077.50000000	5.48982
2078.00000000	5.48971
2078.50000000	5.48858
2079.00000000	5.48753
2079.50000000	5.48563
2080.00000000	5.48479
2080.50000000	5.48441
2081.00000000	5.48379
2081.50000000	5.48395
2082.00000000	5.48546
2082.50000000	5.48877
2083.00000000	5.49069
2083.50000000	5.49379
2084.00000000	5.49606
2084.50000000	5.49976
2085.00000000	5.50325
2085.50000000	5.50591
2086.00000000	5.50789
2086.50000000	5.51084
2087.00000000	5.51316
2087.50000000	5.51649
2088.00000000	5.51960
2088.50000000	5.52264
2089.00000000	5.52596
2089.50000000	5.53095
2090.00000000	5.53444
2090.50000000	5.53761
2091.00000000	5.54091
2091.50000000	5.54491
2092.00000000	5.54916
2092.50000000	5.55213
2093.00000000	5.55454
2093.50000000	5.55765
2094.00000000	5.56135
2094.50000000	5.56480
2095.00000000	5.56778
2095.50000000	5.56993
2096.00000000	5.57359
2096.50000000	5.57744
2097.00000000	5.58233
2097.50000000	5.58753
2098.00000000	5.59219
2098.50000000	5.59493
2099.00000000	5.59809
2099.50000000	5.60125
2100.00000000	5.60453
2100.50000000	5.60601
2101.00000000	5.60745
2101.50000000	5.60977
2102.00000000	5.61208
2102.50000000	5.61393
2103.00000000	5.61508
2103.50000000	5.61640
2104.00000000	5.61952
2104.50000000	5.62176
2105.00000000	5.62375
2105.50000000	5.62662
2106.00000000	5.62977
2106.50000000	5.63196
2107.00000000	5.63339
2107.50000000	5.63425
2108.00000000	5.63579
2108.50000000	5.63789
2109.00000000	5.63893
2109.50000000	5.63993
2110.00000000	5.64010
2110.50000000	5.64033
2111.00000000	5.64025
2111.50000000	5.64057
2112.00000000	5.64130
2112.50000000	5.64192
2113.00000000	5.64291
2113.50000000	5.64384
2114.00000000	5.64365
2114.50000000	5.64333
2115.00000000	5.64305
2115.50000000	5.64064
2116.00000000	5.64000
2116.50000000	5.63869
2117.00000000	5.63710
2117.50000000	5.63381
2118.00000000	5.63177
2118.50000000	5.63061
2119.00000000	5.62894
2119.50000000	5.62707
2120.00000000	5.62584
2120.50000000	5.62454
2121.00000000	5.62426
2121.50000000	5.62409
2122.00000000	5.62305
2122.50000000	5.62227
2123.00000000	5.62136
2123.50000000	5.62053
2124.00000000	5.61915
2124.50000000	5.61732
2125.00000000	5.61525
2125.50000000	5.61293
2126.00000000	5.61041
2126.50000000	5.60647
2127.00000000	5.60451
2127.50000000	5.60486
2128.00000000	5.60367
2128.50000000	5.60268
2129.00000000	5.60322
2129.50000000	5.60393
2130.00000000	5.60448
2130.50000000	5.60504
2131.00000000	5.60436
2131.50000000	5.60368
2132.00000000	5.60124
2132.50000000	5.59902
2133.00000000	5.59641
2133.50000000	5.59457
2134.00000000	5.59203
2134.50000000	5.58973
2135.00000000	5.58730
2135.50000000	5.58470
2136.00000000	5.58137
2136.50000000	5.57820
2137.00000000	5.57682
2137.50000000	5.57508
2138.00000000	5.57389
2138.50000000	5.57234
2139.00000000	5.57081
2139.50000000	5.56982
2140.00000000	5.56891
2140.50000000	5.56833
2141.00000000	5.56905
2141.50000000	5.56919
2142.00000000	5.56795
2142.50000000	5.56735
2143.00000000	5.56831
2143.50000000	5.56872
2144.00000000	5.56691
2144.50000000	5.56561
2145.00000000	5.56489
2145.50000000	5.56449
2146.00000000	5.56446
2146.50000000	5.56445
2147.00000000	5.56492
2147.50000000	5.56605
2148.00000000	5.56812
2148.50000000	5.56952
2149.00000000	5.57041
2149.50000000	5.56982
2150.00000000	5.56965
2150.50000000	5.56940
2151.00000000	5.56891
2151.50000000	5.56844
2152.00000000	5.56815
2152.50000000	5.56869
2153.00000000	5.56823
2153.50000000	5.56769
2154.00000000	5.56618
2154.50000000	5.56452
2155.00000000	5.56307
2155.50000000	5.56202
2156.00000000	5.56158
2156.50000000	5.56190
2157.00000000	5.56200
2157.50000000	5.56074
2158.00000000	5.55825
2158.50000000	5.55551
2159.00000000	5.55311
2159.50000000	5.55066
2160.00000000	5.54779
2160.50000000	5.54420
2161.00000000	5.54087
2161.50000000	5.53758
2162.00000000	5.53613
2162.50000000	5.53659
2163.00000000	5.53677
2163.50000000	5.53729
2164.00000000	5.53901
2164.50000000	5.54017
2165.00000000	5.54104
2165.50000000	5.54051
2166.00000000	5.53920
2166.50000000	5.53800
2167.00000000	5.53635
2167.50000000	5.53584
2168.00000000	5.53487
2168.50000000	5.53606
2169.00000000	5.53768
2169.50000000	5.54112
2170.00000000	5.54396
2170.50000000	5.54630
2171.00000000	5.54834
2171.50000000	5.54903
2172.00000000	5.54979
2172.50000000	5.54955
2173.00000000	5.54846
2173.50000000	5.54649
2174.00000000	5.54314
2174.50000000	5.54055
2175.00000000	5.53734
2175.50000000	5.53340
2176.00000000	5.52780
2176.50000000	5.52345
2177.00000000	5.51995
2177.50000000	5.51597
2178.00000000	5.51144
2178.50000000	5.50799
2179.00000000	5.50472
2179.50000000	5.50205
2180.00000000	5.49921
2180.50000000	5.49756
2181.00000000	5.49461
2181.50000000	5.49257
2182.00000000	5.49066
2182.50000000	5.48761
2183.00000000	5.48443
2183.50000000	5.48163
2184.00000000	5.47981
2184.50000000	5.47868
2185.00000000	5.47752
2185.50000000	5.47542
2186.00000000	5.47365
2186.50000000	5.47017
2187.00000000	5.46783
2187.50000000	5.46672
2188.00000000	5.46685
2188.50000000	5.46657
2189.00000000	5.46541
2189.50000000	5.46317
2190.00000000	5.46149
2190.50000000	5.46066
2191.00000000	5.45987
2191.50000000	5.45905
2192.00000000	5.45873
2192.50000000	5.45940
2193.00000000	5.45918
2193.50000000	5.45943
2194.00000000	5.46028
2194.50000000	5.46125
2195.00000000	5.46158
2195.50000000	5.46167
2196.00000000	5.46173
2196.50000000	5.46331
2197.00000000	5.46297
2197.50000000	5.46246
2198.00000000	5.46283
2198.50000000	5.46314
2199.00000000	5.46272
2199.50000000	5.46312
2200.00000000	5.46347
2200.50000000	5.46182
2201.00000000	5.46023
2201.50000000	5.45897
2202.00000000	5.45696
2202.50000000	5.45711
2203.00000000	5.45758
2203.50000000	5.45701
2204.00000000	5.45730
2204.50000000	5.45800
2205.00000000	5.45806
2205.50000000	5.45955
2206.00000000	5.46026
2206.50000000	5.46104
2207.00000000	5.46116
2207.50000000	5.46196
2208.00000000	5.46400
2208.50000000	5.46517
2209.00000000	5.46622
2209.50000000	5.46682
2210.00000000	5.46639
2210.50000000	5.46605
2211.00000000	5.46477
2211.50000000	5.46413
2212.00000000	5.46297
2212.50000000	5.46220
2213.00000000	5.46246
2213.50000000	5.46311
2214.00000000	5.46316
2214.50000000	5.46284
2215.00000000	5.46249
2215.50000000	5.46203
2216.00000000	5.46246
2216.50000000	5.46395
2217.00000000	5.46454
2217.50000000	5.46662
2218.00000000	5.46781
2218.50000000	5.47122
2219.00000000	5.47429
2219.50000000	5.47870
2220.00000000	5.48255
2220.50000000	5.48730
2221.00000000	5.49003
2221.50000000	5.49349
2222.00000000	5.49564
2222.50000000	5.49887
2223.00000000	5.50066
2223.50000000	5.50241
2224.00000000	5.50483
2224.50000000	5.50695
2225.00000000	5.50840
2225.50000000	5.50993
2226.00000000	5.51012
2226.50000000	5.51019
2227.00000000	5.51037
2227.50000000	5.51101
2228.00000000	5.51116
2228.50000000	5.51246
2229.00000000	5.51415
2229.50000000	5.51499
2230.00000000	5.51622
2230.50000000	5.51569
2231.00000000	5.51566
2231.50000000	5.51432
2232.00000000	5.51242
2232.50000000	5.51021
2233.00000000	5.50924
2233.50000000	5.50672
2234.00000000	5.50425
2234.50000000	5.50049
