0.00000000	7.10502
0.00000000	7.10502
0.50000000	7.10569
0.50000000	7.10569
1.00000000	7.10640
1.00000000	7.10640
1.50000000	7.10739
1.50000000	7.10739
2.00000000	7.10761
2.00000000	7.10761
2.50000000	7.10692
2.50000000	7.10692
3.00000000	7.10624
3.00000000	7.10624
3.50000000	7.10659
3.50000000	7.10659
4.00000000	7.10793
4.00000000	7.10793
4.50000000	7.11001
4.50000000	7.11001
5.00000000	7.11148
5.00000000	7.11148
5.50000000	7.11298
5.50000000	7.11298
6.00000000	7.11525
6.00000000	7.11525
6.50000000	7.11620
6.50000000	7.11620
7.00000000	7.11664
7.00000000	7.11664
7.50000000	7.11700
7.50000000	7.11700
8.00000000	7.11735
8.00000000	7.11735
8.50000000	7.11666
8.50000000	7.11666
9.00000000	7.11494
9.00000000	7.11494
9.50000000	7.11461
9.50000000	7.11461
10.00000000	7.11412
10.00000000	7.11412
10.50000000	7.11331
10.50000000	7.11331
11.00000000	7.11301
11.00000000	7.11301
11.50000000	7.11280
11.50000000	7.11280
12.00000000	7.11189
12.00000000	7.11189
12.50000000	7.11057
12.50000000	7.11057
13.00000000	7.10994
13.00000000	7.10994
13.50000000	7.10897
13.50000000	7.10897
14.00000000	7.10804
14.00000000	7.10804
14.50000000	7.10713
14.50000000	7.10713
15.00000000	7.10651
15.00000000	7.10651
15.50000000	7.10510
15.50000000	7.10510
16.00000000	7.10262
16.00000000	7.10262
16.50000000	7.10073
16.50000000	7.10073
17.00000000	7.09996
17.00000000	7.09996
17.50000000	7.09960
17.50000000	7.09960
18.00000000	7.09920
18.00000000	7.09920
18.50000000	7.09887
18.50000000	7.09887
19.00000000	7.09963
19.00000000	7.09963
19.50000000	7.10008
19.50000000	7.10008
20.00000000	7.10025
20.00000000	7.10025
20.50000000	7.09996
20.50000000	7.09996
21.00000000	7.10068
21.00000000	7.10068
21.50000000	7.10190
21.50000000	7.10190
22.00000000	7.10474
22.00000000	7.10474
22.50000000	7.10705
22.50000000	7.10705
23.00000000	7.10986
23.00000000	7.10986
23.50000000	7.11215
23.50000000	7.11215
24.00000000	7.11421
24.00000000	7.11421
24.50000000	7.11605
24.50000000	7.11605
25.00000000	7.11925
25.00000000	7.11925
25.50000000	7.12090
25.50000000	7.12090
26.00000000	7.12160
26.00000000	7.12160
26.50000000	7.12061
26.50000000	7.12061
27.00000000	7.12098
27.00000000	7.12098
27.50000000	7.12131
27.50000000	7.12131
28.00000000	7.12149
28.00000000	7.12149
28.50000000	7.12181
28.50000000	7.12181
29.00000000	7.12319
29.00000000	7.12319
29.50000000	7.12376
29.50000000	7.12376
30.00000000	7.12369
30.00000000	7.12369
30.50000000	7.12435
30.50000000	7.12435
31.00000000	7.12418
31.00000000	7.12418
31.50000000	7.12526
31.50000000	7.12526
32.00000000	7.12584
32.00000000	7.12584
32.50000000	7.12589
32.50000000	7.12589
33.00000000	7.12578
33.00000000	7.12578
33.50000000	7.12436
33.50000000	7.12436
34.00000000	7.12256
34.00000000	7.12256
34.50000000	7.12067
34.50000000	7.12067
35.00000000	7.11885
35.00000000	7.11885
35.50000000	7.11499
35.50000000	7.11499
36.00000000	7.11277
36.00000000	7.11277
36.50000000	7.11023
36.50000000	7.11023
37.00000000	7.10872
37.00000000	7.10872
37.50000000	7.10798
37.50000000	7.10798
38.00000000	7.10729
38.00000000	7.10729
38.50000000	7.10710
38.50000000	7.10710
39.00000000	7.10697
39.00000000	7.10697
39.50000000	7.10611
39.50000000	7.10611
40.00000000	7.10497
40.00000000	7.10497
40.50000000	7.10335
40.50000000	7.10335
41.00000000	7.10185
41.00000000	7.10185
41.50000000	7.10049
41.50000000	7.10049
42.00000000	7.09914
42.00000000	7.09914
42.50000000	7.09746
42.50000000	7.09746
43.00000000	7.09645
43.00000000	7.09645
43.50000000	7.09640
43.50000000	7.09640
44.00000000	7.09559
44.00000000	7.09559
44.50000000	7.09409
44.50000000	7.09409
45.00000000	7.09198
45.00000000	7.09198
45.50000000	7.09125
45.50000000	7.09125
46.00000000	7.09009
46.00000000	7.09009
46.50000000	7.08959
46.50000000	7.08959
47.00000000	7.08917
47.00000000	7.08917
47.50000000	7.08865
47.50000000	7.08865
48.00000000	7.08915
48.00000000	7.08915
48.50000000	7.09071
48.50000000	7.09071
49.00000000	7.09063
49.00000000	7.09063
49.50000000	7.08999
49.50000000	7.08999
50.00000000	7.09105
50.00000000	7.09105
50.50000000	7.09080
50.50000000	7.09080
51.00000000	7.09087
51.00000000	7.09087
51.50000000	7.09086
51.50000000	7.09086
52.00000000	7.09050
52.00000000	7.09050
52.50000000	7.08872
52.50000000	7.08872
53.00000000	7.08658
53.00000000	7.08658
53.50000000	7.08396
53.50000000	7.08396
54.00000000	7.08210
54.00000000	7.08210
54.50000000	7.07933
54.50000000	7.07933
55.00000000	7.07635
55.00000000	7.07635
55.50000000	7.07285
55.50000000	7.07285
56.00000000	7.07024
56.00000000	7.07024
56.50000000	7.06851
56.50000000	7.06851
57.00000000	7.06734
57.00000000	7.06734
57.50000000	7.06456
57.50000000	7.06456
58.00000000	7.06351
58.00000000	7.06351
58.50000000	7.06157
58.50000000	7.06157
59.00000000	7.05924
59.00000000	7.05924
59.50000000	7.05625
60.00000000	7.05259
59.50000000	7.05625
60.00000000	7.05259
60.50000000	7.04955
60.50000000	7.04955
61.00000000	7.04626
61.00000000	7.04626
61.50000000	7.04358
61.50000000	7.04358
62.00000000	7.04136
62.00000000	7.04136
62.50000000	7.04005
62.50000000	7.04005
63.00000000	7.03773
63.00000000	7.03773
63.50000000	7.03688
63.50000000	7.03688
64.00000000	7.03636
64.00000000	7.03636
64.50000000	7.03611
65.00000000	7.03593
64.50000000	7.03611
65.50000000	7.03616
65.00000000	7.03593
66.00000000	7.03595
65.50000000	7.03616
66.50000000	7.03505
66.00000000	7.03595
67.00000000	7.03493
66.50000000	7.03505
67.00000000	7.03493
67.50000000	7.03388
68.00000000	7.03308
67.50000000	7.03388
68.50000000	7.03276
68.00000000	7.03308
69.00000000	7.03335
68.50000000	7.03276
69.50000000	7.03434
69.00000000	7.03335
69.50000000	7.03434
70.00000000	7.03441
70.00000000	7.03441
70.50000000	7.03582
71.00000000	7.03683
70.50000000	7.03582
71.50000000	7.03849
71.00000000	7.03683
72.00000000	7.04071
71.50000000	7.03849
72.50000000	7.04232
72.00000000	7.04071
73.00000000	7.04408
72.50000000	7.04232
73.00000000	7.04408
73.50000000	7.04681
74.00000000	7.04990
73.50000000	7.04681
74.50000000	7.05146
74.00000000	7.04990
75.00000000	7.05114
74.50000000	7.05146
75.50000000	7.05010
75.00000000	7.05114
76.00000000	7.05023
75.50000000	7.05010
76.50000000	7.05158
76.00000000	7.05023
77.00000000	7.05226
76.50000000	7.05158
77.50000000	7.05314
77.00000000	7.05226
78.00000000	7.05338
77.50000000	7.05314
78.50000000	7.05324
78.00000000	7.05338
79.00000000	7.05405
78.50000000	7.05324
79.00000000	7.05405
79.50000000	7.05456
79.50000000	7.05456
80.00000000	7.05509
80.50000000	7.05559
80.00000000	7.05509
80.50000000	7.05559
81.00000000	7.05627
81.00000000	7.05627
81.50000000	7.05643
81.50000000	7.05643
82.00000000	7.05614
82.50000000	7.05552
82.00000000	7.05614
83.00000000	7.05666
82.50000000	7.05552
83.50000000	7.05772
83.00000000	7.05666
84.00000000	7.05983
83.50000000	7.05772
84.50000000	7.06211
84.00000000	7.05983
85.00000000	7.06248
84.50000000	7.06211
85.50000000	7.06354
85.00000000	7.06248
86.00000000	7.06384
85.50000000	7.06354
86.50000000	7.06512
86.00000000	7.06384
87.00000000	7.06431
86.50000000	7.06512
87.50000000	7.06358
87.00000000	7.06431
88.00000000	7.06309
87.50000000	7.06358
88.50000000	7.06425
88.00000000	7.06309
89.00000000	7.06451
88.50000000	7.06425
89.50000000	7.06411
89.00000000	7.06451
90.00000000	7.06263
89.50000000	7.06411
90.50000000	7.06270
90.00000000	7.06263
91.00000000	7.06208
90.50000000	7.06270
91.50000000	7.06093
91.00000000	7.06208
92.00000000	7.05990
91.50000000	7.06093
92.50000000	7.06004
92.00000000	7.05990
93.00000000	7.05984
92.50000000	7.06004
93.50000000	7.06115
93.00000000	7.05984
94.00000000	7.06099
93.50000000	7.06115
94.50000000	7.06118
94.00000000	7.06099
95.00000000	7.06164
94.50000000	7.06118
95.50000000	7.06054
95.00000000	7.06164
96.00000000	7.06027
95.50000000	7.06054
96.50000000	7.05885
96.00000000	7.06027
97.00000000	7.05812
96.50000000	7.05885
97.50000000	7.05699
97.00000000	7.05812
98.00000000	7.05608
97.50000000	7.05699
98.50000000	7.05685
98.00000000	7.05608
99.00000000	7.05868
98.50000000	7.05685
99.50000000	7.06012
99.00000000	7.05868
100.00000000	7.06157
99.50000000	7.06012
100.50000000	7.06296
100.00000000	7.06157
101.00000000	7.06361
100.50000000	7.06296
101.50000000	7.06452
101.00000000	7.06361
102.00000000	7.06593
101.50000000	7.06452
102.50000000	7.06717
102.00000000	7.06593
103.00000000	7.06666
102.50000000	7.06717
103.50000000	7.06594
103.00000000	7.06666
104.00000000	7.06699
103.50000000	7.06594
104.50000000	7.06564
104.00000000	7.06699
105.00000000	7.06409
104.50000000	7.06564
105.50000000	7.06241
105.00000000	7.06409
106.00000000	7.06000
105.50000000	7.06241
106.50000000	7.05730
106.00000000	7.06000
107.00000000	7.05456
106.50000000	7.05730
107.50000000	7.05084
107.00000000	7.05456
108.00000000	7.04701
107.50000000	7.05084
108.50000000	7.04428
108.00000000	7.04701
109.00000000	7.04242
108.50000000	7.04428
109.50000000	7.04024
109.00000000	7.04242
110.00000000	7.03861
109.50000000	7.04024
110.50000000	7.03615
110.00000000	7.03861
111.00000000	7.03346
110.50000000	7.03615
111.50000000	7.03001
111.00000000	7.03346
112.00000000	7.02743
111.50000000	7.03001
112.50000000	7.02626
112.00000000	7.02743
113.00000000	7.02517
112.50000000	7.02626
113.50000000	7.02397
113.00000000	7.02517
114.00000000	7.02094
113.50000000	7.02397
114.50000000	7.01792
114.00000000	7.02094
115.00000000	7.01627
114.50000000	7.01792
115.50000000	7.01433
115.00000000	7.01627
116.00000000	7.01383
115.50000000	7.01433
116.50000000	7.01450
116.00000000	7.01383
117.00000000	7.01413
116.50000000	7.01450
117.50000000	7.01382
117.00000000	7.01413
118.00000000	7.01235
117.50000000	7.01382
118.50000000	7.01134
118.00000000	7.01235
119.00000000	7.01240
118.50000000	7.01134
119.50000000	7.01418
119.00000000	7.01240
120.00000000	7.01626
119.50000000	7.01418
120.50000000	7.01828
120.00000000	7.01626
121.00000000	7.02127
120.50000000	7.01828
121.50000000	7.02405
121.00000000	7.02127
122.00000000	7.02676
121.50000000	7.02405
122.50000000	7.02888
122.00000000	7.02676
123.00000000	7.03060
122.50000000	7.02888
123.50000000	7.03088
123.00000000	7.03060
124.00000000	7.03208
123.50000000	7.03088
124.50000000	7.03240
124.00000000	7.03208
125.00000000	7.03143
124.50000000	7.03240
125.50000000	7.02920
125.00000000	7.03143
126.00000000	7.02677
125.50000000	7.02920
126.50000000	7.02371
126.00000000	7.02677
127.00000000	7.01937
126.50000000	7.02371
127.50000000	7.01551
127.00000000	7.01937
128.00000000	7.01213
127.50000000	7.01551
128.50000000	7.00872
128.00000000	7.01213
129.00000000	7.00536
128.50000000	7.00872
129.50000000	7.00287
129.00000000	7.00536
130.00000000	7.00074
129.50000000	7.00287
130.50000000	7.00042
130.00000000	7.00074
131.00000000	6.99949
130.50000000	7.00042
131.50000000	6.99773
131.00000000	6.99949
132.00000000	6.99691
131.50000000	6.99773
132.50000000	6.99695
132.00000000	6.99691
133.00000000	6.99578
132.50000000	6.99695
133.50000000	6.99426
133.00000000	6.99578
134.00000000	6.99176
133.50000000	6.99426
134.50000000	6.98762
134.00000000	6.99176
135.00000000	6.98423
134.50000000	6.98762
135.50000000	6.97983
135.00000000	6.98423
136.00000000	6.97480
135.50000000	6.97983
136.50000000	6.97012
136.00000000	6.97480
137.00000000	6.96449
136.50000000	6.97012
137.50000000	6.95976
137.00000000	6.96449
138.00000000	6.95577
137.50000000	6.95976
138.50000000	6.95208
138.00000000	6.95577
139.00000000	6.94857
138.50000000	6.95208
139.50000000	6.94646
139.00000000	6.94857
140.00000000	6.94511
139.50000000	6.94646
140.50000000	6.94502
140.00000000	6.94511
141.00000000	6.94495
140.50000000	6.94502
141.50000000	6.94454
141.00000000	6.94495
142.00000000	6.94463
141.50000000	6.94454
142.50000000	6.94420
142.00000000	6.94463
143.00000000	6.94302
142.50000000	6.94420
143.50000000	6.94324
143.00000000	6.94302
144.00000000	6.94348
143.50000000	6.94324
144.50000000	6.94220
144.00000000	6.94348
145.00000000	6.94196
144.50000000	6.94220
145.50000000	6.94129
145.00000000	6.94196
146.00000000	6.94062
145.50000000	6.94129
146.50000000	6.94051
146.00000000	6.94062
147.00000000	6.93920
146.50000000	6.94051
147.50000000	6.93778
147.00000000	6.93920
148.00000000	6.93701
147.50000000	6.93778
148.50000000	6.93577
148.00000000	6.93701
149.00000000	6.93435
148.50000000	6.93577
149.50000000	6.93235
149.00000000	6.93435
150.00000000	6.93001
149.50000000	6.93235
150.50000000	6.92759
150.00000000	6.93001
151.00000000	6.92466
150.50000000	6.92759
151.50000000	6.92088
151.00000000	6.92466
152.00000000	6.91756
151.50000000	6.92088
152.50000000	6.91485
152.00000000	6.91756
153.00000000	6.91287
152.50000000	6.91485
153.50000000	6.91212
153.00000000	6.91287
154.00000000	6.91017
153.50000000	6.91212
154.50000000	6.90997
154.00000000	6.91017
155.00000000	6.91038
154.50000000	6.90997
155.50000000	6.90988
155.00000000	6.91038
156.00000000	6.91078
155.50000000	6.90988
156.50000000	6.91082
156.00000000	6.91078
157.00000000	6.91098
156.50000000	6.91082
157.50000000	6.91180
157.00000000	6.91098
158.00000000	6.91210
157.50000000	6.91180
158.50000000	6.91169
158.00000000	6.91210
159.00000000	6.91100
158.50000000	6.91169
159.50000000	6.90966
160.00000000	6.90933
160.50000000	6.91057
161.00000000	6.91246
161.50000000	6.91414
162.00000000	6.91495
162.50000000	6.91512
163.00000000	6.91575
163.50000000	6.91711
164.00000000	6.91708
164.50000000	6.91743
165.00000000	6.91644
165.50000000	6.91597
166.00000000	6.91564
166.50000000	6.91345
167.00000000	6.91155
167.50000000	6.90997
168.00000000	6.90807
168.50000000	6.90617
169.00000000	6.90630
169.50000000	6.90581
170.00000000	6.90500
170.50000000	6.90435
171.00000000	6.90176
171.50000000	6.89798
172.00000000	6.89491
172.50000000	6.89169
173.00000000	6.88849
173.50000000	6.88507
174.00000000	6.88291
174.50000000	6.88050
175.00000000	6.87751
175.50000000	6.87432
176.00000000	6.87169
176.50000000	6.86787
177.00000000	6.86576
177.50000000	6.86348
178.00000000	6.86061
178.50000000	6.85866
179.00000000	6.85547
179.50000000	6.85329
180.00000000	6.85108
180.50000000	6.84888
181.00000000	6.84641
181.50000000	6.84389
182.00000000	6.84149
182.50000000	6.84013
183.00000000	6.83986
183.50000000	6.84130
184.00000000	6.84402
184.50000000	6.84668
185.00000000	6.84986
185.50000000	6.85160
186.00000000	6.85306
186.50000000	6.85544
187.00000000	6.85714
187.50000000	6.85870
188.00000000	6.86110
188.50000000	6.86499
189.00000000	6.86815
189.50000000	6.87130
190.00000000	6.87409
190.50000000	6.87572
191.00000000	6.87782
191.50000000	6.87873
192.00000000	6.88058
192.50000000	6.88085
193.00000000	6.87949
193.50000000	6.87777
194.00000000	6.87507
194.50000000	6.87318
195.00000000	6.87066
195.50000000	6.86759
196.00000000	6.86347
196.50000000	6.86074
197.00000000	6.85745
197.50000000	6.85371
198.00000000	6.84906
198.50000000	6.84329
199.00000000	6.83950
199.50000000	6.83587
200.00000000	6.83326
200.50000000	6.83043
201.00000000	6.82608
201.50000000	6.82283
202.00000000	6.81926
202.50000000	6.81708
203.00000000	6.81683
203.50000000	6.81749
204.00000000	6.81714
204.50000000	6.81656
205.00000000	6.81604
205.50000000	6.81489
206.00000000	6.81512
206.50000000	6.81402
207.00000000	6.81209
207.50000000	6.80961
208.00000000	6.80784
208.50000000	6.80759
209.00000000	6.80899
209.50000000	6.80995
210.00000000	6.81117
210.50000000	6.81232
211.00000000	6.81406
211.50000000	6.81557
212.00000000	6.81797
212.50000000	6.82003
213.00000000	6.82168
213.50000000	6.82346
214.00000000	6.82538
214.50000000	6.82740
215.00000000	6.82801
215.50000000	6.82715
216.00000000	6.82645
216.50000000	6.82563
217.00000000	6.82619
217.50000000	6.82715
218.00000000	6.82833
218.50000000	6.82948
219.00000000	6.83095
219.50000000	6.83009
220.00000000	6.82878
220.50000000	6.82597
221.00000000	6.82221
221.50000000	6.81825
222.00000000	6.81451
222.50000000	6.81097
223.00000000	6.80659
223.50000000	6.80334
224.00000000	6.80092
224.50000000	6.79854
225.00000000	6.79680
225.50000000	6.79491
226.00000000	6.79317
226.50000000	6.79219
227.00000000	6.79030
227.50000000	6.78850
228.00000000	6.78724
228.50000000	6.78522
229.00000000	6.78448
229.50000000	6.78497
230.00000000	6.78567
230.50000000	6.78613
231.00000000	6.78586
231.50000000	6.78550
232.00000000	6.78574
232.50000000	6.78688
233.00000000	6.78691
233.50000000	6.78647
234.00000000	6.78608
234.50000000	6.78412
235.00000000	6.78391
235.50000000	6.78288
236.00000000	6.78132
236.50000000	6.77953
237.00000000	6.77704
237.50000000	6.77348
238.00000000	6.77078
238.50000000	6.76823
239.00000000	6.76676
239.50000000	6.76623
240.00000000	6.76646
240.50000000	6.76641
241.00000000	6.76688
241.50000000	6.76676
242.00000000	6.76521
242.50000000	6.76339
243.00000000	6.75990
243.50000000	6.75629
244.00000000	6.75406
244.50000000	6.75296
245.00000000	6.75104
245.50000000	6.75033
246.00000000	6.74924
246.50000000	6.74909
247.00000000	6.74929
247.50000000	6.74934
248.00000000	6.75043
248.50000000	6.75261
249.00000000	6.75481
249.50000000	6.75750
250.00000000	6.75826
250.50000000	6.75935
251.00000000	6.76121
251.50000000	6.76393
252.00000000	6.76558
252.50000000	6.76679
253.00000000	6.76751
253.50000000	6.76757
254.00000000	6.76807
254.50000000	6.76949
255.00000000	6.77013
255.50000000	6.76977
256.00000000	6.77070
256.50000000	6.77277
257.00000000	6.77420
257.50000000	6.77570
258.00000000	6.77703
258.50000000	6.77778
259.00000000	6.77778
259.50000000	6.77812
260.00000000	6.77915
260.50000000	6.78073
261.00000000	6.78225
261.50000000	6.78422
262.00000000	6.78451
262.50000000	6.78403
263.00000000	6.78278
263.50000000	6.78172
264.00000000	6.78113
264.50000000	6.78080
265.00000000	6.78036
265.50000000	6.77965
266.00000000	6.77928
266.50000000	6.77900
267.00000000	6.77789
267.50000000	6.77743
268.00000000	6.77819
268.50000000	6.77789
269.00000000	6.77661
269.50000000	6.77567
270.00000000	6.77430
270.50000000	6.77439
271.00000000	6.77362
271.50000000	6.77397
272.00000000	6.77515
272.50000000	6.77642
273.00000000	6.77659
273.50000000	6.77775
274.00000000	6.77876
274.50000000	6.77917
275.00000000	6.77977
275.50000000	6.78116
276.00000000	6.78210
276.50000000	6.78263
277.00000000	6.78138
277.50000000	6.78073
278.00000000	6.78053
278.50000000	6.78053
279.00000000	6.77995
279.50000000	6.77975
280.00000000	6.77952
280.50000000	6.78004
281.00000000	6.78060
281.50000000	6.78114
282.00000000	6.78112
282.50000000	6.78124
283.00000000	6.78122
283.50000000	6.78098
284.00000000	6.78278
284.50000000	6.78483
285.00000000	6.78545
285.50000000	6.78498
286.00000000	6.78484
286.50000000	6.78367
287.00000000	6.78327
287.50000000	6.78372
288.00000000	6.78455
288.50000000	6.78602
289.00000000	6.78835
289.50000000	6.79079
290.00000000	6.79260
290.50000000	6.79275
291.00000000	6.79274
291.50000000	6.79254
292.00000000	6.79220
292.50000000	6.79229
293.00000000	6.79233
293.50000000	6.79296
294.00000000	6.79318
294.50000000	6.79320
295.00000000	6.79293
295.50000000	6.79157
296.00000000	6.78939
296.50000000	6.78821
297.00000000	6.78690
297.50000000	6.78569
298.00000000	6.78472
298.50000000	6.78440
299.00000000	6.78426
299.50000000	6.78336
300.00000000	6.78336
300.50000000	6.78278
301.00000000	6.78165
301.50000000	6.77991
302.00000000	6.77874
302.50000000	6.77870
303.00000000	6.77884
303.50000000	6.78028
304.00000000	6.78024
304.50000000	6.78117
305.00000000	6.78108
305.50000000	6.78075
306.00000000	6.78208
306.50000000	6.78309
307.00000000	6.78542
307.50000000	6.78768
308.00000000	6.78921
308.50000000	6.79055
309.00000000	6.79138
309.50000000	6.79234
310.00000000	6.79230
310.50000000	6.79261
311.00000000	6.79118
311.50000000	6.79083
312.00000000	6.79134
312.50000000	6.79278
313.00000000	6.79452
313.50000000	6.79700
314.00000000	6.79893
314.50000000	6.79971
315.00000000	6.79991
315.50000000	6.80095
316.00000000	6.80140
316.50000000	6.80345
317.00000000	6.80417
317.50000000	6.80381
318.00000000	6.80266
318.50000000	6.80281
319.00000000	6.80319
319.50000000	6.80302
320.00000000	6.80262
320.50000000	6.80096
321.00000000	6.79959
321.50000000	6.79829
322.00000000	6.79551
322.50000000	6.79211
323.00000000	6.78702
323.50000000	6.78194
324.00000000	6.77742
324.50000000	6.77202
325.00000000	6.76649
325.50000000	6.76117
326.00000000	6.75662
326.50000000	6.75228
327.00000000	6.74778
327.50000000	6.74477
328.00000000	6.74074
328.50000000	6.73669
329.00000000	6.73277
329.50000000	6.72935
330.00000000	6.72618
330.50000000	6.72248
331.00000000	6.71883
331.50000000	6.71588
332.00000000	6.71332
332.50000000	6.71109
333.00000000	6.70959
333.50000000	6.70743
334.00000000	6.70632
334.50000000	6.70563
335.00000000	6.70565
335.50000000	6.70579
336.00000000	6.70618
336.50000000	6.70711
337.00000000	6.70867
337.50000000	6.71118
338.00000000	6.71419
338.50000000	6.71729
339.00000000	6.71917
339.50000000	6.72012
340.00000000	6.72181
340.50000000	6.72304
341.00000000	6.72327
341.50000000	6.72387
342.00000000	6.72332
342.50000000	6.72367
343.00000000	6.72534
343.50000000	6.72705
344.00000000	6.72727
344.50000000	6.72762
345.00000000	6.72843
345.50000000	6.72970
346.00000000	6.73207
346.50000000	6.73325
347.00000000	6.73360
347.50000000	6.73352
348.00000000	6.73254
348.50000000	6.73069
349.00000000	6.72803
349.50000000	6.72736
350.00000000	6.72658
350.50000000	6.72600
351.00000000	6.72513
351.50000000	6.72356
352.00000000	6.72153
352.50000000	6.72061
353.00000000	6.72008
353.50000000	6.71884
354.00000000	6.71818
354.50000000	6.71854
355.00000000	6.71888
355.50000000	6.71874
356.00000000	6.71755
356.50000000	6.71532
357.00000000	6.71229
357.50000000	6.71028
358.00000000	6.70872
358.50000000	6.70601
359.00000000	6.70292
359.50000000	6.70048
360.00000000	6.69853
360.50000000	6.69788
361.00000000	6.69714
361.50000000	6.69713
362.00000000	6.69589
362.50000000	6.69676
363.00000000	6.69916
363.50000000	6.70233
364.00000000	6.70500
364.50000000	6.70850
365.00000000	6.71183
365.50000000	6.71446
366.00000000	6.71606
366.50000000	6.71813
367.00000000	6.71964
367.50000000	6.72133
368.00000000	6.72312
368.50000000	6.72563
369.00000000	6.72752
369.50000000	6.73016
370.00000000	6.73435
370.50000000	6.73833
371.00000000	6.74230
371.50000000	6.74660
372.00000000	6.74985
372.50000000	6.75157
373.00000000	6.75259
373.50000000	6.75388
374.00000000	6.75511
374.50000000	6.75609
375.00000000	6.75608
375.50000000	6.75673
376.00000000	6.75710
376.50000000	6.75670
377.00000000	6.75588
377.50000000	6.75402
378.00000000	6.75450
378.50000000	6.75342
379.00000000	6.75226
379.50000000	6.75006
380.00000000	6.74740
380.50000000	6.74440
381.00000000	6.74140
381.50000000	6.73730
382.00000000	6.73409
382.50000000	6.73124
383.00000000	6.72868
383.50000000	6.72570
384.00000000	6.72229
384.50000000	6.71957
385.00000000	6.71664
385.50000000	6.71309
386.00000000	6.70979
386.50000000	6.70744
387.00000000	6.70569
387.50000000	6.70413
388.00000000	6.70420
388.50000000	6.70411
389.00000000	6.70433
389.50000000	6.70288
390.00000000	6.70104
390.50000000	6.69950
391.00000000	6.69841
391.50000000	6.70006
392.00000000	6.70215
392.50000000	6.70292
393.00000000	6.70382
393.50000000	6.70481
394.00000000	6.70582
394.50000000	6.70668
395.00000000	6.70618
395.50000000	6.70699
396.00000000	6.70874
396.50000000	6.70861
397.00000000	6.70840
397.50000000	6.70806
398.00000000	6.70724
398.50000000	6.70590
399.00000000	6.70487
399.50000000	6.70429
400.00000000	6.70314
400.50000000	6.70197
401.00000000	6.70037
401.50000000	6.69950
402.00000000	6.69856
402.50000000	6.69822
403.00000000	6.69759
403.50000000	6.69915
404.00000000	6.69987
404.50000000	6.69913
405.00000000	6.69942
405.50000000	6.69838
406.00000000	6.69736
406.50000000	6.69598
407.00000000	6.69396
407.50000000	6.69142
408.00000000	6.69051
408.50000000	6.68959
409.00000000	6.68858
409.50000000	6.68675
410.00000000	6.68379
410.50000000	6.68011
411.00000000	6.67480
411.50000000	6.66936
412.00000000	6.66356
412.50000000	6.65767
413.00000000	6.65235
413.50000000	6.64810
414.00000000	6.64440
414.50000000	6.64147
415.00000000	6.63863
415.50000000	6.63565
416.00000000	6.63206
416.50000000	6.63001
417.00000000	6.62686
417.50000000	6.62445
418.00000000	6.62235
418.50000000	6.61980
419.00000000	6.61680
419.50000000	6.61462
420.00000000	6.61156
420.50000000	6.60909
421.00000000	6.60759
421.50000000	6.60792
422.00000000	6.60772
422.50000000	6.60790
423.00000000	6.60690
423.50000000	6.60615
424.00000000	6.60539
424.50000000	6.60542
425.00000000	6.60405
425.50000000	6.60222
426.00000000	6.59985
426.50000000	6.59732
427.00000000	6.59348
427.50000000	6.58994
428.00000000	6.58650
428.50000000	6.58261
429.00000000	6.57738
429.50000000	6.57052
430.00000000	6.56537
430.50000000	6.55982
431.00000000	6.55545
431.50000000	6.55123
432.00000000	6.54676
432.50000000	6.54319
433.00000000	6.53943
433.50000000	6.53511
434.00000000	6.53155
434.50000000	6.52747
435.00000000	6.52420
435.50000000	6.52079
436.00000000	6.51616
436.50000000	6.51125
437.00000000	6.50688
437.50000000	6.50288
438.00000000	6.49787
438.50000000	6.49393
439.00000000	6.49063
439.50000000	6.48894
440.00000000	6.48667
440.50000000	6.48446
441.00000000	6.48223
441.50000000	6.48031
442.00000000	6.47929
442.50000000	6.47712
443.00000000	6.47413
443.50000000	6.47140
444.00000000	6.47009
444.50000000	6.46865
445.00000000	6.46802
445.50000000	6.46628
446.00000000	6.46565
446.50000000	6.46532
447.00000000	6.46453
447.50000000	6.46460
448.00000000	6.46431
448.50000000	6.46457
449.00000000	6.46327
449.50000000	6.46226
450.00000000	6.46190
450.50000000	6.46193
451.00000000	6.46092
451.50000000	6.45940
452.00000000	6.45727
452.50000000	6.45405
453.00000000	6.45155
453.50000000	6.45156
454.00000000	6.45185
454.50000000	6.45151
455.00000000	6.45175
455.50000000	6.45166
456.00000000	6.45102
456.50000000	6.45124
457.00000000	6.45251
457.50000000	6.45315
458.00000000	6.45441
458.50000000	6.45575
459.00000000	6.45688
459.50000000	6.45750
460.00000000	6.45726
460.50000000	6.45756
461.00000000	6.45703
461.50000000	6.45634
462.00000000	6.45569
462.50000000	6.45529
463.00000000	6.45367
463.50000000	6.45338
464.00000000	6.45282
464.50000000	6.45223
465.00000000	6.45261
465.50000000	6.45318
466.00000000	6.45318
466.50000000	6.45285
467.00000000	6.45402
467.50000000	6.45480
468.00000000	6.45521
468.50000000	6.45542
469.00000000	6.45559
469.50000000	6.45631
470.00000000	6.45593
470.50000000	6.45512
471.00000000	6.45328
471.50000000	6.45202
472.00000000	6.45083
472.50000000	6.44915
473.00000000	6.44677
473.50000000	6.44461
474.00000000	6.43971
474.50000000	6.43512
475.00000000	6.43052
475.50000000	6.42565
476.00000000	6.41954
476.50000000	6.41432
477.00000000	6.40970
477.50000000	6.40619
478.00000000	6.40320
478.50000000	6.39827
479.00000000	6.39369
479.50000000	6.39042
480.00000000	6.38599
480.50000000	6.38167
481.00000000	6.37797
481.50000000	6.37546
482.00000000	6.37286
482.50000000	6.36957
483.00000000	6.36660
483.50000000	6.36421
484.00000000	6.36244
484.50000000	6.36067
485.00000000	6.35906
485.50000000	6.35819
486.00000000	6.35559
486.50000000	6.34985
487.00000000	6.34447
487.50000000	6.34015
488.00000000	6.33652
488.50000000	6.33401
489.00000000	6.33162
489.50000000	6.32893
490.00000000	6.32582
490.50000000	6.32267
491.00000000	6.31968
491.50000000	6.31595
492.00000000	6.31286
492.50000000	6.31085
493.00000000	6.30928
493.50000000	6.30718
494.00000000	6.30433
494.50000000	6.30213
495.00000000	6.29996
495.50000000	6.29824
496.00000000	6.29463
496.50000000	6.28930
497.00000000	6.28564
497.50000000	6.28181
498.00000000	6.28020
498.50000000	6.27848
499.00000000	6.27470
499.50000000	6.27209
500.00000000	6.26837
500.50000000	6.26570
501.00000000	6.26275
501.50000000	6.25924
502.00000000	6.25561
502.50000000	6.25116
503.00000000	6.24712
503.50000000	6.24317
504.00000000	6.23967
504.50000000	6.23573
505.00000000	6.23248
505.50000000	6.22896
506.00000000	6.22546
506.50000000	6.22102
507.00000000	6.21744
507.50000000	6.21509
508.00000000	6.21271
508.50000000	6.21074
509.00000000	6.20935
509.50000000	6.20712
510.00000000	6.20468
510.50000000	6.20353
511.00000000	6.20174
511.50000000	6.20105
512.00000000	6.19964
512.50000000	6.19764
513.00000000	6.19412
513.50000000	6.19085
514.00000000	6.18695
514.50000000	6.18259
515.00000000	6.17718
515.50000000	6.17106
516.00000000	6.16621
516.50000000	6.15994
517.00000000	6.15488
517.50000000	6.14964
518.00000000	6.14477
518.50000000	6.13986
519.00000000	6.13525
519.50000000	6.13266
520.00000000	6.13095
520.50000000	6.12919
521.00000000	6.12753
521.50000000	6.12571
522.00000000	6.12354
522.50000000	6.12254
523.00000000	6.12068
523.50000000	6.12007
524.00000000	6.11797
524.50000000	6.11549
525.00000000	6.11461
525.50000000	6.11295
526.00000000	6.11054
526.50000000	6.10843
527.00000000	6.10868
527.50000000	6.10766
528.00000000	6.10554
528.50000000	6.10323
529.00000000	6.10131
529.50000000	6.10026
530.00000000	6.09980
530.50000000	6.09837
531.00000000	6.09785
531.50000000	6.09738
532.00000000	6.09465
532.50000000	6.09198
533.00000000	6.08907
533.50000000	6.08629
534.00000000	6.08209
534.50000000	6.07657
535.00000000	6.07158
535.50000000	6.06680
536.00000000	6.06298
536.50000000	6.06090
537.00000000	6.05779
537.50000000	6.05548
538.00000000	6.05156
538.50000000	6.04648
539.00000000	6.04143
539.50000000	6.03594
540.00000000	6.03099
540.50000000	6.02603
541.00000000	6.02047
541.50000000	6.01479
542.00000000	6.00777
542.50000000	6.00128
543.00000000	5.99532
543.50000000	5.98908
544.00000000	5.98289
544.50000000	5.97667
545.00000000	5.97123
545.50000000	5.96507
546.00000000	5.95804
546.50000000	5.95319
547.00000000	5.94729
547.50000000	5.94275
548.00000000	5.93722
548.50000000	5.93189
549.00000000	5.92647
549.50000000	5.92190
550.00000000	5.91780
550.50000000	5.91381
551.00000000	5.91001
551.50000000	5.90565
552.00000000	5.90098
552.50000000	5.89724
553.00000000	5.89357
553.50000000	5.89083
554.00000000	5.88836
554.50000000	5.88568
555.00000000	5.88277
555.50000000	5.88034
556.00000000	5.87857
556.50000000	5.87743
557.00000000	5.87753
557.50000000	5.87755
558.00000000	5.87697
558.50000000	5.87746
559.00000000	5.87747
559.50000000	5.87721
560.00000000	5.87668
560.50000000	5.87719
561.00000000	5.87733
561.50000000	5.87613
562.00000000	5.87521
562.50000000	5.87525
563.00000000	5.87524
563.50000000	5.87510
564.00000000	5.87558
564.50000000	5.87511
565.00000000	5.87504
565.50000000	5.87558
566.00000000	5.87772
566.50000000	5.87851
567.00000000	5.87948
567.50000000	5.88052
568.00000000	5.88197
568.50000000	5.88295
569.00000000	5.88309
569.50000000	5.88400
570.00000000	5.88473
570.50000000	5.88522
571.00000000	5.88627
571.50000000	5.88736
572.00000000	5.88788
572.50000000	5.88776
573.00000000	5.88845
573.50000000	5.88941
574.00000000	5.89076
574.50000000	5.89134
575.00000000	5.89157
575.50000000	5.89339
576.00000000	5.89587
576.50000000	5.89632
577.00000000	5.89660
577.50000000	5.89570
578.00000000	5.89485
578.50000000	5.89551
579.00000000	5.89775
579.50000000	5.89980
580.00000000	5.90226
580.50000000	5.90471
581.00000000	5.90709
581.50000000	5.90959
582.00000000	5.91110
582.50000000	5.91229
583.00000000	5.91365
583.50000000	5.91519
584.00000000	5.91539
584.50000000	5.91327
585.00000000	5.91138
585.50000000	5.90890
586.00000000	5.90776
586.50000000	5.90678
587.00000000	5.90490
587.50000000	5.90345
588.00000000	5.90155
588.50000000	5.89947
589.00000000	5.89728
589.50000000	5.89573
590.00000000	5.89619
590.50000000	5.89584
591.00000000	5.89570
591.50000000	5.89536
592.00000000	5.89546
592.50000000	5.89415
593.00000000	5.89277
593.50000000	5.89165
594.00000000	5.89122
594.50000000	5.89087
595.00000000	5.88958
595.50000000	5.88758
596.00000000	5.88522
596.50000000	5.88326
597.00000000	5.88026
597.50000000	5.87785
598.00000000	5.87595
598.50000000	5.87484
599.00000000	5.87416
599.50000000	5.87343
600.00000000	5.87372
600.50000000	5.87358
601.00000000	5.87358
601.50000000	5.87227
602.00000000	5.87064
602.50000000	5.86844
603.00000000	5.86673
603.50000000	5.86512
604.00000000	5.86340
604.50000000	5.86143
605.00000000	5.85908
605.50000000	5.85834
606.00000000	5.85799
606.50000000	5.85817
607.00000000	5.85874
607.50000000	5.85914
608.00000000	5.85991
608.50000000	5.86006
609.00000000	5.86047
609.50000000	5.86174
610.00000000	5.86355
610.50000000	5.86420
611.00000000	5.86553
611.50000000	5.86711
612.00000000	5.86867
612.50000000	5.86868
613.00000000	5.86771
613.50000000	5.86629
614.00000000	5.86501
614.50000000	5.86483
615.00000000	5.86609
615.50000000	5.86873
616.00000000	5.86952
616.50000000	5.87038
617.00000000	5.87038
617.50000000	5.87003
618.00000000	5.86988
618.50000000	5.87074
619.00000000	5.87116
619.50000000	5.87162
620.00000000	5.87214
620.50000000	5.87260
621.00000000	5.87401
621.50000000	5.87607
622.00000000	5.87851
622.50000000	5.88079
623.00000000	5.88070
623.50000000	5.87971
624.00000000	5.87897
624.50000000	5.87763
625.00000000	5.87673
625.50000000	5.87465
626.00000000	5.87192
626.50000000	5.86862
627.00000000	5.86543
627.50000000	5.86476
628.00000000	5.86470
628.50000000	5.86391
629.00000000	5.86408
629.50000000	5.86432
630.00000000	5.86495
630.50000000	5.86541
631.00000000	5.86591
631.50000000	5.86609
632.00000000	5.86681
632.50000000	5.86710
633.00000000	5.86806
633.50000000	5.87006
634.00000000	5.87021
634.50000000	5.87078
635.00000000	5.87084
635.50000000	5.87049
636.00000000	5.87061
636.50000000	5.87163
637.00000000	5.87246
637.50000000	5.87406
638.00000000	5.87559
638.50000000	5.87748
639.00000000	5.87987
639.50000000	5.88088
640.00000000	5.88166
640.50000000	5.88372
641.00000000	5.88587
641.50000000	5.88795
642.00000000	5.88915
642.50000000	5.88927
643.00000000	5.88766
643.50000000	5.88574
644.00000000	5.88323
644.50000000	5.88070
645.00000000	5.87911
645.50000000	5.87883
646.00000000	5.87729
646.50000000	5.87681
647.00000000	5.87794
647.50000000	5.87888
648.00000000	5.88039
648.50000000	5.88100
649.00000000	5.88139
649.50000000	5.88299
650.00000000	5.88447
650.50000000	5.88491
651.00000000	5.88386
651.50000000	5.88263
652.00000000	5.88069
652.50000000	5.87775
653.00000000	5.87553
653.50000000	5.87432
654.00000000	5.87419
654.50000000	5.87418
655.00000000	5.87365
655.50000000	5.87325
656.00000000	5.87295
656.50000000	5.87095
657.00000000	5.86870
657.50000000	5.86759
658.00000000	5.86714
658.50000000	5.86731
659.00000000	5.86975
659.50000000	5.87244
660.00000000	5.87523
660.50000000	5.87730
661.00000000	5.87840
661.50000000	5.87883
662.00000000	5.87939
662.50000000	5.87942
663.00000000	5.88090
663.50000000	5.88226
664.00000000	5.88411
664.50000000	5.88600
665.00000000	5.88717
665.50000000	5.88838
666.00000000	5.88985
666.50000000	5.89095
667.00000000	5.89196
667.50000000	5.89304
668.00000000	5.89486
668.50000000	5.89743
669.00000000	5.89956
669.50000000	5.90160
670.00000000	5.90276
670.50000000	5.90423
671.00000000	5.90456
671.50000000	5.90597
672.00000000	5.90577
672.50000000	5.90716
673.00000000	5.90799
673.50000000	5.90832
674.00000000	5.90899
674.50000000	5.90838
675.00000000	5.90723
675.50000000	5.90650
676.00000000	5.90544
676.50000000	5.90672
677.00000000	5.90818
677.50000000	5.91163
678.00000000	5.91437
678.50000000	5.91774
679.00000000	5.92045
679.50000000	5.92277
680.00000000	5.92381
680.50000000	5.92582
681.00000000	5.92870
681.50000000	5.93125
682.00000000	5.93447
682.50000000	5.93814
683.00000000	5.94127
683.50000000	5.94290
684.00000000	5.94453
684.50000000	5.94674
685.00000000	5.94910
685.50000000	5.95151
686.00000000	5.95432
686.50000000	5.95621
687.00000000	5.95762
687.50000000	5.95960
688.00000000	5.96159
688.50000000	5.96310
689.00000000	5.96422
689.50000000	5.96494
690.00000000	5.96393
690.50000000	5.96157
691.00000000	5.95919
691.50000000	5.95790
692.00000000	5.95721
692.50000000	5.95660
693.00000000	5.95499
693.50000000	5.95355
694.00000000	5.95284
694.50000000	5.95175
695.00000000	5.95126
695.50000000	5.95060
696.00000000	5.95027
696.50000000	5.95055
697.00000000	5.95114
697.50000000	5.95127
698.00000000	5.95106
698.50000000	5.95110
699.00000000	5.95169
699.50000000	5.95298
700.00000000	5.95375
700.50000000	5.95261
701.00000000	5.95199
701.50000000	5.94992
702.00000000	5.94740
702.50000000	5.94530
703.00000000	5.94354
703.50000000	5.94338
704.00000000	5.94200
704.50000000	5.94133
705.00000000	5.94013
705.50000000	5.93855
706.00000000	5.93651
706.50000000	5.93564
707.00000000	5.93430
707.50000000	5.93213
708.00000000	5.93011
708.50000000	5.92858
709.00000000	5.92681
709.50000000	5.92315
710.00000000	5.91964
710.50000000	5.91745
711.00000000	5.91573
711.50000000	5.91396
712.00000000	5.91070
712.50000000	5.90854
713.00000000	5.90660
713.50000000	5.90483
714.00000000	5.90124
714.50000000	5.89881
715.00000000	5.89697
715.50000000	5.89438
716.00000000	5.89250
716.50000000	5.89191
717.00000000	5.89113
717.50000000	5.89102
718.00000000	5.89120
718.50000000	5.89076
719.00000000	5.89138
719.50000000	5.88971
720.00000000	5.88945
720.50000000	5.88864
721.00000000	5.88827
721.50000000	5.88872
722.00000000	5.88921
722.50000000	5.89055
723.00000000	5.89082
723.50000000	5.89302
724.00000000	5.89524
724.50000000	5.89551
725.00000000	5.89540
725.50000000	5.89633
726.00000000	5.89803
726.50000000	5.90114
727.00000000	5.90283
727.50000000	5.90315
728.00000000	5.90542
728.50000000	5.90698
729.00000000	5.90943
729.50000000	5.91177
730.00000000	5.91470
730.50000000	5.91808
731.00000000	5.92080
731.50000000	5.92360
732.00000000	5.92571
732.50000000	5.92757
733.00000000	5.92880
733.50000000	5.92996
734.00000000	5.93203
734.50000000	5.93310
735.00000000	5.93457
735.50000000	5.93527
736.00000000	5.93555
736.50000000	5.93631
737.00000000	5.93815
737.50000000	5.93991
738.00000000	5.94218
738.50000000	5.94480
739.00000000	5.94692
739.50000000	5.94960
740.00000000	5.95112
740.50000000	5.95419
741.00000000	5.95761
741.50000000	5.96104
742.00000000	5.96423
742.50000000	5.96718
743.00000000	5.96920
743.50000000	5.97266
744.00000000	5.97559
744.50000000	5.97743
745.00000000	5.97974
745.50000000	5.98232
746.00000000	5.98345
746.50000000	5.98477
747.00000000	5.98692
747.50000000	5.98838
748.00000000	5.99036
748.50000000	5.99164
749.00000000	5.99250
749.50000000	5.99260
750.00000000	5.99331
750.50000000	5.99442
751.00000000	5.99660
751.50000000	5.99935
752.00000000	6.00017
752.50000000	6.00086
753.00000000	6.00126
753.50000000	6.00340
754.00000000	6.00657
754.50000000	6.00892
755.00000000	6.01088
755.50000000	6.01169
756.00000000	6.01172
756.50000000	6.01245
757.00000000	6.01145
757.50000000	6.01087
758.00000000	6.00907
758.50000000	6.00696
759.00000000	6.00564
759.50000000	6.00480
760.00000000	6.00487
760.50000000	6.00399
761.00000000	6.00189
761.50000000	5.99911
762.00000000	5.99741
762.50000000	5.99487
763.00000000	5.99122
763.50000000	5.98927
764.00000000	5.98720
764.50000000	5.98502
765.00000000	5.98323
765.50000000	5.98395
766.00000000	5.98497
766.50000000	5.98640
767.00000000	5.98766
767.50000000	5.99037
768.00000000	5.99164
768.50000000	5.99213
769.00000000	5.99302
769.50000000	5.99383
770.00000000	5.99470
770.50000000	5.99574
771.00000000	5.99799
771.50000000	5.99989
772.00000000	6.00260
772.50000000	6.00560
773.00000000	6.00925
773.50000000	6.01247
774.00000000	6.01562
774.50000000	6.02080
775.00000000	6.02527
775.50000000	6.02848
776.00000000	6.02975
776.50000000	6.03146
777.00000000	6.03352
777.50000000	6.03578
778.00000000	6.03750
778.50000000	6.03894
779.00000000	6.04148
779.50000000	6.04446
780.00000000	6.04772
780.50000000	6.05154
781.00000000	6.05601
781.50000000	6.06033
782.00000000	6.06528
782.50000000	6.07025
783.00000000	6.07367
783.50000000	6.07725
784.00000000	6.07880
784.50000000	6.08076
785.00000000	6.08226
785.50000000	6.08344
786.00000000	6.08594
786.50000000	6.08822
787.00000000	6.09100
787.50000000	6.09438
788.00000000	6.09978
788.50000000	6.10501
789.00000000	6.10886
789.50000000	6.11220
790.00000000	6.11620
790.50000000	6.11965
791.00000000	6.12321
791.50000000	6.12721
792.00000000	6.12937
792.50000000	6.13038
793.00000000	6.13131
793.50000000	6.13142
794.00000000	6.13120
794.50000000	6.13095
795.00000000	6.13118
795.50000000	6.13317
796.00000000	6.13531
796.50000000	6.13630
797.00000000	6.13907
797.50000000	6.14181
798.00000000	6.14367
798.50000000	6.14593
799.00000000	6.14784
799.50000000	6.14906
800.00000000	6.15108
800.50000000	6.15384
801.00000000	6.15711
801.50000000	6.15816
802.00000000	6.16057
802.50000000	6.16378
803.00000000	6.16790
803.50000000	6.17132
804.00000000	6.17560
804.50000000	6.17954
805.00000000	6.18213
805.50000000	6.18442
806.00000000	6.18597
806.50000000	6.18829
807.00000000	6.18983
807.50000000	6.19100
808.00000000	6.19080
808.50000000	6.19116
809.00000000	6.18980
809.50000000	6.18923
810.00000000	6.18893
810.50000000	6.18827
811.00000000	6.18753
811.50000000	6.18683
812.00000000	6.18833
812.50000000	6.19080
813.00000000	6.19368
813.50000000	6.19457
814.00000000	6.19579
814.50000000	6.19706
815.00000000	6.19765
815.50000000	6.19857
816.00000000	6.19937
816.50000000	6.20114
817.00000000	6.20344
817.50000000	6.20529
818.00000000	6.20665
818.50000000	6.20737
819.00000000	6.20855
819.50000000	6.21061
820.00000000	6.21278
820.50000000	6.21570
821.00000000	6.21822
821.50000000	6.22163
822.00000000	6.22370
822.50000000	6.22549
823.00000000	6.22792
823.50000000	6.23057
824.00000000	6.23382
824.50000000	6.23716
825.00000000	6.24273
825.50000000	6.24896
826.00000000	6.25531
826.50000000	6.26079
827.00000000	6.26661
827.50000000	6.27048
828.00000000	6.27290
828.50000000	6.27558
829.00000000	6.27741
829.50000000	6.28075
830.00000000	6.28398
830.50000000	6.28741
831.00000000	6.29022
831.50000000	6.29322
832.00000000	6.29628
832.50000000	6.29782
833.00000000	6.29928
833.50000000	6.29998
834.00000000	6.29949
834.50000000	6.30083
835.00000000	6.30286
835.50000000	6.30669
836.00000000	6.31087
836.50000000	6.31508
837.00000000	6.32003
837.50000000	6.32503
838.00000000	6.32906
838.50000000	6.33328
839.00000000	6.33895
839.50000000	6.34416
840.00000000	6.34909
840.50000000	6.35397
841.00000000	6.35817
841.50000000	6.36249
842.00000000	6.36848
842.50000000	6.37410
843.00000000	6.38059
843.50000000	6.38646
844.00000000	6.39137
844.50000000	6.39489
845.00000000	6.39680
845.50000000	6.39988
846.00000000	6.40420
846.50000000	6.40921
847.00000000	6.41225
847.50000000	6.41402
848.00000000	6.41635
848.50000000	6.42021
849.00000000	6.42488
849.50000000	6.42812
850.00000000	6.42929
850.50000000	6.43043
851.00000000	6.43192
851.50000000	6.43269
852.00000000	6.43408
852.50000000	6.43665
853.00000000	6.43810
853.50000000	6.43989
854.00000000	6.43969
854.50000000	6.44058
855.00000000	6.44122
855.50000000	6.44097
856.00000000	6.44087
856.50000000	6.44181
857.00000000	6.44100
857.50000000	6.44162
858.00000000	6.44237
858.50000000	6.44167
859.00000000	6.44107
859.50000000	6.44013
860.00000000	6.43980
860.50000000	6.43897
861.00000000	6.43794
861.50000000	6.43539
862.00000000	6.43296
862.50000000	6.43083
863.00000000	6.43024
863.50000000	6.43052
864.00000000	6.43179
864.50000000	6.43189
865.00000000	6.43146
865.50000000	6.43180
866.00000000	6.43344
866.50000000	6.43495
867.00000000	6.43550
867.50000000	6.43671
868.00000000	6.43846
868.50000000	6.43957
869.00000000	6.44161
869.50000000	6.44286
870.00000000	6.44349
870.50000000	6.44507
871.00000000	6.44580
871.50000000	6.44585
872.00000000	6.44532
872.50000000	6.44467
873.00000000	6.44484
873.50000000	6.44557
874.00000000	6.44522
874.50000000	6.44562
875.00000000	6.44584
875.50000000	6.44623
876.00000000	6.44699
876.50000000	6.44812
877.00000000	6.44899
877.50000000	6.45100
878.00000000	6.45406
878.50000000	6.45804
879.00000000	6.46164
879.50000000	6.46647
880.00000000	6.46997
880.50000000	6.47353
881.00000000	6.47541
881.50000000	6.47645
882.00000000	6.47812
882.50000000	6.47808
883.00000000	6.47763
883.50000000	6.47777
884.00000000	6.47886
884.50000000	6.48173
885.00000000	6.48342
885.50000000	6.48447
886.00000000	6.48547
886.50000000	6.48625
887.00000000	6.48737
887.50000000	6.48899
888.00000000	6.49003
888.50000000	6.49068
889.00000000	6.49171
889.50000000	6.49253
890.00000000	6.49422
890.50000000	6.49615
891.00000000	6.49743
891.50000000	6.50003
892.00000000	6.50159
892.50000000	6.50409
893.00000000	6.50590
893.50000000	6.50728
894.00000000	6.50835
894.50000000	6.50952
895.00000000	6.50998
895.50000000	6.51092
896.00000000	6.51155
896.50000000	6.51323
897.00000000	6.51611
897.50000000	6.51888
898.00000000	6.51950
898.50000000	6.51805
899.00000000	6.51518
899.50000000	6.51193
900.00000000	6.50815
900.50000000	6.50518
901.00000000	6.50286
901.50000000	6.49988
902.00000000	6.49834
902.50000000	6.49603
903.00000000	6.49475
903.50000000	6.49270
904.00000000	6.49133
904.50000000	6.49162
905.00000000	6.49094
905.50000000	6.49104
906.00000000	6.49153
906.50000000	6.49072
907.00000000	6.49104
907.50000000	6.49155
908.00000000	6.49176
908.50000000	6.49240
909.00000000	6.49291
909.50000000	6.49413
910.00000000	6.49498
910.50000000	6.49493
911.00000000	6.49437
911.50000000	6.49409
912.00000000	6.49437
912.50000000	6.49502
913.00000000	6.49616
913.50000000	6.49743
914.00000000	6.49968
914.50000000	6.50161
915.00000000	6.50318
915.50000000	6.50616
916.00000000	6.51041
916.50000000	6.51515
917.00000000	6.52071
917.50000000	6.52626
918.00000000	6.53143
918.50000000	6.53621
919.00000000	6.54120
919.50000000	6.54623
920.00000000	6.55044
920.50000000	6.55429
921.00000000	6.55782
921.50000000	6.56058
922.00000000	6.56331
922.50000000	6.56449
923.00000000	6.56604
923.50000000	6.56715
924.00000000	6.56884
924.50000000	6.57043
925.00000000	6.57231
925.50000000	6.57319
926.00000000	6.57407
926.50000000	6.57292
927.00000000	6.57220
927.50000000	6.57174
928.00000000	6.57236
928.50000000	6.57432
929.00000000	6.57546
929.50000000	6.57677
930.00000000	6.57781
930.50000000	6.57962
931.00000000	6.58087
931.50000000	6.58128
932.00000000	6.58209
932.50000000	6.58382
933.00000000	6.58550
933.50000000	6.58612
934.00000000	6.58640
934.50000000	6.58697
935.00000000	6.58838
935.50000000	6.59105
936.00000000	6.59384
936.50000000	6.59725
937.00000000	6.60024
937.50000000	6.60301
938.00000000	6.60476
938.50000000	6.60798
939.00000000	6.61044
939.50000000	6.61323
940.00000000	6.61573
940.50000000	6.61573
941.00000000	6.61517
941.50000000	6.61508
942.00000000	6.61622
942.50000000	6.61721
943.00000000	6.61843
943.50000000	6.62042
944.00000000	6.62168
944.50000000	6.62150
945.00000000	6.62013
945.50000000	6.61734
946.00000000	6.61496
946.50000000	6.61251
947.00000000	6.60968
947.50000000	6.60536
948.00000000	6.60302
948.50000000	6.60096
949.00000000	6.59814
949.50000000	6.59649
950.00000000	6.59506
950.50000000	6.59500
951.00000000	6.59493
951.50000000	6.59571
952.00000000	6.59676
952.50000000	6.59763
953.00000000	6.59752
953.50000000	6.59805
954.00000000	6.59785
954.50000000	6.59799
955.00000000	6.59783
955.50000000	6.59754
956.00000000	6.59661
956.50000000	6.59452
957.00000000	6.59349
957.50000000	6.59501
958.00000000	6.59625
958.50000000	6.59688
959.00000000	6.59757
959.50000000	6.59685
960.00000000	6.59556
960.50000000	6.59547
961.00000000	6.59563
961.50000000	6.59505
962.00000000	6.59457
962.50000000	6.59271
963.00000000	6.59181
963.50000000	6.59262
964.00000000	6.59222
964.50000000	6.59317
965.00000000	6.59400
965.50000000	6.59462
966.00000000	6.59524
966.50000000	6.59688
967.00000000	6.59788
967.50000000	6.59658
968.00000000	6.59592
968.50000000	6.59403
969.00000000	6.59302
969.50000000	6.59177
970.00000000	6.59096
970.50000000	6.58988
971.00000000	6.58962
971.50000000	6.58953
972.00000000	6.58992
972.50000000	6.59031
973.00000000	6.59072
973.50000000	6.59005
974.00000000	6.59023
974.50000000	6.59080
975.00000000	6.59178
975.50000000	6.59166
976.00000000	6.59123
976.50000000	6.59156
977.00000000	6.59274
977.50000000	6.59232
978.00000000	6.59231
978.50000000	6.59217
979.00000000	6.59351
979.50000000	6.59308
980.00000000	6.59174
980.50000000	6.59123
981.00000000	6.58976
981.50000000	6.58867
982.00000000	6.58676
982.50000000	6.58440
983.00000000	6.58296
983.50000000	6.58121
984.00000000	6.57808
984.50000000	6.57508
985.00000000	6.57257
985.50000000	6.57198
986.00000000	6.57185
986.50000000	6.57245
987.00000000	6.57378
987.50000000	6.57400
988.00000000	6.57600
988.50000000	6.57687
989.00000000	6.57801
989.50000000	6.57841
990.00000000	6.57861
990.50000000	6.57751
991.00000000	6.57705
991.50000000	6.57638
992.00000000	6.57541
992.50000000	6.57346
993.00000000	6.57141
993.50000000	6.56874
994.00000000	6.56777
994.50000000	6.56673
995.00000000	6.56620
995.50000000	6.56596
996.00000000	6.56373
996.50000000	6.56104
997.00000000	6.56030
997.50000000	6.56020
998.00000000	6.55966
998.50000000	6.56060
999.00000000	6.56016
999.50000000	6.55870
1000.00000000	6.55677
1000.50000000	6.55560
1001.00000000	6.55497
1001.50000000	6.55287
1002.00000000	6.55150
1002.50000000	6.54990
1003.00000000	6.54842
1003.50000000	6.54792
1004.00000000	6.54568
1004.50000000	6.54466
1005.00000000	6.54326
1005.50000000	6.54191
1006.00000000	6.54158
1006.50000000	6.54119
1007.00000000	6.54051
1007.50000000	6.53892
1008.00000000	6.53738
1008.50000000	6.53637
1009.00000000	6.53617
1009.50000000	6.53662
1010.00000000	6.53667
1010.50000000	6.53556
1011.00000000	6.53464
1011.50000000	6.53280
1012.00000000	6.52986
1012.50000000	6.52783
1013.00000000	6.52577
1013.50000000	6.52366
1014.00000000	6.52294
1014.50000000	6.52018
1015.00000000	6.51784
1015.50000000	6.51547
1016.00000000	6.51425
1016.50000000	6.51220
1017.00000000	6.51012
1017.50000000	6.50798
1018.00000000	6.50518
1018.50000000	6.50309
1019.00000000	6.50175
1019.50000000	6.50005
1020.00000000	6.49627
1020.50000000	6.49329
1021.00000000	6.48949
1021.50000000	6.48585
1022.00000000	6.48268
1022.50000000	6.48066
1023.00000000	6.47947
1023.50000000	6.47959
1024.00000000	6.47994
1024.50000000	6.48071
1025.00000000	6.48287
1025.50000000	6.48645
1026.00000000	6.48905
1026.50000000	6.49193
1027.00000000	6.49434
1027.50000000	6.49761
1028.00000000	6.50165
1028.50000000	6.50544
1029.00000000	6.50804
1029.50000000	6.51131
1030.00000000	6.51395
1030.50000000	6.51684
1031.00000000	6.51930
1031.50000000	6.52204
1032.00000000	6.52570
1032.50000000	6.53038
1033.00000000	6.53424
1033.50000000	6.53708
1034.00000000	6.53956
1034.50000000	6.54262
1035.00000000	6.54588
1035.50000000	6.54844
1036.00000000	6.55011
1036.50000000	6.55177
1037.00000000	6.55304
1037.50000000	6.55526
1038.00000000	6.55747
1038.50000000	6.55950
1039.00000000	6.56068
1039.50000000	6.56293
1040.00000000	6.56480
1040.50000000	6.56811
1041.00000000	6.57039
1041.50000000	6.57143
1042.00000000	6.57184
1042.50000000	6.57256
1043.00000000	6.57234
1043.50000000	6.57024
1044.00000000	6.56821
1044.50000000	6.56792
1045.00000000	6.56695
1045.50000000	6.56634
1046.00000000	6.56574
1046.50000000	6.56517
1047.00000000	6.56371
1047.50000000	6.56158
1048.00000000	6.55820
1048.50000000	6.55459
1049.00000000	6.55154
1049.50000000	6.54889
1050.00000000	6.54478
1050.50000000	6.54161
1051.00000000	6.53902
1051.50000000	6.53727
1052.00000000	6.53542
1052.50000000	6.53336
1053.00000000	6.53289
1053.50000000	6.53219
1054.00000000	6.53080
1054.50000000	6.52971
1055.00000000	6.52893
1055.50000000	6.52827
1056.00000000	6.52894
1056.50000000	6.52880
1057.00000000	6.52892
1057.50000000	6.52935
1058.00000000	6.52968
1058.50000000	6.53184
1059.00000000	6.53501
1059.50000000	6.53801
1060.00000000	6.54149
1060.50000000	6.54467
1061.00000000	6.54861
1061.50000000	6.55127
1062.00000000	6.55432
1062.50000000	6.55786
1063.00000000	6.56149
1063.50000000	6.56344
1064.00000000	6.56588
1064.50000000	6.56958
1065.00000000	6.57269
1065.50000000	6.57732
1066.00000000	6.58115
1066.50000000	6.58425
1067.00000000	6.58794
1067.50000000	6.59316
1068.00000000	6.59662
1068.50000000	6.60124
1069.00000000	6.60587
1069.50000000	6.61034
1070.00000000	6.61372
1070.50000000	6.61587
1071.00000000	6.61871
1071.50000000	6.62052
1072.00000000	6.62364
1072.50000000	6.62749
1073.00000000	6.63005
1073.50000000	6.63092
1074.00000000	6.63256
1074.50000000	6.63347
1075.00000000	6.63418
1075.50000000	6.63449
1076.00000000	6.63532
1076.50000000	6.63699
1077.00000000	6.63885
1077.50000000	6.63984
1078.00000000	6.64016
1078.50000000	6.63987
1079.00000000	6.63862
1079.50000000	6.63658
1080.00000000	6.63401
1080.50000000	6.63327
1081.00000000	6.63033
1081.50000000	6.62832
1082.00000000	6.62744
1082.50000000	6.62781
1083.00000000	6.62799
1083.50000000	6.62630
1084.00000000	6.62349
1084.50000000	6.62103
1085.00000000	6.61885
1085.50000000	6.61617
1086.00000000	6.61475
1086.50000000	6.61293
1087.00000000	6.61251
1087.50000000	6.61100
1088.00000000	6.61024
1088.50000000	6.61027
1089.00000000	6.61032
1089.50000000	6.60990
1090.00000000	6.61087
1090.50000000	6.61017
1091.00000000	6.61025
1091.50000000	6.61052
1092.00000000	6.61061
1092.50000000	6.61078
1093.00000000	6.61143
1093.50000000	6.61280
1094.00000000	6.61410
1094.50000000	6.61506
1095.00000000	6.61526
1095.50000000	6.61478
1096.00000000	6.61361
1096.50000000	6.61442
1097.00000000	6.61449
1097.50000000	6.61474
1098.00000000	6.61534
1098.50000000	6.61549
1099.00000000	6.61539
1099.50000000	6.61455
1100.00000000	6.61200
1100.50000000	6.60905
1101.00000000	6.60686
1101.50000000	6.60350
1102.00000000	6.60174
1102.50000000	6.59870
1103.00000000	6.59491
1103.50000000	6.59185
1104.00000000	6.58933
1104.50000000	6.58591
1105.00000000	6.58372
1105.50000000	6.58072
1106.00000000	6.57919
1106.50000000	6.57823
1107.00000000	6.57812
1107.50000000	6.57733
1108.00000000	6.57711
1108.50000000	6.57640
1109.00000000	6.57525
1109.50000000	6.57380
1110.00000000	6.57137
1110.50000000	6.56956
1111.00000000	6.56798
1111.50000000	6.56655
1112.00000000	6.56516
1112.50000000	6.56165
1113.00000000	6.55785
1113.50000000	6.55496
1114.00000000	6.55338
1114.50000000	6.55174
1115.00000000	6.55008
1115.50000000	6.54843
1116.00000000	6.54711
1116.50000000	6.54688
1117.00000000	6.54709
1117.50000000	6.54543
1118.00000000	6.54304
1118.50000000	6.54208
1119.00000000	6.54346
1119.50000000	6.54441
1120.00000000	6.54522
1120.50000000	6.54661
1121.00000000	6.54868
1121.50000000	6.54881
1122.00000000	6.54912
1122.50000000	6.55081
1123.00000000	6.55072
1123.50000000	6.55051
1124.00000000	6.55052
1124.50000000	6.55156
1125.00000000	6.55186
1125.50000000	6.55275
1126.00000000	6.55260
1126.50000000	6.55403
1127.00000000	6.55642
1127.50000000	6.55918
1128.00000000	6.56270
1128.50000000	6.56470
1129.00000000	6.56527
1129.50000000	6.56612
1130.00000000	6.56601
1130.50000000	6.56493
1131.00000000	6.56488
1131.50000000	6.56307
1132.00000000	6.56104
1132.50000000	6.55893
1133.00000000	6.55643
1133.50000000	6.55358
1134.00000000	6.55111
1134.50000000	6.54836
1135.00000000	6.54546
1135.50000000	6.54370
1136.00000000	6.54240
1136.50000000	6.54052
1137.00000000	6.53872
1137.50000000	6.53657
1138.00000000	6.53544
1138.50000000	6.53433
1139.00000000	6.53351
1139.50000000	6.53437
1140.00000000	6.53511
1140.50000000	6.53565
1141.00000000	6.53546
1141.50000000	6.53449
1142.00000000	6.53232
1142.50000000	6.53038
1143.00000000	6.52850
1143.50000000	6.52601
1144.00000000	6.52588
1144.50000000	6.52597
1145.00000000	6.52633
1145.50000000	6.52590
1146.00000000	6.52546
1146.50000000	6.52565
1147.00000000	6.52510
1147.50000000	6.52443
1148.00000000	6.52409
1148.50000000	6.52270
1149.00000000	6.52119
1149.50000000	6.51978
1150.00000000	6.51874
1150.50000000	6.51906
1151.00000000	6.51994
1151.50000000	6.52178
1152.00000000	6.52391
1152.50000000	6.52553
1153.00000000	6.52544
1153.50000000	6.52624
1154.00000000	6.52754
1154.50000000	6.52969
1155.00000000	6.53254
1155.50000000	6.53553
1156.00000000	6.53925
1156.50000000	6.54279
1157.00000000	6.54642
1157.50000000	6.54878
1158.00000000	6.55003
1158.50000000	6.55168
1159.00000000	6.55319
1159.50000000	6.55460
1160.00000000	6.55557
1160.50000000	6.55634
1161.00000000	6.55638
1161.50000000	6.55730
1162.00000000	6.55793
1162.50000000	6.55770
1163.00000000	6.55615
1163.50000000	6.55516
1164.00000000	6.55342
1164.50000000	6.55078
1165.00000000	6.54751
1165.50000000	6.54424
1166.00000000	6.54027
1166.50000000	6.53738
1167.00000000	6.53571
1167.50000000	6.53524
1168.00000000	6.53596
1168.50000000	6.53718
1169.00000000	6.53938
1169.50000000	6.54240
1170.00000000	6.54480
1170.50000000	6.54921
1171.00000000	6.55211
1171.50000000	6.55495
1172.00000000	6.55792
1172.50000000	6.56092
1173.00000000	6.56344
1173.50000000	6.56728
1174.00000000	6.57184
1174.50000000	6.57680
1175.00000000	6.58141
1175.50000000	6.58630
1176.00000000	6.59121
1176.50000000	6.59722
1177.00000000	6.60221
1177.50000000	6.60710
1178.00000000	6.61181
1178.50000000	6.61622
1179.00000000	6.61980
1179.50000000	6.62426
1180.00000000	6.62878
1180.50000000	6.63287
1181.00000000	6.63603
1181.50000000	6.63981
1182.00000000	6.64278
1182.50000000	6.64522
1183.00000000	6.64900
1183.50000000	6.65164
1184.00000000	6.65437
1184.50000000	6.65641
1185.00000000	6.65740
1185.50000000	6.65856
1186.00000000	6.65868
1186.50000000	6.65882
1187.00000000	6.65870
1187.50000000	6.65842
1188.00000000	6.65908
1188.50000000	6.66034
1189.00000000	6.66189
1189.50000000	6.66353
1190.00000000	6.66404
1190.50000000	6.66394
1191.00000000	6.66353
1191.50000000	6.66179
1192.00000000	6.66094
1192.50000000	6.65973
1193.00000000	6.65825
1193.50000000	6.65692
1194.00000000	6.65504
1194.50000000	6.65374
1195.00000000	6.65331
1195.50000000	6.65342
1196.00000000	6.65272
1196.50000000	6.65222
1197.00000000	6.65192
1197.50000000	6.65172
1198.00000000	6.65278
1198.50000000	6.65501
1199.00000000	6.65630
1199.50000000	6.65600
1200.00000000	6.65609
1200.50000000	6.65683
1201.00000000	6.65670
1201.50000000	6.65640
1202.00000000	6.65600
1202.50000000	6.65607
1203.00000000	6.65646
1203.50000000	6.65676
1204.00000000	6.65756
1204.50000000	6.65819
1205.00000000	6.65766
1205.50000000	6.65568
1206.00000000	6.65536
1206.50000000	6.65536
1207.00000000	6.65577
1207.50000000	6.65559
1208.00000000	6.65658
1208.50000000	6.65808
1209.00000000	6.66028
1209.50000000	6.66233
1210.00000000	6.66459
1210.50000000	6.66664
1211.00000000	6.66920
1211.50000000	6.67050
1212.00000000	6.67172
1212.50000000	6.67136
1213.00000000	6.67066
1213.50000000	6.67049
1214.00000000	6.67142
1214.50000000	6.67273
1215.00000000	6.67341
1215.50000000	6.67488
1216.00000000	6.67635
1216.50000000	6.67846
1217.00000000	6.68072
1217.50000000	6.68265
1218.00000000	6.68544
1218.50000000	6.68868
1219.00000000	6.69286
1219.50000000	6.69620
1220.00000000	6.69904
1220.50000000	6.70177
1221.00000000	6.70266
1221.50000000	6.70251
1222.00000000	6.70534
1222.50000000	6.70706
1223.00000000	6.70865
1223.50000000	6.70975
1224.00000000	6.71104
1224.50000000	6.71390
1225.00000000	6.71648
1225.50000000	6.71818
1226.00000000	6.72099
1226.50000000	6.72563
1227.00000000	6.73074
1227.50000000	6.73603
1228.00000000	6.74171
1228.50000000	6.74795
1229.00000000	6.75268
1229.50000000	6.75621
1230.00000000	6.76147
1230.50000000	6.76678
1231.00000000	6.77197
1231.50000000	6.77731
1232.00000000	6.78110
1232.50000000	6.78475
1233.00000000	6.78805
1233.50000000	6.78956
1234.00000000	6.79080
1234.50000000	6.79243
1235.00000000	6.79355
1235.50000000	6.79638
1236.00000000	6.80052
1236.50000000	6.80315
1237.00000000	6.80460
1237.50000000	6.80677
1238.00000000	6.80895
1238.50000000	6.81025
1239.00000000	6.81192
1239.50000000	6.81353
1240.00000000	6.81474
1240.50000000	6.81618
1241.00000000	6.81586
1241.50000000	6.81594
1242.00000000	6.81707
1242.50000000	6.81807
1243.00000000	6.81946
1243.50000000	6.82015
1244.00000000	6.81974
1244.50000000	6.81973
1245.00000000	6.81946
1245.50000000	6.81982
1246.00000000	6.82077
1246.50000000	6.82187
1247.00000000	6.82204
1247.50000000	6.82182
1248.00000000	6.82135
1248.50000000	6.81964
1249.00000000	6.81897
1249.50000000	6.81878
1250.00000000	6.81753
1250.50000000	6.81495
1251.00000000	6.81221
1251.50000000	6.80988
1252.00000000	6.81016
1252.50000000	6.81032
