170.00000000	5.98147
170.50000000	5.97717
171.00000000	5.97309
171.50000000	5.96917
172.00000000	5.96595
172.50000000	5.96217
173.00000000	5.95891
173.50000000	5.95524
174.00000000	5.95156
174.50000000	5.94798
175.00000000	5.94483
175.50000000	5.94130
176.00000000	5.93932
176.50000000	5.93785
177.00000000	5.93575
177.50000000	5.93451
178.00000000	5.93204
178.50000000	5.92942
179.00000000	5.92591
179.50000000	5.92298
180.00000000	5.92137
180.50000000	5.91882
181.00000000	5.91563
181.50000000	5.91229
182.00000000	5.90898
182.50000000	5.90547
183.00000000	5.90331
183.50000000	5.90136
184.00000000	5.89988
184.50000000	5.89912
185.00000000	5.89834
185.50000000	5.89759
186.00000000	5.89640
186.50000000	5.89554
187.00000000	5.89524
187.50000000	5.89415
188.00000000	5.89378
188.50000000	5.89278
189.00000000	5.89209
189.50000000	5.89148
190.00000000	5.89136
190.50000000	5.89038
191.00000000	5.88889
191.50000000	5.88808
192.00000000	5.88682
192.50000000	5.88557
193.00000000	5.88387
193.50000000	5.88153
194.00000000	5.87907
194.50000000	5.87900
195.00000000	5.87788
195.50000000	5.87652
196.00000000	5.87425
196.50000000	5.87331
197.00000000	5.87455
197.50000000	5.87502
198.00000000	5.87636
198.50000000	5.87799
199.00000000	5.87947
199.50000000	5.88050
200.00000000	5.88077
200.50000000	5.88074
201.00000000	5.88110
201.50000000	5.88195
202.00000000	5.88234
202.50000000	5.88193
203.00000000	5.88173
203.50000000	5.88256
204.00000000	5.88445
204.50000000	5.88736
205.00000000	5.88990
205.50000000	5.89249
206.00000000	5.89601
206.50000000	5.89825
207.00000000	5.90016
207.50000000	5.90218
208.00000000	5.90440
208.50000000	5.90574
209.00000000	5.90608
209.50000000	5.90785
210.00000000	5.90952
210.50000000	5.91086
211.00000000	5.91285
211.50000000	5.91483
212.00000000	5.91626
212.50000000	5.91739
213.00000000	5.91911
213.50000000	5.92027
214.00000000	5.92135
214.50000000	5.92221
215.00000000	5.92318
215.50000000	5.92306
216.00000000	5.92173
216.50000000	5.92081
217.00000000	5.92091
217.50000000	5.92140
218.00000000	5.92173
218.50000000	5.92191
219.00000000	5.92317
219.50000000	5.92408
220.00000000	5.92469
220.50000000	5.92469
221.00000000	5.92551
221.50000000	5.92661
222.00000000	5.92907
222.50000000	5.93085
223.00000000	5.93284
223.50000000	5.93415
224.00000000	5.93481
224.50000000	5.93509
225.00000000	5.93657
225.50000000	5.93633
226.00000000	5.93499
226.50000000	5.93200
227.00000000	5.93029
227.50000000	5.92865
228.00000000	5.92686
228.50000000	5.92504
229.00000000	5.92414
229.50000000	5.92237
230.00000000	5.92013
230.50000000	5.91843
231.00000000	5.91575
231.50000000	5.91421
232.00000000	5.91208
232.50000000	5.90917
233.00000000	5.90595
233.50000000	5.90145
234.00000000	5.89647
234.50000000	5.89125
235.00000000	5.88628
235.50000000	5.87926
236.00000000	5.87424
236.50000000	5.86899
237.00000000	5.86510
237.50000000	5.86198
238.00000000	5.85906
238.50000000	5.85675
239.00000000	5.85454
239.50000000	5.85168
240.00000000	5.84874
240.50000000	5.84534
241.00000000	5.84203
241.50000000	5.83912
242.00000000	5.83626
242.50000000	5.83308
243.00000000	5.83040
243.50000000	5.82887
244.00000000	5.82652
244.50000000	5.82368
245.00000000	5.82018
245.50000000	5.81802
246.00000000	5.81555
246.50000000	5.81379
247.00000000	5.81223
247.50000000	5.81052
248.00000000	5.80995
248.50000000	5.81040
249.00000000	5.80941
249.50000000	5.80793
250.00000000	5.80823
250.50000000	5.80734
251.00000000	5.80675
251.50000000	5.80600
252.00000000	5.80516
252.50000000	5.80324
253.00000000	5.80094
253.50000000	5.79808
254.00000000	5.79603
254.50000000	5.79333
255.00000000	5.79047
255.50000000	5.78728
256.00000000	5.78524
256.50000000	5.78429
257.00000000	5.78394
257.50000000	5.78197
258.00000000	5.78173
258.50000000	5.78070
259.00000000	5.77926
259.50000000	5.77721
260.00000000	5.77481
260.50000000	5.77285
261.00000000	5.77046
261.50000000	5.76865
262.00000000	5.76713
262.50000000	5.76648
263.00000000	5.76480
263.50000000	5.76453
264.00000000	5.76468
264.50000000	5.76518
265.00000000	5.76567
265.50000000	5.76665
266.00000000	5.76716
266.50000000	5.76701
267.00000000	5.76790
267.50000000	5.76801
268.00000000	5.76847
268.50000000	5.76958
269.00000000	5.77154
269.50000000	5.77391
270.00000000	5.77535
270.50000000	5.77812
271.00000000	5.78025
271.50000000	5.78302
272.00000000	5.78621
272.50000000	5.78885
273.00000000	5.79152
273.50000000	5.79527
274.00000000	5.79926
274.50000000	5.80158
275.00000000	5.80192
275.50000000	5.80137
276.00000000	5.80189
276.50000000	5.80349
277.00000000	5.80428
277.50000000	5.80526
278.00000000	5.80560
278.50000000	5.80541
279.00000000	5.80602
279.50000000	5.80621
280.00000000	5.80652
280.50000000	5.80687
281.00000000	5.80758
281.50000000	5.80773
282.00000000	5.80749
282.50000000	5.80697
283.00000000	5.80839
283.50000000	5.80971
284.00000000	5.81205
284.50000000	5.81461
285.00000000	5.81554
285.50000000	5.81705
286.00000000	5.81782
286.50000000	5.81953
287.00000000	5.81911
287.50000000	5.81888
288.00000000	5.81878
288.50000000	5.82049
289.00000000	5.82128
289.50000000	5.82148
290.00000000	5.82067
290.50000000	5.82148
291.00000000	5.82172
291.50000000	5.82154
292.00000000	5.82172
292.50000000	5.82315
293.00000000	5.82439
293.50000000	5.82713
294.00000000	5.82844
294.50000000	5.83017
295.00000000	5.83214
295.50000000	5.83249
296.00000000	5.83347
296.50000000	5.83328
297.00000000	5.83371
297.50000000	5.83376
298.00000000	5.83407
