0.00000000	4.69862
0.50000000	4.69853
1.00000000	4.69892
1.50000000	4.69962
2.00000000	4.69875
2.50000000	4.69747
3.00000000	4.69579
3.50000000	4.69405
4.00000000	4.69331
4.50000000	4.69061
5.00000000	4.68710
5.50000000	4.68442
6.00000000	4.68108
6.50000000	4.67650
7.00000000	4.67197
7.50000000	4.66827
8.00000000	4.66616
8.50000000	4.66294
9.00000000	4.65896
9.50000000	4.65619
10.00000000	4.65286
10.50000000	4.64989
11.00000000	4.64622
11.50000000	4.64226
12.00000000	4.63758
12.50000000	4.63521
13.00000000	4.63316
13.50000000	4.63033
14.00000000	4.62662
14.50000000	4.62297
15.00000000	4.61954
15.50000000	4.61595
16.00000000	4.61383
16.50000000	4.61118
17.00000000	4.60853
17.50000000	4.60659
18.00000000	4.60480
18.50000000	4.60288
19.00000000	4.60182
19.50000000	4.60135
20.00000000	4.60231
20.50000000	4.60403
21.00000000	4.60614
21.50000000	4.60806
22.00000000	4.60890
22.50000000	4.60938
23.00000000	4.61000
23.50000000	4.60978
24.00000000	4.60965
24.50000000	4.60972
25.00000000	4.60958
25.50000000	4.60833
26.00000000	4.60787
26.50000000	4.60809
27.00000000	4.60921
27.50000000	4.60859
28.00000000	4.60852
28.50000000	4.60956
29.00000000	4.60951
29.50000000	4.60883
30.00000000	4.60871
30.50000000	4.60821
31.00000000	4.60852
31.50000000	4.60894
32.00000000	4.60676
32.50000000	4.60381
33.00000000	4.59934
33.50000000	4.59522
34.00000000	4.58999
34.50000000	4.58465
35.00000000	4.57987
35.50000000	4.57254
36.00000000	4.56537
36.50000000	4.56010
37.00000000	4.55484
37.50000000	4.54956
38.00000000	4.54462
38.50000000	4.54008
39.00000000	4.53535
39.50000000	4.53210
40.00000000	4.52932
40.50000000	4.52643
41.00000000	4.52391
41.50000000	4.52094
42.00000000	4.51904
42.50000000	4.51632
43.00000000	4.51294
43.50000000	4.50982
44.00000000	4.50635
44.50000000	4.50280
45.00000000	4.50088
45.50000000	4.49937
46.00000000	4.49788
46.50000000	4.49642
47.00000000	4.49591
47.50000000	4.49455
48.00000000	4.49389
48.50000000	4.49468
49.00000000	4.49446
49.50000000	4.49469
50.00000000	4.49444
50.50000000	4.49398
51.00000000	4.49545
51.50000000	4.49677
52.00000000	4.49864
52.50000000	4.50002
53.00000000	4.50156
53.50000000	4.50272
54.00000000	4.50339
54.50000000	4.50433
55.00000000	4.50502
55.50000000	4.50375
56.00000000	4.50285
56.50000000	4.50115
57.00000000	4.50056
57.50000000	4.50054
58.00000000	4.49864
58.50000000	4.49603
59.00000000	4.49522
59.50000000	4.49503
60.00000000	4.49418
60.50000000	4.49403
61.00000000	4.49548
61.50000000	4.49540
62.00000000	4.49461
62.50000000	4.49378
63.00000000	4.49221
63.50000000	4.49043
64.00000000	4.49051
64.50000000	4.48909
65.00000000	4.48720
65.50000000	4.48572
66.00000000	4.48394
66.50000000	4.48303
67.00000000	4.48112
67.50000000	4.47911
68.00000000	4.47676
68.50000000	4.47470
69.00000000	4.47369
69.50000000	4.47263
70.00000000	4.47049
70.50000000	4.46824
71.00000000	4.46652
71.50000000	4.46356
72.00000000	4.46075
72.50000000	4.45934
73.00000000	4.45807
73.50000000	4.45659
74.00000000	4.45584
74.50000000	4.45239
75.00000000	4.45023
75.50000000	4.44862
76.00000000	4.44690
76.50000000	4.44639
77.00000000	4.44644
77.50000000	4.44707
78.00000000	4.44837
78.50000000	4.45032
79.00000000	4.45058
79.50000000	4.45105
80.00000000	4.45219
80.50000000	4.45401
81.00000000	4.45521
81.50000000	4.45797
82.00000000	4.45877
82.50000000	4.45888
83.00000000	4.45941
83.50000000	4.45912
84.00000000	4.45892
84.50000000	4.45868
85.00000000	4.45867
85.50000000	4.45768
86.00000000	4.45609
86.50000000	4.45425
87.00000000	4.45298
87.50000000	4.45202
88.00000000	4.45162
88.50000000	4.45054
89.00000000	4.45072
89.50000000	4.45059
90.00000000	4.44996
90.50000000	4.44826
91.00000000	4.44616
91.50000000	4.44501
92.00000000	4.44468
92.50000000	4.44414
93.00000000	4.44427
93.50000000	4.44491
94.00000000	4.44523
94.50000000	4.44594
95.00000000	4.44647
95.50000000	4.44753
