2230.00000000	5.51622
2230.50000000	5.51569
2231.00000000	5.51566
2231.50000000	5.51432
2232.00000000	5.51242
2232.50000000	5.51021
2233.00000000	5.50924
2233.50000000	5.50672
2234.00000000	5.50425
2234.50000000	5.50049
2235.00000000	5.49588
2235.50000000	5.49071
2236.00000000	5.48570
2236.50000000	5.48014
2237.00000000	5.47562
2237.50000000	5.47254
2238.00000000	5.47055
2238.50000000	5.46956
2239.00000000	5.46903
2239.50000000	5.46696
2240.00000000	5.46631
2240.50000000	5.46733
2241.00000000	5.46882
2241.50000000	5.46984
2242.00000000	5.47040
2242.50000000	5.47074
2243.00000000	5.46991
2243.50000000	5.46793
2244.00000000	5.46669
2244.50000000	5.46586
2245.00000000	5.46657
2245.50000000	5.46838
2246.00000000	5.47026
2246.50000000	5.47158
2247.00000000	5.47316
2247.50000000	5.47482
2248.00000000	5.47628
2248.50000000	5.47822
2249.00000000	5.48053
2249.50000000	5.48301
2250.00000000	5.48622
2250.50000000	5.48794
2251.00000000	5.49089
2251.50000000	5.49301
2252.00000000	5.49549
2252.50000000	5.49797
2253.00000000	5.50130
2253.50000000	5.50249
2254.00000000	5.50279
2254.50000000	5.50275
2255.00000000	5.50233
2255.50000000	5.50306
2256.00000000	5.50347
2256.50000000	5.50351
2257.00000000	5.50342
2257.50000000	5.50236
2258.00000000	5.50221
2258.50000000	5.50247
2259.00000000	5.50201
2259.50000000	5.50149
2260.00000000	5.50169
2260.50000000	5.50217
2261.00000000	5.50258
2261.50000000	5.50090
2262.00000000	5.49925
2262.50000000	5.49719
2263.00000000	5.49383
2263.50000000	5.49046
2264.00000000	5.48755
2264.50000000	5.48425
2265.00000000	5.48110
2265.50000000	5.47842
2266.00000000	5.47462
2266.50000000	5.47234
2267.00000000	5.46964
2267.50000000	5.46655
2268.00000000	5.46419
2268.50000000	5.46183
2269.00000000	5.45957
2269.50000000	5.45722
2270.00000000	5.45471
2270.50000000	5.45347
2271.00000000	5.45374
2271.50000000	5.45352
2272.00000000	5.45209
2272.50000000	5.45005
2273.00000000	5.44794
2273.50000000	5.44694
2274.00000000	5.44526
2274.50000000	5.44387
2275.00000000	5.44475
2275.50000000	5.44507
2276.00000000	5.44487
2276.50000000	5.44508
2277.00000000	5.44665
2277.50000000	5.44816
2278.00000000	5.44962
2278.50000000	5.45013
2279.00000000	5.45039
2279.50000000	5.45057
2280.00000000	5.45115
2280.50000000	5.45118
2281.00000000	5.45206
2281.50000000	5.45244
2282.00000000	5.45303
2282.50000000	5.45404
2283.00000000	5.45530
2283.50000000	5.45600
2284.00000000	5.45886
2284.50000000	5.46193
2285.00000000	5.46603
2285.50000000	5.46893
2286.00000000	5.46979
2286.50000000	5.47036
2287.00000000	5.46942
2287.50000000	5.46761
2288.00000000	5.46556
2288.50000000	5.46533
2289.00000000	5.46577
2289.50000000	5.46711
2290.00000000	5.46740
2290.50000000	5.46777
2291.00000000	5.46894
2291.50000000	5.46999
2292.00000000	5.47187
2292.50000000	5.47448
2293.00000000	5.47795
2293.50000000	5.48296
2294.00000000	5.48753
2294.50000000	5.49116
2295.00000000	5.49279
2295.50000000	5.49416
2296.00000000	5.49559
2296.50000000	5.49685
2297.00000000	5.49959
2297.50000000	5.50185
2298.00000000	5.50621
2298.50000000	5.51160
2299.00000000	5.51636
2299.50000000	5.51975
2300.00000000	5.52194
2300.50000000	5.52513
2301.00000000	5.52868
2301.50000000	5.53285
2302.00000000	5.53741
2302.50000000	5.54244
2303.00000000	5.54643
2303.50000000	5.55086
2304.00000000	5.55410
2304.50000000	5.55725
2305.00000000	5.56035
2305.50000000	5.56260
2306.00000000	5.56531
2306.50000000	5.56730
2307.00000000	5.56844
2307.50000000	5.56884
2308.00000000	5.57048
2308.50000000	5.57264
2309.00000000	5.57610
2309.50000000	5.57898
2310.00000000	5.58103
2310.50000000	5.58436
2311.00000000	5.58698
2311.50000000	5.58937
2312.00000000	5.59051
2312.50000000	5.59178
2313.00000000	5.59305
2313.50000000	5.59367
2314.00000000	5.59493
2314.50000000	5.59697
2315.00000000	5.59916
2315.50000000	5.60215
2316.00000000	5.60565
2316.50000000	5.60833
2317.00000000	5.61096
2317.50000000	5.61383
2318.00000000	5.61682
2318.50000000	5.61967
2319.00000000	5.62236
2319.50000000	5.62614
2320.00000000	5.62884
2320.50000000	5.63187
2321.00000000	5.63351
2321.50000000	5.63698
2322.00000000	5.63984
2322.50000000	5.64369
2323.00000000	5.64657
2323.50000000	5.64937
2324.00000000	5.65172
2324.50000000	5.65440
2325.00000000	5.65795
2325.50000000	5.66107
2326.00000000	5.66370
2326.50000000	5.66776
2327.00000000	5.67246
2327.50000000	5.67843
2328.00000000	5.68392
2328.50000000	5.68822
2329.00000000	5.69122
2329.50000000	5.69377
2330.00000000	5.69746
2330.50000000	5.70140
2331.00000000	5.70306
2331.50000000	5.70447
2332.00000000	5.70654
2332.50000000	5.70857
2333.00000000	5.71032
2333.50000000	5.71090
2334.00000000	5.71184
2334.50000000	5.71278
2335.00000000	5.71185
2335.50000000	5.71167
2336.00000000	5.71124
2336.50000000	5.71088
2337.00000000	5.71070
2337.50000000	5.71106
2338.00000000	5.71250
2338.50000000	5.71298
2339.00000000	5.71293
2339.50000000	5.71346
2340.00000000	5.71467
2340.50000000	5.71712
2341.00000000	5.71949
2341.50000000	5.72201
2342.00000000	5.72381
2342.50000000	5.72629
2343.00000000	5.72851
2343.50000000	5.72972
2344.00000000	5.73123
2344.50000000	5.73345
2345.00000000	5.73402
2345.50000000	5.73542
2346.00000000	5.73651
2346.50000000	5.73765
2347.00000000	5.73693
2347.50000000	5.73632
2348.00000000	5.73526
2348.50000000	5.73614
2349.00000000	5.73786
2349.50000000	5.74067
2350.00000000	5.74359
2350.50000000	5.74576
2351.00000000	5.74883
2351.50000000	5.75229
2352.00000000	5.75764
2352.50000000	5.76063
2353.00000000	5.76508
2353.50000000	5.76953
2354.00000000	5.77264
2354.50000000	5.77511
2355.00000000	5.77757
2355.50000000	5.77873
2356.00000000	5.77855
2356.50000000	5.77842
2357.00000000	5.77845
2357.50000000	5.77815
2358.00000000	5.77864
2358.50000000	5.77853
