2050.00000000	7.59178
2050.50000000	7.59099
2051.00000000	7.59095
2051.50000000	7.58948
2052.00000000	7.58750
2052.50000000	7.58578
2053.00000000	7.58403
2053.50000000	7.58143
2054.00000000	7.57912
2054.50000000	7.57742
2055.00000000	7.57497
2055.50000000	7.57351
2056.00000000	7.57135
2056.50000000	7.56851
2057.00000000	7.56618
2057.50000000	7.56567
2058.00000000	7.56608
2058.50000000	7.56661
2059.00000000	7.56700
2059.50000000	7.56726
2060.00000000	7.56605
2060.50000000	7.56468
2061.00000000	7.56392
2061.50000000	7.56291
2062.00000000	7.56316
2062.50000000	7.56331
2063.00000000	7.56213
2063.50000000	7.56128
2064.00000000	7.56080
2064.50000000	7.55926
2065.00000000	7.55779
2065.50000000	7.55519
2066.00000000	7.55221
2066.50000000	7.54850
2067.00000000	7.54415
2067.50000000	7.54051
2068.00000000	7.53764
2068.50000000	7.53490
2069.00000000	7.53132
2069.50000000	7.52873
2070.00000000	7.52709
2070.50000000	7.52564
2071.00000000	7.52354
2071.50000000	7.52176
2072.00000000	7.51961
2072.50000000	7.51846
2073.00000000	7.51667
2073.50000000	7.51381
2074.00000000	7.50982
2074.50000000	7.50687
2075.00000000	7.50454
2075.50000000	7.50183
2076.00000000	7.49914
2076.50000000	7.49810
2077.00000000	7.49519
2077.50000000	7.49270
2078.00000000	7.48970
2078.50000000	7.48678
2079.00000000	7.48425
2079.50000000	7.48292
2080.00000000	7.48110
2080.50000000	7.48003
2081.00000000	7.47932
2081.50000000	7.47702
2082.00000000	7.47444
2082.50000000	7.47035
2083.00000000	7.46668
2083.50000000	7.46373
2084.00000000	7.46153
2084.50000000	7.46054
2085.00000000	7.45928
2085.50000000	7.45856
2086.00000000	7.45844
2086.50000000	7.45852
2087.00000000	7.45787
2087.50000000	7.45850
2088.00000000	7.45783
2088.50000000	7.45701
2089.00000000	7.45750
2089.50000000	7.45709
2090.00000000	7.45720
2090.50000000	7.45707
2091.00000000	7.45778
2091.50000000	7.45798
2092.00000000	7.45690
2092.50000000	7.45734
2093.00000000	7.45805
2093.50000000	7.45847
2094.00000000	7.45753
2094.50000000	7.45667
2095.00000000	7.45518
2095.50000000	7.45426
2096.00000000	7.45407
2096.50000000	7.45401
2097.00000000	7.45430
2097.50000000	7.45436
2098.00000000	7.45317
2098.50000000	7.45202
2099.00000000	7.45148
2099.50000000	7.45002
2100.00000000	7.44854
2100.50000000	7.44730
2101.00000000	7.44698
2101.50000000	7.44728
2102.00000000	7.44720
2102.50000000	7.44793
2103.00000000	7.44804
2103.50000000	7.44913
2104.00000000	7.45077
2104.50000000	7.45083
2105.00000000	7.45170
2105.50000000	7.45268
2106.00000000	7.45412
2106.50000000	7.45520
2107.00000000	7.45436
2107.50000000	7.45190
2108.00000000	7.45018
2108.50000000	7.44856
2109.00000000	7.44762
2109.50000000	7.44710
2110.00000000	7.44663
2110.50000000	7.44637
2111.00000000	7.44686
2111.50000000	7.44729
2112.00000000	7.44753
2112.50000000	7.44808
2113.00000000	7.44783
2113.50000000	7.44828
2114.00000000	7.44859
2114.50000000	7.44811
2115.00000000	7.44940
2115.50000000	7.45184
2116.00000000	7.45394
2116.50000000	7.45651
2117.00000000	7.46035
2117.50000000	7.46360
2118.00000000	7.46603
2118.50000000	7.46770
2119.00000000	7.47042
2119.50000000	7.47252
2120.00000000	7.47581
2120.50000000	7.47908
2121.00000000	7.48215
2121.50000000	7.48610
2122.00000000	7.48919
2122.50000000	7.49318
2123.00000000	7.49713
2123.50000000	7.50084
2124.00000000	7.50400
2124.50000000	7.50910
2125.00000000	7.51236
2125.50000000	7.51737
2126.00000000	7.52106
2126.50000000	7.52527
2127.00000000	7.52822
2127.50000000	7.53043
2128.00000000	7.53225
2128.50000000	7.53488
2129.00000000	7.53748
2129.50000000	7.53915
2130.00000000	7.54244
2130.50000000	7.54391
2131.00000000	7.54646
2131.50000000	7.54794
2132.00000000	7.54923
2132.50000000	7.55134
2133.00000000	7.55309
2133.50000000	7.55583
2134.00000000	7.55693
2134.50000000	7.55776
2135.00000000	7.55764
2135.50000000	7.55663
2136.00000000	7.55628
2136.50000000	7.55590
2137.00000000	7.55628
2137.50000000	7.55709
2138.00000000	7.55750
2138.50000000	7.55822
2139.00000000	7.55972
2139.50000000	7.56135
2140.00000000	7.56199
2140.50000000	7.56290
2141.00000000	7.56392
2141.50000000	7.56470
2142.00000000	7.56524
2142.50000000	7.56688
2143.00000000	7.56907
2143.50000000	7.57039
2144.00000000	7.57082
2144.50000000	7.57094
2145.00000000	7.57130
2145.50000000	7.57231
2146.00000000	7.57343
2146.50000000	7.57583
2147.00000000	7.57869
2147.50000000	7.58118
2148.00000000	7.58401
2148.50000000	7.58547
2149.00000000	7.58624
2149.50000000	7.58608
2150.00000000	7.58605
2150.50000000	7.58552
2151.00000000	7.58578
2151.50000000	7.58548
2152.00000000	7.58659
2152.50000000	7.58609
2153.00000000	7.58637
2153.50000000	7.58629
2154.00000000	7.58645
2154.50000000	7.58509
2155.00000000	7.58311
2155.50000000	7.58187
2156.00000000	7.58037
2156.50000000	7.57788
2157.00000000	7.57449
2157.50000000	7.57139
2158.00000000	7.56881
2158.50000000	7.56598
2159.00000000	7.56312
2159.50000000	7.55977
2160.00000000	7.55717
2160.50000000	7.55725
2161.00000000	7.55753
2161.50000000	7.55755
2162.00000000	7.55783
2162.50000000	7.55795
2163.00000000	7.55828
2163.50000000	7.55961
2164.00000000	7.56196
2164.50000000	7.56443
2165.00000000	7.56633
2165.50000000	7.56720
2166.00000000	7.56836
2166.50000000	7.56901
2167.00000000	7.57062
2167.50000000	7.57194
2168.00000000	7.57395
2168.50000000	7.57458
2169.00000000	7.57575
2169.50000000	7.57718
2170.00000000	7.57859
2170.50000000	7.57879
2171.00000000	7.57813
2171.50000000	7.57800
2172.00000000	7.57721
2172.50000000	7.57689
2173.00000000	7.57716
2173.50000000	7.57779
2174.00000000	7.57969
2174.50000000	7.58163
2175.00000000	7.58239
2175.50000000	7.58451
2176.00000000	7.58721
2176.50000000	7.59126
2177.00000000	7.59595
2177.50000000	7.60089
2178.00000000	7.60414
2178.50000000	7.60821
2179.00000000	7.61342
2179.50000000	7.61821
2180.00000000	7.62401
2180.50000000	7.63099
2181.00000000	7.63790
2181.50000000	7.64355
2182.00000000	7.64945
2182.50000000	7.65468
2183.00000000	7.66141
2183.50000000	7.66763
2184.00000000	7.67182
2184.50000000	7.67542
2185.00000000	7.67905
2185.50000000	7.68274
2186.00000000	7.68549
2186.50000000	7.68972
2187.00000000	7.69438
2187.50000000	7.69927
2188.00000000	7.70324
2188.50000000	7.70721
2189.00000000	7.71121
2189.50000000	7.71581
2190.00000000	7.72107
2190.50000000	7.72636
2191.00000000	7.73045
2191.50000000	7.73367
2192.00000000	7.73689
2192.50000000	7.73892
2193.00000000	7.74278
2193.50000000	7.74501
2194.00000000	7.74792
2194.50000000	7.75165
2195.00000000	7.75549
2195.50000000	7.75913
2196.00000000	7.76279
2196.50000000	7.76647
2197.00000000	7.77037
2197.50000000	7.77535
2198.00000000	7.78101
2198.50000000	7.78589
2199.00000000	7.79143
2199.50000000	7.79599
2200.00000000	7.79981
2200.50000000	7.80350
2201.00000000	7.80765
2201.50000000	7.81075
2202.00000000	7.81332
2202.50000000	7.81513
2203.00000000	7.81920
2203.50000000	7.82183
2204.00000000	7.82352
2204.50000000	7.82576
2205.00000000	7.82668
2205.50000000	7.82830
2206.00000000	7.82910
2206.50000000	7.82921
2207.00000000	7.82952
2207.50000000	7.83021
2208.00000000	7.83085
2208.50000000	7.83209
2209.00000000	7.83098
2209.50000000	7.82993
2210.00000000	7.82976
2210.50000000	7.83023
2211.00000000	7.83087
2211.50000000	7.83343
2212.00000000	7.83614
2212.50000000	7.83927
2213.00000000	7.84237
2213.50000000	7.84308
2214.00000000	7.84374
2214.50000000	7.84555
2215.00000000	7.84766
2215.50000000	7.84888
2216.00000000	7.84968
2216.50000000	7.85274
2217.00000000	7.85685
2217.50000000	7.86049
2218.00000000	7.86398
2218.50000000	7.86797
2219.00000000	7.87275
2219.50000000	7.87856
2220.00000000	7.88369
2220.50000000	7.88804
2221.00000000	7.89303
2221.50000000	7.89900
2222.00000000	7.90373
2222.50000000	7.90690
2223.00000000	7.90880
2223.50000000	7.90996
2224.00000000	7.91171
2224.50000000	7.91330
2225.00000000	7.91337
2225.50000000	7.91525
2226.00000000	7.91827
2226.50000000	7.92078
2227.00000000	7.92264
2227.50000000	7.92550
2228.00000000	7.92921
2228.50000000	7.93200
2229.00000000	7.93434
2229.50000000	7.93644
2230.00000000	7.93857
2230.50000000	7.94100
2231.00000000	7.94419
2231.50000000	7.94728
2232.00000000	7.95048
2232.50000000	7.95264
2233.00000000	7.95390
2233.50000000	7.95420
2234.00000000	7.95439
2234.50000000	7.95428
2235.00000000	7.95471
2235.50000000	7.95502
2236.00000000	7.95390
2236.50000000	7.95401
2237.00000000	7.95413
2237.50000000	7.95340
2238.00000000	7.95210
2238.50000000	7.95072
2239.00000000	7.94934
2239.50000000	7.94722
2240.00000000	7.94673
2240.50000000	7.94528
2241.00000000	7.94314
2241.50000000	7.94209
2242.00000000	7.94089
2242.50000000	7.93904
2243.00000000	7.93786
2243.50000000	7.93645
2244.00000000	7.93692
2244.50000000	7.93797
2245.00000000	7.93830
2245.50000000	7.93815
2246.00000000	7.93764
2246.50000000	7.93718
2247.00000000	7.93731
2247.50000000	7.93807
2248.00000000	7.93779
2248.50000000	7.93828
2249.00000000	7.93830
2249.50000000	7.93749
2250.00000000	7.93710
2250.50000000	7.93544
2251.00000000	7.93375
2251.50000000	7.93321
2252.00000000	7.93160
2252.50000000	7.93008
2253.00000000	7.93084
2253.50000000	7.93115
2254.00000000	7.93053
2254.50000000	7.93029
2255.00000000	7.93000
2255.50000000	7.93027
2256.00000000	7.92991
2256.50000000	7.92983
2257.00000000	7.92953
2257.50000000	7.93066
2258.00000000	7.93156
2258.50000000	7.93174
2259.00000000	7.93085
2259.50000000	7.92998
2260.00000000	7.92965
2260.50000000	7.92940
2261.00000000	7.92842
2261.50000000	7.92744
2262.00000000	7.92605
2262.50000000	7.92425
2263.00000000	7.92092
2263.50000000	7.91668
2264.00000000	7.91351
2264.50000000	7.91092
2265.00000000	7.90699
2265.50000000	7.90295
2266.00000000	7.89932
2266.50000000	7.89614
2267.00000000	7.89353
2267.50000000	7.89190
2268.00000000	7.88892
2268.50000000	7.88662
2269.00000000	7.88390
2269.50000000	7.88057
2270.00000000	7.87752
2270.50000000	7.87496
2271.00000000	7.87285
2271.50000000	7.87150
2272.00000000	7.86951
2272.50000000	7.86760
2273.00000000	7.86523
2273.50000000	7.86361
2274.00000000	7.86172
2274.50000000	7.86036
2275.00000000	7.85911
2275.50000000	7.86009
2276.00000000	7.85987
2276.50000000	7.85828
2277.00000000	7.85543
2277.50000000	7.85319
2278.00000000	7.85099
2278.50000000	7.84857
2279.00000000	7.84606
2279.50000000	7.84186
2280.00000000	7.83843
2280.50000000	7.83571
2281.00000000	7.83367
2281.50000000	7.83198
2282.00000000	7.82967
2282.50000000	7.82700
2283.00000000	7.82401
2283.50000000	7.82174
2284.00000000	7.81906
2284.50000000	7.81620
2285.00000000	7.81475
2285.50000000	7.81385
2286.00000000	7.81321
2286.50000000	7.81389
2287.00000000	7.81330
2287.50000000	7.81322
2288.00000000	7.81289
2288.50000000	7.81262
2289.00000000	7.81361
2289.50000000	7.81534
2290.00000000	7.81679
2290.50000000	7.81744
2291.00000000	7.81741
2291.50000000	7.81710
2292.00000000	7.81744
2292.50000000	7.81606
2293.00000000	7.81422
2293.50000000	7.81251
2294.00000000	7.81218
2294.50000000	7.81093
2295.00000000	7.80876
2295.50000000	7.80790
2296.00000000	7.80454
2296.50000000	7.80133
2297.00000000	7.79863
2297.50000000	7.79567
2298.00000000	7.79371
2298.50000000	7.79139
2299.00000000	7.78892
2299.50000000	7.78662
2300.00000000	7.78415
2300.50000000	7.78123
2301.00000000	7.77910
2301.50000000	7.77673
2302.00000000	7.77436
2302.50000000	7.77416
2303.00000000	7.77592
2303.50000000	7.77845
2304.00000000	7.78167
2304.50000000	7.78496
2305.00000000	7.78729
2305.50000000	7.78930
2306.00000000	7.79032
2306.50000000	7.79153
2307.00000000	7.79366
2307.50000000	7.79547
2308.00000000	7.79710
2308.50000000	7.79871
2309.00000000	7.80097
2309.50000000	7.80162
2310.00000000	7.80276
2310.50000000	7.80398
2311.00000000	7.80504
2311.50000000	7.80519
2312.00000000	7.80470
2312.50000000	7.80513
2313.00000000	7.80534
2313.50000000	7.80425
2314.00000000	7.80441
2314.50000000	7.80411
2315.00000000	7.80268
2315.50000000	7.80116
2316.00000000	7.79857
2316.50000000	7.79668
2317.00000000	7.79594
2317.50000000	7.79563
2318.00000000	7.79583
2318.50000000	7.79436
2319.00000000	7.79463
2319.50000000	7.79287
2320.00000000	7.78860
2320.50000000	7.78619
2321.00000000	7.78418
2321.50000000	7.78291
2322.00000000	7.78103
2322.50000000	7.78036
2323.00000000	7.77900
2323.50000000	7.77719
2324.00000000	7.77625
2324.50000000	7.77550
2325.00000000	7.77464
2325.50000000	7.77296
2326.00000000	7.77176
2326.50000000	7.76859
2327.00000000	7.76532
2327.50000000	7.76283
2328.00000000	7.75904
2328.50000000	7.75442
2329.00000000	7.74977
2329.50000000	7.74634
2330.00000000	7.74274
2330.50000000	7.73985
2331.00000000	7.73747
2331.50000000	7.73429
2332.00000000	7.73257
2332.50000000	7.73058
2333.00000000	7.72852
2333.50000000	7.72639
2334.00000000	7.72576
2334.50000000	7.72549
2335.00000000	7.72586
2335.50000000	7.72743
2336.00000000	7.72947
2336.50000000	7.73172
2337.00000000	7.73305
2337.50000000	7.73434
2338.00000000	7.73438
2338.50000000	7.73659
2339.00000000	7.73969
2339.50000000	7.74166
2340.00000000	7.74467
2340.50000000	7.74796
2341.00000000	7.75060
2341.50000000	7.75275
2342.00000000	7.75591
2342.50000000	7.75889
2343.00000000	7.76163
2343.50000000	7.76558
2344.00000000	7.76827
2344.50000000	7.77164
2345.00000000	7.77414
2345.50000000	7.77664
2346.00000000	7.77761
2346.50000000	7.77864
2347.00000000	7.77945
2347.50000000	7.78051
2348.00000000	7.78166
2348.50000000	7.78107
2349.00000000	7.78203
2349.50000000	7.78171
2350.00000000	7.78185
2350.50000000	7.78244
2351.00000000	7.78306
2351.50000000	7.78345
2352.00000000	7.78523
2352.50000000	7.78637
2353.00000000	7.78621
2353.50000000	7.78840
2354.00000000	7.79152
2354.50000000	7.79411
2355.00000000	7.79603
2355.50000000	7.79780
2356.00000000	7.79926
2356.50000000	7.80039
2357.00000000	7.80092
2357.50000000	7.80131
2358.00000000	7.80142
2358.50000000	7.80200
2359.00000000	7.80277
2359.50000000	7.80219
2360.00000000	7.80179
2360.50000000	7.80152
2361.00000000	7.80291
2361.50000000	7.80600
2362.00000000	7.80912
2362.50000000	7.81235
2363.00000000	7.81561
2363.50000000	7.81848
2364.00000000	7.82155
2364.50000000	7.82340
2365.00000000	7.82587
2365.50000000	7.82808
2366.00000000	7.82973
2366.50000000	7.83225
2367.00000000	7.83389
2367.50000000	7.83637
2368.00000000	7.83887
2368.50000000	7.84223
2369.00000000	7.84566
2369.50000000	7.84910
2370.00000000	7.85231
2370.50000000	7.85787
2371.00000000	7.86214
2371.50000000	7.86530
2372.00000000	7.86876
2372.50000000	7.87058
2373.00000000	7.87374
2373.50000000	7.87697
2374.00000000	7.88061
2374.50000000	7.88415
2375.00000000	7.88839
2375.50000000	7.89231
2376.00000000	7.89703
2376.50000000	7.89992
2377.00000000	7.90264
2377.50000000	7.90395
2378.00000000	7.90581
2378.50000000	7.90621
2379.00000000	7.90739
2379.50000000	7.90765
2380.00000000	7.90810
2380.50000000	7.90972
2381.00000000	7.91175
2381.50000000	7.91491
2382.00000000	7.91757
2382.50000000	7.92156
2383.00000000	7.92521
2383.50000000	7.92877
2384.00000000	7.93203
2384.50000000	7.93496
2385.00000000	7.93732
2385.50000000	7.94014
2386.00000000	7.94416
2386.50000000	7.94853
2387.00000000	7.95228
2387.50000000	7.95454
