0.00000000	7.46655
0.50000000	7.46767
1.00000000	7.46812
1.50000000	7.46890
2.00000000	7.47030
2.50000000	7.47166
3.00000000	7.47142
3.50000000	7.47116
4.00000000	7.47285
4.50000000	7.47230
5.00000000	7.47167
5.50000000	7.47104
6.00000000	7.46978
6.50000000	7.46829
7.00000000	7.46676
7.50000000	7.46423
8.00000000	7.46159
8.50000000	7.46001
9.00000000	7.45924
9.50000000	7.45805
10.00000000	7.45734
10.50000000	7.45573
11.00000000	7.45379
11.50000000	7.45101
12.00000000	7.44901
12.50000000	7.44833
13.00000000	7.44763
13.50000000	7.44667
14.00000000	7.44380
14.50000000	7.44079
15.00000000	7.43909
15.50000000	7.43699
16.00000000	7.43623
16.50000000	7.43658
17.00000000	7.43583
17.50000000	7.43511
18.00000000	7.43324
18.50000000	7.43180
19.00000000	7.43248
19.50000000	7.43388
20.00000000	7.43562
20.50000000	7.43729
21.00000000	7.43992
21.50000000	7.44234
22.00000000	7.44468
22.50000000	7.44639
23.00000000	7.44769
23.50000000	7.44749
24.00000000	7.44813
24.50000000	7.44779
25.00000000	7.44607
25.50000000	7.44302
26.00000000	7.43972
26.50000000	7.43574
27.00000000	7.43044
27.50000000	7.42563
28.00000000	7.42140
28.50000000	7.41723
29.00000000	7.41318
29.50000000	7.41007
30.00000000	7.40744
30.50000000	7.40670
31.00000000	7.40548
31.50000000	7.40357
