2650.00000000	5.96031
2650.50000000	5.95768
2651.00000000	5.95497
2651.50000000	5.95334
2652.00000000	5.95060
2652.50000000	5.94797
2653.00000000	5.94776
2653.50000000	5.94711
2654.00000000	5.94555
2654.50000000	5.94434
2655.00000000	5.94313
2655.50000000	5.94249
2656.00000000	5.94124
2656.50000000	5.94030
2657.00000000	5.93915
2657.50000000	5.93938
2658.00000000	5.93931
2658.50000000	5.93849
2659.00000000	5.93660
2659.50000000	5.93470
2660.00000000	5.93333
2660.50000000	5.93202
2661.00000000	5.92995
2661.50000000	5.92789
2662.00000000	5.92536
2662.50000000	5.92238
2663.00000000	5.91792
2663.50000000	5.91264
2664.00000000	5.90845
2664.50000000	5.90488
2665.00000000	5.90001
2665.50000000	5.89503
2666.00000000	5.89053
2666.50000000	5.88649
2667.00000000	5.88306
2667.50000000	5.88073
2668.00000000	5.87707
2668.50000000	5.87416
2669.00000000	5.87085
2669.50000000	5.86695
2670.00000000	5.86338
2670.50000000	5.86033
2671.00000000	5.85779
2671.50000000	5.85604
2672.00000000	5.85366
2672.50000000	5.85142
2673.00000000	5.84881
2673.50000000	5.84699
2674.00000000	5.84494
2674.50000000	5.84344
2675.00000000	5.84208
2675.50000000	5.84296
2676.00000000	5.84264
2676.50000000	5.84093
2677.00000000	5.83800
2677.50000000	5.83566
2678.00000000	5.83337
2678.50000000	5.83085
2679.00000000	5.82830
2679.50000000	5.82411
2680.00000000	5.82074
2680.50000000	5.81806
2681.00000000	5.81610
2681.50000000	5.81455
2682.00000000	5.81245
2682.50000000	5.81009
2683.00000000	5.80752
2683.50000000	5.80570
2684.00000000	5.80347
2684.50000000	5.80114
2685.00000000	5.80028
2685.50000000	5.79993
2686.00000000	5.79984
2686.50000000	5.80109
2687.00000000	5.80110
2687.50000000	5.80155
2688.00000000	5.80175
2688.50000000	5.80198
2689.00000000	5.80340
2689.50000000	5.80553
2690.00000000	5.80738
2690.50000000	5.80840
2691.00000000	5.80871
2691.50000000	5.80873
2692.00000000	5.80932
2692.50000000	5.80814
2693.00000000	5.80647
2693.50000000	5.80494
2694.00000000	5.80483
2694.50000000	5.80374
2695.00000000	5.80172
2695.50000000	5.80106
2696.00000000	5.79790
2696.50000000	5.79486
2697.00000000	5.79234
2697.50000000	5.78954
2698.00000000	5.78769
2698.50000000	5.78549
2699.00000000	5.78312
2699.50000000	5.78085
2700.00000000	5.77842
2700.50000000	5.77543
2701.00000000	5.77320
2701.50000000	5.77064
2702.00000000	5.76804
2702.50000000	5.76752
2703.00000000	5.76894
2703.50000000	5.77115
2704.00000000	5.77405
2704.50000000	5.77695
2705.00000000	5.77888
2705.50000000	5.78050
2706.00000000	5.78113
2706.50000000	5.78195
2707.00000000	5.78370
2707.50000000	5.78513
2708.00000000	5.78640
2708.50000000	5.78765
2709.00000000	5.78947
2709.50000000	5.78967
2710.00000000	5.79038
2710.50000000	5.79111
2711.00000000	5.79166
2711.50000000	5.79133
2712.00000000	5.79038
2712.50000000	5.79036
2713.00000000	5.79014
2713.50000000	5.78860
2714.00000000	5.78831
2714.50000000	5.78756
2715.00000000	5.78569
2715.50000000	5.78376
2716.00000000	5.78072
2716.50000000	5.77840
2717.00000000	5.77724
2717.50000000	5.77650
2718.00000000	5.77621
2718.50000000	5.77422
2719.00000000	5.77396
2719.50000000	5.77169
2720.00000000	5.76688
2720.50000000	5.76393
2721.00000000	5.76138
2721.50000000	5.75952
2722.00000000	5.75702
2722.50000000	5.75568
2723.00000000	5.75365
2723.50000000	5.75120
2724.00000000	5.74959
2724.50000000	5.74815
2725.00000000	5.74659
2725.50000000	5.74421
2726.00000000	5.74230
2726.50000000	5.73841
2727.00000000	5.73440
2727.50000000	5.73117
2728.00000000	5.72662
2728.50000000	5.72125
2729.00000000	5.71585
2729.50000000	5.71168
2730.00000000	5.70733
2730.50000000	5.70368
2731.00000000	5.70053
2731.50000000	5.69660
2732.00000000	5.69412
2732.50000000	5.69139
2733.00000000	5.68862
2733.50000000	5.68574
2734.00000000	5.68438
2734.50000000	5.68339
2735.00000000	5.68302
2735.50000000	5.68386
2736.00000000	5.68518
2736.50000000	5.68674
2737.00000000	5.68741
2737.50000000	5.68804
2738.00000000	5.68744
2738.50000000	5.68905
2739.00000000	5.69156
2739.50000000	5.69298
2740.00000000	5.69547
2740.50000000	5.69826
2741.00000000	5.70046
2741.50000000	5.70220
2742.00000000	5.70499
2742.50000000	5.70763
2743.00000000	5.71004
2743.50000000	5.71370
2744.00000000	5.71615
2744.50000000	5.71933
2745.00000000	5.72169
2745.50000000	5.72408
2746.00000000	5.72500
2746.50000000	5.72598
2747.00000000	5.72674
2747.50000000	5.72779
2748.00000000	5.72893
2748.50000000	5.72835
2749.00000000	5.72937
2749.50000000	5.72913
2750.00000000	5.72937
2750.50000000	5.73003
2751.00000000	5.73074
2751.50000000	5.73127
2752.00000000	5.73322
2752.50000000	5.73452
2753.00000000	5.73452
2753.50000000	5.73686
2754.00000000	5.74012
2754.50000000	5.74282
2755.00000000	5.74477
2755.50000000	5.74654
2756.00000000	5.74799
2756.50000000	5.74905
2757.00000000	5.74948
2757.50000000	5.74972
2758.00000000	5.74966
2758.50000000	5.75001
2759.00000000	5.75055
2759.50000000	5.74970
2760.00000000	5.74894
2760.50000000	5.74822
2761.00000000	5.74910
2761.50000000	5.75159
2762.00000000	5.75404
2762.50000000	5.75654
2763.00000000	5.75904
2763.50000000	5.76119
2764.00000000	5.76355
2764.50000000	5.76473
2765.00000000	5.76657
2765.50000000	5.76825
2766.00000000	5.76945
2766.50000000	5.77155
2767.00000000	5.77284
2767.50000000	5.77501
2768.00000000	5.77727
2768.50000000	5.78041
2769.00000000	5.78365
2769.50000000	5.78697
2770.00000000	5.79012
2770.50000000	5.79564
2771.00000000	5.79983
2771.50000000	5.80292
2772.00000000	5.80630
2772.50000000	5.80799
2773.00000000	5.81097
2773.50000000	5.81395
2774.00000000	5.81726
2774.50000000	5.82039
2775.00000000	5.82415
2775.50000000	5.82750
2776.00000000	5.83159
2776.50000000	5.83378
2777.00000000	5.83581
2777.50000000	5.83636
2778.00000000	5.83744
2778.50000000	5.83703
2779.00000000	5.83741
2779.50000000	5.83686
2780.00000000	5.83651
2780.50000000	5.83735
2781.00000000	5.83866
2781.50000000	5.84112
2782.00000000	5.84314
2782.50000000	5.84652
2783.00000000	5.84956
2783.50000000	5.85251
2784.00000000	5.85520
2784.50000000	5.85755
2785.00000000	5.85933
2785.50000000	5.86155
2786.00000000	5.86498
2786.50000000	5.86871
2787.00000000	5.87180
2787.50000000	5.87339
2788.00000000	5.87488
2788.50000000	5.87704
2789.00000000	5.87884
2789.50000000	5.87963
2790.00000000	5.88007
2790.50000000	5.88106
2791.00000000	5.88146
2791.50000000	5.88319
2792.00000000	5.88465
2792.50000000	5.88674
2793.00000000	5.88920
2793.50000000	5.89088
2794.00000000	5.89162
2794.50000000	5.89093
2795.00000000	5.89078
2795.50000000	5.88973
2796.00000000	5.88912
2796.50000000	5.88881
2797.00000000	5.88792
2797.50000000	5.88523
2798.00000000	5.88286
2798.50000000	5.88077
2799.00000000	5.88007
2799.50000000	5.87885
2800.00000000	5.87729
2800.50000000	5.87527
2801.00000000	5.87343
2801.50000000	5.87091
2802.00000000	5.86910
2802.50000000	5.86760
2803.00000000	5.86709
2803.50000000	5.86669
2804.00000000	5.86583
2804.50000000	5.86638
2805.00000000	5.86657
2805.50000000	5.86667
2806.00000000	5.86641
2806.50000000	5.86728
2807.00000000	5.86809
2807.50000000	5.86770
2808.00000000	5.86669
2808.50000000	5.86688
2809.00000000	5.86772
2809.50000000	5.86822
2810.00000000	5.86714
2810.50000000	5.86620
2811.00000000	5.86416
2811.50000000	5.86305
2812.00000000	5.86104
2812.50000000	5.86083
2813.00000000	5.86139
2813.50000000	5.86291
2814.00000000	5.86521
2814.50000000	5.86727
2815.00000000	5.87067
2815.50000000	5.87509
2816.00000000	5.87955
2816.50000000	5.88302
2817.00000000	5.88719
2817.50000000	5.88922
2818.00000000	5.89116
2818.50000000	5.89297
2819.00000000	5.89417
2819.50000000	5.89571
2820.00000000	5.89658
2820.50000000	5.89662
2821.00000000	5.89731
2821.50000000	5.89793
2822.00000000	5.89832
2822.50000000	5.89859
2823.00000000	5.89862
2823.50000000	5.89789
2824.00000000	5.89734
2824.50000000	5.89707
2825.00000000	5.89811
2825.50000000	5.89898
2826.00000000	5.89839
2826.50000000	5.89658
2827.00000000	5.89463
2827.50000000	5.89448
2828.00000000	5.89636
2828.50000000	5.89855
2829.00000000	5.89883
2829.50000000	5.89895
2830.00000000	5.89796
2830.50000000	5.89756
2831.00000000	5.89676
2831.50000000	5.89611
2832.00000000	5.89650
2832.50000000	5.89616
2833.00000000	5.89648
2833.50000000	5.89613
2834.00000000	5.89663
2834.50000000	5.89626
2835.00000000	5.89570
2835.50000000	5.89474
2836.00000000	5.89315
2836.50000000	5.89204
2837.00000000	5.89056
2837.50000000	5.88934
2838.00000000	5.88961
2838.50000000	5.89039
2839.00000000	5.89159
2839.50000000	5.89197
2840.00000000	5.89201
2840.50000000	5.89280
2841.00000000	5.89419
2841.50000000	5.89574
2842.00000000	5.89736
2842.50000000	5.89868
2843.00000000	5.90005
2843.50000000	5.90105
2844.00000000	5.90149
2844.50000000	5.90155
2845.00000000	5.90203
2845.50000000	5.90345
2846.00000000	5.90459
2846.50000000	5.90620
2847.00000000	5.90699
2847.50000000	5.90764
2848.00000000	5.90829
2848.50000000	5.90853
2849.00000000	5.90962
2849.50000000	5.91186
2850.00000000	5.91284
2850.50000000	5.91326
2851.00000000	5.91294
2851.50000000	5.91364
2852.00000000	5.91552
2852.50000000	5.91660
2853.00000000	5.91641
2853.50000000	5.91721
2854.00000000	5.91915
2854.50000000	5.92122
2855.00000000	5.92351
2855.50000000	5.92498
2856.00000000	5.92640
2856.50000000	5.92840
2857.00000000	5.92881
2857.50000000	5.92924
2858.00000000	5.92841
2858.50000000	5.92621
2859.00000000	5.92651
2859.50000000	5.92545
2860.00000000	5.92462
2860.50000000	5.92332
2861.00000000	5.92099
2861.50000000	5.91981
2862.00000000	5.91831
2862.50000000	5.91729
2863.00000000	5.91635
2863.50000000	5.91646
2864.00000000	5.91715
2864.50000000	5.91795
2865.00000000	5.91874
2865.50000000	5.91881
2866.00000000	5.91944
2866.50000000	5.92034
2867.00000000	5.92123
2867.50000000	5.92150
2868.00000000	5.92205
2868.50000000	5.92191
2869.00000000	5.92108
2869.50000000	5.91919
2870.00000000	5.91796
2870.50000000	5.91759
2871.00000000	5.91860
2871.50000000	5.92002
2872.00000000	5.92015
2872.50000000	5.92055
2873.00000000	5.92118
2873.50000000	5.92146
2874.00000000	5.92139
2874.50000000	5.92029
2875.00000000	5.91904
2875.50000000	5.91918
2876.00000000	5.91943
2876.50000000	5.91895
2877.00000000	5.91630
2877.50000000	5.91382
2878.00000000	5.91114
2878.50000000	5.90854
2879.00000000	5.90573
2879.50000000	5.90243
2880.00000000	5.89898
2880.50000000	5.89490
2881.00000000	5.89096
2881.50000000	5.88659
2882.00000000	5.88201
2882.50000000	5.87756
2883.00000000	5.87302
2883.50000000	5.86912
2884.00000000	5.86485
2884.50000000	5.86094
2885.00000000	5.85771
2885.50000000	5.85542
2886.00000000	5.85314
2886.50000000	5.85031
2887.00000000	5.84700
2887.50000000	5.84370
2888.00000000	5.84143
2888.50000000	5.83926
2889.00000000	5.83754
2889.50000000	5.83661
2890.00000000	5.83633
2890.50000000	5.83534
2891.00000000	5.83409
2891.50000000	5.83177
2892.00000000	5.82873
2892.50000000	5.82624
2893.00000000	5.82387
2893.50000000	5.82117
2894.00000000	5.81861
2894.50000000	5.81450
2895.00000000	5.81090
2895.50000000	5.80783
2896.00000000	5.80469
2896.50000000	5.80001
2897.00000000	5.79672
2897.50000000	5.79433
2898.00000000	5.79450
2898.50000000	5.79491
2899.00000000	5.79510
2899.50000000	5.79456
2900.00000000	5.79351
2900.50000000	5.79266
2901.00000000	5.79099
2901.50000000	5.78827
2902.00000000	5.78673
2902.50000000	5.78367
2903.00000000	5.78121
2903.50000000	5.77878
2904.00000000	5.77694
2904.50000000	5.77561
2905.00000000	5.77246
2905.50000000	5.77007
2906.00000000	5.76936
2906.50000000	5.76956
2907.00000000	5.76840
2907.50000000	5.76540
2908.00000000	5.76235
2908.50000000	5.75906
2909.00000000	5.75521
2909.50000000	5.75227
2910.00000000	5.74840
2910.50000000	5.74541
2911.00000000	5.74440
2911.50000000	5.74366
2912.00000000	5.74259
2912.50000000	5.74152
2913.00000000	5.74134
2913.50000000	5.74068
2914.00000000	5.74060
2914.50000000	5.74113
2915.00000000	5.74134
2915.50000000	5.74253
2916.00000000	5.74348
2916.50000000	5.74374
2917.00000000	5.74462
2917.50000000	5.74588
2918.00000000	5.74736
2918.50000000	5.74768
2919.00000000	5.74876
2919.50000000	5.74958
2920.00000000	5.75040
2920.50000000	5.75021
2921.00000000	5.75059
2921.50000000	5.75043
2922.00000000	5.75106
2922.50000000	5.75178
2923.00000000	5.75336
2923.50000000	5.75453
2924.00000000	5.75610
2924.50000000	5.75673
2925.00000000	5.75849
2925.50000000	5.76046
2926.00000000	5.76076
2926.50000000	5.76135
2927.00000000	5.76272
2927.50000000	5.76355
2928.00000000	5.76442
2928.50000000	5.76488
2929.00000000	5.76536
2929.50000000	5.76682
2930.00000000	5.76882
2930.50000000	5.77035
2931.00000000	5.77086
2931.50000000	5.77094
2932.00000000	5.77036
2932.50000000	5.77023
2933.00000000	5.77106
2933.50000000	5.77197
2934.00000000	5.77218
2934.50000000	5.77114
2935.00000000	5.76918
2935.50000000	5.76892
2936.00000000	5.76622
2936.50000000	5.76190
2937.00000000	5.75795
2937.50000000	5.75482
2938.00000000	5.75399
2938.50000000	5.75350
2939.00000000	5.75361
2939.50000000	5.75130
2940.00000000	5.74883
2940.50000000	5.74629
2941.00000000	5.74332
2941.50000000	5.74042
2942.00000000	5.73759
2942.50000000	5.73429
2943.00000000	5.72975
2943.50000000	5.72617
2944.00000000	5.72356
2944.50000000	5.72120
2945.00000000	5.71952
2945.50000000	5.71773
2946.00000000	5.71595
2946.50000000	5.71442
2947.00000000	5.71215
2947.50000000	5.70990
2948.00000000	5.70805
2948.50000000	5.70580
2949.00000000	5.70274
2949.50000000	5.69971
2950.00000000	5.69880
2950.50000000	5.69834
2951.00000000	5.69827
2951.50000000	5.69813
2952.00000000	5.69585
2952.50000000	5.69370
2953.00000000	5.69307
2953.50000000	5.69268
2954.00000000	5.69217
2954.50000000	5.68988
2955.00000000	5.68778
2955.50000000	5.68494
2956.00000000	5.68342
2956.50000000	5.68229
2957.00000000	5.67923
2957.50000000	5.67598
2958.00000000	5.67114
2958.50000000	5.66647
2959.00000000	5.66276
2959.50000000	5.65893
2960.00000000	5.65432
2960.50000000	5.64844
2961.00000000	5.64428
2961.50000000	5.64151
2962.00000000	5.64006
2962.50000000	5.63799
2963.00000000	5.63628
2963.50000000	5.63460
2964.00000000	5.63208
2964.50000000	5.63006
2965.00000000	5.62725
2965.50000000	5.62466
2966.00000000	5.62110
2966.50000000	5.61965
2967.00000000	5.61712
2967.50000000	5.61396
2968.00000000	5.60996
2968.50000000	5.60620
2969.00000000	5.60220
2969.50000000	5.59845
2970.00000000	5.59534
2970.50000000	5.59221
2971.00000000	5.58908
2971.50000000	5.58578
2972.00000000	5.58213
2972.50000000	5.57856
2973.00000000	5.57556
2973.50000000	5.57154
2974.00000000	5.56685
2974.50000000	5.56404
2975.00000000	5.56096
2975.50000000	5.55898
2976.00000000	5.55788
2976.50000000	5.55686
2977.00000000	5.55558
2977.50000000	5.55453
2978.00000000	5.55188
2978.50000000	5.54957
2979.00000000	5.54719
2979.50000000	5.54614
2980.00000000	5.54527
2980.50000000	5.54506
2981.00000000	5.54522
2981.50000000	5.54593
2982.00000000	5.54541
2982.50000000	5.54459
2983.00000000	5.54419
2983.50000000	5.54319
2984.00000000	5.54128
2984.50000000	5.54023
2985.00000000	5.54001
2985.50000000	5.53934
2986.00000000	5.53810
2986.50000000	5.53834
2987.00000000	5.53801
2987.50000000	5.53738
2988.00000000	5.53800
2988.50000000	5.53920
2989.00000000	5.54134
2989.50000000	5.54219
2990.00000000	5.54176
2990.50000000	5.53988
2991.00000000	5.53923
2991.50000000	5.53907
2992.00000000	5.53815
2992.50000000	5.53806
2993.00000000	5.53704
2993.50000000	5.53768
2994.00000000	5.53810
2994.50000000	5.53818
2995.00000000	5.53847
2995.50000000	5.53821
2996.00000000	5.53944
2996.50000000	5.54078
2997.00000000	5.54234
2997.50000000	5.54332
2998.00000000	5.54155
2998.50000000	5.54047
2999.00000000	5.53963
2999.50000000	5.53984
3000.00000000	5.53951
3000.50000000	5.53795
3001.00000000	5.53519
3001.50000000	5.53221
3002.00000000	5.52836
3002.50000000	5.52432
3003.00000000	5.52090
3003.50000000	5.51926
3004.00000000	5.51694
3004.50000000	5.51417
3005.00000000	5.51315
3005.50000000	5.51198
3006.00000000	5.51157
3006.50000000	5.51156
3007.00000000	5.51117
3007.50000000	5.51116
3008.00000000	5.51103
3008.50000000	5.50965
3009.00000000	5.50848
3009.50000000	5.50775
3010.00000000	5.50743
3010.50000000	5.50583
3011.00000000	5.50460
3011.50000000	5.50407
3012.00000000	5.50347
3012.50000000	5.50311
3013.00000000	5.50367
3013.50000000	5.50402
3014.00000000	5.50515
3014.50000000	5.50667
3015.00000000	5.50742
3015.50000000	5.50811
3016.00000000	5.50894
3016.50000000	5.51002
3017.00000000	5.51322
3017.50000000	5.51463
3018.00000000	5.51631
3018.50000000	5.51725
3019.00000000	5.51782
3019.50000000	5.51693
3020.00000000	5.51675
3020.50000000	5.51812
3021.00000000	5.51925
3021.50000000	5.52071
3022.00000000	5.52288
3022.50000000	5.52414
3023.00000000	5.52625
3023.50000000	5.52890
3024.00000000	5.53247
3024.50000000	5.53586
3025.00000000	5.53804
3025.50000000	5.54172
3026.00000000	5.54408
3026.50000000	5.54706
3027.00000000	5.54845
3027.50000000	5.54878
3028.00000000	5.55102
3028.50000000	5.55266
3029.00000000	5.55546
3029.50000000	5.55738
3030.00000000	5.55842
3030.50000000	5.56132
3031.00000000	5.56325
3031.50000000	5.56437
3032.00000000	5.56640
3032.50000000	5.56825
3033.00000000	5.56996
3033.50000000	5.57226
3034.00000000	5.57483
3034.50000000	5.57846
3035.00000000	5.58101
3035.50000000	5.58137
3036.00000000	5.58108
3036.50000000	5.57961
3037.00000000	5.57902
3037.50000000	5.57626
3038.00000000	5.57314
3038.50000000	5.57117
3039.00000000	5.56991
3039.50000000	5.56946
3040.00000000	5.56961
3040.50000000	5.56962
3041.00000000	5.56970
3041.50000000	5.56984
3042.00000000	5.56959
3042.50000000	5.56880
3043.00000000	5.56828
3043.50000000	5.56745
3044.00000000	5.56710
3044.50000000	5.56634
3045.00000000	5.56358
3045.50000000	5.56087
3046.00000000	5.55833
3046.50000000	5.55592
3047.00000000	5.55292
3047.50000000	5.55072
3048.00000000	5.54914
3048.50000000	5.54708
3049.00000000	5.54656
3049.50000000	5.54753
3050.00000000	5.54966
3050.50000000	5.54970
3051.00000000	5.55046
3051.50000000	5.55152
3052.00000000	5.55310
3052.50000000	5.55345
3053.00000000	5.55463
3053.50000000	5.55513
3054.00000000	5.55609
3054.50000000	5.55777
3055.00000000	5.55924
3055.50000000	5.56168
3056.00000000	5.56384
3056.50000000	5.56563
3057.00000000	5.56685
3057.50000000	5.56878
3058.00000000	5.57010
3058.50000000	5.57186
3059.00000000	5.57278
3059.50000000	5.57232
3060.00000000	5.57143
3060.50000000	5.57024
3061.00000000	5.56861
3061.50000000	5.56880
3062.00000000	5.56959
3062.50000000	5.56887
3063.00000000	5.56885
3063.50000000	5.56792
3064.00000000	5.56835
3064.50000000	5.56918
3065.00000000	5.57083
3065.50000000	5.57161
3066.00000000	5.57125
3066.50000000	5.57077
3067.00000000	5.56972
3067.50000000	5.56858
3068.00000000	5.56832
3068.50000000	5.56775
3069.00000000	5.56782
3069.50000000	5.56801
3070.00000000	5.56743
3070.50000000	5.56612
3071.00000000	5.56414
3071.50000000	5.56234
3072.00000000	5.56025
3072.50000000	5.55731
3073.00000000	5.55435
3073.50000000	5.55166
3074.00000000	5.54956
3074.50000000	5.54847
3075.00000000	5.54711
3075.50000000	5.54639
3076.00000000	5.54575
3076.50000000	5.54616
3077.00000000	5.54627
3077.50000000	5.54567
3078.00000000	5.54667
3078.50000000	5.54734
3079.00000000	5.54749
3079.50000000	5.54700
3080.00000000	5.54602
3080.50000000	5.54499
3081.00000000	5.54384
3081.50000000	5.54355
3082.00000000	5.54384
3082.50000000	5.54386
3083.00000000	5.54459
3083.50000000	5.54613
3084.00000000	5.54830
3084.50000000	5.54908
3085.00000000	5.54984
3085.50000000	5.54946
3086.00000000	5.54830
3086.50000000	5.54783
3087.00000000	5.54642
3087.50000000	5.54627
3088.00000000	5.54571
3088.50000000	5.54525
3089.00000000	5.54629
3089.50000000	5.54546
3090.00000000	5.54603
3090.50000000	5.54700
3091.00000000	5.54737
3091.50000000	5.54811
3092.00000000	5.54745
3092.50000000	5.54678
3093.00000000	5.54738
3093.50000000	5.54857
3094.00000000	5.54965
3094.50000000	5.54992
3095.00000000	5.55030
3095.50000000	5.55184
3096.00000000	5.55315
3096.50000000	5.55506
3097.00000000	5.55721
3097.50000000	5.55754
3098.00000000	5.55868
3098.50000000	5.56056
3099.00000000	5.56244
3099.50000000	5.56300
3100.00000000	5.56456
3100.50000000	5.56480
3101.00000000	5.56516
3101.50000000	5.56612
3102.00000000	5.56695
3102.50000000	5.56768
3103.00000000	5.56907
3103.50000000	5.57010
3104.00000000	5.56998
3104.50000000	5.57013
3105.00000000	5.57047
3105.50000000	5.56987
3106.00000000	5.57159
3106.50000000	5.57362
3107.00000000	5.57413
3107.50000000	5.57600
3108.00000000	5.57697
3108.50000000	5.57795
3109.00000000	5.57709
3109.50000000	5.57646
3110.00000000	5.57637
3110.50000000	5.57547
3111.00000000	5.57400
3111.50000000	5.57219
3112.00000000	5.56980
3112.50000000	5.56731
3113.00000000	5.56384
3113.50000000	5.56091
3114.00000000	5.55912
3114.50000000	5.55780
3115.00000000	5.55570
3115.50000000	5.55152
3116.00000000	5.54865
3116.50000000	5.54639
3117.00000000	5.54498
3117.50000000	5.54386
3118.00000000	5.54317
3118.50000000	5.54150
3119.00000000	5.53876
3119.50000000	5.53570
3120.00000000	5.53305
3120.50000000	5.53176
3121.00000000	5.53053
3121.50000000	5.52878
3122.00000000	5.52695
3122.50000000	5.52521
3123.00000000	5.52325
3123.50000000	5.52248
3124.00000000	5.52203
3124.50000000	5.52294
3125.00000000	5.52423
3125.50000000	5.52365
3126.00000000	5.52318
3126.50000000	5.52191
3127.00000000	5.51969
3127.50000000	5.51786
3128.00000000	5.51580
3128.50000000	5.51480
3129.00000000	5.51390
3129.50000000	5.51339
3130.00000000	5.51328
3130.50000000	5.51452
3131.00000000	5.51561
3131.50000000	5.51592
3132.00000000	5.51536
3132.50000000	5.51521
3133.00000000	5.51554
3133.50000000	5.51655
3134.00000000	5.51778
3134.50000000	5.51849
3135.00000000	5.51850
3135.50000000	5.51719
3136.00000000	5.51635
3136.50000000	5.51520
3137.00000000	5.51396
3137.50000000	5.51269
3138.00000000	5.51261
3138.50000000	5.51226
3139.00000000	5.51269
3139.50000000	5.51336
3140.00000000	5.51288
3140.50000000	5.51188
3141.00000000	5.50990
3141.50000000	5.50870
3142.00000000	5.50743
3142.50000000	5.50469
3143.00000000	5.50165
3143.50000000	5.49860
3144.00000000	5.49631
3144.50000000	5.49312
3145.00000000	5.49114
3145.50000000	5.48839
3146.00000000	5.48626
3146.50000000	5.48315
3147.00000000	5.48237
3147.50000000	5.48014
3148.00000000	5.47820
3148.50000000	5.47546
3149.00000000	5.47358
3149.50000000	5.47243
3150.00000000	5.47050
3150.50000000	5.46963
3151.00000000	5.46904
3151.50000000	5.46799
3152.00000000	5.46777
3152.50000000	5.46693
3153.00000000	5.46630
3153.50000000	5.46508
3154.00000000	5.46423
3154.50000000	5.46377
3155.00000000	5.46207
3155.50000000	5.45921
3156.00000000	5.45780
3156.50000000	5.45560
3157.00000000	5.45404
3157.50000000	5.45098
3158.00000000	5.44662
3158.50000000	5.44063
3159.00000000	5.43545
3159.50000000	5.43190
3160.00000000	5.42910
3160.50000000	5.42662
3161.00000000	5.42414
3161.50000000	5.42236
3162.00000000	5.42029
3162.50000000	5.41977
3163.00000000	5.41946
3163.50000000	5.41968
3164.00000000	5.41934
3164.50000000	5.41930
3165.00000000	5.41971
3165.50000000	5.42015
3166.00000000	5.42099
3166.50000000	5.42047
3167.00000000	5.41993
3167.50000000	5.41939
3168.00000000	5.41838
3168.50000000	5.41841
3169.00000000	5.41610
3169.50000000	5.41363
3170.00000000	5.41196
3170.50000000	5.41049
3171.00000000	5.40855
3171.50000000	5.40560
3172.00000000	5.40303
3172.50000000	5.40068
3173.00000000	5.39879
3173.50000000	5.39772
3174.00000000	5.39765
3174.50000000	5.39841
3175.00000000	5.39922
3175.50000000	5.39922
3176.00000000	5.40037
3176.50000000	5.40074
3177.00000000	5.40067
3177.50000000	5.40000
3178.00000000	5.39890
3178.50000000	5.39750
3179.00000000	5.39576
3179.50000000	5.39439
3180.00000000	5.39511
3180.50000000	5.39562
3181.00000000	5.39577
3181.50000000	5.39594
3182.00000000	5.39729
3182.50000000	5.39948
3183.00000000	5.40187
3183.50000000	5.40390
3184.00000000	5.40695
3184.50000000	5.40958
3185.00000000	5.41154
3185.50000000	5.41383
3186.00000000	5.41645
3186.50000000	5.41806
3187.00000000	5.41752
3187.50000000	5.41730
3188.00000000	5.41622
3188.50000000	5.41415
3189.00000000	5.41105
3189.50000000	5.40885
3190.00000000	5.40666
3190.50000000	5.40555
3191.00000000	5.40344
3191.50000000	5.40131
3192.00000000	5.39903
3192.50000000	5.39681
3193.00000000	5.39289
3193.50000000	5.38879
3194.00000000	5.38544
3194.50000000	5.38125
3195.00000000	5.37784
3195.50000000	5.37551
3196.00000000	5.37309
3196.50000000	5.37136
3197.00000000	5.36981
3197.50000000	5.36932
3198.00000000	5.36917
3198.50000000	5.37063
3199.00000000	5.37218
3199.50000000	5.37172
3200.00000000	5.37026
3200.50000000	5.36818
3201.00000000	5.36558
3201.50000000	5.36307
3202.00000000	5.36040
3202.50000000	5.35787
3203.00000000	5.35608
3203.50000000	5.35495
3204.00000000	5.35467
3204.50000000	5.35483
3205.00000000	5.35479
3205.50000000	5.35521
3206.00000000	5.35528
3206.50000000	5.35548
3207.00000000	5.35669
3207.50000000	5.35701
3208.00000000	5.35720
3208.50000000	5.35873
3209.00000000	5.36090
3209.50000000	5.36133
3210.00000000	5.36128
3210.50000000	5.36076
3211.00000000	5.35904
3211.50000000	5.35832
3212.00000000	5.35728
3212.50000000	5.35657
3213.00000000	5.35604
3213.50000000	5.35614
3214.00000000	5.35745
3214.50000000	5.35865
3215.00000000	5.35764
3215.50000000	5.35632
3216.00000000	5.35704
3216.50000000	5.35754
3217.00000000	5.35841
3217.50000000	5.35977
3218.00000000	5.36028
3218.50000000	5.36007
3219.00000000	5.35999
3219.50000000	5.36157
3220.00000000	5.36167
3220.50000000	5.36189
3221.00000000	5.36065
3221.50000000	5.35929
3222.00000000	5.35677
3222.50000000	5.35509
3223.00000000	5.35400
3223.50000000	5.35238
3224.00000000	5.35199
3224.50000000	5.35084
3225.00000000	5.34855
3225.50000000	5.34637
3226.00000000	5.34532
3226.50000000	5.34497
3227.00000000	5.34483
3227.50000000	5.34454
3228.00000000	5.34431
3228.50000000	5.34441
3229.00000000	5.34447
3229.50000000	5.34458
3230.00000000	5.34475
3230.50000000	5.34493
3231.00000000	5.34416
3231.50000000	5.34506
3232.00000000	5.34586
3232.50000000	5.34605
3233.00000000	5.34458
3233.50000000	5.34429
3234.00000000	5.34451
3234.50000000	5.34557
3235.00000000	5.34714
3235.50000000	5.34877
3236.00000000	5.34979
3236.50000000	5.35045
3237.00000000	5.35029
3237.50000000	5.34857
3238.00000000	5.34752
3238.50000000	5.34707
3239.00000000	5.34743
3239.50000000	5.34768
3240.00000000	5.34812
3240.50000000	5.34929
3241.00000000	5.34969
3241.50000000	5.34974
3242.00000000	5.35014
3242.50000000	5.35016
3243.00000000	5.34933
3243.50000000	5.35034
3244.00000000	5.35176
3244.50000000	5.35249
3245.00000000	5.35185
3245.50000000	5.34968
3246.00000000	5.34906
3246.50000000	5.34870
3247.00000000	5.34943
3247.50000000	5.34942
3248.00000000	5.34951
3248.50000000	5.35030
3249.00000000	5.35213
3249.50000000	5.35322
3250.00000000	5.35359
3250.50000000	5.35456
3251.00000000	5.35405
3251.50000000	5.35343
3252.00000000	5.35378
3252.50000000	5.35361
3253.00000000	5.35143
3253.50000000	5.34849
3254.00000000	5.34547
3254.50000000	5.34286
3255.00000000	5.34076
3255.50000000	5.33975
3256.00000000	5.33927
3256.50000000	5.33745
3257.00000000	5.33480
3257.50000000	5.33233
3258.00000000	5.32857
3258.50000000	5.32516
3259.00000000	5.32198
3259.50000000	5.31811
3260.00000000	5.31388
3260.50000000	5.30858
3261.00000000	5.30388
3261.50000000	5.29859
3262.00000000	5.29461
3262.50000000	5.29073
3263.00000000	5.28784
3263.50000000	5.28449
3264.00000000	5.28218
3264.50000000	5.27942
3265.00000000	5.27678
3265.50000000	5.27382
3266.00000000	5.27136
3266.50000000	5.26878
3267.00000000	5.26634
3267.50000000	5.26454
3268.00000000	5.26288
3268.50000000	5.26069
3269.00000000	5.25751
3269.50000000	5.25482
3270.00000000	5.25286
3270.50000000	5.24919
3271.00000000	5.24571
3271.50000000	5.24173
3272.00000000	5.23826
3272.50000000	5.23544
3273.00000000	5.23319
3273.50000000	5.23113
3274.00000000	5.22876
3274.50000000	5.22704
3275.00000000	5.22721
3275.50000000	5.22672
3276.00000000	5.22560
3276.50000000	5.22459
3277.00000000	5.22309
3277.50000000	5.22138
3278.00000000	5.22089
3278.50000000	5.22169
3279.00000000	5.22386
3279.50000000	5.22588
3280.00000000	5.22731
3280.50000000	5.22776
3281.00000000	5.22705
3281.50000000	5.22717
3282.00000000	5.22725
3282.50000000	5.22706
3283.00000000	5.22563
3283.50000000	5.22281
3284.00000000	5.22323
3284.50000000	5.22412
3285.00000000	5.22419
3285.50000000	5.22331
3286.00000000	5.22207
3286.50000000	5.22037
3287.00000000	5.21850
3287.50000000	5.21627
3288.00000000	5.21451
3288.50000000	5.21265
3289.00000000	5.21005
3289.50000000	5.20679
3290.00000000	5.20334
3290.50000000	5.19810
3291.00000000	5.19448
3291.50000000	5.19059
3292.00000000	5.18644
3292.50000000	5.18511
3293.00000000	5.18340
3293.50000000	5.18136
3294.00000000	5.17850
3294.50000000	5.17579
3295.00000000	5.17354
3295.50000000	5.17173
3296.00000000	5.17031
3296.50000000	5.16740
3297.00000000	5.16454
3297.50000000	5.16216
3298.00000000	5.15988
3298.50000000	5.15747
3299.00000000	5.15520
3299.50000000	5.15343
3300.00000000	5.15155
3300.50000000	5.14954
3301.00000000	5.14824
3301.50000000	5.14630
3302.00000000	5.14531
3302.50000000	5.14462
3303.00000000	5.14346
3303.50000000	5.14165
3304.00000000	5.14095
3304.50000000	5.14093
3305.00000000	5.14228
3305.50000000	5.14380
3306.00000000	5.14512
3306.50000000	5.14648
3307.00000000	5.14860
3307.50000000	5.15075
3308.00000000	5.15315
3308.50000000	5.15580
3309.00000000	5.15859
3309.50000000	5.16007
3310.00000000	5.16212
3310.50000000	5.16348
3311.00000000	5.16676
3311.50000000	5.17082
3312.00000000	5.17387
3312.50000000	5.17690
3313.00000000	5.18016
3313.50000000	5.18045
3314.00000000	5.18124
3314.50000000	5.18252
3315.00000000	5.18184
3315.50000000	5.18191
3316.00000000	5.18171
3316.50000000	5.18166
3317.00000000	5.18259
3317.50000000	5.18499
3318.00000000	5.18772
3318.50000000	5.18924
3319.00000000	5.19031
3319.50000000	5.19089
3320.00000000	5.19143
3320.50000000	5.19138
3321.00000000	5.19124
3321.50000000	5.19216
3322.00000000	5.19207
3322.50000000	5.19223
3323.00000000	5.19299
3323.50000000	5.19474
3324.00000000	5.19659
3324.50000000	5.19910
3325.00000000	5.20133
3325.50000000	5.20404
3326.00000000	5.20688
3326.50000000	5.20906
3327.00000000	5.21158
3327.50000000	5.21349
3328.00000000	5.21647
3328.50000000	5.22007
3329.00000000	5.22300
3329.50000000	5.22554
3330.00000000	5.22723
3330.50000000	5.22903
3331.00000000	5.23078
3331.50000000	5.23178
3332.00000000	5.23249
3332.50000000	5.23322
3333.00000000	5.23365
3333.50000000	5.23477
3334.00000000	5.23491
3334.50000000	5.23572
3335.00000000	5.23704
3335.50000000	5.23881
3336.00000000	5.24121
3336.50000000	5.24281
3337.00000000	5.24299
3337.50000000	5.24329
3338.00000000	5.24310
3338.50000000	5.24236
3339.00000000	5.24113
3339.50000000	5.23911
3340.00000000	5.23704
3340.50000000	5.23465
3341.00000000	5.23343
3341.50000000	5.23195
3342.00000000	5.23033
3342.50000000	5.22914
3343.00000000	5.22846
3343.50000000	5.22824
3344.00000000	5.22739
3344.50000000	5.22558
3345.00000000	5.22318
3345.50000000	5.22169
3346.00000000	5.22101
3346.50000000	5.21911
3347.00000000	5.21557
3347.50000000	5.21207
3348.00000000	5.21085
3348.50000000	5.21054
3349.00000000	5.20893
3349.50000000	5.20704
3350.00000000	5.20549
3350.50000000	5.20535
3351.00000000	5.20489
3351.50000000	5.20375
3352.00000000	5.20381
3352.50000000	5.20285
3353.00000000	5.20121
3353.50000000	5.19787
3354.00000000	5.19543
3354.50000000	5.19339
3355.00000000	5.19240
3355.50000000	5.19085
3356.00000000	5.18888
3356.50000000	5.18749
3357.00000000	5.18684
3357.50000000	5.18507
3358.00000000	5.18412
3358.50000000	5.18344
3359.00000000	5.18230
3359.50000000	5.18272
3360.00000000	5.18281
3360.50000000	5.18138
3361.00000000	5.17965
3361.50000000	5.17876
3362.00000000	5.17849
3362.50000000	5.17842
3363.00000000	5.17847
3363.50000000	5.17810
3364.00000000	5.17735
3364.50000000	5.17670
3365.00000000	5.17642
3365.50000000	5.17739
3366.00000000	5.17830
3366.50000000	5.17809
3367.00000000	5.17809
3367.50000000	5.17874
3368.00000000	5.17964
3368.50000000	5.18060
3369.00000000	5.18054
3369.50000000	5.18130
3370.00000000	5.18041
3370.50000000	5.17962
3371.00000000	5.17859
3371.50000000	5.17760
3372.00000000	5.17701
3372.50000000	5.17551
3373.00000000	5.17462
3373.50000000	5.17305
3374.00000000	5.17084
3374.50000000	5.16893
3375.00000000	5.16534
3375.50000000	5.16211
3376.00000000	5.15920
3376.50000000	5.15725
3377.00000000	5.15589
3377.50000000	5.15412
3378.00000000	5.15232
3378.50000000	5.15033
3379.00000000	5.14923
3379.50000000	5.14842
3380.00000000	5.14702
3380.50000000	5.14562
3381.00000000	5.14427
3381.50000000	5.14238
3382.00000000	5.14112
3382.50000000	5.13848
3383.00000000	5.13601
3383.50000000	5.13350
3384.00000000	5.13151
3384.50000000	5.13069
3385.00000000	5.13048
3385.50000000	5.13136
3386.00000000	5.13267
3386.50000000	5.13515
3387.00000000	5.13678
3387.50000000	5.14028
3388.00000000	5.14273
3388.50000000	5.14422
3389.00000000	5.14544
3389.50000000	5.14688
3390.00000000	5.14790
3390.50000000	5.15036
3391.00000000	5.15290
3391.50000000	5.15691
3392.00000000	5.16144
3392.50000000	5.16384
3393.00000000	5.16521
3393.50000000	5.16684
3394.00000000	5.16759
3394.50000000	5.16878
3395.00000000	5.16838
3395.50000000	5.16875
3396.00000000	5.17037
3396.50000000	5.17163
3397.00000000	5.17394
3397.50000000	5.17739
3398.00000000	5.17991
3398.50000000	5.18235
3399.00000000	5.18371
3399.50000000	5.18423
3400.00000000	5.18611
3400.50000000	5.18874
3401.00000000	5.19115
3401.50000000	5.19480
3402.00000000	5.19897
3402.50000000	5.20298
3403.00000000	5.20684
3403.50000000	5.20982
3404.00000000	5.21200
3404.50000000	5.21254
3405.00000000	5.21374
3405.50000000	5.21491
3406.00000000	5.21519
3406.50000000	5.21559
3407.00000000	5.21625
3407.50000000	5.21652
3408.00000000	5.21825
3408.50000000	5.21776
3409.00000000	5.21726
3409.50000000	5.21730
3410.00000000	5.21702
3410.50000000	5.21612
3411.00000000	5.21489
3411.50000000	5.21284
3412.00000000	5.21052
3412.50000000	5.20889
3413.00000000	5.20862
3413.50000000	5.20796
3414.00000000	5.20684
3414.50000000	5.20496
3415.00000000	5.20259
3415.50000000	5.20069
3416.00000000	5.19930
3416.50000000	5.19805
3417.00000000	5.19747
3417.50000000	5.19781
3418.00000000	5.19806
3418.50000000	5.19974
3419.00000000	5.20054
3419.50000000	5.20226
3420.00000000	5.20403
3420.50000000	5.20525
3421.00000000	5.20744
3421.50000000	5.20814
3422.00000000	5.20872
3422.50000000	5.20953
3423.00000000	5.21170
3423.50000000	5.21368
3424.00000000	5.21648
3424.50000000	5.22037
3425.00000000	5.22434
3425.50000000	5.22762
3426.00000000	5.23087
3426.50000000	5.23380
3427.00000000	5.23707
3427.50000000	5.23865
3428.00000000	5.24190
3428.50000000	5.24743
3429.00000000	5.25274
3429.50000000	5.25787
3430.00000000	5.26265
3430.50000000	5.26581
3431.00000000	5.26940
3431.50000000	5.27294
3432.00000000	5.27620
3432.50000000	5.27823
3433.00000000	5.28150
3433.50000000	5.28522
3434.00000000	5.28726
3434.50000000	5.28947
3435.00000000	5.29294
3435.50000000	5.29610
3436.00000000	5.29858
3436.50000000	5.30055
3437.00000000	5.30228
3437.50000000	5.30340
3438.00000000	5.30413
3438.50000000	5.30359
3439.00000000	5.30228
3439.50000000	5.30104
3440.00000000	5.29950
3440.50000000	5.29840
3441.00000000	5.29687
3441.50000000	5.29445
3442.00000000	5.29207
3442.50000000	5.28867
3443.00000000	5.28474
3443.50000000	5.28066
3444.00000000	5.27727
3444.50000000	5.27350
3445.00000000	5.27061
3445.50000000	5.26938
3446.00000000	5.26766
3446.50000000	5.26643
3447.00000000	5.26635
3447.50000000	5.26614
3448.00000000	5.26592
3448.50000000	5.26596
3449.00000000	5.26493
3449.50000000	5.26405
3450.00000000	5.26217
3450.50000000	5.26022
3451.00000000	5.25919
3451.50000000	5.25933
3452.00000000	5.26095
3452.50000000	5.26185
3453.00000000	5.26213
3453.50000000	5.26193
3454.00000000	5.26042
3454.50000000	5.25818
3455.00000000	5.25464
3455.50000000	5.25284
3456.00000000	5.25174
3456.50000000	5.25070
3457.00000000	5.25000
3457.50000000	5.24939
3458.00000000	5.24871
3458.50000000	5.24807
3459.00000000	5.24753
3459.50000000	5.24666
3460.00000000	5.24745
3460.50000000	5.24895
3461.00000000	5.24936
3461.50000000	5.24990
3462.00000000	5.25154
3462.50000000	5.25415
3463.00000000	5.25645
3463.50000000	5.25820
3464.00000000	5.25941
3464.50000000	5.25944
3465.00000000	5.25915
3465.50000000	5.25908
3466.00000000	5.25925
3466.50000000	5.25857
3467.00000000	5.25779
3467.50000000	5.25571
3468.00000000	5.25374
3468.50000000	5.25139
3469.00000000	5.24915
3469.50000000	5.24657
3470.00000000	5.24469
3470.50000000	5.24358
3471.00000000	5.24274
3471.50000000	5.24164
3472.00000000	5.23895
3472.50000000	5.23698
3473.00000000	5.23514
3473.50000000	5.23457
3474.00000000	5.23461
3474.50000000	5.23431
3475.00000000	5.23318
3475.50000000	5.23395
3476.00000000	5.23523
3476.50000000	5.23641
3477.00000000	5.23861
3477.50000000	5.24005
3478.00000000	5.24138
3478.50000000	5.24206
3479.00000000	5.24268
3479.50000000	5.24578
3480.00000000	5.24886
3480.50000000	5.25089
3481.00000000	5.25356
3481.50000000	5.25575
3482.00000000	5.25657
3482.50000000	5.25620
3483.00000000	5.25647
3483.50000000	5.25651
3484.00000000	5.25607
3484.50000000	5.25546
3485.00000000	5.25510
3485.50000000	5.25409
3486.00000000	5.25279
3486.50000000	5.25048
3487.00000000	5.24905
3487.50000000	5.24920
3488.00000000	5.24754
3488.50000000	5.24570
3489.00000000	5.24339
3489.50000000	5.24199
3490.00000000	5.23964
3490.50000000	5.23723
3491.00000000	5.23420
3491.50000000	5.23293
3492.00000000	5.23352
3492.50000000	5.23416
3493.00000000	5.23411
3493.50000000	5.23351
3494.00000000	5.23252
3494.50000000	5.23135
3495.00000000	5.22854
3495.50000000	5.22781
3496.00000000	5.22765
3496.50000000	5.22800
3497.00000000	5.22794
3497.50000000	5.22679
3498.00000000	5.22562
3498.50000000	5.22469
3499.00000000	5.22389
3499.50000000	5.22180
3500.00000000	5.21848
3500.50000000	5.21461
3501.00000000	5.21079
3501.50000000	5.20838
3502.00000000	5.20598
3502.50000000	5.20447
3503.00000000	5.20321
3503.50000000	5.20156
3504.00000000	5.19950
3504.50000000	5.19687
3505.00000000	5.19639
3505.50000000	5.19620
3506.00000000	5.19685
3506.50000000	5.19750
3507.00000000	5.19806
3507.50000000	5.19764
3508.00000000	5.19695
3508.50000000	5.19707
3509.00000000	5.19671
3509.50000000	5.19665
3510.00000000	5.19715
3510.50000000	5.19762
3511.00000000	5.19822
3511.50000000	5.19774
3512.00000000	5.19580
3512.50000000	5.19372
3513.00000000	5.19273
3513.50000000	5.19170
3514.00000000	5.19138
3514.50000000	5.19186
3515.00000000	5.19139
3515.50000000	5.19065
3516.00000000	5.19237
3516.50000000	5.19596
3517.00000000	5.19914
3517.50000000	5.20137
3518.00000000	5.20490
3518.50000000	5.20974
3519.00000000	5.21386
3519.50000000	5.21717
3520.00000000	5.22067
3520.50000000	5.22361
3521.00000000	5.22604
3521.50000000	5.23002
3522.00000000	5.23489
3522.50000000	5.24006
3523.00000000	5.24565
3523.50000000	5.25153
3524.00000000	5.25732
3524.50000000	5.26244
3525.00000000	5.26870
3525.50000000	5.27298
3526.00000000	5.27751
3526.50000000	5.28047
3527.00000000	5.28313
3527.50000000	5.28634
3528.00000000	5.28893
3528.50000000	5.29021
3529.00000000	5.29124
3529.50000000	5.29264
3530.00000000	5.29455
3530.50000000	5.29587
3531.00000000	5.29675
3531.50000000	5.29849
3532.00000000	5.30009
3532.50000000	5.30164
3533.00000000	5.30218
3533.50000000	5.30217
3534.00000000	5.30388
3534.50000000	5.30588
3535.00000000	5.30841
3535.50000000	5.31011
3536.00000000	5.31162
3536.50000000	5.31329
3537.00000000	5.31442
3537.50000000	5.31643
3538.00000000	5.31867
3538.50000000	5.32129
3539.00000000	5.32468
3539.50000000	5.32765
3540.00000000	5.33099
3540.50000000	5.33291
3541.00000000	5.33448
3541.50000000	5.33746
3542.00000000	5.34023
3542.50000000	5.34272
3543.00000000	5.34702
3543.50000000	5.35175
3544.00000000	5.35689
3544.50000000	5.36098
3545.00000000	5.36328
3545.50000000	5.36598
3546.00000000	5.36912
3546.50000000	5.37177
3547.00000000	5.37368
3547.50000000	5.37599
3548.00000000	5.37825
3548.50000000	5.38134
3549.00000000	5.38684
3549.50000000	5.39112
3550.00000000	5.39309
3550.50000000	5.39505
3551.00000000	5.39735
3551.50000000	5.40102
3552.00000000	5.40337
3552.50000000	5.40574
3553.00000000	5.40813
3553.50000000	5.41222
3554.00000000	5.41563
3554.50000000	5.41896
3555.00000000	5.41999
3555.50000000	5.41967
3556.00000000	5.42082
3556.50000000	5.42278
3557.00000000	5.42478
3557.50000000	5.42551
3558.00000000	5.42615
3558.50000000	5.42631
3559.00000000	5.42599
3559.50000000	5.42542
3560.00000000	5.42496
3560.50000000	5.42563
3561.00000000	5.42611
3561.50000000	5.42526
3562.00000000	5.42414
3562.50000000	5.42440
3563.00000000	5.42448
3563.50000000	5.42557
3564.00000000	5.42757
3564.50000000	5.42900
3565.00000000	5.42965
3565.50000000	5.43050
3566.00000000	5.43233
3566.50000000	5.43338
3567.00000000	5.43558
3567.50000000	5.43914
3568.00000000	5.44207
3568.50000000	5.44531
3569.00000000	5.44957
3569.50000000	5.45322
3570.00000000	5.45729
3570.50000000	5.46168
3571.00000000	5.46510
3571.50000000	5.46671
3572.00000000	5.46870
3572.50000000	5.47028
3573.00000000	5.47147
3573.50000000	5.47221
3574.00000000	5.47305
3574.50000000	5.47308
3575.00000000	5.47340
3575.50000000	5.47361
3576.00000000	5.47599
3576.50000000	5.47895
3577.00000000	5.48106
3577.50000000	5.48314
3578.00000000	5.48637
3578.50000000	5.49027
3579.00000000	5.49416
3579.50000000	5.49646
3580.00000000	5.49829
3580.50000000	5.49977
3581.00000000	5.50077
3581.50000000	5.50086
3582.00000000	5.50060
3582.50000000	5.50133
3583.00000000	5.50246
3583.50000000	5.50266
3584.00000000	5.50353
3584.50000000	5.50341
3585.00000000	5.50326
3585.50000000	5.50199
3586.00000000	5.50120
3586.50000000	5.50080
3587.00000000	5.50090
3587.50000000	5.50045
3588.00000000	5.50153
3588.50000000	5.50187
3589.00000000	5.50143
3589.50000000	5.49969
3590.00000000	5.49885
3590.50000000	5.49803
3591.00000000	5.49848
3591.50000000	5.49913
3592.00000000	5.50076
3592.50000000	5.50189
3593.00000000	5.50208
3593.50000000	5.50350
3594.00000000	5.50696
3594.50000000	5.51081
3595.00000000	5.51350
3595.50000000	5.51557
3596.00000000	5.51627
3596.50000000	5.51790
3597.00000000	5.51936
3597.50000000	5.52205
3598.00000000	5.52381
3598.50000000	5.52543
3599.00000000	5.52783
3599.50000000	5.53133
3600.00000000	5.53470
3600.50000000	5.53830
3601.00000000	5.54072
3601.50000000	5.54367
3602.00000000	5.54482
3602.50000000	5.54586
3603.00000000	5.54771
3603.50000000	5.54938
3604.00000000	5.55222
3604.50000000	5.55484
3605.00000000	5.55778
3605.50000000	5.56080
3606.00000000	5.56333
3606.50000000	5.56490
3607.00000000	5.56647
3607.50000000	5.56742
3608.00000000	5.56790
3608.50000000	5.56888
3609.00000000	5.57005
3609.50000000	5.57277
3610.00000000	5.57466
3610.50000000	5.57660
3611.00000000	5.57687
3611.50000000	5.57803
3612.00000000	5.57913
3612.50000000	5.57924
3613.00000000	5.57986
3613.50000000	5.58083
3614.00000000	5.58274
3614.50000000	5.58455
3615.00000000	5.58634
3615.50000000	5.58855
3616.00000000	5.59138
3616.50000000	5.59336
3617.00000000	5.59536
3617.50000000	5.59860
3618.00000000	5.60223
3618.50000000	5.60537
3619.00000000	5.60795
3619.50000000	5.61010
3620.00000000	5.61326
3620.50000000	5.61710
3621.00000000	5.62103
3621.50000000	5.62449
3622.00000000	5.62849
3622.50000000	5.63240
3623.00000000	5.63594
3623.50000000	5.63893
3624.00000000	5.64089
3624.50000000	5.64273
3625.00000000	5.64597
3625.50000000	5.64866
3626.00000000	5.65131
3626.50000000	5.65441
3627.00000000	5.65886
3627.50000000	5.66300
3628.00000000	5.66612
3628.50000000	5.66901
3629.00000000	5.67145
3629.50000000	5.67247
3630.00000000	5.67377
3630.50000000	5.67468
3631.00000000	5.67709
3631.50000000	5.67851
3632.00000000	5.68172
3632.50000000	5.68659
3633.00000000	5.69067
3633.50000000	5.69449
3634.00000000	5.69807
3634.50000000	5.70142
3635.00000000	5.70323
3635.50000000	5.70543
3636.00000000	5.70869
3636.50000000	5.71268
3637.00000000	5.71596
3637.50000000	5.71992
3638.00000000	5.72332
3638.50000000	5.72677
3639.00000000	5.73028
3639.50000000	5.73266
3640.00000000	5.73491
3640.50000000	5.73715
3641.00000000	5.73823
3641.50000000	5.74019
3642.00000000	5.74182
3642.50000000	5.74405
3643.00000000	5.74639
3643.50000000	5.74777
3644.00000000	5.74966
3644.50000000	5.75126
3645.00000000	5.75282
3645.50000000	5.75400
3646.00000000	5.75590
3646.50000000	5.75904
3647.00000000	5.76311
3647.50000000	5.76649
3648.00000000	5.77021
3648.50000000	5.77440
3649.00000000	5.77726
3649.50000000	5.78130
3650.00000000	5.78545
3650.50000000	5.78915
3651.00000000	5.79118
3651.50000000	5.79376
3652.00000000	5.79534
3652.50000000	5.79580
3653.00000000	5.79447
3653.50000000	5.79306
3654.00000000	5.79067
3654.50000000	5.78850
3655.00000000	5.78537
3655.50000000	5.78309
3656.00000000	5.78197
3656.50000000	5.78162
3657.00000000	5.78023
3657.50000000	5.77909
3658.00000000	5.77661
3658.50000000	5.77523
3659.00000000	5.77384
3659.50000000	5.77220
3660.00000000	5.77027
3660.50000000	5.76797
3661.00000000	5.76689
3661.50000000	5.76620
3662.00000000	5.76612
3662.50000000	5.76654
3663.00000000	5.76765
3663.50000000	5.76979
3664.00000000	5.77182
3664.50000000	5.77402
3665.00000000	5.77583
3665.50000000	5.77772
3666.00000000	5.77947
3666.50000000	5.78177
3667.00000000	5.78390
3667.50000000	5.78455
3668.00000000	5.78535
3668.50000000	5.78601
3669.00000000	5.78619
3669.50000000	5.78630
3670.00000000	5.78671
3670.50000000	5.78843
3671.00000000	5.78863
3671.50000000	5.78833
3672.00000000	5.78684
3672.50000000	5.78438
3673.00000000	5.78268
3673.50000000	5.78158
3674.00000000	5.77977
3674.50000000	5.77922
3675.00000000	5.77707
3675.50000000	5.77575
3676.00000000	5.77462
3676.50000000	5.77242
3677.00000000	5.77127
3677.50000000	5.77094
3678.00000000	5.76868
3678.50000000	5.76841
3679.00000000	5.76736
3679.50000000	5.76702
3680.00000000	5.76572
3680.50000000	5.76460
3681.00000000	5.76350
3681.50000000	5.76140
3682.00000000	5.75918
3682.50000000	5.75712
3683.00000000	5.75608
3683.50000000	5.75506
3684.00000000	5.75479
3684.50000000	5.75442
3685.00000000	5.75361
3685.50000000	5.75390
3686.00000000	5.75300
3686.50000000	5.75496
3687.00000000	5.75675
3687.50000000	5.75716
3688.00000000	5.75857
3688.50000000	5.76047
3689.00000000	5.76280
3689.50000000	5.76570
3690.00000000	5.77102
3690.50000000	5.77581
3691.00000000	5.77918
3691.50000000	5.78260
3692.00000000	5.78522
3692.50000000	5.78742
3693.00000000	5.78925
3693.50000000	5.79069
3694.00000000	5.79178
3694.50000000	5.79333
3695.00000000	5.79333
3695.50000000	5.79370
3696.00000000	5.79522
3696.50000000	5.79538
3697.00000000	5.79527
3697.50000000	5.79512
3698.00000000	5.79527
3698.50000000	5.79478
3699.00000000	5.79336
3699.50000000	5.79216
3700.00000000	5.79113
3700.50000000	5.79097
3701.00000000	5.79102
3701.50000000	5.79080
3702.00000000	5.79148
3702.50000000	5.79188
3703.00000000	5.79211
3703.50000000	5.79274
3704.00000000	5.79457
3704.50000000	5.79562
3705.00000000	5.79495
3705.50000000	5.79522
3706.00000000	5.79579
3706.50000000	5.79665
3707.00000000	5.79700
3707.50000000	5.79750
3708.00000000	5.79802
3708.50000000	5.79838
3709.00000000	5.79839
3709.50000000	5.79826
3710.00000000	5.79882
3710.50000000	5.79962
3711.00000000	5.80193
3711.50000000	5.80418
3712.00000000	5.80512
3712.50000000	5.80652
3713.00000000	5.80834
3713.50000000	5.81064
3714.00000000	5.81384
3714.50000000	5.81650
3715.00000000	5.81944
3715.50000000	5.82340
3716.00000000	5.82559
3716.50000000	5.82819
3717.00000000	5.82993
3717.50000000	5.83186
3718.00000000	5.83417
3718.50000000	5.83580
3719.00000000	5.83911
3719.50000000	5.84082
3720.00000000	5.84323
3720.50000000	5.84643
3721.00000000	5.84810
3721.50000000	5.84923
3722.00000000	5.85076
3722.50000000	5.85201
3723.00000000	5.85155
3723.50000000	5.85326
3724.00000000	5.85368
3724.50000000	5.85571
3725.00000000	5.85768
3725.50000000	5.85923
3726.00000000	5.86061
3726.50000000	5.86204
3727.00000000	5.86363
3727.50000000	5.86448
3728.00000000	5.86566
3728.50000000	5.86776
3729.00000000	5.86782
3729.50000000	5.86824
3730.00000000	5.86828
3730.50000000	5.86814
3731.00000000	5.86679
3731.50000000	5.86514
3732.00000000	5.86430
3732.50000000	5.86382
3733.00000000	5.86447
3733.50000000	5.86436
3734.00000000	5.86502
3734.50000000	5.86468
3735.00000000	5.86476
3735.50000000	5.86375
3736.00000000	5.86324
3736.50000000	5.86234
3737.00000000	5.86171
3737.50000000	5.85981
3738.00000000	5.85792
3738.50000000	5.85671
3739.00000000	5.85433
3739.50000000	5.85324
3740.00000000	5.85128
3740.50000000	5.84944
3741.00000000	5.84716
3741.50000000	5.84360
3742.00000000	5.84001
3742.50000000	5.83757
3743.00000000	5.83500
3743.50000000	5.83319
3744.00000000	5.83100
3744.50000000	5.82822
3745.00000000	5.82463
3745.50000000	5.82139
3746.00000000	5.82042
3746.50000000	5.82057
3747.00000000	5.82137
3747.50000000	5.82271
3748.00000000	5.82458
3748.50000000	5.82705
3749.00000000	5.82936
3749.50000000	5.83154
3750.00000000	5.83201
3750.50000000	5.83282
3751.00000000	5.83310
3751.50000000	5.83387
3752.00000000	5.83593
3752.50000000	5.83876
3753.00000000	5.84090
3753.50000000	5.84214
3754.00000000	5.84465
3754.50000000	5.84709
3755.00000000	5.84953
3755.50000000	5.85187
3756.00000000	5.85488
3756.50000000	5.85684
3757.00000000	5.85741
3757.50000000	5.85810
3758.00000000	5.85877
3758.50000000	5.85922
3759.00000000	5.85965
3759.50000000	5.86011
3760.00000000	5.86091
3760.50000000	5.86187
3761.00000000	5.86255
3761.50000000	5.86303
3762.00000000	5.86467
3762.50000000	5.86511
3763.00000000	5.86451
3763.50000000	5.86413
3764.00000000	5.86475
3764.50000000	5.86574
3765.00000000	5.86759
3765.50000000	5.86818
3766.00000000	5.86963
3766.50000000	5.87048
3767.00000000	5.87187
3767.50000000	5.87365
3768.00000000	5.87488
3768.50000000	5.87621
3769.00000000	5.87779
3769.50000000	5.87897
3770.00000000	5.88213
3770.50000000	5.88680
3771.00000000	5.89112
3771.50000000	5.89527
3772.00000000	5.89695
3772.50000000	5.89806
3773.00000000	5.89712
3773.50000000	5.89732
3774.00000000	5.89673
3774.50000000	5.89640
3775.00000000	5.89543
3775.50000000	5.89398
3776.00000000	5.89240
3776.50000000	5.89043
3777.00000000	5.88814
3777.50000000	5.88638
3778.00000000	5.88681
3778.50000000	5.88773
3779.00000000	5.88726
3779.50000000	5.88653
3780.00000000	5.88425
3780.50000000	5.88309
3781.00000000	5.88177
3781.50000000	5.88056
3782.00000000	5.87861
3782.50000000	5.87872
3783.00000000	5.87988
3783.50000000	5.87966
3784.00000000	5.87898
3784.50000000	5.87829
3785.00000000	5.87674
3785.50000000	5.87550
3786.00000000	5.87400
3786.50000000	5.87201
3787.00000000	5.87112
3787.50000000	5.87096
3788.00000000	5.87263
3788.50000000	5.87439
3789.00000000	5.87640
3789.50000000	5.87717
3790.00000000	5.87794
3790.50000000	5.87621
3791.00000000	5.87267
3791.50000000	5.86755
3792.00000000	5.86271
3792.50000000	5.85841
3793.00000000	5.85586
3793.50000000	5.85384
3794.00000000	5.85214
3794.50000000	5.85063
3795.00000000	5.84901
3795.50000000	5.84752
3796.00000000	5.84707
3796.50000000	5.84675
3797.00000000	5.84705
3797.50000000	5.84777
3798.00000000	5.84949
3798.50000000	5.85051
3799.00000000	5.85218
3799.50000000	5.85310
3800.00000000	5.85518
3800.50000000	5.85711
3801.00000000	5.85811
3801.50000000	5.85987
3802.00000000	5.86048
3802.50000000	5.86107
3803.00000000	5.86116
3803.50000000	5.86165
3804.00000000	5.86114
3804.50000000	5.86002
3805.00000000	5.85946
3805.50000000	5.85787
3806.00000000	5.85934
3806.50000000	5.85982
3807.00000000	5.86120
3807.50000000	5.86237
3808.00000000	5.86330
3808.50000000	5.86431
3809.00000000	5.86645
3809.50000000	5.86975
3810.00000000	5.87261
3810.50000000	5.87484
3811.00000000	5.87722
3811.50000000	5.87889
3812.00000000	5.88021
3812.50000000	5.88143
3813.00000000	5.88207
3813.50000000	5.88126
3814.00000000	5.88034
3814.50000000	5.87939
3815.00000000	5.87758
3815.50000000	5.87573
3816.00000000	5.87332
3816.50000000	5.87183
3817.00000000	5.86883
3817.50000000	5.86644
3818.00000000	5.86452
3818.50000000	5.86309
3819.00000000	5.86230
3819.50000000	5.86035
3820.00000000	5.85894
3820.50000000	5.85840
3821.00000000	5.85894
3821.50000000	5.85870
3822.00000000	5.85715
3822.50000000	5.85562
3823.00000000	5.85514
3823.50000000	5.85585
3824.00000000	5.85785
3824.50000000	5.85946
3825.00000000	5.86074
3825.50000000	5.86284
3826.00000000	5.86663
3826.50000000	5.86904
3827.00000000	5.87148
3827.50000000	5.87539
3828.00000000	5.88080
3828.50000000	5.88596
3829.00000000	5.88964
3829.50000000	5.89353
3830.00000000	5.89779
3830.50000000	5.90303
3831.00000000	5.90685
3831.50000000	5.91008
3832.00000000	5.91375
3832.50000000	5.91773
3833.00000000	5.92199
3833.50000000	5.92401
3834.00000000	5.92552
3834.50000000	5.92600
3835.00000000	5.92662
3835.50000000	5.92838
3836.00000000	5.93032
3836.50000000	5.93302
3837.00000000	5.93598
3837.50000000	5.93879
3838.00000000	5.94168
3838.50000000	5.94343
3839.00000000	5.94475
3839.50000000	5.94575
3840.00000000	5.94765
3840.50000000	5.94863
3841.00000000	5.95149
3841.50000000	5.95429
3842.00000000	5.95704
3842.50000000	5.95918
3843.00000000	5.96060
3843.50000000	5.96353
3844.00000000	5.96569
3844.50000000	5.96746
3845.00000000	5.96917
3845.50000000	5.97017
3846.00000000	5.97149
3846.50000000	5.97130
3847.00000000	5.97121
3847.50000000	5.97032
3848.00000000	5.97037
3848.50000000	5.96933
3849.00000000	5.96829
3849.50000000	5.96596
3850.00000000	5.96360
3850.50000000	5.96209
3851.00000000	5.96120
3851.50000000	5.95988
3852.00000000	5.95810
3852.50000000	5.95619
3853.00000000	5.95510
3853.50000000	5.95329
3854.00000000	5.95087
3854.50000000	5.94826
3855.00000000	5.94640
3855.50000000	5.94496
3856.00000000	5.94459
3856.50000000	5.94523
3857.00000000	5.94525
3857.50000000	5.94541
3858.00000000	5.94458
3858.50000000	5.94203
3859.00000000	5.93985
3859.50000000	5.93882
3860.00000000	5.93634
3860.50000000	5.93292
3861.00000000	5.93154
3861.50000000	5.93023
3862.00000000	5.92878
3862.50000000	5.92751
3863.00000000	5.92787
3863.50000000	5.92733
3864.00000000	5.92763
3864.50000000	5.92616
3865.00000000	5.92318
3865.50000000	5.91909
3866.00000000	5.91583
3866.50000000	5.91514
3867.00000000	5.91361
3867.50000000	5.91168
3868.00000000	5.90977
3868.50000000	5.90735
3869.00000000	5.90509
3869.50000000	5.90134
3870.00000000	5.89900
3870.50000000	5.89528
3871.00000000	5.89012
3871.50000000	5.88567
3872.00000000	5.88057
3872.50000000	5.87531
3873.00000000	5.87122
3873.50000000	5.86662
3874.00000000	5.86282
3874.50000000	5.85777
3875.00000000	5.85240
3875.50000000	5.84700
3876.00000000	5.84128
3876.50000000	5.83547
3877.00000000	5.83107
3877.50000000	5.82743
3878.00000000	5.82326
3878.50000000	5.81914
3879.00000000	5.81500
3879.50000000	5.81235
3880.00000000	5.80921
3880.50000000	5.80564
3881.00000000	5.80282
3881.50000000	5.80107
3882.00000000	5.79916
3882.50000000	5.79630
3883.00000000	5.79384
3883.50000000	5.79483
3884.00000000	5.79386
3884.50000000	5.79302
3885.00000000	5.79134
3885.50000000	5.79137
3886.00000000	5.79024
3886.50000000	5.78857
3887.00000000	5.78840
3887.50000000	5.78848
3888.00000000	5.78777
3888.50000000	5.78614
3889.00000000	5.78447
3889.50000000	5.78148
3890.00000000	5.77893
3890.50000000	5.77704
3891.00000000	5.77686
3891.50000000	5.77693
3892.00000000	5.77699
3892.50000000	5.77692
3893.00000000	5.77686
3893.50000000	5.77642
3894.00000000	5.77591
3894.50000000	5.77600
3895.00000000	5.77659
3895.50000000	5.77792
3896.00000000	5.77893
3896.50000000	5.77998
3897.00000000	5.78031
3897.50000000	5.78181
3898.00000000	5.78262
3898.50000000	5.78341
3899.00000000	5.78511
3899.50000000	5.78623
3900.00000000	5.78713
3900.50000000	5.78708
3901.00000000	5.78665
3901.50000000	5.78628
3902.00000000	5.78524
3902.50000000	5.78475
3903.00000000	5.78541
3903.50000000	5.78541
3904.00000000	5.78511
3904.50000000	5.78413
3905.00000000	5.78140
3905.50000000	5.77932
3906.00000000	5.77797
3906.50000000	5.77788
3907.00000000	5.77700
3907.50000000	5.77629
3908.00000000	5.77728
3908.50000000	5.77880
3909.00000000	5.78068
3909.50000000	5.78241
3910.00000000	5.78350
3910.50000000	5.78439
3911.00000000	5.78600
3911.50000000	5.78711
3912.00000000	5.78850
3912.50000000	5.78888
3913.00000000	5.78839
3913.50000000	5.78642
3914.00000000	5.78517
3914.50000000	5.78396
3915.00000000	5.78257
3915.50000000	5.78005
3916.00000000	5.77776
3916.50000000	5.77634
3917.00000000	5.77349
3917.50000000	5.77073
3918.00000000	5.76829
3918.50000000	5.76747
3919.00000000	5.76609
3919.50000000	5.76620
3920.00000000	5.76654
3920.50000000	5.76592
3921.00000000	5.76472
3921.50000000	5.76335
3922.00000000	5.76244
3922.50000000	5.76138
3923.00000000	5.76047
3923.50000000	5.75780
3924.00000000	5.75529
3924.50000000	5.75339
3925.00000000	5.75234
3925.50000000	5.75033
3926.00000000	5.74908
3926.50000000	5.74774
3927.00000000	5.74596
3927.50000000	5.74351
3928.00000000	5.74203
3928.50000000	5.74282
3929.00000000	5.74439
3929.50000000	5.74526
3930.00000000	5.74688
3930.50000000	5.74839
3931.00000000	5.74904
3931.50000000	5.74801
3932.00000000	5.74813
3932.50000000	5.74869
3933.00000000	5.74762
3933.50000000	5.74666
3934.00000000	5.74618
3934.50000000	5.74659
3935.00000000	5.74599
3935.50000000	5.74647
3936.00000000	5.74663
3936.50000000	5.74709
3937.00000000	5.74707
3937.50000000	5.74698
3938.00000000	5.74653
3938.50000000	5.74649
3939.00000000	5.74675
3939.50000000	5.74649
3940.00000000	5.74764
3940.50000000	5.74832
3941.00000000	5.74963
3941.50000000	5.74942
3942.00000000	5.75064
3942.50000000	5.75142
3943.00000000	5.75197
3943.50000000	5.75251
3944.00000000	5.75320
3944.50000000	5.75373
3945.00000000	5.75368
3945.50000000	5.75266
3946.00000000	5.75067
3946.50000000	5.74877
3947.00000000	5.74801
3947.50000000	5.74864
3948.00000000	5.74805
3948.50000000	5.74553
3949.00000000	5.74477
3949.50000000	5.74464
3950.00000000	5.74403
3950.50000000	5.74422
3951.00000000	5.74364
3951.50000000	5.74277
3952.00000000	5.74204
3952.50000000	5.74113
3953.00000000	5.74062
3953.50000000	5.74020
3954.00000000	5.73912
3954.50000000	5.73853
3955.00000000	5.73896
3955.50000000	5.73979
3956.00000000	5.73933
3956.50000000	5.73843
3957.00000000	5.73920
3957.50000000	5.73814
3958.00000000	5.73720
3958.50000000	5.73663
3959.00000000	5.73731
3959.50000000	5.73726
3960.00000000	5.73650
3960.50000000	5.73545
3961.00000000	5.73497
3961.50000000	5.73456
3962.00000000	5.73286
3962.50000000	5.73208
3963.00000000	5.73243
3963.50000000	5.73116
3964.00000000	5.73017
3964.50000000	5.72991
3965.00000000	5.72931
3965.50000000	5.72967
3966.00000000	5.72964
3966.50000000	5.72909
3967.00000000	5.73004
3967.50000000	5.73046
3968.00000000	5.73219
3968.50000000	5.73306
3969.00000000	5.73444
3969.50000000	5.73565
3970.00000000	5.73628
3970.50000000	5.73629
3971.00000000	5.73720
3971.50000000	5.73789
3972.00000000	5.73869
3972.50000000	5.73796
3973.00000000	5.73569
3973.50000000	5.73391
3974.00000000	5.73301
3974.50000000	5.73246
3975.00000000	5.73373
3975.50000000	5.73543
3976.00000000	5.73909
3976.50000000	5.74057
3977.00000000	5.74176
3977.50000000	5.74314
3978.00000000	5.74329
3978.50000000	5.74516
3979.00000000	5.74598
3979.50000000	5.74599
3980.00000000	5.74551
3980.50000000	5.74425
3981.00000000	5.74143
3981.50000000	5.74026
3982.00000000	5.73846
3982.50000000	5.73691
3983.00000000	5.73647
3983.50000000	5.73444
3984.00000000	5.73130
3984.50000000	5.72894
3985.00000000	5.72728
3985.50000000	5.72562
3986.00000000	5.72342
3986.50000000	5.72170
3987.00000000	5.72031
3987.50000000	5.71838
3988.00000000	5.71651
3988.50000000	5.71458
3989.00000000	5.71391
3989.50000000	5.71321
3990.00000000	5.71306
3990.50000000	5.71410
3991.00000000	5.71509
3991.50000000	5.71594
3992.00000000	5.71711
3992.50000000	5.71860
3993.00000000	5.72000
3993.50000000	5.72102
3994.00000000	5.72122
3994.50000000	5.71979
3995.00000000	5.71772
3995.50000000	5.71543
3996.00000000	5.71307
3996.50000000	5.71039
3997.00000000	5.70843
3997.50000000	5.70688
3998.00000000	5.70529
3998.50000000	5.70369
3999.00000000	5.70219
3999.50000000	5.70161
4000.00000000	5.70052
4000.50000000	5.69965
4001.00000000	5.69729
4001.50000000	5.69691
4002.00000000	5.69804
4002.50000000	5.70005
4003.00000000	5.70311
4003.50000000	5.70717
4004.00000000	5.71211
4004.50000000	5.71910
4005.00000000	5.72553
4005.50000000	5.73051
4006.00000000	5.73460
4006.50000000	5.73858
4007.00000000	5.74131
4007.50000000	5.74384
4008.00000000	5.74654
4008.50000000	5.74774
4009.00000000	5.74952
4009.50000000	5.75054
4010.00000000	5.75084
4010.50000000	5.74914
4011.00000000	5.74768
4011.50000000	5.74521
4012.00000000	5.74235
4012.50000000	5.73985
4013.00000000	5.73696
4013.50000000	5.73314
4014.00000000	5.72974
4014.50000000	5.72681
4015.00000000	5.72301
4015.50000000	5.71897
4016.00000000	5.71423
4016.50000000	5.71001
4017.00000000	5.70661
4017.50000000	5.70359
4018.00000000	5.69997
4018.50000000	5.69761
4019.00000000	5.69648
4019.50000000	5.69567
4020.00000000	5.69454
4020.50000000	5.69330
4021.00000000	5.69118
4021.50000000	5.68918
4022.00000000	5.68696
4022.50000000	5.68353
4023.00000000	5.68025
4023.50000000	5.67726
4024.00000000	5.67502
4024.50000000	5.67136
4025.00000000	5.66862
4025.50000000	5.66709
4026.00000000	5.66519
4026.50000000	5.66295
4027.00000000	5.66130
4027.50000000	5.66087
4028.00000000	5.66055
4028.50000000	5.66054
4029.00000000	5.66054
4029.50000000	5.66031
4030.00000000	5.66007
4030.50000000	5.65970
4031.00000000	5.65875
4031.50000000	5.65905
4032.00000000	5.65858
4032.50000000	5.65843
4033.00000000	5.65868
4033.50000000	5.65821
4034.00000000	5.65931
4034.50000000	5.65964
4035.00000000	5.65951
4035.50000000	5.65825
4036.00000000	5.65633
4036.50000000	5.65329
4037.00000000	5.64991
4037.50000000	5.64683
4038.00000000	5.64490
4038.50000000	5.64622
4039.00000000	5.64753
4039.50000000	5.64781
4040.00000000	5.64858
4040.50000000	5.65023
4041.00000000	5.65130
4041.50000000	5.65082
4042.00000000	5.65081
4042.50000000	5.65176
4043.00000000	5.65278
4043.50000000	5.65280
4044.00000000	5.65358
4044.50000000	5.65353
4045.00000000	5.65291
4045.50000000	5.65393
4046.00000000	5.65381
4046.50000000	5.65322
4047.00000000	5.65210
4047.50000000	5.65075
4048.00000000	5.64976
4048.50000000	5.65020
4049.00000000	5.65234
4049.50000000	5.65180
4050.00000000	5.65122
4050.50000000	5.65065
4051.00000000	5.64788
4051.50000000	5.64655
4052.00000000	5.64509
4052.50000000	5.64359
4053.00000000	5.64217
4053.50000000	5.64037
4054.00000000	5.63962
4054.50000000	5.63899
4055.00000000	5.63907
4055.50000000	5.63927
4056.00000000	5.64151
4056.50000000	5.64357
4057.00000000	5.64449
4057.50000000	5.64495
4058.00000000	5.64595
4058.50000000	5.64741
4059.00000000	5.64746
4059.50000000	5.64724
4060.00000000	5.64645
4060.50000000	5.64529
4061.00000000	5.64453
4061.50000000	5.64393
4062.00000000	5.64424
4062.50000000	5.64296
4063.00000000	5.64170
4063.50000000	5.64081
4064.00000000	5.64022
4064.50000000	5.63791
4065.00000000	5.63575
4065.50000000	5.63523
4066.00000000	5.63525
4066.50000000	5.63668
4067.00000000	5.63781
4067.50000000	5.63850
4068.00000000	5.63761
4068.50000000	5.63684
4069.00000000	5.63531
4069.50000000	5.63377
4070.00000000	5.63201
4070.50000000	5.63083
4071.00000000	5.63027
4071.50000000	5.62983
4072.00000000	5.63009
4072.50000000	5.62949
4073.00000000	5.62808
4073.50000000	5.62800
4074.00000000	5.62719
4074.50000000	5.62578
4075.00000000	5.62543
4075.50000000	5.62555
4076.00000000	5.62561
4076.50000000	5.62515
4077.00000000	5.62491
4077.50000000	5.62400
4078.00000000	5.62345
4078.50000000	5.62116
4079.00000000	5.62045
4079.50000000	5.61999
4080.00000000	5.61938
4080.50000000	5.61869
4081.00000000	5.61735
4081.50000000	5.61612
4082.00000000	5.61594
4082.50000000	5.61684
4083.00000000	5.61788
4083.50000000	5.61938
4084.00000000	5.62081
4084.50000000	5.62145
4085.00000000	5.62235
4085.50000000	5.62419
4086.00000000	5.62715
4086.50000000	5.62914
4087.00000000	5.63012
4087.50000000	5.63015
4088.00000000	5.63021
4088.50000000	5.63200
4089.00000000	5.63400
4089.50000000	5.63697
4090.00000000	5.64022
4090.50000000	5.64250
4091.00000000	5.64565
4091.50000000	5.64756
4092.00000000	5.64889
4092.50000000	5.64895
4093.00000000	5.64921
4093.50000000	5.64926
4094.00000000	5.64699
4094.50000000	5.64539
4095.00000000	5.64563
4095.50000000	5.64497
4096.00000000	5.64592
4096.50000000	5.64778
4097.00000000	5.64812
4097.50000000	5.64698
4098.00000000	5.64568
4098.50000000	5.64497
4099.00000000	5.64419
4099.50000000	5.64379
4100.00000000	5.64343
4100.50000000	5.64513
4101.00000000	5.64710
4101.50000000	5.64800
4102.00000000	5.64896
4102.50000000	5.64965
4103.00000000	5.65086
4103.50000000	5.65260
4104.00000000	5.65551
4104.50000000	5.65858
4105.00000000	5.66166
4105.50000000	5.66397
4106.00000000	5.66573
4106.50000000	5.66739
4107.00000000	5.66899
4107.50000000	5.67098
4108.00000000	5.67309
4108.50000000	5.67601
4109.00000000	5.67954
4109.50000000	5.68278
4110.00000000	5.68456
4110.50000000	5.68627
4111.00000000	5.68654
4111.50000000	5.68692
4112.00000000	5.68583
4112.50000000	5.68557
4113.00000000	5.68528
4113.50000000	5.68579
4114.00000000	5.68600
4114.50000000	5.68552
4115.00000000	5.68437
4115.50000000	5.68226
4116.00000000	5.68164
4116.50000000	5.68047
4117.00000000	5.67742
4117.50000000	5.67560
4118.00000000	5.67397
4118.50000000	5.67160
4119.00000000	5.66915
4119.50000000	5.66553
4120.00000000	5.66220
4120.50000000	5.65983
4121.00000000	5.65728
4121.50000000	5.65402
4122.00000000	5.64938
4122.50000000	5.64522
4123.00000000	5.64143
4123.50000000	5.63796
4124.00000000	5.63607
4124.50000000	5.63362
4125.00000000	5.63080
4125.50000000	5.62964
4126.00000000	5.62821
4126.50000000	5.62524
4127.00000000	5.62284
4127.50000000	5.62084
4128.00000000	5.61886
4128.50000000	5.61733
4129.00000000	5.61545
4129.50000000	5.61233
4130.00000000	5.60902
4130.50000000	5.60543
4131.00000000	5.60183
4131.50000000	5.59969
4132.00000000	5.59805
4132.50000000	5.59557
4133.00000000	5.59293
4133.50000000	5.59018
4134.00000000	5.58736
4134.50000000	5.58457
4135.00000000	5.58292
4135.50000000	5.58240
4136.00000000	5.58059
4136.50000000	5.57891
4137.00000000	5.57660
4137.50000000	5.57478
4138.00000000	5.57219
4138.50000000	5.57059
4139.00000000	5.56729
4139.50000000	5.56348
4140.00000000	5.55991
4140.50000000	5.55669
4141.00000000	5.55239
4141.50000000	5.54820
4142.00000000	5.54316
4142.50000000	5.53772
4143.00000000	5.53271
4143.50000000	5.52884
4144.00000000	5.52549
4144.50000000	5.52262
4145.00000000	5.51944
4145.50000000	5.51756
4146.00000000	5.51379
4146.50000000	5.51088
4147.00000000	5.50758
4147.50000000	5.50354
4148.00000000	5.50092
4148.50000000	5.49883
4149.00000000	5.49690
4149.50000000	5.49532
4150.00000000	5.49362
4150.50000000	5.49215
4151.00000000	5.48993
4151.50000000	5.48664
4152.00000000	5.48404
4152.50000000	5.48151
4153.00000000	5.47849
4153.50000000	5.47544
4154.00000000	5.47188
4154.50000000	5.46802
4155.00000000	5.46367
4155.50000000	5.46056
4156.00000000	5.45748
4156.50000000	5.45392
4157.00000000	5.44932
4157.50000000	5.44478
4158.00000000	5.44106
4158.50000000	5.43725
4159.00000000	5.43515
4159.50000000	5.43285
4160.00000000	5.42969
4160.50000000	5.42833
4161.00000000	5.42697
4161.50000000	5.42465
4162.00000000	5.42198
4162.50000000	5.42093
4163.00000000	5.41887
4163.50000000	5.41618
4164.00000000	5.41340
4164.50000000	5.41145
4165.00000000	5.40824
4165.50000000	5.40465
4166.00000000	5.40196
4166.50000000	5.39893
4167.00000000	5.39688
4167.50000000	5.39459
4168.00000000	5.39236
4168.50000000	5.38984
4169.00000000	5.38767
4169.50000000	5.38614
4170.00000000	5.38620
4170.50000000	5.38529
4171.00000000	5.38386
4171.50000000	5.38175
4172.00000000	5.37996
4172.50000000	5.37912
4173.00000000	5.37790
4173.50000000	5.37527
4174.00000000	5.37270
4174.50000000	5.37078
4175.00000000	5.36826
4175.50000000	5.36694
4176.00000000	5.36720
4176.50000000	5.36657
4177.00000000	5.36404
4177.50000000	5.36120
4178.00000000	5.35758
4178.50000000	5.35532
4179.00000000	5.35280
4179.50000000	5.35074
4180.00000000	5.34947
4180.50000000	5.34988
4181.00000000	5.35097
4181.50000000	5.34998
4182.00000000	5.34968
4182.50000000	5.34768
4183.00000000	5.34660
4183.50000000	5.34615
4184.00000000	5.34537
4184.50000000	5.34615
4185.00000000	5.34823
4185.50000000	5.35102
4186.00000000	5.35338
4186.50000000	5.35426
4187.00000000	5.35365
4187.50000000	5.35355
4188.00000000	5.35409
4188.50000000	5.35483
4189.00000000	5.35469
4189.50000000	5.35370
4190.00000000	5.35164
4190.50000000	5.35021
4191.00000000	5.34805
4191.50000000	5.34569
4192.00000000	5.34371
4192.50000000	5.34210
4193.00000000	5.33941
4193.50000000	5.33683
4194.00000000	5.33347
4194.50000000	5.33092
4195.00000000	5.32888
4195.50000000	5.32757
4196.00000000	5.32783
4196.50000000	5.32742
4197.00000000	5.32691
4197.50000000	5.32522
4198.00000000	5.32352
4198.50000000	5.32335
4199.00000000	5.32373
4199.50000000	5.32198
4200.00000000	5.31967
4200.50000000	5.31799
4201.00000000	5.31639
4201.50000000	5.31513
4202.00000000	5.31389
4202.50000000	5.31328
4203.00000000	5.31192
4203.50000000	5.30983
4204.00000000	5.30821
4204.50000000	5.30436
4205.00000000	5.30259
4205.50000000	5.29894
4206.00000000	5.29746
4206.50000000	5.29615
4207.00000000	5.29473
4207.50000000	5.29442
4208.00000000	5.29428
4208.50000000	5.29489
4209.00000000	5.29509
4209.50000000	5.29487
4210.00000000	5.29392
4210.50000000	5.29055
4211.00000000	5.28785
4211.50000000	5.28620
4212.00000000	5.28419
4212.50000000	5.28231
4213.00000000	5.28009
4213.50000000	5.27760
4214.00000000	5.27524
4214.50000000	5.27273
4215.00000000	5.27029
4215.50000000	5.26643
4216.00000000	5.26174
4216.50000000	5.25701
4217.00000000	5.25274
4217.50000000	5.24927
4218.00000000	5.24486
4218.50000000	5.24099
4219.00000000	5.23599
4219.50000000	5.23175
4220.00000000	5.22903
4220.50000000	5.22782
4221.00000000	5.22689
4221.50000000	5.22628
4222.00000000	5.22589
4222.50000000	5.22404
4223.00000000	5.22286
4223.50000000	5.22199
4224.00000000	5.21990
4224.50000000	5.21888
4225.00000000	5.21831
4225.50000000	5.21793
4226.00000000	5.21776
4226.50000000	5.21774
4227.00000000	5.21776
4227.50000000	5.21779
4228.00000000	5.21871
4228.50000000	5.22033
4229.00000000	5.22323
4229.50000000	5.22670
4230.00000000	5.22925
4230.50000000	5.23055
4231.00000000	5.23132
4231.50000000	5.23188
4232.00000000	5.23397
4232.50000000	5.23604
4233.00000000	5.23725
4233.50000000	5.23923
4234.00000000	5.24049
4234.50000000	5.24140
4235.00000000	5.24326
4235.50000000	5.24390
4236.00000000	5.24443
4236.50000000	5.24385
4237.00000000	5.24359
4237.50000000	5.24401
4238.00000000	5.24212
4238.50000000	5.24130
4239.00000000	5.23965
4239.50000000	5.23892
4240.00000000	5.23823
4240.50000000	5.23644
4241.00000000	5.23739
4241.50000000	5.23813
4242.00000000	5.23755
4242.50000000	5.23655
4243.00000000	5.23643
4243.50000000	5.23598
4244.00000000	5.23565
4244.50000000	5.23365
4245.00000000	5.23143
4245.50000000	5.22967
4246.00000000	5.22728
4246.50000000	5.22524
4247.00000000	5.22255
4247.50000000	5.22110
4248.00000000	5.22048
4248.50000000	5.21965
4249.00000000	5.21974
4249.50000000	5.21952
4250.00000000	5.22046
4250.50000000	5.21968
4251.00000000	5.22046
4251.50000000	5.22060
4252.00000000	5.21996
4252.50000000	5.21924
4253.00000000	5.21712
4253.50000000	5.21507
4254.00000000	5.21250
4254.50000000	5.21069
4255.00000000	5.20882
4255.50000000	5.20707
4256.00000000	5.20411
4256.50000000	5.20038
4257.00000000	5.19672
4257.50000000	5.19453
4258.00000000	5.19083
4258.50000000	5.18821
4259.00000000	5.18639
4259.50000000	5.18450
4260.00000000	5.18184
4260.50000000	5.17903
4261.00000000	5.17634
4261.50000000	5.17478
4262.00000000	5.17285
4262.50000000	5.17136
4263.00000000	5.17001
4263.50000000	5.16779
4264.00000000	5.16636
4264.50000000	5.16499
4265.00000000	5.16347
4265.50000000	5.16215
4266.00000000	5.16049
4266.50000000	5.15905
4267.00000000	5.15788
4267.50000000	5.15817
4268.00000000	5.15824
4268.50000000	5.16039
4269.00000000	5.16238
4269.50000000	5.16347
4270.00000000	5.16578
4270.50000000	5.16765
4271.00000000	5.17075
4271.50000000	5.17495
4272.00000000	5.17957
4272.50000000	5.18446
4273.00000000	5.18753
4273.50000000	5.18984
4274.00000000	5.19417
4274.50000000	5.19764
4275.00000000	5.20228
4275.50000000	5.20729
4276.00000000	5.21291
4276.50000000	5.21781
4277.00000000	5.22291
4277.50000000	5.22559
4278.00000000	5.22832
4278.50000000	5.23187
4279.00000000	5.23445
4279.50000000	5.23740
4280.00000000	5.23974
4280.50000000	5.24201
4281.00000000	5.24477
4281.50000000	5.24686
4282.00000000	5.24838
4282.50000000	5.25033
4283.00000000	5.25391
4283.50000000	5.25784
4284.00000000	5.26163
4284.50000000	5.26652
4285.00000000	5.27139
4285.50000000	5.27690
4286.00000000	5.28231
4286.50000000	5.28638
4287.00000000	5.29084
4287.50000000	5.29407
4288.00000000	5.29798
4288.50000000	5.30222
4289.00000000	5.30692
4289.50000000	5.31141
4290.00000000	5.31633
4290.50000000	5.32147
4291.00000000	5.32721
4291.50000000	5.33144
4292.00000000	5.33619
4292.50000000	5.34189
4293.00000000	5.34770
4293.50000000	5.35365
4294.00000000	5.35862
4294.50000000	5.36387
4295.00000000	5.36750
4295.50000000	5.37181
4296.00000000	5.37560
4296.50000000	5.37868
4297.00000000	5.38237
