1170.00000000	7.58378
1170.50000000	7.58590
1171.00000000	7.58805
1171.50000000	7.59020
1172.00000000	7.59273
1172.50000000	7.59572
1173.00000000	7.59830
1173.50000000	7.60114
1174.00000000	7.60288
1174.50000000	7.60636
1175.00000000	7.60906
1175.50000000	7.61075
1176.00000000	7.61095
1176.50000000	7.60937
1177.00000000	7.60722
1177.50000000	7.60558
1178.00000000	7.60423
1178.50000000	7.60396
1179.00000000	7.60415
1179.50000000	7.60406
1180.00000000	7.60366
1180.50000000	7.60335
1181.00000000	7.60245
1181.50000000	7.59943
1182.00000000	7.59746
1182.50000000	7.59633
1183.00000000	7.59542
1183.50000000	7.59557
1184.00000000	7.59667
1184.50000000	7.59844
1185.00000000	7.60082
1185.50000000	7.60187
1186.00000000	7.60305
1186.50000000	7.60447
1187.00000000	7.60518
1187.50000000	7.60738
1188.00000000	7.60899
1188.50000000	7.61176
1189.00000000	7.61559
1189.50000000	7.61954
1190.00000000	7.62291
1190.50000000	7.62590
1191.00000000	7.63027
1191.50000000	7.63266
1192.00000000	7.63557
1192.50000000	7.63824
1193.00000000	7.64071
1193.50000000	7.64278
1194.00000000	7.64450
1194.50000000	7.64664
1195.00000000	7.64816
1195.50000000	7.65015
1196.00000000	7.65296
1196.50000000	7.65602
1197.00000000	7.65945
1197.50000000	7.66310
1198.00000000	7.66587
1198.50000000	7.66959
1199.00000000	7.67238
1199.50000000	7.67528
1200.00000000	7.67742
1200.50000000	7.68073
1201.00000000	7.68318
1201.50000000	7.68412
1202.00000000	7.68560
1202.50000000	7.68780
1203.00000000	7.68995
1203.50000000	7.69319
1204.00000000	7.69667
1204.50000000	7.69981
1205.00000000	7.70374
1205.50000000	7.70822
1206.00000000	7.71180
1206.50000000	7.71475
1207.00000000	7.71863
1207.50000000	7.72301
1208.00000000	7.72760
1208.50000000	7.73337
1209.00000000	7.73811
1209.50000000	7.74334
1210.00000000	7.74801
1210.50000000	7.75285
1211.00000000	7.75653
1211.50000000	7.76118
1212.00000000	7.76561
1212.50000000	7.77048
1213.00000000	7.77379
1213.50000000	7.77576
1214.00000000	7.77699
1214.50000000	7.77789
1215.00000000	7.77774
1215.50000000	7.77904
1216.00000000	7.77949
1216.50000000	7.78018
1217.00000000	7.78210
1217.50000000	7.78321
1218.00000000	7.78253
1218.50000000	7.78388
1219.00000000	7.78587
1219.50000000	7.78753
1220.00000000	7.78917
1220.50000000	7.78990
1221.00000000	7.79074
1221.50000000	7.79126
1222.00000000	7.79348
1222.50000000	7.79475
1223.00000000	7.79407
1223.50000000	7.79350
1224.00000000	7.79363
1224.50000000	7.79258
1225.00000000	7.79150
1225.50000000	7.79223
1226.00000000	7.79465
1226.50000000	7.79515
1227.00000000	7.79705
1227.50000000	7.79995
1228.00000000	7.80278
1228.50000000	7.80438
1229.00000000	7.80537
1229.50000000	7.80638
1230.00000000	7.80787
1230.50000000	7.80874
1231.00000000	7.81024
1231.50000000	7.81325
1232.00000000	7.81586
1232.50000000	7.81717
1233.00000000	7.81786
1233.50000000	7.81847
1234.00000000	7.82005
1234.50000000	7.82242
1235.00000000	7.82508
1235.50000000	7.82581
1236.00000000	7.82653
1236.50000000	7.82758
1237.00000000	7.82919
1237.50000000	7.83217
1238.00000000	7.83511
1238.50000000	7.83671
1239.00000000	7.83726
1239.50000000	7.83878
1240.00000000	7.83989
1240.50000000	7.84015
1241.00000000	7.84002
1241.50000000	7.83957
1242.00000000	7.83901
1242.50000000	7.83869
1243.00000000	7.83876
1243.50000000	7.83825
1244.00000000	7.83745
1244.50000000	7.83624
1245.00000000	7.83647
1245.50000000	7.83633
1246.00000000	7.83544
1246.50000000	7.83388
1247.00000000	7.83248
1247.50000000	7.83006
1248.00000000	7.82907
1248.50000000	7.82786
1249.00000000	7.82656
1249.50000000	7.82451
1250.00000000	7.82185
1250.50000000	7.81978
1251.00000000	7.82072
1251.50000000	7.81979
1252.00000000	7.81957
1252.50000000	7.81906
1253.00000000	7.81869
1253.50000000	7.81739
1254.00000000	7.81566
1254.50000000	7.81378
1255.00000000	7.81209
1255.50000000	7.81066
1256.00000000	7.80954
1256.50000000	7.80857
1257.00000000	7.80799
1257.50000000	7.80724
1258.00000000	7.80831
1258.50000000	7.80805
1259.00000000	7.80748
1259.50000000	7.80767
1260.00000000	7.80740
1260.50000000	7.80856
1261.00000000	7.80856
1261.50000000	7.80921
1262.00000000	7.80958
1262.50000000	7.80898
1263.00000000	7.80987
1263.50000000	7.81136
1264.00000000	7.81250
1264.50000000	7.81305
1265.00000000	7.81326
1265.50000000	7.81258
1266.00000000	7.81069
1266.50000000	7.80849
1267.00000000	7.80643
1267.50000000	7.80339
1268.00000000	7.80030
1268.50000000	7.79799
1269.00000000	7.79586
1269.50000000	7.79330
1270.00000000	7.79085
1270.50000000	7.78896
1271.00000000	7.78601
1271.50000000	7.78355
1272.00000000	7.78091
1272.50000000	7.77830
1273.00000000	7.77585
1273.50000000	7.77301
1274.00000000	7.76954
1274.50000000	7.76523
1275.00000000	7.76033
1275.50000000	7.75609
1276.00000000	7.75044
1276.50000000	7.74682
1277.00000000	7.74298
1277.50000000	7.73955
1278.00000000	7.73643
1278.50000000	7.73357
1279.00000000	7.73012
1279.50000000	7.72840
1280.00000000	7.72644
1280.50000000	7.72565
1281.00000000	7.72444
1281.50000000	7.72218
1282.00000000	7.71941
1282.50000000	7.71838
1283.00000000	7.71668
1283.50000000	7.71573
1284.00000000	7.71565
1284.50000000	7.71551
1285.00000000	7.71399
1285.50000000	7.71444
1286.00000000	7.71497
1286.50000000	7.71506
1287.00000000	7.71387
1287.50000000	7.71290
1288.00000000	7.71178
1288.50000000	7.71103
1289.00000000	7.71066
1289.50000000	7.71069
1290.00000000	7.71033
1290.50000000	7.71002
1291.00000000	7.70914
1291.50000000	7.70798
1292.00000000	7.70784
1292.50000000	7.70747
1293.00000000	7.70703
1293.50000000	7.70697
1294.00000000	7.70757
1294.50000000	7.70831
1295.00000000	7.70944
1295.50000000	7.70945
1296.00000000	7.70991
1296.50000000	7.70997
1297.00000000	7.71059
1297.50000000	7.71010
1298.00000000	7.71073
1298.50000000	7.71166
1299.00000000	7.71272
1299.50000000	7.71441
1300.00000000	7.71518
1300.50000000	7.71640
1301.00000000	7.71652
1301.50000000	7.71704
1302.00000000	7.71658
1302.50000000	7.71555
1303.00000000	7.71363
1303.50000000	7.71137
1304.00000000	7.71001
1304.50000000	7.70873
1305.00000000	7.70920
1305.50000000	7.70946
1306.00000000	7.70988
1306.50000000	7.70855
1307.00000000	7.70664
1307.50000000	7.70688
1308.00000000	7.70762
1308.50000000	7.70872
1309.00000000	7.70954
1309.50000000	7.70940
1310.00000000	7.70907
1310.50000000	7.70950
1311.00000000	7.70817
1311.50000000	7.70701
1312.00000000	7.70708
1312.50000000	7.70765
1313.00000000	7.70955
1313.50000000	7.71248
1314.00000000	7.71581
1314.50000000	7.71799
1315.00000000	7.71936
1315.50000000	7.72021
1316.00000000	7.72026
1316.50000000	7.72041
1317.00000000	7.72008
1317.50000000	7.71904
1318.00000000	7.71818
1318.50000000	7.71648
1319.00000000	7.71318
1319.50000000	7.70870
1320.00000000	7.70625
1320.50000000	7.70349
1321.00000000	7.70049
1321.50000000	7.69803
1322.00000000	7.69655
1322.50000000	7.69543
1323.00000000	7.69475
1323.50000000	7.69330
1324.00000000	7.69117
1324.50000000	7.68821
1325.00000000	7.68585
1325.50000000	7.68476
1326.00000000	7.68355
1326.50000000	7.68314
1327.00000000	7.68000
1327.50000000	7.67729
1328.00000000	7.67330
1328.50000000	7.67041
1329.00000000	7.66841
1329.50000000	7.66513
1330.00000000	7.66253
1330.50000000	7.65975
1331.00000000	7.65703
1331.50000000	7.65360
1332.00000000	7.64960
1332.50000000	7.64695
1333.00000000	7.64486
1333.50000000	7.64324
1334.00000000	7.64100
1334.50000000	7.63894
1335.00000000	7.63866
1335.50000000	7.63895
1336.00000000	7.63992
1336.50000000	7.64258
1337.00000000	7.64377
1337.50000000	7.64476
1338.00000000	7.64547
1338.50000000	7.64691
1339.00000000	7.64845
1339.50000000	7.64913
1340.00000000	7.64887
1340.50000000	7.65016
1341.00000000	7.65199
1341.50000000	7.65396
1342.00000000	7.65569
1342.50000000	7.65722
1343.00000000	7.65703
1343.50000000	7.65622
1344.00000000	7.65532
1344.50000000	7.65491
1345.00000000	7.65531
1345.50000000	7.65579
1346.00000000	7.65602
1346.50000000	7.65565
1347.00000000	7.65441
1347.50000000	7.65379
1348.00000000	7.65321
1348.50000000	7.65227
1349.00000000	7.65017
1349.50000000	7.64737
1350.00000000	7.64544
1350.50000000	7.64376
1351.00000000	7.64222
1351.50000000	7.64036
1352.00000000	7.63712
1352.50000000	7.63400
1353.00000000	7.63168
1353.50000000	7.62948
1354.00000000	7.62785
1354.50000000	7.62654
1355.00000000	7.62513
1355.50000000	7.62378
1356.00000000	7.62221
1356.50000000	7.62056
1357.00000000	7.61978
1357.50000000	7.61929
1358.00000000	7.61807
1358.50000000	7.61675
1359.00000000	7.61463
1359.50000000	7.61188
1360.00000000	7.60862
1360.50000000	7.60614
1361.00000000	7.60484
1361.50000000	7.60299
1362.00000000	7.60101
1362.50000000	7.59935
1363.00000000	7.59815
1363.50000000	7.59728
1364.00000000	7.59662
1364.50000000	7.59645
1365.00000000	7.59622
1365.50000000	7.59533
1366.00000000	7.59539
1366.50000000	7.59421
1367.00000000	7.59195
1367.50000000	7.58867
1368.00000000	7.58601
1368.50000000	7.58285
1369.00000000	7.58030
1369.50000000	7.57886
1370.00000000	7.57682
1370.50000000	7.57421
1371.00000000	7.57266
1371.50000000	7.57094
1372.00000000	7.56917
1372.50000000	7.56756
1373.00000000	7.56597
1373.50000000	7.56560
1374.00000000	7.56550
1374.50000000	7.56449
1375.00000000	7.56446
1375.50000000	7.56442
1376.00000000	7.56279
1376.50000000	7.56112
1377.00000000	7.55949
1377.50000000	7.55766
1378.00000000	7.55634
1378.50000000	7.55518
1379.00000000	7.55240
1379.50000000	7.54926
1380.00000000	7.54581
1380.50000000	7.54290
1381.00000000	7.54048
1381.50000000	7.53837
1382.00000000	7.53599
1382.50000000	7.53268
1383.00000000	7.53049
1383.50000000	7.52797
1384.00000000	7.52698
1384.50000000	7.52509
1385.00000000	7.52233
1385.50000000	7.52032
1386.00000000	7.51840
1386.50000000	7.51697
1387.00000000	7.51600
1387.50000000	7.51514
1388.00000000	7.51415
1388.50000000	7.51372
1389.00000000	7.51342
1389.50000000	7.51274
1390.00000000	7.51203
1390.50000000	7.50989
1391.00000000	7.50748
1391.50000000	7.50441
1392.00000000	7.50145
1392.50000000	7.49905
1393.00000000	7.49724
1393.50000000	7.49553
1394.00000000	7.49577
1394.50000000	7.49490
1395.00000000	7.49417
1395.50000000	7.49295
1396.00000000	7.49134
1396.50000000	7.49035
1397.00000000	7.48905
1397.50000000	7.48639
1398.00000000	7.48468
1398.50000000	7.48273
1399.00000000	7.48036
1399.50000000	7.47777
1400.00000000	7.47486
1400.50000000	7.47225
1401.00000000	7.47036
1401.50000000	7.46772
1402.00000000	7.46464
1402.50000000	7.46163
1403.00000000	7.45916
1403.50000000	7.45609
1404.00000000	7.45351
1404.50000000	7.45104
1405.00000000	7.44939
1405.50000000	7.44816
1406.00000000	7.44697
1406.50000000	7.44581
1407.00000000	7.44490
1407.50000000	7.44471
1408.00000000	7.44419
1408.50000000	7.44447
1409.00000000	7.44407
1409.50000000	7.44293
1410.00000000	7.44212
1410.50000000	7.44083
1411.00000000	7.43962
1411.50000000	7.43916
1412.00000000	7.43896
1412.50000000	7.43953
1413.00000000	7.43807
1413.50000000	7.43800
1414.00000000	7.43713
1414.50000000	7.43606
1415.00000000	7.43451
1415.50000000	7.43248
1416.00000000	7.43052
1416.50000000	7.42993
1417.00000000	7.42876
1417.50000000	7.42752
1418.00000000	7.42692
1418.50000000	7.42447
1419.00000000	7.42198
1419.50000000	7.41881
1420.00000000	7.41614
1420.50000000	7.41363
1421.00000000	7.41289
1421.50000000	7.41172
1422.00000000	7.41079
1422.50000000	7.40928
1423.00000000	7.40894
1423.50000000	7.40620
1424.00000000	7.40494
1424.50000000	7.40294
1425.00000000	7.40250
1425.50000000	7.40257
1426.00000000	7.40213
1426.50000000	7.40199
1427.00000000	7.40203
1427.50000000	7.40174
1428.00000000	7.40162
1428.50000000	7.40100
1429.00000000	7.39937
1429.50000000	7.39588
1430.00000000	7.39259
1430.50000000	7.38946
1431.00000000	7.38644
1431.50000000	7.38422
1432.00000000	7.38190
1432.50000000	7.38090
1433.00000000	7.38025
1433.50000000	7.37956
1434.00000000	7.37747
1434.50000000	7.37663
1435.00000000	7.37491
1435.50000000	7.37180
1436.00000000	7.36895
1436.50000000	7.36697
1437.00000000	7.36502
1437.50000000	7.36350
1438.00000000	7.36204
1438.50000000	7.36056
1439.00000000	7.35871
1439.50000000	7.35759
1440.00000000	7.35514
1440.50000000	7.35189
1441.00000000	7.34844
1441.50000000	7.34555
1442.00000000	7.34419
1442.50000000	7.34143
1443.00000000	7.33785
1443.50000000	7.33607
1444.00000000	7.33263
1444.50000000	7.32957
1445.00000000	7.32764
1445.50000000	7.32597
1446.00000000	7.32391
1446.50000000	7.32274
1447.00000000	7.32210
1447.50000000	7.32279
1448.00000000	7.32324
1448.50000000	7.32361
1449.00000000	7.32426
1449.50000000	7.32655
1450.00000000	7.32859
1450.50000000	7.33021
1451.00000000	7.33358
1451.50000000	7.33654
1452.00000000	7.33839
1452.50000000	7.34119
1453.00000000	7.34436
1453.50000000	7.34635
1454.00000000	7.34840
1454.50000000	7.34851
1455.00000000	7.34846
1455.50000000	7.34939
1456.00000000	7.35017
1456.50000000	7.35068
1457.00000000	7.35119
1457.50000000	7.35119
1458.00000000	7.35113
1458.50000000	7.35036
1459.00000000	7.34988
1459.50000000	7.34961
1460.00000000	7.34992
1460.50000000	7.35122
1461.00000000	7.35170
1461.50000000	7.35109
1462.00000000	7.35042
1462.50000000	7.34955
1463.00000000	7.34953
1463.50000000	7.34968
1464.00000000	7.35040
1464.50000000	7.34903
1465.00000000	7.34754
1465.50000000	7.34501
1466.00000000	7.34267
1466.50000000	7.34180
1467.00000000	7.34076
1467.50000000	7.34029
1468.00000000	7.33936
1468.50000000	7.33892
1469.00000000	7.33754
1469.50000000	7.33652
1470.00000000	7.33483
1470.50000000	7.33302
1471.00000000	7.33230
1471.50000000	7.33202
1472.00000000	7.33234
1472.50000000	7.33209
1473.00000000	7.33301
1473.50000000	7.33415
1474.00000000	7.33532
1474.50000000	7.33858
1475.00000000	7.34178
1475.50000000	7.34436
1476.00000000	7.34532
1476.50000000	7.34695
1477.00000000	7.34755
1477.50000000	7.34764
1478.00000000	7.34864
1478.50000000	7.35005
1479.00000000	7.35069
1479.50000000	7.35078
1480.00000000	7.35068
1480.50000000	7.35217
1481.00000000	7.35407
1481.50000000	7.35533
1482.00000000	7.35718
1482.50000000	7.35931
1483.00000000	7.36087
1483.50000000	7.36293
1484.00000000	7.36483
1484.50000000	7.36556
1485.00000000	7.36787
1485.50000000	7.37041
1486.00000000	7.37325
1486.50000000	7.37582
1487.00000000	7.37910
1487.50000000	7.38202
1488.00000000	7.38484
1488.50000000	7.38751
1489.00000000	7.38885
1489.50000000	7.39069
1490.00000000	7.39266
1490.50000000	7.39409
1491.00000000	7.39534
1491.50000000	7.39803
1492.00000000	7.39876
1492.50000000	7.39993
1493.00000000	7.40097
1493.50000000	7.40152
1494.00000000	7.40223
1494.50000000	7.40327
1495.00000000	7.40431
1495.50000000	7.40565
1496.00000000	7.40657
1496.50000000	7.40749
1497.00000000	7.40816
1497.50000000	7.41040
1498.00000000	7.41271
1498.50000000	7.41407
1499.00000000	7.41467
1499.50000000	7.41576
1500.00000000	7.41735
1500.50000000	7.41899
1501.00000000	7.42082
1501.50000000	7.42281
1502.00000000	7.42520
1502.50000000	7.42713
1503.00000000	7.42776
1503.50000000	7.42752
1504.00000000	7.42742
1504.50000000	7.42731
1505.00000000	7.42590
1505.50000000	7.42367
1506.00000000	7.42183
1506.50000000	7.41987
1507.00000000	7.41750
1507.50000000	7.41584
1508.00000000	7.41523
1508.50000000	7.41363
1509.00000000	7.41276
1509.50000000	7.41330
1510.00000000	7.41376
1510.50000000	7.41556
1511.00000000	7.41687
1511.50000000	7.41762
1512.00000000	7.41827
1512.50000000	7.41945
1513.00000000	7.41979
1513.50000000	7.41933
1514.00000000	7.42023
1514.50000000	7.42066
1515.00000000	7.42206
1515.50000000	7.42394
1516.00000000	7.42639
1516.50000000	7.42778
1517.00000000	7.42905
1517.50000000	7.43047
1518.00000000	7.43195
1518.50000000	7.43282
1519.00000000	7.43396
1519.50000000	7.43523
1520.00000000	7.43601
1520.50000000	7.43593
1521.00000000	7.43576
1521.50000000	7.43561
1522.00000000	7.43571
1522.50000000	7.43553
1523.00000000	7.43673
1523.50000000	7.43758
1524.00000000	7.43832
1524.50000000	7.43806
1525.00000000	7.43871
1525.50000000	7.43927
1526.00000000	7.43929
1526.50000000	7.44070
1527.00000000	7.44266
1527.50000000	7.44426
1528.00000000	7.44413
1528.50000000	7.44448
1529.00000000	7.44420
1529.50000000	7.44350
1530.00000000	7.44298
1530.50000000	7.44312
1531.00000000	7.44398
1531.50000000	7.44435
1532.00000000	7.44380
1532.50000000	7.44381
1533.00000000	7.44447
1533.50000000	7.44600
1534.00000000	7.44753
1534.50000000	7.44852
1535.00000000	7.44995
1535.50000000	7.44866
1536.00000000	7.44818
1536.50000000	7.44864
1537.00000000	7.45051
1537.50000000	7.45182
1538.00000000	7.45205
1538.50000000	7.45127
1539.00000000	7.45146
1539.50000000	7.45216
1540.00000000	7.45197
1540.50000000	7.45378
1541.00000000	7.45615
1541.50000000	7.45810
1542.00000000	7.46040
1542.50000000	7.46280
1543.00000000	7.46521
1543.50000000	7.46753
1544.00000000	7.47061
1544.50000000	7.47258
1545.00000000	7.47455
1545.50000000	7.47802
1546.00000000	7.48168
1546.50000000	7.48509
1547.00000000	7.48888
1547.50000000	7.49190
1548.00000000	7.49379
1548.50000000	7.49408
1549.00000000	7.49542
1549.50000000	7.49664
1550.00000000	7.49694
1550.50000000	7.49615
1551.00000000	7.49609
1551.50000000	7.49534
1552.00000000	7.49443
1552.50000000	7.49373
1553.00000000	7.49259
1553.50000000	7.49150
1554.00000000	7.49126
1554.50000000	7.49209
1555.00000000	7.49201
1555.50000000	7.49247
1556.00000000	7.49302
1556.50000000	7.49284
1557.00000000	7.49299
1557.50000000	7.49254
1558.00000000	7.49348
1558.50000000	7.49506
1559.00000000	7.49697
1559.50000000	7.49787
1560.00000000	7.49869
1560.50000000	7.50165
1561.00000000	7.50381
1561.50000000	7.50422
1562.00000000	7.50385
1562.50000000	7.50501
1563.00000000	7.50823
1563.50000000	7.51082
1564.00000000	7.51410
1564.50000000	7.51524
1565.00000000	7.51543
1565.50000000	7.51589
1566.00000000	7.51558
1566.50000000	7.51517
1567.00000000	7.51501
1567.50000000	7.51461
1568.00000000	7.51400
1568.50000000	7.51356
1569.00000000	7.51358
1569.50000000	7.51442
1570.00000000	7.51383
1570.50000000	7.51389
1571.00000000	7.51366
1571.50000000	7.51292
1572.00000000	7.51102
1572.50000000	7.51047
1573.00000000	7.50936
1573.50000000	7.50838
1574.00000000	7.50632
1574.50000000	7.50653
1575.00000000	7.50581
1575.50000000	7.50593
1576.00000000	7.50658
1576.50000000	7.50747
1577.00000000	7.50820
1577.50000000	7.50982
1578.00000000	7.51038
1578.50000000	7.50920
1579.00000000	7.50768
1579.50000000	7.50722
1580.00000000	7.50781
1580.50000000	7.50868
1581.00000000	7.50813
1581.50000000	7.50653
1582.00000000	7.50494
1582.50000000	7.50378
1583.00000000	7.50489
1583.50000000	7.50633
1584.00000000	7.50882
1584.50000000	7.51073
1585.00000000	7.51345
1585.50000000	7.51613
1586.00000000	7.51906
1586.50000000	7.52020
1587.00000000	7.52088
1587.50000000	7.52208
1588.00000000	7.52175
1588.50000000	7.52279
1589.00000000	7.52346
1589.50000000	7.52490
1590.00000000	7.52556
1590.50000000	7.52673
1591.00000000	7.52738
1591.50000000	7.52890
1592.00000000	7.53037
1592.50000000	7.53233
1593.00000000	7.53522
1593.50000000	7.53659
1594.00000000	7.53834
1594.50000000	7.54082
1595.00000000	7.54343
1595.50000000	7.54656
1596.00000000	7.55008
1596.50000000	7.55307
1597.00000000	7.55727
1597.50000000	7.56232
1598.00000000	7.56722
1598.50000000	7.57231
1599.00000000	7.57562
1599.50000000	7.57865
1600.00000000	7.58103
1600.50000000	7.58238
1601.00000000	7.58482
1601.50000000	7.58808
1602.00000000	7.58944
1602.50000000	7.59018
1603.00000000	7.59157
1603.50000000	7.59372
1604.00000000	7.59592
1604.50000000	7.59835
1605.00000000	7.60074
1605.50000000	7.60384
1606.00000000	7.60744
1606.50000000	7.61077
1607.00000000	7.61356
1607.50000000	7.61578
1608.00000000	7.61766
1608.50000000	7.61860
1609.00000000	7.61959
1609.50000000	7.62021
1610.00000000	7.62118
1610.50000000	7.62249
1611.00000000	7.62391
1611.50000000	7.62460
1612.00000000	7.62558
1612.50000000	7.62537
1613.00000000	7.62421
1613.50000000	7.62355
1614.00000000	7.62303
1614.50000000	7.62078
1615.00000000	7.61799
1615.50000000	7.61803
1616.00000000	7.61776
1616.50000000	7.61891
1617.00000000	7.62007
1617.50000000	7.61953
1618.00000000	7.62009
1618.50000000	7.62093
1619.00000000	7.62087
1619.50000000	7.62079
1620.00000000	7.62063
1620.50000000	7.62100
1621.00000000	7.62211
1621.50000000	7.62325
1622.00000000	7.62422
1622.50000000	7.62581
1623.00000000	7.62832
1623.50000000	7.63127
1624.00000000	7.63455
1624.50000000	7.63762
1625.00000000	7.64063
1625.50000000	7.64363
1626.00000000	7.64784
1626.50000000	7.65169
1627.00000000	7.65532
1627.50000000	7.65869
1628.00000000	7.66099
1628.50000000	7.66278
1629.00000000	7.66386
1629.50000000	7.66416
1630.00000000	7.66337
1630.50000000	7.66422
1631.00000000	7.66580
1631.50000000	7.66751
1632.00000000	7.66979
1632.50000000	7.67025
1633.00000000	7.67092
1633.50000000	7.67194
1634.00000000	7.67316
1634.50000000	7.67541
1635.00000000	7.67707
1635.50000000	7.67921
1636.00000000	7.68032
1636.50000000	7.68124
1637.00000000	7.68169
1637.50000000	7.68232
1638.00000000	7.68207
1638.50000000	7.68148
1639.00000000	7.68173
1639.50000000	7.68292
1640.00000000	7.68396
1640.50000000	7.68348
1641.00000000	7.68261
1641.50000000	7.68123
1642.00000000	7.68053
1642.50000000	7.68077
1643.00000000	7.68118
1643.50000000	7.68183
1644.00000000	7.68139
1644.50000000	7.68047
1645.00000000	7.67870
1645.50000000	7.67732
1646.00000000	7.67550
1646.50000000	7.67470
1647.00000000	7.67450
1647.50000000	7.67482
1648.00000000	7.67568
1648.50000000	7.67638
1649.00000000	7.67581
1649.50000000	7.67483
1650.00000000	7.67421
1650.50000000	7.67478
1651.00000000	7.67534
1651.50000000	7.67647
1652.00000000	7.67632
1652.50000000	7.67637
1653.00000000	7.67673
1653.50000000	7.67760
1654.00000000	7.67801
1654.50000000	7.67852
1655.00000000	7.67931
1655.50000000	7.67995
1656.00000000	7.68009
1656.50000000	7.67990
1657.00000000	7.68017
1657.50000000	7.67936
1658.00000000	7.67963
1658.50000000	7.67815
1659.00000000	7.67627
1659.50000000	7.67573
1660.00000000	7.67410
1660.50000000	7.67299
1661.00000000	7.67151
1661.50000000	7.66992
1662.00000000	7.66791
1662.50000000	7.66688
1663.00000000	7.66577
1663.50000000	7.66525
1664.00000000	7.66430
1664.50000000	7.66345
1665.00000000	7.66260
1665.50000000	7.66176
1666.00000000	7.66205
1666.50000000	7.66247
1667.00000000	7.66272
1667.50000000	7.66333
1668.00000000	7.66393
1668.50000000	7.66395
1669.00000000	7.66308
1669.50000000	7.66187
1670.00000000	7.66026
1670.50000000	7.65926
1671.00000000	7.65949
1671.50000000	7.65937
1672.00000000	7.65998
1672.50000000	7.65968
1673.00000000	7.65961
1673.50000000	7.66067
1674.00000000	7.66277
1674.50000000	7.66442
1675.00000000	7.66550
1675.50000000	7.66719
1676.00000000	7.66890
1676.50000000	7.67119
1677.00000000	7.67341
1677.50000000	7.67438
1678.00000000	7.67503
1678.50000000	7.67493
1679.00000000	7.67469
1679.50000000	7.67355
1680.00000000	7.67335
1680.50000000	7.67360
1681.00000000	7.67336
1681.50000000	7.67362
1682.00000000	7.67517
1682.50000000	7.67840
1683.00000000	7.68083
1683.50000000	7.68413
1684.00000000	7.68643
1684.50000000	7.69014
1685.00000000	7.69384
1685.50000000	7.69708
1686.00000000	7.69980
1686.50000000	7.70324
1687.00000000	7.70624
1687.50000000	7.71059
1688.00000000	7.71459
1688.50000000	7.71852
1689.00000000	7.72218
1689.50000000	7.72686
1690.00000000	7.73034
1690.50000000	7.73324
1691.00000000	7.73661
1691.50000000	7.74060
1692.00000000	7.74455
1692.50000000	7.74781
1693.00000000	7.75072
1693.50000000	7.75441
1694.00000000	7.75820
1694.50000000	7.76184
1695.00000000	7.76445
1695.50000000	7.76664
1696.00000000	7.77050
1696.50000000	7.77451
1697.00000000	7.77972
1697.50000000	7.78478
1698.00000000	7.78931
1698.50000000	7.79212
1699.00000000	7.79556
1699.50000000	7.79908
1700.00000000	7.80289
1700.50000000	7.80499
1701.00000000	7.80666
1701.50000000	7.80914
1702.00000000	7.81168
1702.50000000	7.81391
1703.00000000	7.81603
1703.50000000	7.81771
1704.00000000	7.82089
1704.50000000	7.82313
1705.00000000	7.82546
1705.50000000	7.82858
1706.00000000	7.83188
1706.50000000	7.83458
1707.00000000	7.83648
1707.50000000	7.83770
1708.00000000	7.83950
1708.50000000	7.84173
1709.00000000	7.84295
1709.50000000	7.84476
1710.00000000	7.84574
1710.50000000	7.84662
1711.00000000	7.84732
1711.50000000	7.84799
1712.00000000	7.84925
1712.50000000	7.85054
1713.00000000	7.85177
1713.50000000	7.85323
1714.00000000	7.85377
1714.50000000	7.85417
1715.00000000	7.85448
1715.50000000	7.85313
1716.00000000	7.85343
1716.50000000	7.85316
1717.00000000	7.85221
1717.50000000	7.84983
1718.00000000	7.84855
1718.50000000	7.84834
1719.00000000	7.84783
1719.50000000	7.84774
1720.00000000	7.84859
1720.50000000	7.84946
1721.00000000	7.85133
1721.50000000	7.85322
1722.00000000	7.85415
1722.50000000	7.85499
1723.00000000	7.85566
1723.50000000	7.85689
1724.00000000	7.85780
1724.50000000	7.85769
1725.00000000	7.85759
1725.50000000	7.85709
1726.00000000	7.85629
1726.50000000	7.85449
1727.00000000	7.85439
1727.50000000	7.85612
1728.00000000	7.85645
1728.50000000	7.85681
1729.00000000	7.85868
1729.50000000	7.86058
1730.00000000	7.86243
1730.50000000	7.86463
1731.00000000	7.86587
1731.50000000	7.86670
1732.00000000	7.86567
1732.50000000	7.86468
1733.00000000	7.86292
1733.50000000	7.86209
1734.00000000	7.86044
1734.50000000	7.85907
1735.00000000	7.85750
1735.50000000	7.85589
1736.00000000	7.85343
1736.50000000	7.85113
1737.00000000	7.85036
1737.50000000	7.84943
1738.00000000	7.84945
1738.50000000	7.84937
1739.00000000	7.84908
1739.50000000	7.84903
1740.00000000	7.84884
1740.50000000	7.84871
1741.00000000	7.84966
1741.50000000	7.85020
1742.00000000	7.84963
1742.50000000	7.84960
1743.00000000	7.85103
1743.50000000	7.85200
1744.00000000	7.85104
1744.50000000	7.85039
1745.00000000	7.85057
1745.50000000	7.85060
1746.00000000	7.85085
1746.50000000	7.85098
1747.00000000	7.85149
1747.50000000	7.85243
1748.00000000	7.85436
1748.50000000	7.85575
1749.00000000	7.85679
1749.50000000	7.85612
1750.00000000	7.85569
1750.50000000	7.85484
1751.00000000	7.85383
1751.50000000	7.85307
1752.00000000	7.85211
1752.50000000	7.85219
1753.00000000	7.85107
1753.50000000	7.84971
1754.00000000	7.84719
1754.50000000	7.84449
1755.00000000	7.84212
1755.50000000	7.83988
1756.00000000	7.83870
1756.50000000	7.83814
1757.00000000	7.83728
1757.50000000	7.83473
1758.00000000	7.83126
1758.50000000	7.82786
1759.00000000	7.82487
1759.50000000	7.82200
1760.00000000	7.81871
1760.50000000	7.81493
1761.00000000	7.81116
1761.50000000	7.80686
1762.00000000	7.80423
1762.50000000	7.80331
1763.00000000	7.80207
1763.50000000	7.80128
1764.00000000	7.80170
1764.50000000	7.80185
1765.00000000	7.80176
1765.50000000	7.80013
1766.00000000	7.79745
1766.50000000	7.79482
1767.00000000	7.79190
1767.50000000	7.78994
1768.00000000	7.78810
1768.50000000	7.78856
1769.00000000	7.78979
1769.50000000	7.79257
1770.00000000	7.79515
1770.50000000	7.79691
1771.00000000	7.79863
1771.50000000	7.79884
1772.00000000	7.79914
1772.50000000	7.79813
1773.00000000	7.79611
1773.50000000	7.79352
1774.00000000	7.78919
1774.50000000	7.78557
1775.00000000	7.78122
1775.50000000	7.77590
1776.00000000	7.76967
1776.50000000	7.76483
1777.00000000	7.76130
1777.50000000	7.75720
1778.00000000	7.75239
1778.50000000	7.74828
1779.00000000	7.74435
1779.50000000	7.74130
1780.00000000	7.73797
1780.50000000	7.73593
1781.00000000	7.73294
1781.50000000	7.73048
1782.00000000	7.72774
1782.50000000	7.72423
1783.00000000	7.72052
1783.50000000	7.71759
1784.00000000	7.71572
1784.50000000	7.71432
1785.00000000	7.71310
1785.50000000	7.71069
1786.00000000	7.70879
1786.50000000	7.70541
1787.00000000	7.70293
1787.50000000	7.70200
1788.00000000	7.70235
1788.50000000	7.70178
1789.00000000	7.70074
1789.50000000	7.69864
1790.00000000	7.69695
1790.50000000	7.69639
1791.00000000	7.69578
1791.50000000	7.69506
1792.00000000	7.69481
1792.50000000	7.69560
1793.00000000	7.69545
1793.50000000	7.69573
1794.00000000	7.69651
1794.50000000	7.69762
1795.00000000	7.69819
1795.50000000	7.69856
1796.00000000	7.69895
1796.50000000	7.70116
1797.00000000	7.70118
1797.50000000	7.70077
1798.00000000	7.70130
1798.50000000	7.70166
1799.00000000	7.70113
1799.50000000	7.70117
1800.00000000	7.70130
1800.50000000	7.69967
1801.00000000	7.69730
1801.50000000	7.69471
1802.00000000	7.69141
1802.50000000	7.69028
1803.00000000	7.68923
1803.50000000	7.68713
1804.00000000	7.68627
1804.50000000	7.68526
1805.00000000	7.68339
1805.50000000	7.68317
1806.00000000	7.68298
1806.50000000	7.68286
1807.00000000	7.68248
1807.50000000	7.68315
1808.00000000	7.68445
1808.50000000	7.68490
1809.00000000	7.68521
1809.50000000	7.68521
1810.00000000	7.68415
1810.50000000	7.68298
1811.00000000	7.68104
1811.50000000	7.68017
1812.00000000	7.67895
1812.50000000	7.67829
1813.00000000	7.67846
1813.50000000	7.67939
1814.00000000	7.67954
1814.50000000	7.67952
1815.00000000	7.67958
1815.50000000	7.67886
1816.00000000	7.67891
1816.50000000	7.68000
1817.00000000	7.67985
1817.50000000	7.68115
1818.00000000	7.68177
1818.50000000	7.68456
1819.00000000	7.68754
1819.50000000	7.69126
1820.00000000	7.69448
1820.50000000	7.69886
1821.00000000	7.70117
1821.50000000	7.70437
1822.00000000	7.70626
1822.50000000	7.70920
1823.00000000	7.71070
1823.50000000	7.71248
1824.00000000	7.71495
1824.50000000	7.71708
1825.00000000	7.71862
1825.50000000	7.72013
1826.00000000	7.72040
1826.50000000	7.72018
1827.00000000	7.71999
1827.50000000	7.71994
1828.00000000	7.71918
1828.50000000	7.71954
1829.00000000	7.72018
1829.50000000	7.72026
1830.00000000	7.72037
1830.50000000	7.71836
1831.00000000	7.71723
1831.50000000	7.71460
1832.00000000	7.71166
1832.50000000	7.70872
1833.00000000	7.70698
1833.50000000	7.70360
1834.00000000	7.70051
1834.50000000	7.69644
1835.00000000	7.69136
1835.50000000	7.68609
1836.00000000	7.68067
1836.50000000	7.67499
1837.00000000	7.66982
1837.50000000	7.66637
1838.00000000	7.66419
1838.50000000	7.66261
1839.00000000	7.66151
1839.50000000	7.65913
1840.00000000	7.65791
1840.50000000	7.65828
1841.00000000	7.65935
1841.50000000	7.65936
1842.00000000	7.65836
1842.50000000	7.65766
1843.00000000	7.65542
1843.50000000	7.65201
1844.00000000	7.64971
1844.50000000	7.64754
1845.00000000	7.64701
1845.50000000	7.64796
1846.00000000	7.64905
1846.50000000	7.64958
1847.00000000	7.65033
1847.50000000	7.65056
1848.00000000	7.65054
1848.50000000	7.65088
1849.00000000	7.65134
1849.50000000	7.65223
1850.00000000	7.65336
1850.50000000	7.65314
1851.00000000	7.65400
1851.50000000	7.65433
1852.00000000	7.65477
1852.50000000	7.65531
1853.00000000	7.65680
1853.50000000	7.65656
1854.00000000	7.65585
1854.50000000	7.65457
1855.00000000	7.65305
1855.50000000	7.65225
1856.00000000	7.65104
1856.50000000	7.64949
1857.00000000	7.64770
1857.50000000	7.64472
1858.00000000	7.64259
1858.50000000	7.64095
1859.00000000	7.63913
1859.50000000	7.63737
1860.00000000	7.63619
1860.50000000	7.63547
1861.00000000	7.63466
1861.50000000	7.63163
1862.00000000	7.62878
1862.50000000	7.62551
1863.00000000	7.62149
1863.50000000	7.61764
1864.00000000	7.61438
1864.50000000	7.61065
1865.00000000	7.60707
1865.50000000	7.60416
1866.00000000	7.59967
1866.50000000	7.59613
1867.00000000	7.59261
1867.50000000	7.58861
1868.00000000	7.58495
1868.50000000	7.58114
1869.00000000	7.57768
1869.50000000	7.57404
1870.00000000	7.57026
1870.50000000	7.56814
1871.00000000	7.56728
1871.50000000	7.56590
1872.00000000	7.56364
1872.50000000	7.56043
1873.00000000	7.55732
1873.50000000	7.55571
1874.00000000	7.55405
1874.50000000	7.55271
1875.00000000	7.55357
1875.50000000	7.55352
1876.00000000	7.55245
1876.50000000	7.55159
1877.00000000	7.55196
1877.50000000	7.55211
1878.00000000	7.55183
1878.50000000	7.55117
1879.00000000	7.55026
1879.50000000	7.54941
1880.00000000	7.54910
1880.50000000	7.54831
1881.00000000	7.54806
1881.50000000	7.54739
1882.00000000	7.54694
1882.50000000	7.54649
1883.00000000	7.54602
1883.50000000	7.54458
1884.00000000	7.54526
1884.50000000	7.54628
1885.00000000	7.54864
1885.50000000	7.54977
1886.00000000	7.54883
1886.50000000	7.54745
1887.00000000	7.54496
1887.50000000	7.54187
1888.00000000	7.53859
1888.50000000	7.53725
1889.00000000	7.53638
1889.50000000	7.53602
1890.00000000	7.53445
1890.50000000	7.53301
1891.00000000	7.53197
1891.50000000	7.53079
1892.00000000	7.53058
1892.50000000	7.53104
1893.00000000	7.53237
1893.50000000	7.53496
1894.00000000	7.53708
1894.50000000	7.53831
1895.00000000	7.53766
1895.50000000	7.53689
1896.00000000	7.53617
1896.50000000	7.53523
1897.00000000	7.53573
1897.50000000	7.53572
1898.00000000	7.53742
1898.50000000	7.54016
1899.00000000	7.54213
1899.50000000	7.54275
1900.00000000	7.54225
1900.50000000	7.54263
1901.00000000	7.54337
1901.50000000	7.54452
1902.00000000	7.54632
1902.50000000	7.54886
1903.00000000	7.55045
1903.50000000	7.55284
1904.00000000	7.55382
1904.50000000	7.55494
1905.00000000	7.55598
1905.50000000	7.55640
1906.00000000	7.55738
1906.50000000	7.55773
1907.00000000	7.55743
1907.50000000	7.55632
1908.00000000	7.55666
1908.50000000	7.55687
1909.00000000	7.55819
1909.50000000	7.55904
1910.00000000	7.55906
1910.50000000	7.56060
1911.00000000	7.56157
1911.50000000	7.56276
1912.00000000	7.56280
1912.50000000	7.56321
1913.00000000	7.56339
1913.50000000	7.56317
1914.00000000	7.56343
1914.50000000	7.56403
1915.00000000	7.56458
1915.50000000	7.56610
1916.00000000	7.56842
1916.50000000	7.56944
1917.00000000	7.57055
1917.50000000	7.57188
1918.00000000	7.57327
1918.50000000	7.57464
1919.00000000	7.57612
1919.50000000	7.57881
1920.00000000	7.58065
1920.50000000	7.58294
1921.00000000	7.58373
1921.50000000	7.58646
1922.00000000	7.58846
1922.50000000	7.59134
1923.00000000	7.59320
1923.50000000	7.59508
1924.00000000	7.59634
1924.50000000	7.59808
1925.00000000	7.60066
1925.50000000	7.60302
1926.00000000	7.60445
1926.50000000	7.60750
1927.00000000	7.61088
1927.50000000	7.61544
1928.00000000	7.61957
1928.50000000	7.62278
1929.00000000	7.62456
1929.50000000	7.62541
1930.00000000	7.62756
1930.50000000	7.63008
1931.00000000	7.63039
1931.50000000	7.63045
1932.00000000	7.63157
1932.50000000	7.63249
1933.00000000	7.63293
1933.50000000	7.63260
1934.00000000	7.63270
1934.50000000	7.63212
1935.00000000	7.62969
1935.50000000	7.62774
1936.00000000	7.62569
1936.50000000	7.62340
1937.00000000	7.62150
1937.50000000	7.62043
1938.00000000	7.61970
1938.50000000	7.61783
1939.00000000	7.61588
1939.50000000	7.61458
1940.00000000	7.61398
1940.50000000	7.61463
1941.00000000	7.61535
1941.50000000	7.61608
1942.00000000	7.61612
1942.50000000	7.61720
1943.00000000	7.61805
1943.50000000	7.61817
1944.00000000	7.61835
1944.50000000	7.61946
1945.00000000	7.61876
1945.50000000	7.61869
1946.00000000	7.61860
1946.50000000	7.61870
1947.00000000	7.61760
1947.50000000	7.61655
1948.00000000	7.61470
1948.50000000	7.61448
1949.00000000	7.61488
1949.50000000	7.61631
1950.00000000	7.61794
1950.50000000	7.61858
1951.00000000	7.62009
1951.50000000	7.62197
1952.00000000	7.62545
1952.50000000	7.62654
1953.00000000	7.62885
1953.50000000	7.63146
1954.00000000	7.63254
1954.50000000	7.63273
1955.00000000	7.63299
1955.50000000	7.63186
1956.00000000	7.62914
1956.50000000	7.62641
1957.00000000	7.62448
1957.50000000	7.62248
1958.00000000	7.62135
1958.50000000	7.61983
1959.00000000	7.61914
1959.50000000	7.62055
1960.00000000	7.62249
1960.50000000	7.62266
1961.00000000	7.62281
1961.50000000	7.62450
1962.00000000	7.62669
1962.50000000	7.62880
1963.00000000	7.63044
1963.50000000	7.63224
1964.00000000	7.63327
1964.50000000	7.63467
1965.00000000	7.63546
1965.50000000	7.63699
1966.00000000	7.63857
1966.50000000	7.64038
1967.00000000	7.64319
1967.50000000	7.64433
1968.00000000	7.64508
1968.50000000	7.64524
1969.00000000	7.64610
1969.50000000	7.64663
1970.00000000	7.64615
1970.50000000	7.64694
1971.00000000	7.64721
1971.50000000	7.64846
1972.00000000	7.64824
1972.50000000	7.64721
1973.00000000	7.64627
1973.50000000	7.64500
1974.00000000	7.64462
1974.50000000	7.64381
1975.00000000	7.64352
1975.50000000	7.64328
1976.00000000	7.64230
1976.50000000	7.63988
1977.00000000	7.63665
1977.50000000	7.63440
1978.00000000	7.63357
1978.50000000	7.63306
1979.00000000	7.63202
1979.50000000	7.63163
1980.00000000	7.63061
1980.50000000	7.63002
1981.00000000	7.62909
1981.50000000	7.62946
1982.00000000	7.62950
1982.50000000	7.62883
1983.00000000	7.62868
1983.50000000	7.62918
1984.00000000	7.62902
1984.50000000	7.62925
1985.00000000	7.63061
1985.50000000	7.63291
1986.00000000	7.63439
1986.50000000	7.63688
1987.00000000	7.63908
1987.50000000	7.64159
1988.00000000	7.64332
1988.50000000	7.64440
1989.00000000	7.64543
1989.50000000	7.64455
1990.00000000	7.64399
1990.50000000	7.64367
1991.00000000	7.64400
1991.50000000	7.64394
1992.00000000	7.64678
1992.50000000	7.64715
1993.00000000	7.64687
1993.50000000	7.64694
1994.00000000	7.64653
1994.50000000	7.64644
1995.00000000	7.64432
1995.50000000	7.64122
1996.00000000	7.63739
1996.50000000	7.63387
1997.00000000	7.63028
1997.50000000	7.62693
1998.00000000	7.62251
1998.50000000	7.61788
1999.00000000	7.61327
1999.50000000	7.60899
2000.00000000	7.60422
2000.50000000	7.60018
2001.00000000	7.59679
2001.50000000	7.59375
2002.00000000	7.58917
2002.50000000	7.58457
2003.00000000	7.57969
2003.50000000	7.57627
2004.00000000	7.57269
2004.50000000	7.56979
2005.00000000	7.56592
2005.50000000	7.56270
2006.00000000	7.55857
2006.50000000	7.55495
2007.00000000	7.55088
2007.50000000	7.54532
2008.00000000	7.53887
2008.50000000	7.53133
2009.00000000	7.52438
2009.50000000	7.51884
2010.00000000	7.51491
2010.50000000	7.51107
2011.00000000	7.50875
2011.50000000	7.50649
2012.00000000	7.50454
2012.50000000	7.50369
2013.00000000	7.50194
2013.50000000	7.50200
2014.00000000	7.50264
2014.50000000	7.50137
2015.00000000	7.49994
2015.50000000	7.49843
2016.00000000	7.49719
2016.50000000	7.49598
2017.00000000	7.49480
2017.50000000	7.49343
2018.00000000	7.49204
2018.50000000	7.49223
2019.00000000	7.49262
2019.50000000	7.49325
2020.00000000	7.49310
2020.50000000	7.49370
2021.00000000	7.49516
2021.50000000	7.49617
2022.00000000	7.49755
2022.50000000	7.50053
2023.00000000	7.50320
2023.50000000	7.50543
2024.00000000	7.50928
2024.50000000	7.51107
2025.00000000	7.51331
2025.50000000	7.51574
2026.00000000	7.51664
2026.50000000	7.51795
2027.00000000	7.52023
2027.50000000	7.52100
2028.00000000	7.52099
2028.50000000	7.52311
2029.00000000	7.52638
2029.50000000	7.52982
2030.00000000	7.53308
2030.50000000	7.53719
2031.00000000	7.54105
2031.50000000	7.54479
2032.00000000	7.54724
2032.50000000	7.54934
2033.00000000	7.55103
2033.50000000	7.55185
2034.00000000	7.55342
2034.50000000	7.55581
2035.00000000	7.55908
2035.50000000	7.56275
2036.00000000	7.56602
2036.50000000	7.56943
2037.00000000	7.57255
2037.50000000	7.57478
2038.00000000	7.57743
2038.50000000	7.57933
2039.00000000	7.58031
2039.50000000	7.58125
2040.00000000	7.58204
2040.50000000	7.58223
2041.00000000	7.58206
2041.50000000	7.58121
2042.00000000	7.58056
2042.50000000	7.58061
2043.00000000	7.58232
2043.50000000	7.58371
2044.00000000	7.58591
2044.50000000	7.58775
2045.00000000	7.58965
2045.50000000	7.59146
2046.00000000	7.59227
2046.50000000	7.59272
2047.00000000	7.59381
2047.50000000	7.59384
2048.00000000	7.59401
2048.50000000	7.59432
2049.00000000	7.59325
2049.50000000	7.59295
2050.00000000	7.59275
2050.50000000	7.59293
2051.00000000	7.59353
2051.50000000	7.59280
2052.00000000	7.59129
2052.50000000	7.59000
2053.00000000	7.58859
2053.50000000	7.58618
2054.00000000	7.58436
2054.50000000	7.58304
2055.00000000	7.58098
2055.50000000	7.57991
2056.00000000	7.57803
2056.50000000	7.57571
2057.00000000	7.57354
2057.50000000	7.57322
2058.00000000	7.57431
2058.50000000	7.57540
2059.00000000	7.57632
2059.50000000	7.57701
2060.00000000	7.57608
2060.50000000	7.57491
2061.00000000	7.57417
2061.50000000	7.57334
2062.00000000	7.57393
2062.50000000	7.57458
2063.00000000	7.57379
2063.50000000	7.57356
2064.00000000	7.57375
2064.50000000	7.57301
2065.00000000	7.57243
2065.50000000	7.57107
2066.00000000	7.56972
2066.50000000	7.56763
2067.00000000	7.56516
2067.50000000	7.56275
2068.00000000	7.56143
2068.50000000	7.56034
2069.00000000	7.55866
2069.50000000	7.55795
2070.00000000	7.55789
2070.50000000	7.55795
2071.00000000	7.55768
2071.50000000	7.55752
2072.00000000	7.55683
2072.50000000	7.55710
2073.00000000	7.55648
2073.50000000	7.55480
2074.00000000	7.55217
2074.50000000	7.55046
2075.00000000	7.54909
2075.50000000	7.54733
2076.00000000	7.54578
2076.50000000	7.54589
2077.00000000	7.54396
2077.50000000	7.54253
2078.00000000	7.54074
2078.50000000	7.53929
2079.00000000	7.53837
2079.50000000	7.53873
2080.00000000	7.53853
2080.50000000	7.53932
2081.00000000	7.54066
2081.50000000	7.54051
2082.00000000	7.53979
2082.50000000	7.53724
2083.00000000	7.53484
2083.50000000	7.53301
2084.00000000	7.53136
2084.50000000	7.53075
2085.00000000	7.52988
2085.50000000	7.52964
2086.00000000	7.52981
2086.50000000	7.53045
2087.00000000	7.53067
2087.50000000	7.53187
2088.00000000	7.53154
2088.50000000	7.53116
2089.00000000	7.53201
2089.50000000	7.53210
2090.00000000	7.53273
2090.50000000	7.53312
2091.00000000	7.53436
2091.50000000	7.53508
2092.00000000	7.53479
2092.50000000	7.53619
2093.00000000	7.53796
2093.50000000	7.53942
2094.00000000	7.53946
2094.50000000	7.53975
2095.00000000	7.53945
2095.50000000	7.53951
2096.00000000	7.54028
2096.50000000	7.54102
2097.00000000	7.54179
2097.50000000	7.54235
2098.00000000	7.54159
2098.50000000	7.54080
2099.00000000	7.54058
2099.50000000	7.53945
2100.00000000	7.53830
2100.50000000	7.53723
2101.00000000	7.53697
2101.50000000	7.53753
2102.00000000	7.53788
2102.50000000	7.53917
2103.00000000	7.53988
2103.50000000	7.54176
2104.00000000	7.54396
2104.50000000	7.54477
2105.00000000	7.54623
2105.50000000	7.54778
2106.00000000	7.54966
2106.50000000	7.55131
2107.00000000	7.55104
2107.50000000	7.54911
2108.00000000	7.54810
2108.50000000	7.54720
2109.00000000	7.54671
2109.50000000	7.54683
2110.00000000	7.54687
2110.50000000	7.54729
2111.00000000	7.54854
2111.50000000	7.54973
2112.00000000	7.55072
2112.50000000	7.55157
2113.00000000	7.55155
2113.50000000	7.55215
2114.00000000	7.55259
2114.50000000	7.55237
2115.00000000	7.55385
2115.50000000	7.55652
2116.00000000	7.55864
2116.50000000	7.56137
2117.00000000	7.56566
2117.50000000	7.56934
2118.00000000	7.57224
2118.50000000	7.57437
2119.00000000	7.57755
2119.50000000	7.58038
2120.00000000	7.58433
2120.50000000	7.58841
2121.00000000	7.59203
2121.50000000	7.59657
2122.00000000	7.60026
2122.50000000	7.60478
2123.00000000	7.60887
2123.50000000	7.61289
2124.00000000	7.61612
2124.50000000	7.62123
2125.00000000	7.62460
2125.50000000	7.62971
2126.00000000	7.63374
2126.50000000	7.63843
2127.00000000	7.64154
2127.50000000	7.64381
2128.00000000	7.64558
2128.50000000	7.64784
2129.00000000	7.65013
2129.50000000	7.65159
2130.00000000	7.65424
2130.50000000	7.65506
2131.00000000	7.65698
2131.50000000	7.65811
2132.00000000	7.65905
2132.50000000	7.66070
2133.00000000	7.66201
2133.50000000	7.66427
2134.00000000	7.66482
2134.50000000	7.66571
2135.00000000	7.66566
2135.50000000	7.66465
2136.00000000	7.66412
2136.50000000	7.66356
2137.00000000	7.66350
2137.50000000	7.66391
2138.00000000	7.66418
2138.50000000	7.66459
2139.00000000	7.66590
2139.50000000	7.66713
2140.00000000	7.66726
2140.50000000	7.66759
2141.00000000	7.66820
2141.50000000	7.66826
2142.00000000	7.66793
2142.50000000	7.66890
2143.00000000	7.67057
2143.50000000	7.67134
2144.00000000	7.67117
2144.50000000	7.67061
2145.00000000	7.67020
2145.50000000	7.67032
2146.00000000	7.67038
2146.50000000	7.67185
2147.00000000	7.67389
2147.50000000	7.67573
2148.00000000	7.67793
2148.50000000	7.67878
2149.00000000	7.67887
2149.50000000	7.67796
2150.00000000	7.67688
2150.50000000	7.67550
2151.00000000	7.67500
2151.50000000	7.67385
2152.00000000	7.67400
2152.50000000	7.67274
2153.00000000	7.67226
2153.50000000	7.67117
2154.00000000	7.67024
2154.50000000	7.66802
2155.00000000	7.66522
2155.50000000	7.66316
2156.00000000	7.66090
2156.50000000	7.65749
2157.00000000	7.65319
2157.50000000	7.64925
2158.00000000	7.64569
2158.50000000	7.64185
2159.00000000	7.63804
2159.50000000	7.63367
2160.00000000	7.63003
2160.50000000	7.62868
2161.00000000	7.62757
2161.50000000	7.62631
2162.00000000	7.62535
2162.50000000	7.62450
2163.00000000	7.62392
2163.50000000	7.62407
2164.00000000	7.62504
2164.50000000	7.62611
2165.00000000	7.62670
2165.50000000	7.62669
2166.00000000	7.62700
2166.50000000	7.62679
2167.00000000	7.62773
2167.50000000	7.62857
2168.00000000	7.62986
2168.50000000	7.62972
2169.00000000	7.63053
2169.50000000	7.63155
2170.00000000	7.63264
2170.50000000	7.63237
2171.00000000	7.63136
2171.50000000	7.63064
2172.00000000	7.62936
2172.50000000	7.62825
2173.00000000	7.62758
2173.50000000	7.62707
2174.00000000	7.62731
2174.50000000	7.62732
2175.00000000	7.62604
2175.50000000	7.62602
2176.00000000	7.62686
2176.50000000	7.62895
2177.00000000	7.63192
2177.50000000	7.63525
2178.00000000	7.63696
2178.50000000	7.63995
2179.00000000	7.64392
2179.50000000	7.64754
2180.00000000	7.65229
2180.50000000	7.65825
2181.00000000	7.66412
2181.50000000	7.66872
2182.00000000	7.67344
2182.50000000	7.67717
2183.00000000	7.68248
2183.50000000	7.68723
2184.00000000	7.69008
2184.50000000	7.69227
2185.00000000	7.69449
2185.50000000	7.69673
2186.00000000	7.69781
2186.50000000	7.70053
2187.00000000	7.70327
2187.50000000	7.70621
2188.00000000	7.70845
2188.50000000	7.71056
2189.00000000	7.71247
2189.50000000	7.71526
2190.00000000	7.71839
2190.50000000	7.72176
2191.00000000	7.72420
2191.50000000	7.72548
2192.00000000	7.72664
2192.50000000	7.72680
2193.00000000	7.72867
2193.50000000	7.72920
2194.00000000	7.73086
2194.50000000	7.73339
2195.00000000	7.73589
2195.50000000	7.73821
2196.00000000	7.74031
2196.50000000	7.74233
2197.00000000	7.74465
2197.50000000	7.74807
2198.00000000	7.75222
2198.50000000	7.75558
2199.00000000	7.75939
2199.50000000	7.76248
2200.00000000	7.76477
2200.50000000	7.76709
2201.00000000	7.77005
2201.50000000	7.77203
2202.00000000	7.77365
2202.50000000	7.77449
2203.00000000	7.77796
2203.50000000	7.78005
2204.00000000	7.78136
2204.50000000	7.78324
2205.00000000	7.78365
2205.50000000	7.78485
2206.00000000	7.78522
2206.50000000	7.78481
2207.00000000	7.78443
2207.50000000	7.78447
2208.00000000	7.78448
2208.50000000	7.78456
2209.00000000	7.78250
2209.50000000	7.78030
2210.00000000	7.77906
2210.50000000	7.77833
2211.00000000	7.77773
2211.50000000	7.77871
2212.00000000	7.77991
2212.50000000	7.78135
2213.00000000	7.78258
2213.50000000	7.78191
2214.00000000	7.78146
2214.50000000	7.78216
2215.00000000	7.78328
2215.50000000	7.78371
2216.00000000	7.78392
2216.50000000	7.78624
2217.00000000	7.78956
2217.50000000	7.79260
2218.00000000	7.79542
2218.50000000	7.79901
2219.00000000	7.80351
2219.50000000	7.80908
2220.00000000	7.81383
2220.50000000	7.81780
2221.00000000	7.82239
2221.50000000	7.82740
2222.00000000	7.83156
2222.50000000	7.83412
2223.00000000	7.83567
2223.50000000	7.83646
2224.00000000	7.83761
2224.50000000	7.83849
2225.00000000	7.83783
2225.50000000	7.83871
2226.00000000	7.84067
2226.50000000	7.84217
2227.00000000	7.84319
2227.50000000	7.84484
2228.00000000	7.84770
2228.50000000	7.84958
2229.00000000	7.85116
2229.50000000	7.85252
2230.00000000	7.85393
2230.50000000	7.85575
2231.00000000	7.85839
2231.50000000	7.86119
2232.00000000	7.86400
2232.50000000	7.86594
2233.00000000	7.86724
2233.50000000	7.86770
2234.00000000	7.86780
2234.50000000	7.86759
2235.00000000	7.86799
2235.50000000	7.86825
2236.00000000	7.86697
2236.50000000	7.86693
2237.00000000	7.86673
2237.50000000	7.86572
2238.00000000	7.86410
2238.50000000	7.86251
2239.00000000	7.86062
2239.50000000	7.85796
2240.00000000	7.85700
2240.50000000	7.85541
2241.00000000	7.85304
2241.50000000	7.85168
2242.00000000	7.85027
2242.50000000	7.84859
2243.00000000	7.84756
2243.50000000	7.84626
2244.00000000	7.84698
2244.50000000	7.84830
2245.00000000	7.84906
2245.50000000	7.84902
2246.00000000	7.84872
2246.50000000	7.84858
2247.00000000	7.84927
2247.50000000	7.85046
2248.00000000	7.85076
2248.50000000	7.85142
2249.00000000	7.85153
2249.50000000	7.85101
2250.00000000	7.85100
2250.50000000	7.84983
2251.00000000	7.84892
2251.50000000	7.84949
2252.00000000	7.84927
2252.50000000	7.84919
2253.00000000	7.85099
2253.50000000	7.85247
2254.00000000	7.85297
2254.50000000	7.85401
2255.00000000	7.85489
2255.50000000	7.85629
2256.00000000	7.85708
2256.50000000	7.85784
2257.00000000	7.85825
2257.50000000	7.86022
2258.00000000	7.86207
2258.50000000	7.86312
2259.00000000	7.86265
2259.50000000	7.86201
2260.00000000	7.86180
2260.50000000	7.86158
2261.00000000	7.86052
2261.50000000	7.85941
2262.00000000	7.85819
2262.50000000	7.85674
2263.00000000	7.85375
2263.50000000	7.84967
2264.00000000	7.84674
2264.50000000	7.84433
2265.00000000	7.84073
2265.50000000	7.83715
2266.00000000	7.83405
2266.50000000	7.83153
2267.00000000	7.82989
2267.50000000	7.82879
2268.00000000	7.82649
2268.50000000	7.82476
2269.00000000	7.82265
2269.50000000	7.81995
2270.00000000	7.81734
2270.50000000	7.81526
2271.00000000	7.81350
2271.50000000	7.81241
2272.00000000	7.81105
2272.50000000	7.80958
2273.00000000	7.80744
2273.50000000	7.80624
2274.00000000	7.80482
2274.50000000	7.80403
2275.00000000	7.80348
2275.50000000	7.80530
2276.00000000	7.80608
2276.50000000	7.80579
2277.00000000	7.80423
2277.50000000	7.80351
2278.00000000	7.80277
2278.50000000	7.80196
2279.00000000	7.80059
2279.50000000	7.79740
2280.00000000	7.79486
2280.50000000	7.79333
2281.00000000	7.79260
2281.50000000	7.79226
2282.00000000	7.79133
2282.50000000	7.78993
2283.00000000	7.78797
2283.50000000	7.78688
2284.00000000	7.78563
2284.50000000	7.78403
2285.00000000	7.78357
2285.50000000	7.78396
2286.00000000	7.78483
2286.50000000	7.78672
2287.00000000	7.78739
2287.50000000	7.78881
2288.00000000	7.78980
2288.50000000	7.79107
2289.00000000	7.79372
2289.50000000	7.79702
2290.00000000	7.79977
2290.50000000	7.80159
2291.00000000	7.80274
2291.50000000	7.80342
2292.00000000	7.80508
2292.50000000	7.80518
2293.00000000	7.80485
2293.50000000	7.80440
2294.00000000	7.80501
2294.50000000	7.80507
2295.00000000	7.80410
2295.50000000	7.80403
2296.00000000	7.80130
2296.50000000	7.79863
2297.00000000	7.79627
2297.50000000	7.79345
2298.00000000	7.79168
2298.50000000	7.78927
2299.00000000	7.78666
2299.50000000	7.78434
2300.00000000	7.78156
2300.50000000	7.77858
2301.00000000	7.77631
2301.50000000	7.77397
2302.00000000	7.77162
2302.50000000	7.77153
2303.00000000	7.77326
2303.50000000	7.77548
2304.00000000	7.77821
2304.50000000	7.78135
2305.00000000	7.78364
2305.50000000	7.78565
2306.00000000	7.78674
2306.50000000	7.78803
2307.00000000	7.79024
2307.50000000	7.79216
2308.00000000	7.79382
2308.50000000	7.79553
2309.00000000	7.79824
2309.50000000	7.79940
2310.00000000	7.80089
2310.50000000	7.80265
2311.00000000	7.80438
2311.50000000	7.80502
2312.00000000	7.80491
2312.50000000	7.80556
2313.00000000	7.80594
2313.50000000	7.80514
2314.00000000	7.80566
2314.50000000	7.80572
2315.00000000	7.80465
2315.50000000	7.80328
2316.00000000	7.80102
2316.50000000	7.79920
2317.00000000	7.79833
2317.50000000	7.79804
2318.00000000	7.79837
2318.50000000	7.79714
2319.00000000	7.79759
2319.50000000	7.79566
2320.00000000	7.79121
2320.50000000	7.78841
2321.00000000	7.78591
2321.50000000	7.78414
2322.00000000	7.78196
2322.50000000	7.78106
2323.00000000	7.77949
2323.50000000	7.77709
2324.00000000	7.77558
2324.50000000	7.77435
2325.00000000	7.77294
2325.50000000	7.77074
2326.00000000	7.76924
2326.50000000	7.76572
2327.00000000	7.76214
2327.50000000	7.75931
2328.00000000	7.75545
2328.50000000	7.75072
2329.00000000	7.74580
2329.50000000	7.74217
2330.00000000	7.73825
2330.50000000	7.73517
2331.00000000	7.73267
2331.50000000	7.72945
2332.00000000	7.72768
