2350.00000000	5.74359
2350.50000000	5.74576
2351.00000000	5.74883
2351.50000000	5.75229
2352.00000000	5.75764
2352.50000000	5.76063
2353.00000000	5.76508
2353.50000000	5.76953
2354.00000000	5.77264
2354.50000000	5.77511
2355.00000000	5.77757
2355.50000000	5.77873
2356.00000000	5.77855
2356.50000000	5.77842
2357.00000000	5.77845
2357.50000000	5.77815
2358.00000000	5.77864
2358.50000000	5.77853
2359.00000000	5.77884
2359.50000000	5.78123
2360.00000000	5.78425
2360.50000000	5.78526
2361.00000000	5.78639
2361.50000000	5.78925
2362.00000000	5.79239
2362.50000000	5.79563
2363.00000000	5.79828
2363.50000000	5.80108
2364.00000000	5.80302
2364.50000000	5.80523
2365.00000000	5.80669
2365.50000000	5.80851
2366.00000000	5.81045
2366.50000000	5.81249
2367.00000000	5.81565
2367.50000000	5.81691
2368.00000000	5.81759
2368.50000000	5.81821
2369.00000000	5.81945
2369.50000000	5.82029
2370.00000000	5.82025
2370.50000000	5.82159
2371.00000000	5.82227
2371.50000000	5.82440
2372.00000000	5.82522
2372.50000000	5.82503
2373.00000000	5.82474
2373.50000000	5.82389
2374.00000000	5.82380
2374.50000000	5.82304
2375.00000000	5.82268
2375.50000000	5.82251
2376.00000000	5.82164
2376.50000000	5.81911
2377.00000000	5.81587
2377.50000000	5.81338
2378.00000000	5.81208
2378.50000000	5.81118
2379.00000000	5.80933
2379.50000000	5.80826
2380.00000000	5.80678
2380.50000000	5.80619
2381.00000000	5.80496
2381.50000000	5.80438
2382.00000000	5.80334
2382.50000000	5.80157
2383.00000000	5.80041
2383.50000000	5.79996
2384.00000000	5.79881
2384.50000000	5.79803
2385.00000000	5.79801
2385.50000000	5.79848
2386.00000000	5.79807
2386.50000000	5.79866
2387.00000000	5.79909
2387.50000000	5.80011
2388.00000000	5.80042
2388.50000000	5.80033
2389.00000000	5.80008
2389.50000000	5.79816
2390.00000000	5.79662
2390.50000000	5.79519
2391.00000000	5.79423
2391.50000000	5.79324
2392.00000000	5.79504
2392.50000000	5.79437
2393.00000000	5.79369
2393.50000000	5.79317
2394.00000000	5.79222
2394.50000000	5.79174
2395.00000000	5.78940
2395.50000000	5.78634
2396.00000000	5.78280
2396.50000000	5.77988
2397.00000000	5.77712
2397.50000000	5.77480
2398.00000000	5.77113
2398.50000000	5.76658
2399.00000000	5.76224
2399.50000000	5.75859
2400.00000000	5.75510
2400.50000000	5.75228
2401.00000000	5.75005
2401.50000000	5.74839
2402.00000000	5.74525
2402.50000000	5.74217
2403.00000000	5.73872
2403.50000000	5.73636
2404.00000000	5.73393
2404.50000000	5.73245
2405.00000000	5.73047
2405.50000000	5.72967
2406.00000000	5.72748
2406.50000000	5.72609
2407.00000000	5.72400
2407.50000000	5.72015
2408.00000000	5.71543
2408.50000000	5.70949
2409.00000000	5.70420
2409.50000000	5.70009
2410.00000000	5.69766
2410.50000000	5.69522
2411.00000000	5.69414
2411.50000000	5.69330
2412.00000000	5.69257
2412.50000000	5.69279
2413.00000000	5.69228
2413.50000000	5.69369
2414.00000000	5.69556
2414.50000000	5.69560
2415.00000000	5.69533
2415.50000000	5.69488
2416.00000000	5.69454
2416.50000000	5.69384
2417.00000000	5.69374
2417.50000000	5.69328
2418.00000000	5.69311
2418.50000000	5.69443
2419.00000000	5.69594
2419.50000000	5.69742
2420.00000000	5.69863
2420.50000000	5.70045
2421.00000000	5.70352
2421.50000000	5.70581
2422.00000000	5.70823
2422.50000000	5.71242
2423.00000000	5.71613
2423.50000000	5.71919
2424.00000000	5.72334
2424.50000000	5.72555
2425.00000000	5.72774
2425.50000000	5.73025
2426.00000000	5.73144
2426.50000000	5.73297
2427.00000000	5.73522
2427.50000000	5.73598
2428.00000000	5.73558
2428.50000000	5.73756
2429.00000000	5.74060
2429.50000000	5.74356
2430.00000000	5.74626
2430.50000000	5.75026
2431.00000000	5.75395
2431.50000000	5.75750
2432.00000000	5.75975
2432.50000000	5.76210
2433.00000000	5.76409
2433.50000000	5.76480
2434.00000000	5.76626
2434.50000000	5.76828
2435.00000000	5.77104
2435.50000000	5.77422
2436.00000000	5.77682
2436.50000000	5.77907
2437.00000000	5.78108
2437.50000000	5.78176
2438.00000000	5.78257
2438.50000000	5.78262
2439.00000000	5.78187
2439.50000000	5.78130
2440.00000000	5.78045
2440.50000000	5.77907
2441.00000000	5.77757
2441.50000000	5.77569
2442.00000000	5.77389
2442.50000000	5.77277
2443.00000000	5.77333
2443.50000000	5.77352
2444.00000000	5.77440
2444.50000000	5.77464
2445.00000000	5.77480
2445.50000000	5.77485
2446.00000000	5.77395
2446.50000000	5.77272
2447.00000000	5.77262
2447.50000000	5.77136
2448.00000000	5.76982
2448.50000000	5.76834
2449.00000000	5.76563
2449.50000000	5.76391
2450.00000000	5.76226
2450.50000000	5.76084
2451.00000000	5.76038
2451.50000000	5.75849
2452.00000000	5.75623
2452.50000000	5.75416
2453.00000000	5.75209
2453.50000000	5.74935
2454.00000000	5.74677
2454.50000000	5.74474
2455.00000000	5.74197
2455.50000000	5.74010
2456.00000000	5.73762
2456.50000000	5.73437
2457.00000000	5.73174
2457.50000000	5.73093
2458.00000000	5.73082
2458.50000000	5.73083
2459.00000000	5.73084
2459.50000000	5.73067
2460.00000000	5.72920
2460.50000000	5.72762
2461.00000000	5.72677
2461.50000000	5.72549
2462.00000000	5.72550
2462.50000000	5.72536
2463.00000000	5.72391
2463.50000000	5.72276
2464.00000000	5.72192
2464.50000000	5.71992
2465.00000000	5.71794
2465.50000000	5.71468
2466.00000000	5.71101
2466.50000000	5.70661
2467.00000000	5.70153
2467.50000000	5.69741
2468.00000000	5.69401
2468.50000000	5.69072
2469.00000000	5.68651
2469.50000000	5.68334
2470.00000000	5.68119
2470.50000000	5.67921
2471.00000000	5.67639
2471.50000000	5.67390
2472.00000000	5.67104
2472.50000000	5.66916
2473.00000000	5.66672
2473.50000000	5.66323
2474.00000000	5.65861
2474.50000000	5.65506
2475.00000000	5.65232
2475.50000000	5.64923
2476.00000000	5.64614
2476.50000000	5.64478
2477.00000000	5.64169
2477.50000000	5.63908
2478.00000000	5.63601
2478.50000000	5.63298
2479.00000000	5.63030
2479.50000000	5.62876
2480.00000000	5.62692
2480.50000000	5.62580
2481.00000000	5.62497
2481.50000000	5.62255
2482.00000000	5.62006
2482.50000000	5.61620
2483.00000000	5.61291
2483.50000000	5.61037
2484.00000000	5.60874
2484.50000000	5.60832
2485.00000000	5.60761
2485.50000000	5.60738
2486.00000000	5.60771
2486.50000000	5.60809
2487.00000000	5.60759
2487.50000000	5.60845
2488.00000000	5.60811
2488.50000000	5.60761
2489.00000000	5.60847
2489.50000000	5.60842
2490.00000000	5.60895
2490.50000000	5.60927
2491.00000000	5.61044
2491.50000000	5.61116
2492.00000000	5.61056
2492.50000000	5.61131
2493.00000000	5.61226
2493.50000000	5.61292
2494.00000000	5.61226
2494.50000000	5.61160
2495.00000000	5.61034
2495.50000000	5.60970
2496.00000000	5.60985
2496.50000000	5.61022
2497.00000000	5.61106
2497.50000000	5.61169
2498.00000000	5.61111
2498.50000000	5.61054
2499.00000000	5.61065
2499.50000000	5.60984
2500.00000000	5.60900
2500.50000000	5.60848
2501.00000000	5.60887
2501.50000000	5.60979
2502.00000000	5.61020
2502.50000000	5.61127
2503.00000000	5.61177
2503.50000000	5.61308
2504.00000000	5.61498
2504.50000000	5.61518
2505.00000000	5.61616
2505.50000000	5.61719
2506.00000000	5.61873
2506.50000000	5.61983
2507.00000000	5.61900
2507.50000000	5.61657
2508.00000000	5.61469
2508.50000000	5.61286
2509.00000000	5.61177
2509.50000000	5.61101
2510.00000000	5.61031
2510.50000000	5.60972
2511.00000000	5.60975
2511.50000000	5.60964
2512.00000000	5.60934
2512.50000000	5.60949
2513.00000000	5.60878
2513.50000000	5.60875
2514.00000000	5.60849
2514.50000000	5.60736
2515.00000000	5.60792
2515.50000000	5.60954
2516.00000000	5.61088
2516.50000000	5.61248
2517.00000000	5.61518
2517.50000000	5.61724
2518.00000000	5.61844
2518.50000000	5.61892
2519.00000000	5.62043
2519.50000000	5.62125
2520.00000000	5.62330
2520.50000000	5.62532
2521.00000000	5.62728
2521.50000000	5.63015
2522.00000000	5.63223
2522.50000000	5.63528
2523.00000000	5.63840
2523.50000000	5.64126
2524.00000000	5.64366
2524.50000000	5.64798
2525.00000000	5.65043
2525.50000000	5.65467
2526.00000000	5.65756
2526.50000000	5.66099
2527.00000000	5.66332
2527.50000000	5.66497
2528.00000000	5.66630
2528.50000000	5.66860
2529.00000000	5.67095
2529.50000000	5.67238
2530.00000000	5.67560
2530.50000000	5.67714
2531.00000000	5.67978
2531.50000000	5.68128
2532.00000000	5.68264
2532.50000000	5.68485
2533.00000000	5.68672
2533.50000000	5.68957
2534.00000000	5.69089
2534.50000000	5.69176
2535.00000000	5.69171
2535.50000000	5.69084
2536.00000000	5.69079
2536.50000000	5.69078
2537.00000000	5.69174
2537.50000000	5.69320
2538.00000000	5.69425
2538.50000000	5.69565
2539.00000000	5.69769
2539.50000000	5.69986
2540.00000000	5.70105
2540.50000000	5.70245
2541.00000000	5.70382
2541.50000000	5.70500
2542.00000000	5.70596
2542.50000000	5.70782
2543.00000000	5.71011
2543.50000000	5.71148
2544.00000000	5.71198
2544.50000000	5.71220
2545.00000000	5.71261
2545.50000000	5.71368
2546.00000000	5.71490
2546.50000000	5.71740
2547.00000000	5.72028
2547.50000000	5.72275
2548.00000000	5.72560
2548.50000000	5.72713
2549.00000000	5.72802
2549.50000000	5.72808
2550.00000000	5.72843
2550.50000000	5.72819
2551.00000000	5.72873
2551.50000000	5.72871
2552.00000000	5.73005
2552.50000000	5.72971
2553.00000000	5.73010
2553.50000000	5.73019
2554.00000000	5.73052
2554.50000000	5.72919
2555.00000000	5.72719
2555.50000000	5.72590
2556.00000000	5.72431
2556.50000000	5.72181
2557.00000000	5.71841
2557.50000000	5.71523
2558.00000000	5.71260
2558.50000000	5.70965
2559.00000000	5.70661
2559.50000000	5.70308
2560.00000000	5.70029
2560.50000000	5.70027
2561.00000000	5.70041
2561.50000000	5.70019
2562.00000000	5.70019
2562.50000000	5.69994
2563.00000000	5.69981
2563.50000000	5.70076
2564.00000000	5.70274
2564.50000000	5.70483
2565.00000000	5.70633
2565.50000000	5.70667
2566.00000000	5.70729
2566.50000000	5.70741
2567.00000000	5.70838
2567.50000000	5.70898
2568.00000000	5.71034
2568.50000000	5.71038
2569.00000000	5.71081
2569.50000000	5.71151
2570.00000000	5.71214
2570.50000000	5.71161
2571.00000000	5.71022
2571.50000000	5.70941
2572.00000000	5.70790
2572.50000000	5.70694
2573.00000000	5.70658
2573.50000000	5.70660
2574.00000000	5.70795
2574.50000000	5.70933
2575.00000000	5.70948
2575.50000000	5.71094
2576.00000000	5.71284
2576.50000000	5.71606
2577.00000000	5.71982
2577.50000000	5.72375
2578.00000000	5.72596
2578.50000000	5.72884
2579.00000000	5.73291
2579.50000000	5.73656
2580.00000000	5.74123
2580.50000000	5.74707
2581.00000000	5.75287
2581.50000000	5.75750
2582.00000000	5.76246
2582.50000000	5.76692
2583.00000000	5.77288
2583.50000000	5.77843
2584.00000000	5.78194
2584.50000000	5.78491
2585.00000000	5.78789
2585.50000000	5.79091
2586.00000000	5.79303
2586.50000000	5.79655
2587.00000000	5.80058
2587.50000000	5.80472
2588.00000000	5.80781
2588.50000000	5.81086
2589.00000000	5.81394
2589.50000000	5.81743
2590.00000000	5.82166
2590.50000000	5.82580
2591.00000000	5.82866
2591.50000000	5.83070
2592.00000000	5.83276
2592.50000000	5.83358
2593.00000000	5.83619
2593.50000000	5.83706
2594.00000000	5.83848
2594.50000000	5.84069
2595.00000000	5.84306
2595.50000000	5.84529
2596.00000000	5.84763
2596.50000000	5.85003
2597.00000000	5.85266
2597.50000000	5.85642
2598.00000000	5.86086
2598.50000000	5.86456
2599.00000000	5.86902
2599.50000000	5.87248
2600.00000000	5.87524
2600.50000000	5.87784
2601.00000000	5.88088
2601.50000000	5.88289
2602.00000000	5.88434
2602.50000000	5.88511
2603.00000000	5.88805
2603.50000000	5.88960
2604.00000000	5.89020
2604.50000000	5.89135
2605.00000000	5.89129
2605.50000000	5.89190
2606.00000000	5.89174
2606.50000000	5.89092
2607.00000000	5.89037
2607.50000000	5.89020
2608.00000000	5.89004
2608.50000000	5.89066
2609.00000000	5.88886
2609.50000000	5.88716
2610.00000000	5.88630
2610.50000000	5.88609
2611.00000000	5.88599
2611.50000000	5.88789
2612.00000000	5.88991
2612.50000000	5.89238
2613.00000000	5.89481
2613.50000000	5.89475
2614.00000000	5.89461
2614.50000000	5.89561
2615.00000000	5.89689
2615.50000000	5.89728
2616.00000000	5.89725
2616.50000000	5.89954
2617.00000000	5.90293
2617.50000000	5.90587
2618.00000000	5.90874
2618.50000000	5.91204
2619.00000000	5.91616
2619.50000000	5.92138
2620.00000000	5.92599
2620.50000000	5.92988
2621.00000000	5.93443
2621.50000000	5.94013
2622.00000000	5.94455
2622.50000000	5.94746
2623.00000000	5.94903
2623.50000000	5.94988
2624.00000000	5.95138
2624.50000000	5.95276
2625.00000000	5.95264
2625.50000000	5.95440
2626.00000000	5.95731
2626.50000000	5.95970
2627.00000000	5.96142
2627.50000000	5.96427
2628.00000000	5.96797
2628.50000000	5.97080
2629.00000000	5.97320
2629.50000000	5.97539
2630.00000000	5.97764
2630.50000000	5.98018
2631.00000000	5.98349
2631.50000000	5.98669
2632.00000000	5.99003
2632.50000000	5.99229
2633.00000000	5.99357
2633.50000000	5.99383
2634.00000000	5.99402
2634.50000000	5.99388
2635.00000000	5.99419
2635.50000000	5.99434
2636.00000000	5.99302
2636.50000000	5.99287
2637.00000000	5.99271
2637.50000000	5.99166
2638.00000000	5.99001
2638.50000000	5.98824
2639.00000000	5.98652
2639.50000000	5.98410
2640.00000000	5.98324
2640.50000000	5.98136
2641.00000000	5.97884
2641.50000000	5.97742
2642.00000000	5.97580
2642.50000000	5.97345
2643.00000000	5.97175
2643.50000000	5.96984
2644.00000000	5.96975
2644.50000000	5.97019
2645.00000000	5.96984
2645.50000000	5.96908
2646.00000000	5.96787
2646.50000000	5.96665
2647.00000000	5.96587
2647.50000000	5.96575
2648.00000000	5.96454
2648.50000000	5.96419
2649.00000000	5.96334
2649.50000000	5.96161
2650.00000000	5.96031
2650.50000000	5.95768
2651.00000000	5.95497
2651.50000000	5.95334
2652.00000000	5.95060
2652.50000000	5.94797
2653.00000000	5.94776
