0.00000000	7.84895
0.50000000	7.85035
1.00000000	7.85020
1.50000000	7.85104
2.00000000	7.85146
2.50000000	7.85309
3.00000000	7.85645
3.50000000	7.86053
4.00000000	7.86337
4.50000000	7.86574
5.00000000	7.86792
5.50000000	7.86921
6.00000000	7.87165
6.50000000	7.87258
7.00000000	7.87243
7.50000000	7.87162
8.00000000	7.87136
8.50000000	7.87247
9.00000000	7.87515
9.50000000	7.87731
10.00000000	7.87964
10.50000000	7.88185
11.00000000	7.88466
11.50000000	7.88723
12.00000000	7.89071
12.50000000	7.89378
13.00000000	7.89647
13.50000000	7.89941
14.00000000	7.90253
14.50000000	7.90576
15.00000000	7.90765
15.50000000	7.90813
16.00000000	7.90881
16.50000000	7.90953
17.00000000	7.91167
17.50000000	7.91432
18.00000000	7.91727
18.50000000	7.92020
19.00000000	7.92352
19.50000000	7.92454
20.00000000	7.92520
20.50000000	7.92434
21.00000000	7.92262
21.50000000	7.92069
22.00000000	7.91904
22.50000000	7.91766
23.00000000	7.91552
23.50000000	7.91456
24.00000000	7.91447
24.50000000	7.91450
25.00000000	7.91519
25.50000000	7.91575
26.00000000	7.91646
26.50000000	7.91800
27.00000000	7.91861
27.50000000	7.91926
28.00000000	7.92044
28.50000000	7.92083
29.00000000	7.92243
29.50000000	7.92521
30.00000000	7.92812
30.50000000	7.93072
31.00000000	7.93248
31.50000000	7.93413
32.00000000	7.93635
32.50000000	7.93948
33.00000000	7.94142
33.50000000	7.94281
34.00000000	7.94420
34.50000000	7.94397
35.00000000	7.94547
35.50000000	7.94615
36.00000000	7.94619
36.50000000	7.94599
37.00000000	7.94502
37.50000000	7.94298
38.00000000	7.94177
38.50000000	7.94067
39.00000000	7.94060
39.50000000	7.94139
40.00000000	7.94290
40.50000000	7.94411
41.00000000	7.94575
41.50000000	7.94674
42.00000000	7.94624
42.50000000	7.94541
43.00000000	7.94288
43.50000000	7.94014
44.00000000	7.93876
44.50000000	7.93848
45.00000000	7.93726
45.50000000	7.93714
46.00000000	7.93644
46.50000000	7.93648
47.00000000	7.93665
47.50000000	7.93652
48.00000000	7.93736
48.50000000	7.93922
49.00000000	7.94103
49.50000000	7.94334
50.00000000	7.94366
50.50000000	7.94429
51.00000000	7.94568
51.50000000	7.94797
52.00000000	7.94921
52.50000000	7.95009
53.00000000	7.95048
53.50000000	7.95024
54.00000000	7.95048
54.50000000	7.95171
55.00000000	7.95219
55.50000000	7.95171
56.00000000	7.95255
56.50000000	7.95456
57.00000000	7.95596
57.50000000	7.95753
58.00000000	7.95892
58.50000000	7.95982
59.00000000	7.96000
59.50000000	7.96059
60.00000000	7.96193
60.50000000	7.96382
61.00000000	7.96575
61.50000000	7.96820
62.00000000	7.96904
62.50000000	7.96914
63.00000000	7.96852
63.50000000	7.96816
64.00000000	7.96839
64.50000000	7.96894
65.00000000	7.96944
65.50000000	7.96975
66.00000000	7.97040
66.50000000	7.97116
67.00000000	7.97112
67.50000000	7.97170
68.00000000	7.97342
68.50000000	7.97396
69.00000000	7.97343
69.50000000	7.97310
70.00000000	7.97210
70.50000000	7.97238
71.00000000	7.97163
71.50000000	7.97194
72.00000000	7.97294
72.50000000	7.97396
73.00000000	7.97386
73.50000000	7.97476
74.00000000	7.97552
74.50000000	7.97569
75.00000000	7.97609
75.50000000	7.97725
76.00000000	7.97798
76.50000000	7.97823
77.00000000	7.97665
77.50000000	7.97560
78.00000000	7.97495
78.50000000	7.97449
79.00000000	7.97336
79.50000000	7.97255
80.00000000	7.97167
80.50000000	7.97150
81.00000000	7.97141
81.50000000	7.97121
82.00000000	7.97040
82.50000000	7.96965
83.00000000	7.96870
83.50000000	7.96750
84.00000000	7.96830
84.50000000	7.96921
85.00000000	7.96862
85.50000000	7.96683
86.00000000	7.96528
86.50000000	7.96262
87.00000000	7.96069
87.50000000	7.95964
88.00000000	7.95894
88.50000000	7.95893
89.00000000	7.95988
89.50000000	7.96105
90.00000000	7.96166
90.50000000	7.96067
91.00000000	7.95961
91.50000000	7.95841
92.00000000	7.95714
92.50000000	7.95644
93.00000000	7.95579
93.50000000	7.95572
94.00000000	7.95530
94.50000000	7.95472
95.00000000	7.95393
95.50000000	7.95209
96.00000000	7.94944
96.50000000	7.94787
97.00000000	7.94616
97.50000000	7.94456
98.00000000	7.94322
98.50000000	7.94253
99.00000000	7.94201
99.50000000	7.94063
100.00000000	7.94009
100.50000000	7.93894
101.00000000	7.93715
101.50000000	7.93469
102.00000000	7.93273
102.50000000	7.93186
103.00000000	7.93112
103.50000000	7.93161
104.00000000	7.93059
104.50000000	7.93055
105.00000000	7.92946
105.50000000	7.92819
106.00000000	7.92862
106.50000000	7.92881
107.00000000	7.93032
107.50000000	7.93181
108.00000000	7.93261
108.50000000	7.93324
109.00000000	7.93335
109.50000000	7.93361
110.00000000	7.93291
110.50000000	7.93254
111.00000000	7.93039
111.50000000	7.92936
112.00000000	7.92914
112.50000000	7.92978
113.00000000	7.93066
113.50000000	7.93223
114.00000000	7.93317
114.50000000	7.93289
115.00000000	7.93200
115.50000000	7.93187
116.00000000	7.93112
116.50000000	7.93191
117.00000000	7.93135
117.50000000	7.92969
118.00000000	7.92730
118.50000000	7.92625
119.00000000	7.92546
119.50000000	7.92419
120.00000000	7.92276
120.50000000	7.92015
121.00000000	7.91790
121.50000000	7.91578
122.00000000	7.91223
122.50000000	7.90811
123.00000000	7.90233
123.50000000	7.89660
124.00000000	7.89144
124.50000000	7.88542
125.00000000	7.87931
125.50000000	7.87341
126.00000000	7.86829
126.50000000	7.86339
127.00000000	7.85830
127.50000000	7.85466
128.00000000	7.84994
128.50000000	7.84516
129.00000000	7.84049
129.50000000	7.83625
130.00000000	7.83220
130.50000000	7.82761
131.00000000	7.82306
131.50000000	7.81918
132.00000000	7.81568
132.50000000	7.81253
133.00000000	7.81010
133.50000000	7.80701
134.00000000	7.80499
134.50000000	7.80340
135.00000000	7.80256
135.50000000	7.80182
136.00000000	7.80130
136.50000000	7.80131
137.00000000	7.80188
137.50000000	7.80333
138.00000000	7.80521
138.50000000	7.80710
139.00000000	7.80768
139.50000000	7.80721
140.00000000	7.80744
140.50000000	7.80718
141.00000000	7.80591
141.50000000	7.80505
142.00000000	7.80307
142.50000000	7.80205
143.00000000	7.80240
143.50000000	7.80282
144.00000000	7.80184
144.50000000	7.80111
145.00000000	7.80088
145.50000000	7.80124
146.00000000	7.80279
146.50000000	7.80319
147.00000000	7.80279
147.50000000	7.80195
148.00000000	7.80024
148.50000000	7.79760
149.00000000	7.79406
149.50000000	7.79246
150.00000000	7.79068
150.50000000	7.78903
151.00000000	7.78705
151.50000000	7.78445
152.00000000	7.78148
152.50000000	7.77969
153.00000000	7.77836
153.50000000	7.77642
154.00000000	7.77522
154.50000000	7.77515
155.00000000	7.77513
155.50000000	7.77476
156.00000000	7.77350
156.50000000	7.77138
157.00000000	7.76850
157.50000000	7.76673
158.00000000	7.76543
158.50000000	7.76303
159.00000000	7.76027
159.50000000	7.75812
160.00000000	7.75642
160.50000000	7.75596
161.00000000	7.75527
161.50000000	7.75521
162.00000000	7.75389
162.50000000	7.75468
163.00000000	7.75707
163.50000000	7.76023
164.00000000	7.76301
164.50000000	7.76674
165.00000000	7.77035
165.50000000	7.77330
166.00000000	7.77526
166.50000000	7.77775
167.00000000	7.77969
167.50000000	7.78178
168.00000000	7.78401
168.50000000	7.78704
169.00000000	7.78937
169.50000000	7.79244
170.00000000	7.79704
170.50000000	7.80129
171.00000000	7.80542
171.50000000	7.80969
172.00000000	7.81267
172.50000000	7.81396
173.00000000	7.81438
173.50000000	7.81498
174.00000000	7.81551
174.50000000	7.81587
175.00000000	7.81530
175.50000000	7.81549
176.00000000	7.81544
176.50000000	7.81473
177.00000000	7.81370
177.50000000	7.81178
178.00000000	7.81235
178.50000000	7.81144
179.00000000	7.81040
179.50000000	7.80841
180.00000000	7.80595
180.50000000	7.80306
181.00000000	7.80004
181.50000000	7.79587
182.00000000	7.79252
182.50000000	7.78944
183.00000000	7.78645
183.50000000	7.78281
184.00000000	7.77858
184.50000000	7.77492
185.00000000	7.77088
185.50000000	7.76619
186.00000000	7.76175
186.50000000	7.75828
187.00000000	7.75543
187.50000000	7.75288
188.00000000	7.75207
188.50000000	7.75125
189.00000000	7.75087
189.50000000	7.74879
190.00000000	7.74644
190.50000000	7.74450
191.00000000	7.74317
191.50000000	7.74462
192.00000000	7.74664
192.50000000	7.74748
193.00000000	7.74846
193.50000000	7.74951
194.00000000	7.75060
194.50000000	7.75150
195.00000000	7.75091
195.50000000	7.75169
196.00000000	7.75339
196.50000000	7.75338
197.00000000	7.75326
197.50000000	7.75298
198.00000000	7.75225
198.50000000	7.75100
199.00000000	7.75016
199.50000000	7.74980
200.00000000	7.74888
200.50000000	7.74783
201.00000000	7.74623
201.50000000	7.74526
202.00000000	7.74422
202.50000000	7.74383
203.00000000	7.74314
203.50000000	7.74455
204.00000000	7.74509
204.50000000	7.74422
205.00000000	7.74442
205.50000000	7.74334
206.00000000	7.74243
206.50000000	7.74121
207.00000000	7.73935
207.50000000	7.73703
208.00000000	7.73641
208.50000000	7.73580
209.00000000	7.73509
209.50000000	7.73365
210.00000000	7.73107
210.50000000	7.72771
211.00000000	7.72278
211.50000000	7.71764
212.00000000	7.71202
212.50000000	7.70620
213.00000000	7.70081
213.50000000	7.69654
214.00000000	7.69278
214.50000000	7.68986
215.00000000	7.68698
215.50000000	7.68402
216.00000000	7.68043
216.50000000	7.67841
217.00000000	7.67525
217.50000000	7.67284
218.00000000	7.67075
218.50000000	7.66821
219.00000000	7.66523
219.50000000	7.66303
220.00000000	7.65994
220.50000000	7.65761
221.00000000	7.65614
221.50000000	7.65657
222.00000000	7.65640
222.50000000	7.65668
223.00000000	7.65579
223.50000000	7.65518
224.00000000	7.65458
224.50000000	7.65480
225.00000000	7.65367
225.50000000	7.65206
226.00000000	7.64989
226.50000000	7.64755
227.00000000	7.64403
227.50000000	7.64076
228.00000000	7.63768
228.50000000	7.63410
229.00000000	7.62917
229.50000000	7.62250
230.00000000	7.61743
230.50000000	7.61207
231.00000000	7.60786
231.50000000	7.60375
232.00000000	7.59935
232.50000000	7.59595
233.00000000	7.59241
233.50000000	7.58843
234.00000000	7.58528
234.50000000	7.58159
235.00000000	7.57884
235.50000000	7.57584
236.00000000	7.57162
236.50000000	7.56719
237.00000000	7.56335
237.50000000	7.55983
238.00000000	7.55538
238.50000000	7.55198
239.00000000	7.54923
239.50000000	7.54798
240.00000000	7.54615
240.50000000	7.54433
241.00000000	7.54239
241.50000000	7.54076
242.00000000	7.53999
242.50000000	7.53815
243.00000000	7.53552
243.50000000	7.53313
244.00000000	7.53209
244.50000000	7.53091
245.00000000	7.53048
245.50000000	7.52890
246.00000000	7.52825
246.50000000	7.52792
247.00000000	7.52703
247.50000000	7.52698
248.00000000	7.52662
248.50000000	7.52675
249.00000000	7.52533
249.50000000	7.52417
250.00000000	7.52354
250.50000000	7.52328
251.00000000	7.52195
251.50000000	7.52011
252.00000000	7.51764
252.50000000	7.51411
253.00000000	7.51124
253.50000000	7.51087
254.00000000	7.51084
254.50000000	7.51019
255.00000000	7.51013
255.50000000	7.50970
256.00000000	7.50873
256.50000000	7.50864
257.00000000	7.50959
257.50000000	7.50984
258.00000000	7.51076
258.50000000	7.51173
259.00000000	7.51254
259.50000000	7.51291
260.00000000	7.51253
260.50000000	7.51253
261.00000000	7.51173
261.50000000	7.51078
262.00000000	7.51004
262.50000000	7.50965
263.00000000	7.50812
263.50000000	7.50797
264.00000000	7.50760
264.50000000	7.50731
265.00000000	7.50807
265.50000000	7.50909
266.00000000	7.50952
266.50000000	7.50966
267.00000000	7.51120
267.50000000	7.51230
268.00000000	7.51300
268.50000000	7.51340
269.00000000	7.51375
269.50000000	7.51449
270.00000000	7.51416
270.50000000	7.51337
271.00000000	7.51157
271.50000000	7.51026
272.00000000	7.50914
272.50000000	7.50752
273.00000000	7.50523
273.50000000	7.50314
274.00000000	7.49829
274.50000000	7.49370
275.00000000	7.48917
275.50000000	7.48425
276.00000000	7.47809
276.50000000	7.47282
277.00000000	7.46797
277.50000000	7.46408
278.00000000	7.46065
278.50000000	7.45525
279.00000000	7.45019
279.50000000	7.44645
280.00000000	7.44150
280.50000000	7.43676
281.00000000	7.43252
281.50000000	7.42953
282.00000000	7.42645
282.50000000	7.42276
283.00000000	7.41946
283.50000000	7.41684
284.00000000	7.41496
284.50000000	7.41312
285.00000000	7.41156
285.50000000	7.41080
286.00000000	7.40840
286.50000000	7.40298
287.00000000	7.39789
287.50000000	7.39398
288.00000000	7.39076
288.50000000	7.38858
289.00000000	7.38647
289.50000000	7.38401
290.00000000	7.38108
290.50000000	7.37803
291.00000000	7.37513
291.50000000	7.37149
292.00000000	7.36853
292.50000000	7.36667
293.00000000	7.36518
293.50000000	7.36313
294.00000000	7.36039
294.50000000	7.35833
295.00000000	7.35621
295.50000000	7.35448
296.00000000	7.35084
296.50000000	7.34547
297.00000000	7.34177
297.50000000	7.33789
298.00000000	7.33618
298.50000000	7.33436
299.00000000	7.33043
299.50000000	7.32757
300.00000000	7.32365
300.50000000	7.32088
301.00000000	7.31783
301.50000000	7.31421
302.00000000	7.31050
302.50000000	7.30597
303.00000000	7.30185
303.50000000	7.29783
304.00000000	7.29424
304.50000000	7.29022
305.00000000	7.28687
305.50000000	7.28319
306.00000000	7.27955
306.50000000	7.27492
307.00000000	7.27113
307.50000000	7.26852
308.00000000	7.26592
308.50000000	7.26362
309.00000000	7.26194
309.50000000	7.25948
310.00000000	7.25679
310.50000000	7.25546
311.00000000	7.25349
311.50000000	7.25260
312.00000000	7.25108
312.50000000	7.24902
313.00000000	7.24546
313.50000000	7.24217
314.00000000	7.23823
314.50000000	7.23378
315.00000000	7.22813
315.50000000	7.22161
316.00000000	7.21628
316.50000000	7.20947
317.00000000	7.20381
317.50000000	7.19794
318.00000000	7.19258
318.50000000	7.18733
319.00000000	7.18247
319.50000000	7.17979
320.00000000	7.17805
320.50000000	7.17635
321.00000000	7.17498
321.50000000	7.17360
322.00000000	7.17193
322.50000000	7.17152
323.00000000	7.17026
323.50000000	7.17032
324.00000000	7.16897
324.50000000	7.16739
325.00000000	7.16750
325.50000000	7.16687
326.00000000	7.16548
326.50000000	7.16436
327.00000000	7.16559
327.50000000	7.16544
328.00000000	7.16410
328.50000000	7.16237
329.00000000	7.16085
329.50000000	7.16009
330.00000000	7.15970
330.50000000	7.15821
331.00000000	7.15755
331.50000000	7.15688
332.00000000	7.15399
332.50000000	7.15123
333.00000000	7.14831
333.50000000	7.14560
334.00000000	7.14153
334.50000000	7.13622
335.00000000	7.13148
335.50000000	7.12698
336.00000000	7.12353
336.50000000	7.12186
337.00000000	7.11916
337.50000000	7.11728
338.00000000	7.11382
338.50000000	7.10914
339.00000000	7.10441
339.50000000	7.09922
340.00000000	7.09457
340.50000000	7.08984
341.00000000	7.08446
341.50000000	7.07899
342.00000000	7.07222
342.50000000	7.06607
343.00000000	7.06045
343.50000000	7.05464
344.00000000	7.04887
344.50000000	7.04313
345.00000000	7.03819
345.50000000	7.03251
346.00000000	7.02599
346.50000000	7.02161
347.00000000	7.01614
347.50000000	7.01204
348.00000000	7.00695
348.50000000	7.00202
349.00000000	6.99702
349.50000000	6.99283
350.00000000	6.98911
350.50000000	6.98546
351.00000000	6.98199
351.50000000	6.97790
352.00000000	6.97346
352.50000000	6.96990
353.00000000	6.96634
353.50000000	6.96365
354.00000000	6.96122
354.50000000	6.95853
355.00000000	6.95563
355.50000000	6.95322
356.00000000	6.95146
356.50000000	6.95035
357.00000000	6.95048
357.50000000	6.95053
358.00000000	6.95000
358.50000000	6.95054
359.00000000	6.95057
359.50000000	6.95033
360.00000000	6.94980
360.50000000	6.95029
361.00000000	6.95041
361.50000000	6.94915
362.00000000	6.94813
362.50000000	6.94805
363.00000000	6.94788
363.50000000	6.94757
364.00000000	6.94788
364.50000000	6.94724
365.00000000	6.94706
365.50000000	6.94752
366.00000000	6.94960
366.50000000	6.95039
367.00000000	6.95143
367.50000000	6.95268
368.00000000	6.95442
368.50000000	6.95576
369.00000000	6.95634
369.50000000	6.95775
370.00000000	6.95904
370.50000000	6.96013
371.00000000	6.96180
371.50000000	6.96355
372.00000000	6.96473
372.50000000	6.96528
373.00000000	6.96664
373.50000000	6.96825
374.00000000	6.97022
374.50000000	6.97135
375.00000000	6.97206
375.50000000	6.97429
376.00000000	6.97711
376.50000000	6.97783
377.00000000	6.97833
377.50000000	6.97761
378.00000000	6.97696
378.50000000	6.97784
379.00000000	6.98029
379.50000000	6.98258
380.00000000	6.98526
380.50000000	6.98795
381.00000000	6.99056
381.50000000	6.99325
382.00000000	6.99494
382.50000000	6.99627
383.00000000	6.99772
383.50000000	6.99931
384.00000000	6.99949
384.50000000	6.99729
385.00000000	6.99525
385.50000000	6.99254
386.00000000	6.99109
386.50000000	6.98971
387.00000000	6.98731
387.50000000	6.98524
388.00000000	6.98263
388.50000000	6.97978
389.00000000	6.97679
389.50000000	6.97441
390.00000000	6.97408
390.50000000	6.97299
391.00000000	6.97219
391.50000000	6.97128
392.00000000	6.97089
392.50000000	6.96920
393.00000000	6.96751
393.50000000	6.96617
394.00000000	6.96558
394.50000000	6.96513
395.00000000	6.96379
395.50000000	6.96178
396.00000000	6.95944
396.50000000	6.95755
397.00000000	6.95463
397.50000000	6.95230
398.00000000	6.95046
398.50000000	6.94940
399.00000000	6.94873
399.50000000	6.94798
400.00000000	6.94820
400.50000000	6.94795
401.00000000	6.94779
401.50000000	6.94625
402.00000000	6.94435
402.50000000	6.94184
403.00000000	6.93980
403.50000000	6.93782
404.00000000	6.93573
404.50000000	6.93340
405.00000000	6.93071
405.50000000	6.92964
406.00000000	6.92901
406.50000000	6.92894
407.00000000	6.92928
407.50000000	6.92947
408.00000000	6.93004
408.50000000	6.92999
409.00000000	6.93018
409.50000000	6.93122
410.00000000	6.93278
410.50000000	6.93316
411.00000000	6.93420
411.50000000	6.93547
412.00000000	6.93671
412.50000000	6.93638
413.00000000	6.93503
413.50000000	6.93321
414.00000000	6.93149
414.50000000	6.93083
415.00000000	6.93154
415.50000000	6.93357
416.00000000	6.93368
416.50000000	6.93382
417.00000000	6.93307
417.50000000	6.93194
418.00000000	6.93102
418.50000000	6.93117
419.00000000	6.93095
419.50000000	6.93088
420.00000000	6.93098
420.50000000	6.93111
421.00000000	6.93231
421.50000000	6.93427
422.00000000	6.93668
422.50000000	6.93901
423.00000000	6.93905
423.50000000	6.93824
424.00000000	6.93772
424.50000000	6.93665
425.00000000	6.93603
425.50000000	6.93423
426.00000000	6.93182
426.50000000	6.92890
427.00000000	6.92611
427.50000000	6.92586
428.00000000	6.92627
428.50000000	6.92591
429.00000000	6.92651
429.50000000	6.92716
430.00000000	6.92816
430.50000000	6.92894
431.00000000	6.92968
431.50000000	6.93006
432.00000000	6.93089
432.50000000	6.93120
433.00000000	6.93210
433.50000000	6.93399
434.00000000	6.93401
434.50000000	6.93449
435.00000000	6.93450
435.50000000	6.93412
436.00000000	6.93425
436.50000000	6.93532
437.00000000	6.93626
437.50000000	6.93801
438.00000000	6.93978
438.50000000	6.94197
439.00000000	6.94472
439.50000000	6.94614
440.00000000	6.94744
440.50000000	6.95010
441.00000000	6.95295
441.50000000	6.95575
442.00000000	6.95769
442.50000000	6.95857
443.00000000	6.95771
443.50000000	6.95654
444.00000000	6.95480
444.50000000	6.95303
445.00000000	6.95210
445.50000000	6.95241
446.00000000	6.95143
446.50000000	6.95148
447.00000000	6.95312
447.50000000	6.95454
448.00000000	6.95649
448.50000000	6.95754
449.00000000	6.95837
449.50000000	6.96037
450.00000000	6.96228
450.50000000	6.96308
451.00000000	6.96238
451.50000000	6.96148
452.00000000	6.95984
452.50000000	6.95715
453.00000000	6.95513
453.50000000	6.95404
454.00000000	6.95403
454.50000000	6.95411
455.00000000	6.95361
455.50000000	6.95330
456.00000000	6.95303
456.50000000	6.95109
457.00000000	6.94891
457.50000000	6.94789
458.00000000	6.94752
458.50000000	6.94780
459.00000000	6.95036
459.50000000	6.95311
460.00000000	6.95597
460.50000000	6.95813
461.00000000	6.95932
461.50000000	6.95987
462.00000000	6.96056
462.50000000	6.96070
463.00000000	6.96231
463.50000000	6.96376
464.00000000	6.96571
464.50000000	6.96765
465.00000000	6.96887
465.50000000	6.97015
466.00000000	6.97161
466.50000000	6.97273
467.00000000	6.97375
467.50000000	6.97488
468.00000000	6.97679
468.50000000	6.97943
469.00000000	6.98159
469.50000000	6.98359
470.00000000	6.98473
470.50000000	6.98621
471.00000000	6.98650
471.50000000	6.98789
472.00000000	6.98767
472.50000000	6.98897
473.00000000	6.98976
473.50000000	6.99005
474.00000000	6.99072
474.50000000	6.99013
475.00000000	6.98896
475.50000000	6.98818
476.00000000	6.98698
476.50000000	6.98818
477.00000000	6.98953
477.50000000	6.99292
478.00000000	6.99562
478.50000000	6.99893
479.00000000	7.00155
479.50000000	7.00386
480.00000000	7.00485
480.50000000	7.00687
481.00000000	7.00974
481.50000000	7.01217
482.00000000	7.01524
482.50000000	7.01881
483.00000000	7.02180
483.50000000	7.02336
484.00000000	7.02497
484.50000000	7.02710
485.00000000	7.02938
485.50000000	7.03167
486.00000000	7.03445
486.50000000	7.03624
487.00000000	7.03752
487.50000000	7.03938
488.00000000	7.04125
488.50000000	7.04265
489.00000000	7.04377
489.50000000	7.04463
490.00000000	7.04379
490.50000000	7.04167
491.00000000	7.03956
491.50000000	7.03852
492.00000000	7.03820
492.50000000	7.03805
493.00000000	7.03698
493.50000000	7.03616
494.00000000	7.03609
494.50000000	7.03568
495.00000000	7.03598
495.50000000	7.03606
496.00000000	7.03651
496.50000000	7.03758
497.00000000	7.03903
497.50000000	7.04009
498.00000000	7.04088
498.50000000	7.04195
499.00000000	7.04365
499.50000000	7.04614
500.00000000	7.04819
500.50000000	7.04835
501.00000000	7.04905
501.50000000	7.04826
502.00000000	7.04704
502.50000000	7.04621
503.00000000	7.04573
503.50000000	7.04690
504.00000000	7.04694
504.50000000	7.04771
505.00000000	7.04791
505.50000000	7.04781
506.00000000	7.04725
506.50000000	7.04789
507.00000000	7.04811
507.50000000	7.04746
508.00000000	7.04689
508.50000000	7.04675
509.00000000	7.04638
509.50000000	7.04408
510.00000000	7.04184
510.50000000	7.04080
511.00000000	7.04028
511.50000000	7.03956
512.00000000	7.03728
512.50000000	7.03615
513.00000000	7.03516
513.50000000	7.03420
514.00000000	7.03133
514.50000000	7.02965
515.00000000	7.02853
515.50000000	7.02667
516.00000000	7.02552
516.50000000	7.02563
517.00000000	7.02552
517.50000000	7.02603
518.00000000	7.02686
518.50000000	7.02711
519.00000000	7.02837
519.50000000	7.02722
520.00000000	7.02732
520.50000000	7.02680
521.00000000	7.02658
521.50000000	7.02723
522.00000000	7.02790
522.50000000	7.02944
523.00000000	7.02995
523.50000000	7.03239
524.00000000	7.03478
524.50000000	7.03526
525.00000000	7.03532
525.50000000	7.03638
526.00000000	7.03811
526.50000000	7.04124
527.00000000	7.04294
527.50000000	7.04337
528.00000000	7.04576
528.50000000	7.04748
529.00000000	7.05015
529.50000000	7.05265
530.00000000	7.05578
530.50000000	7.05933
531.00000000	7.06225
531.50000000	7.06529
532.00000000	7.06769
532.50000000	7.06992
533.00000000	7.07154
533.50000000	7.07314
534.00000000	7.07564
534.50000000	7.07708
535.00000000	7.07885
535.50000000	7.07982
536.00000000	7.08041
536.50000000	7.08147
537.00000000	7.08369
537.50000000	7.08587
538.00000000	7.08860
538.50000000	7.09174
539.00000000	7.09432
539.50000000	7.09753
540.00000000	7.09951
540.50000000	7.10312
541.00000000	7.10710
541.50000000	7.11094
542.00000000	7.11444
542.50000000	7.11758
543.00000000	7.11990
543.50000000	7.12374
544.00000000	7.12699
544.50000000	7.12901
545.00000000	7.13142
545.50000000	7.13402
546.00000000	7.13513
546.50000000	7.13640
547.00000000	7.13848
547.50000000	7.13998
548.00000000	7.14200
548.50000000	7.14330
549.00000000	7.14415
549.50000000	7.14421
550.00000000	7.14488
550.50000000	7.14607
551.00000000	7.14833
551.50000000	7.15118
552.00000000	7.15221
552.50000000	7.15308
553.00000000	7.15362
553.50000000	7.15585
554.00000000	7.15912
554.50000000	7.16148
555.00000000	7.16332
555.50000000	7.16414
556.00000000	7.16410
556.50000000	7.16472
557.00000000	7.16367
557.50000000	7.16296
558.00000000	7.16108
558.50000000	7.15893
559.00000000	7.15770
559.50000000	7.15686
560.00000000	7.15691
560.50000000	7.15613
561.00000000	7.15404
561.50000000	7.15128
562.00000000	7.14963
562.50000000	7.14691
563.00000000	7.14300
563.50000000	7.14096
564.00000000	7.13871
564.50000000	7.13630
565.00000000	7.13423
565.50000000	7.13454
566.00000000	7.13525
566.50000000	7.13651
