410.00000000	5.54503
410.50000000	5.54603
411.00000000	5.54769
411.50000000	5.54909
412.00000000	5.55137
412.50000000	5.55350
413.00000000	5.55516
413.50000000	5.55687
414.00000000	5.55873
414.50000000	5.56080
415.00000000	5.56149
415.50000000	5.56058
416.00000000	5.55994
416.50000000	5.55898
417.00000000	5.55941
417.50000000	5.56023
418.00000000	5.56125
418.50000000	5.56238
419.00000000	5.56391
419.50000000	5.56323
420.00000000	5.56207
420.50000000	5.55963
421.00000000	5.55627
421.50000000	5.55283
422.00000000	5.54968
422.50000000	5.54661
423.00000000	5.54265
423.50000000	5.53966
424.00000000	5.53745
424.50000000	5.53512
425.00000000	5.53333
425.50000000	5.53139
426.00000000	5.52961
426.50000000	5.52834
427.00000000	5.52614
427.50000000	5.52402
428.00000000	5.52238
428.50000000	5.51990
429.00000000	5.51881
429.50000000	5.51893
430.00000000	5.51938
430.50000000	5.51970
431.00000000	5.51938
431.50000000	5.51896
432.00000000	5.51912
432.50000000	5.52012
433.00000000	5.52004
433.50000000	5.51951
434.00000000	5.51910
434.50000000	5.51719
435.00000000	5.51704
435.50000000	5.51604
436.00000000	5.51470
436.50000000	5.51318
437.00000000	5.51105
437.50000000	5.50783
438.00000000	5.50534
438.50000000	5.50301
439.00000000	5.50174
439.50000000	5.50138
440.00000000	5.50173
440.50000000	5.50165
441.00000000	5.50223
441.50000000	5.50215
442.00000000	5.50070
442.50000000	5.49899
443.00000000	5.49557
443.50000000	5.49205
444.00000000	5.48977
444.50000000	5.48860
445.00000000	5.48663
445.50000000	5.48592
446.00000000	5.48502
446.50000000	5.48513
447.00000000	5.48576
447.50000000	5.48625
448.00000000	5.48762
448.50000000	5.49007
449.00000000	5.49237
449.50000000	5.49498
450.00000000	5.49578
450.50000000	5.49691
451.00000000	5.49883
451.50000000	5.50144
452.00000000	5.50300
452.50000000	5.50403
453.00000000	5.50456
453.50000000	5.50445
454.00000000	5.50471
454.50000000	5.50579
455.00000000	5.50616
455.50000000	5.50556
456.00000000	5.50625
456.50000000	5.50819
457.00000000	5.50952
457.50000000	5.51092
458.00000000	5.51221
458.50000000	5.51296
459.00000000	5.51298
459.50000000	5.51337
460.00000000	5.51445
460.50000000	5.51611
461.00000000	5.51771
461.50000000	5.51970
462.00000000	5.52004
462.50000000	5.51964
463.00000000	5.51845
463.50000000	5.51743
464.00000000	5.51687
464.50000000	5.51656
465.00000000	5.51609
465.50000000	5.51529
466.00000000	5.51490
466.50000000	5.51464
467.00000000	5.51355
467.50000000	5.51302
468.00000000	5.51371
468.50000000	5.51338
469.00000000	5.51206
469.50000000	5.51108
470.00000000	5.50987
470.50000000	5.51021
471.00000000	5.50980
471.50000000	5.51048
472.00000000	5.51209
472.50000000	5.51387
473.00000000	5.51452
473.50000000	5.51618
474.00000000	5.51765
474.50000000	5.51853
475.00000000	5.51952
475.50000000	5.52124
476.00000000	5.52253
476.50000000	5.52356
477.00000000	5.52280
477.50000000	5.52270
478.00000000	5.52304
478.50000000	5.52351
479.00000000	5.52345
479.50000000	5.52380
480.00000000	5.52418
480.50000000	5.52525
481.00000000	5.52619
481.50000000	5.52719
482.00000000	5.52766
482.50000000	5.52834
483.00000000	5.52886
483.50000000	5.52914
484.00000000	5.53140
484.50000000	5.53401
485.00000000	5.53517
485.50000000	5.53528
486.00000000	5.53579
486.50000000	5.53527
487.00000000	5.53546
487.50000000	5.53635
488.00000000	5.53773
488.50000000	5.53962
489.00000000	5.54223
489.50000000	5.54490
490.00000000	5.54690
490.50000000	5.54728
491.00000000	5.54755
491.50000000	5.54777
492.00000000	5.54785
492.50000000	5.54834
493.00000000	5.54874
493.50000000	5.54990
494.00000000	5.55067
494.50000000	5.55123
495.00000000	5.55138
495.50000000	5.55036
496.00000000	5.54858
496.50000000	5.54773
497.00000000	5.54677
497.50000000	5.54588
498.00000000	5.54506
498.50000000	5.54481
499.00000000	5.54470
499.50000000	5.54395
500.00000000	5.54408
500.50000000	5.54353
501.00000000	5.54242
501.50000000	5.54068
502.00000000	5.53946
502.50000000	5.53933
503.00000000	5.53931
503.50000000	5.54065
504.00000000	5.54058
504.50000000	5.54147
505.00000000	5.54140
505.50000000	5.54113
506.00000000	5.54246
506.50000000	5.54345
507.00000000	5.54592
507.50000000	5.54834
508.00000000	5.55005
508.50000000	5.55160
509.00000000	5.55265
509.50000000	5.55388
510.00000000	5.55397
510.50000000	5.55450
511.00000000	5.55335
511.50000000	5.55317
512.00000000	5.55386
512.50000000	5.55561
513.00000000	5.55777
513.50000000	5.56070
514.00000000	5.56310
514.50000000	5.56436
515.00000000	5.56493
515.50000000	5.56632
516.00000000	5.56703
516.50000000	5.56941
517.00000000	5.57044
517.50000000	5.57033
518.00000000	5.56932
518.50000000	5.56960
519.00000000	5.57011
519.50000000	5.56998
520.00000000	5.56960
520.50000000	5.56784
521.00000000	5.56634
521.50000000	5.56492
522.00000000	5.56193
522.50000000	5.55830
523.00000000	5.55293
523.50000000	5.54760
524.00000000	5.54291
524.50000000	5.53731
525.00000000	5.53156
525.50000000	5.52613
526.00000000	5.52146
526.50000000	5.51706
527.00000000	5.51257
527.50000000	5.50968
528.00000000	5.50587
528.50000000	5.50210
529.00000000	5.49842
529.50000000	5.49533
530.00000000	5.49261
530.50000000	5.48934
531.00000000	5.48601
531.50000000	5.48338
532.00000000	5.48110
532.50000000	5.47904
533.00000000	5.47765
533.50000000	5.47558
534.00000000	5.47444
534.50000000	5.47366
535.00000000	5.47347
535.50000000	5.47344
536.00000000	5.47370
536.50000000	5.47441
537.00000000	5.47580
537.50000000	5.47821
538.00000000	5.48116
538.50000000	5.48421
539.00000000	5.48616
539.50000000	5.48736
540.00000000	5.48930
540.50000000	5.49086
541.00000000	5.49146
541.50000000	5.49234
542.00000000	5.49207
542.50000000	5.49268
543.00000000	5.49459
543.50000000	5.49668
544.00000000	5.49723
544.50000000	5.49785
545.00000000	5.49901
545.50000000	5.50053
546.00000000	5.50308
546.50000000	5.50458
547.00000000	5.50534
547.50000000	5.50577
548.00000000	5.50537
548.50000000	5.50421
549.00000000	5.50241
549.50000000	5.50260
550.00000000	5.50283
550.50000000	5.50332
551.00000000	5.50362
551.50000000	5.50311
552.00000000	5.50208
552.50000000	5.50217
553.00000000	5.50268
553.50000000	5.50244
554.00000000	5.50264
554.50000000	5.50381
555.00000000	5.50500
555.50000000	5.50566
556.00000000	5.50514
556.50000000	5.50336
557.00000000	5.50083
557.50000000	5.49926
558.00000000	5.49816
558.50000000	5.49594
559.00000000	5.49331
559.50000000	5.49140
560.00000000	5.48990
560.50000000	5.48966
561.00000000	5.48938
561.50000000	5.48982
562.00000000	5.48901
562.50000000	5.49026
563.00000000	5.49296
563.50000000	5.49648
564.00000000	5.49939
564.50000000	5.50292
565.00000000	5.50628
565.50000000	5.50882
566.00000000	5.51031
566.50000000	5.51225
567.00000000	5.51362
567.50000000	5.51520
568.00000000	5.51685
568.50000000	5.51914
569.00000000	5.52091
569.50000000	5.52347
570.00000000	5.52758
570.50000000	5.53156
571.00000000	5.53554
571.50000000	5.53994
572.00000000	5.54355
572.50000000	5.54565
573.00000000	5.54709
573.50000000	5.54884
574.00000000	5.55050
574.50000000	5.55186
575.00000000	5.55231
575.50000000	5.55346
576.00000000	5.55453
576.50000000	5.55483
577.00000000	5.55476
577.50000000	5.55360
578.00000000	5.55464
578.50000000	5.55414
579.00000000	5.55371
579.50000000	5.55211
580.00000000	5.55003
580.50000000	5.54770
581.00000000	5.54547
581.50000000	5.54218
582.00000000	5.53981
582.50000000	5.53779
583.00000000	5.53609
583.50000000	5.53412
584.00000000	5.53173
584.50000000	5.52994
585.00000000	5.52799
585.50000000	5.52531
586.00000000	5.52290
586.50000000	5.52141
587.00000000	5.52050
587.50000000	5.51972
588.00000000	5.52056
588.50000000	5.52114
589.00000000	5.52209
589.50000000	5.52158
590.00000000	5.52069
590.50000000	5.52006
591.00000000	5.51982
591.50000000	5.52236
592.00000000	5.52522
592.50000000	5.52660
593.00000000	5.52818
593.50000000	5.52986
594.00000000	5.53142
594.50000000	5.53286
595.00000000	5.53304
595.50000000	5.53435
596.00000000	5.53665
596.50000000	5.53684
597.00000000	5.53702
597.50000000	5.53706
598.00000000	5.53658
598.50000000	5.53554
599.00000000	5.53468
599.50000000	5.53423
600.00000000	5.53312
600.50000000	5.53204
601.00000000	5.53057
601.50000000	5.52980
602.00000000	5.52881
602.50000000	5.52829
603.00000000	5.52745
603.50000000	5.52884
604.00000000	5.52940
604.50000000	5.52851
605.00000000	5.52867
605.50000000	5.52756
606.00000000	5.52650
606.50000000	5.52508
607.00000000	5.52312
607.50000000	5.52065
608.00000000	5.51986
608.50000000	5.51917
609.00000000	5.51850
609.50000000	5.51698
610.00000000	5.51435
610.50000000	5.51108
611.00000000	5.50620
611.50000000	5.50130
612.00000000	5.49609
612.50000000	5.49086
613.00000000	5.48625
613.50000000	5.48260
614.00000000	5.47950
614.50000000	5.47708
615.00000000	5.47480
615.50000000	5.47234
616.00000000	5.46927
616.50000000	5.46776
617.00000000	5.46526
617.50000000	5.46345
618.00000000	5.46202
618.50000000	5.46020
619.00000000	5.45795
619.50000000	5.45658
620.00000000	5.45435
620.50000000	5.45261
621.00000000	5.45197
621.50000000	5.45307
622.00000000	5.45372
622.50000000	5.45479
623.00000000	5.45462
623.50000000	5.45469
624.00000000	5.45477
624.50000000	5.45560
625.00000000	5.45503
625.50000000	5.45401
626.00000000	5.45248
626.50000000	5.45086
627.00000000	5.44780
627.50000000	5.44518
628.00000000	5.44268
628.50000000	5.43973
629.00000000	5.43558
629.50000000	5.42989
630.00000000	5.42603
630.50000000	5.42173
631.00000000	5.41867
631.50000000	5.41576
632.00000000	5.41266
632.50000000	5.41041
633.00000000	5.40790
633.50000000	5.40483
634.00000000	5.40243
634.50000000	5.39953
635.00000000	5.39734
635.50000000	5.39507
636.00000000	5.39159
636.50000000	5.38775
637.00000000	5.38438
637.50000000	5.38135
638.00000000	5.37720
638.50000000	5.37409
639.00000000	5.37156
639.50000000	5.37067
640.00000000	5.36918
640.50000000	5.36774
641.00000000	5.36637
641.50000000	5.36528
642.00000000	5.36509
642.50000000	5.36363
643.00000000	5.36131
643.50000000	5.35921
644.00000000	5.35861
644.50000000	5.35780
645.00000000	5.35774
645.50000000	5.35654
646.00000000	5.35657
646.50000000	5.35685
647.00000000	5.35668
647.50000000	5.35731
648.00000000	5.35749
648.50000000	5.35826
649.00000000	5.35749
649.50000000	5.35700
650.00000000	5.35728
650.50000000	5.35803
651.00000000	5.35779
651.50000000	5.35705
652.00000000	5.35575
652.50000000	5.35343
653.00000000	5.35189
653.50000000	5.35287
654.00000000	5.35406
654.50000000	5.35462
655.00000000	5.35574
655.50000000	5.35658
656.00000000	5.35686
656.50000000	5.35799
657.00000000	5.36013
657.50000000	5.36172
658.00000000	5.36392
658.50000000	5.36621
659.00000000	5.36830
659.50000000	5.36995
660.00000000	5.37064
660.50000000	5.37214
661.00000000	5.37290
661.50000000	5.37352
662.00000000	5.37419
662.50000000	5.37519
663.00000000	5.37497
663.50000000	5.37612
664.00000000	5.37704
664.50000000	5.37791
665.00000000	5.37974
665.50000000	5.38176
666.00000000	5.38321
666.50000000	5.38433
667.00000000	5.38695
667.50000000	5.38917
668.00000000	5.39103
668.50000000	5.39263
669.00000000	5.39422
669.50000000	5.39650
670.00000000	5.39763
670.50000000	5.39840
671.00000000	5.39811
671.50000000	5.39851
672.00000000	5.39896
672.50000000	5.39899
673.00000000	5.39835
673.50000000	5.39794
674.00000000	5.39481
674.50000000	5.39202
675.00000000	5.38930
675.50000000	5.38645
676.00000000	5.38230
676.50000000	5.37898
677.00000000	5.37642
677.50000000	5.37504
678.00000000	5.37419
678.50000000	5.37149
679.00000000	5.36908
679.50000000	5.36791
680.00000000	5.36557
680.50000000	5.36326
681.00000000	5.36170
681.50000000	5.36130
682.00000000	5.36081
682.50000000	5.35970
683.00000000	5.35884
683.50000000	5.35855
684.00000000	5.35887
684.50000000	5.35916
685.00000000	5.35958
685.50000000	5.36071
686.00000000	5.36000
686.50000000	5.35607
687.00000000	5.35254
687.50000000	5.35001
688.00000000	5.34815
688.50000000	5.34748
689.00000000	5.34695
689.50000000	5.34604
690.00000000	5.34474
690.50000000	5.34336
691.00000000	5.34214
691.50000000	5.34009
692.00000000	5.33857
692.50000000	5.33800
693.00000000	5.33785
693.50000000	5.33708
694.00000000	5.33549
694.50000000	5.33443
695.00000000	5.33339
695.50000000	5.33279
696.00000000	5.33027
696.50000000	5.32601
697.00000000	5.32343
697.50000000	5.32063
698.00000000	5.32013
698.50000000	5.31954
699.00000000	5.31690
699.50000000	5.31558
700.00000000	5.31307
700.50000000	5.31157
701.00000000	5.30977
701.50000000	5.30739
702.00000000	5.30491
702.50000000	5.30162
703.00000000	5.29871
703.50000000	5.29583
704.00000000	5.29342
704.50000000	5.29047
705.00000000	5.28818
705.50000000	5.28562
706.00000000	5.28308
706.50000000	5.27961
707.00000000	5.27705
707.50000000	5.27582
708.00000000	5.27452
708.50000000	5.27370
709.00000000	5.27340
709.50000000	5.27228
710.00000000	5.27102
710.50000000	5.27110
711.00000000	5.27057
711.50000000	5.27122
712.00000000	5.27111
712.50000000	5.27048
713.00000000	5.26838
713.50000000	5.26654
714.00000000	5.26410
714.50000000	5.26126
715.00000000	5.25751
715.50000000	5.25311
716.00000000	5.25001
716.50000000	5.24550
717.00000000	5.24217
717.50000000	5.23867
718.00000000	5.23540
718.50000000	5.23200
719.00000000	5.22890
719.50000000	5.22776
720.00000000	5.22758
720.50000000	5.22733
721.00000000	5.22703
721.50000000	5.22654
722.00000000	5.22567
722.50000000	5.22589
723.00000000	5.22538
723.50000000	5.22614
724.00000000	5.22531
724.50000000	5.22401
725.00000000	5.22421
725.50000000	5.22365
726.00000000	5.22239
726.50000000	5.22146
727.00000000	5.22287
727.50000000	5.22297
728.00000000	5.22195
728.50000000	5.22080
729.00000000	5.21999
729.50000000	5.21985
730.00000000	5.22042
730.50000000	5.22000
731.00000000	5.22039
731.50000000	5.22087
732.00000000	5.21900
732.50000000	5.21711
733.00000000	5.21487
733.50000000	5.21272
734.00000000	5.20915
734.50000000	5.20422
735.00000000	5.19991
735.50000000	5.19591
736.00000000	5.19288
736.50000000	5.19170
737.00000000	5.18958
737.50000000	5.18834
738.00000000	5.18546
738.50000000	5.18158
739.00000000	5.17789
739.50000000	5.17378
740.00000000	5.17014
740.50000000	5.16656
741.00000000	5.16242
741.50000000	5.15811
742.00000000	5.15237
742.50000000	5.14703
743.00000000	5.14222
743.50000000	5.13702
744.00000000	5.13189
744.50000000	5.12666
745.00000000	5.12222
745.50000000	5.11706
746.00000000	5.11098
746.50000000	5.10719
747.00000000	5.10238
747.50000000	5.09882
748.00000000	5.09423
748.50000000	5.08987
749.00000000	5.08529
749.50000000	5.08160
750.00000000	5.07827
750.50000000	5.07509
751.00000000	5.07206
751.50000000	5.06850
752.00000000	5.06459
752.50000000	5.06164
753.00000000	5.05878
753.50000000	5.05694
754.00000000	5.05527
754.50000000	5.05341
755.00000000	5.05119
755.50000000	5.04939
756.00000000	5.04823
756.50000000	5.04760
757.00000000	5.04823
757.50000000	5.04875
758.00000000	5.04854
758.50000000	5.04942
759.00000000	5.04989
759.50000000	5.05005
760.00000000	5.04991
760.50000000	5.05080
761.00000000	5.05124
761.50000000	5.05043
762.00000000	5.04987
762.50000000	5.05022
763.00000000	5.05052
763.50000000	5.05078
764.00000000	5.05169
764.50000000	5.05171
765.00000000	5.05213
765.50000000	5.05325
766.00000000	5.05605
766.50000000	5.05760
767.00000000	5.05936
767.50000000	5.06102
768.00000000	5.06309
768.50000000	5.06477
769.00000000	5.06564
769.50000000	5.06730
770.00000000	5.06884
770.50000000	5.07018
771.00000000	5.07213
771.50000000	5.07415
772.00000000	5.07562
772.50000000	5.07642
773.00000000	5.07800
773.50000000	5.07986
774.00000000	5.08211
774.50000000	5.08365
775.00000000	5.08488
775.50000000	5.08768
776.00000000	5.09119
776.50000000	5.09258
777.00000000	5.09393
777.50000000	5.09407
778.00000000	5.09428
778.50000000	5.09600
779.00000000	5.09929
779.50000000	5.10245
780.00000000	5.10592
780.50000000	5.10932
781.00000000	5.11261
781.50000000	5.11606
782.00000000	5.11857
782.50000000	5.12072
783.00000000	5.12313
783.50000000	5.12571
784.00000000	5.12703
784.50000000	5.12606
785.00000000	5.12526
785.50000000	5.12393
786.00000000	5.12397
786.50000000	5.12425
787.00000000	5.12361
787.50000000	5.12333
788.00000000	5.12260
788.50000000	5.12166
789.00000000	5.12066
789.50000000	5.12031
790.00000000	5.12189
790.50000000	5.12275
791.00000000	5.12380
791.50000000	5.12462
792.00000000	5.12598
792.50000000	5.12588
793.00000000	5.12561
793.50000000	5.12552
794.00000000	5.12615
794.50000000	5.12696
795.00000000	5.12687
795.50000000	5.12605
796.00000000	5.12480
796.50000000	5.12394
797.00000000	5.12204
797.50000000	5.12082
798.00000000	5.12007
798.50000000	5.12014
799.00000000	5.12061
799.50000000	5.12101
800.00000000	5.12241
800.50000000	5.12336
801.00000000	5.12445
801.50000000	5.12423
802.00000000	5.12367
802.50000000	5.12252
803.00000000	5.12181
803.50000000	5.12115
804.00000000	5.12049
804.50000000	5.11964
805.00000000	5.11839
805.50000000	5.11871
806.00000000	5.11944
806.50000000	5.12070
807.00000000	5.12239
807.50000000	5.12389
808.00000000	5.12578
808.50000000	5.12699
809.00000000	5.12828
809.50000000	5.13047
810.00000000	5.13317
810.50000000	5.13468
811.00000000	5.13691
811.50000000	5.13939
812.00000000	5.14181
812.50000000	5.14263
813.00000000	5.14243
813.50000000	5.14175
814.00000000	5.14119
814.50000000	5.14175
815.00000000	5.14360
815.50000000	5.14685
816.00000000	5.14820
816.50000000	5.14950
817.00000000	5.14995
817.50000000	5.14995
818.00000000	5.15011
818.50000000	5.15134
819.00000000	5.15218
819.50000000	5.15309
820.00000000	5.15403
820.50000000	5.15486
821.00000000	5.15666
821.50000000	5.15908
822.00000000	5.16191
822.50000000	5.16449
823.00000000	5.16470
823.50000000	5.16404
824.00000000	5.16362
824.50000000	5.16256
825.00000000	5.16178
825.50000000	5.15971
826.00000000	5.15693
826.50000000	5.15360
827.00000000	5.15032
827.50000000	5.14958
828.00000000	5.14949
828.50000000	5.14855
829.00000000	5.14851
829.50000000	5.14841
830.00000000	5.14864
830.50000000	5.14861
831.00000000	5.14860
831.50000000	5.14836
832.00000000	5.14868
832.50000000	5.14858
833.00000000	5.14914
833.50000000	5.15075
834.00000000	5.15057
834.50000000	5.15091
835.00000000	5.15084
835.50000000	5.15038
836.00000000	5.15037
836.50000000	5.15125
837.00000000	5.15192
837.50000000	5.15336
838.00000000	5.15481
838.50000000	5.15657
839.00000000	5.15878
839.50000000	5.15966
840.00000000	5.16037
840.50000000	5.16243
841.00000000	5.16462
841.50000000	5.16669
842.00000000	5.16785
842.50000000	5.16792
843.00000000	5.16618
843.50000000	5.16406
844.00000000	5.16143
844.50000000	5.15875
845.00000000	5.15686
845.50000000	5.15618
846.00000000	5.15425
846.50000000	5.15338
847.00000000	5.15416
847.50000000	5.15481
848.00000000	5.15599
848.50000000	5.15635
849.00000000	5.15654
849.50000000	5.15793
850.00000000	5.15930
850.50000000	5.15960
851.00000000	5.15845
851.50000000	5.15712
852.00000000	5.15514
852.50000000	5.15212
853.00000000	5.14976
853.50000000	5.14833
854.00000000	5.14807
854.50000000	5.14792
855.00000000	5.14723
855.50000000	5.14679
856.00000000	5.14639
856.50000000	5.14438
857.00000000	5.14215
857.50000000	5.14111
858.00000000	5.14075
858.50000000	5.14105
859.00000000	5.14370
859.50000000	5.14653
860.00000000	5.14950
860.50000000	5.15181
861.00000000	5.15323
861.50000000	5.15406
862.00000000	5.15508
862.50000000	5.15561
863.00000000	5.15765
863.50000000	5.15956
864.00000000	5.16203
864.50000000	5.16456
865.00000000	5.16641
865.50000000	5.16839
866.00000000	5.17051
866.50000000	5.17238
867.00000000	5.17416
867.50000000	5.17608
868.00000000	5.17882
868.50000000	5.18229
869.00000000	5.18526
869.50000000	5.18801
870.00000000	5.18993
870.50000000	5.19221
871.00000000	5.19324
871.50000000	5.19541
872.00000000	5.19598
872.50000000	5.19805
873.00000000	5.19965
873.50000000	5.20082
874.00000000	5.20242
874.50000000	5.20281
875.00000000	5.20262
875.50000000	5.20284
876.00000000	5.20258
876.50000000	5.20475
877.00000000	5.20700
877.50000000	5.21126
878.00000000	5.21483
878.50000000	5.21894
879.00000000	5.22229
879.50000000	5.22540
880.00000000	5.22712
880.50000000	5.22988
881.00000000	5.23349
881.50000000	5.23656
882.00000000	5.24029
882.50000000	5.24457
883.00000000	5.24826
883.50000000	5.25061
884.00000000	5.25309
884.50000000	5.25605
885.00000000	5.25917
885.50000000	5.26229
886.00000000	5.26591
886.50000000	5.26845
887.00000000	5.27037
887.50000000	5.27279
888.00000000	5.27516
888.50000000	5.27699
889.00000000	5.27851
889.50000000	5.27976
890.00000000	5.27925
890.50000000	5.27743
891.00000000	5.27553
891.50000000	5.27465
892.00000000	5.27449
892.50000000	5.27447
893.00000000	5.27351
893.50000000	5.27276
894.00000000	5.27271
894.50000000	5.27231
895.00000000	5.27263
895.50000000	5.27265
896.00000000	5.27296
896.50000000	5.27383
897.00000000	5.27507
897.50000000	5.27591
898.00000000	5.27645
898.50000000	5.27722
899.00000000	5.27854
899.50000000	5.28062
900.00000000	5.28220
900.50000000	5.28183
901.00000000	5.28192
901.50000000	5.28048
902.00000000	5.27854
902.50000000	5.27687
903.00000000	5.27548
903.50000000	5.27569
904.00000000	5.27474
904.50000000	5.27447
905.00000000	5.27353
905.50000000	5.27225
906.00000000	5.27049
906.50000000	5.26993
907.00000000	5.26900
907.50000000	5.26720
908.00000000	5.26545
908.50000000	5.26415
909.00000000	5.26270
909.50000000	5.25941
910.00000000	5.25619
910.50000000	5.25417
911.00000000	5.25275
911.50000000	5.25110
912.00000000	5.24791
912.50000000	5.24595
913.00000000	5.24411
913.50000000	5.24226
914.00000000	5.23851
914.50000000	5.23593
915.00000000	5.23395
915.50000000	5.23125
916.00000000	5.22933
916.50000000	5.22864
917.00000000	5.22778
917.50000000	5.22756
918.00000000	5.22781
918.50000000	5.22757
919.00000000	5.22842
919.50000000	5.22689
920.00000000	5.22668
920.50000000	5.22592
921.00000000	5.22551
921.50000000	5.22609
922.00000000	5.22673
922.50000000	5.22828
923.00000000	5.22878
923.50000000	5.23126
924.00000000	5.23366
924.50000000	5.23414
925.00000000	5.23421
925.50000000	5.23528
926.00000000	5.23686
926.50000000	5.23976
927.00000000	5.24112
927.50000000	5.24122
928.00000000	5.24326
928.50000000	5.24458
929.00000000	5.24677
929.50000000	5.24871
930.00000000	5.25118
930.50000000	5.25404
931.00000000	5.25629
931.50000000	5.25858
932.00000000	5.26019
932.50000000	5.26155
933.00000000	5.26228
933.50000000	5.26298
934.00000000	5.26457
934.50000000	5.26501
935.00000000	5.26585
935.50000000	5.26582
936.00000000	5.26542
936.50000000	5.26545
937.00000000	5.26657
937.50000000	5.26767
938.00000000	5.26924
938.50000000	5.27122
939.00000000	5.27259
939.50000000	5.27458
940.00000000	5.27529
940.50000000	5.27755
941.00000000	5.28017
941.50000000	5.28262
942.00000000	5.28476
942.50000000	5.28656
943.00000000	5.28757
943.50000000	5.29011
944.00000000	5.29206
944.50000000	5.29273
945.00000000	5.29379
945.50000000	5.29504
946.00000000	5.29474
946.50000000	5.29463
947.00000000	5.29528
947.50000000	5.29543
948.00000000	5.29614
948.50000000	5.29613
949.00000000	5.29568
949.50000000	5.29442
950.00000000	5.29379
950.50000000	5.29369
951.00000000	5.29463
951.50000000	5.29610
952.00000000	5.29586
952.50000000	5.29545
953.00000000	5.29477
953.50000000	5.29580
954.00000000	5.29790
954.50000000	5.29911
955.00000000	5.29978
955.50000000	5.29941
956.00000000	5.29819
956.50000000	5.29777
957.00000000	5.29561
957.50000000	5.29381
958.00000000	5.29082
958.50000000	5.28762
959.00000000	5.28534
959.50000000	5.28348
960.00000000	5.28247
960.50000000	5.28063
961.00000000	5.27748
961.50000000	5.27364
962.00000000	5.27097
962.50000000	5.26724
963.00000000	5.26240
963.50000000	5.25940
964.00000000	5.25622
964.50000000	5.25281
965.00000000	5.24970
965.50000000	5.24887
966.00000000	5.24839
966.50000000	5.24844
967.00000000	5.24828
967.50000000	5.24965
968.00000000	5.24954
968.50000000	5.24870
969.00000000	5.24825
969.50000000	5.24772
970.00000000	5.24736
970.50000000	5.24713
971.00000000	5.24811
971.50000000	5.24880
972.00000000	5.25037
972.50000000	5.25224
973.00000000	5.25464
973.50000000	5.25654
974.00000000	5.25836
974.50000000	5.26214
975.00000000	5.26522
975.50000000	5.26711
976.00000000	5.26720
976.50000000	5.26778
977.00000000	5.26866
977.50000000	5.26988
978.00000000	5.27059
978.50000000	5.27108
979.00000000	5.27264
979.50000000	5.27463
980.00000000	5.27697
980.50000000	5.27982
981.00000000	5.28349
981.50000000	5.28694
982.00000000	5.29113
982.50000000	5.29546
983.00000000	5.29818
983.50000000	5.30110
984.00000000	5.30210
984.50000000	5.30344
985.00000000	5.30430
985.50000000	5.30494
986.00000000	5.30676
986.50000000	5.30819
987.00000000	5.31024
987.50000000	5.31299
988.00000000	5.31773
988.50000000	5.32246
989.00000000	5.32584
989.50000000	5.32863
990.00000000	5.33214
990.50000000	5.33486
991.00000000	5.33746
991.50000000	5.34045
992.00000000	5.34162
992.50000000	5.34143
993.00000000	5.34125
993.50000000	5.33998
994.00000000	5.33823
994.50000000	5.33629
995.00000000	5.33475
995.50000000	5.33502
996.00000000	5.33547
996.50000000	5.33484
997.00000000	5.33605
997.50000000	5.33725
998.00000000	5.33759
998.50000000	5.33833
999.00000000	5.33879
999.50000000	5.33853
1000.00000000	5.33900
1000.50000000	5.34017
1001.00000000	5.34167
1001.50000000	5.34083
1002.00000000	5.34127
1002.50000000	5.34251
1003.00000000	5.34458
1003.50000000	5.34608
1004.00000000	5.34831
1004.50000000	5.35019
1005.00000000	5.35074
1005.50000000	5.35096
1006.00000000	5.35046
1006.50000000	5.35070
1007.00000000	5.35018
1007.50000000	5.34930
1008.00000000	5.34722
1008.50000000	5.34572
1009.00000000	5.34240
1009.50000000	5.34001
1010.00000000	5.33782
1010.50000000	5.33523
1011.00000000	5.33256
1011.50000000	5.33000
1012.00000000	5.32969
1012.50000000	5.33036
1013.00000000	5.33153
1013.50000000	5.33076
1014.00000000	5.33036
1014.50000000	5.33007
1015.00000000	5.32905
1015.50000000	5.32836
1016.00000000	5.32765
1016.50000000	5.32789
1017.00000000	5.32869
1017.50000000	5.32910
1018.00000000	5.32900
1018.50000000	5.32827
1019.00000000	5.32792
1019.50000000	5.32845
1020.00000000	5.32925
1020.50000000	5.33085
1021.00000000	5.33202
1021.50000000	5.33417
1022.00000000	5.33490
1022.50000000	5.33541
1023.00000000	5.33656
1023.50000000	5.33779
1024.00000000	5.33955
1024.50000000	5.34151
1025.00000000	5.34581
1025.50000000	5.35070
1026.00000000	5.35565
1026.50000000	5.35973
1027.00000000	5.36416
1027.50000000	5.36675
1028.00000000	5.36786
1028.50000000	5.36932
1029.00000000	5.37014
1029.50000000	5.37255
1030.00000000	5.37492
1030.50000000	5.37759
1031.00000000	5.37967
1031.50000000	5.38189
1032.00000000	5.38419
1032.50000000	5.38507
1033.00000000	5.38605
1033.50000000	5.38621
1034.00000000	5.38509
1034.50000000	5.38577
1035.00000000	5.38719
1035.50000000	5.39029
1036.00000000	5.39374
1036.50000000	5.39729
1037.00000000	5.40160
1037.50000000	5.40596
1038.00000000	5.40908
1038.50000000	5.41223
1039.00000000	5.41685
1039.50000000	5.42104
1040.00000000	5.42495
1040.50000000	5.42880
1041.00000000	5.43187
1041.50000000	5.43507
1042.00000000	5.43993
1042.50000000	5.44438
1043.00000000	5.44972
1043.50000000	5.45440
1044.00000000	5.45818
1044.50000000	5.46033
1045.00000000	5.46091
1045.50000000	5.46261
1046.00000000	5.46565
1046.50000000	5.46938
1047.00000000	5.47112
1047.50000000	5.47163
1048.00000000	5.47274
1048.50000000	5.47517
1049.00000000	5.47842
1049.50000000	5.48037
1050.00000000	5.48028
1050.50000000	5.48028
1051.00000000	5.48075
1051.50000000	5.48041
1052.00000000	5.48075
1052.50000000	5.48215
1053.00000000	5.48247
1053.50000000	5.48298
1054.00000000	5.48160
1054.50000000	5.48131
1055.00000000	5.48069
1055.50000000	5.47913
1056.00000000	5.47783
1056.50000000	5.47746
1057.00000000	5.47541
1057.50000000	5.47495
1058.00000000	5.47447
1058.50000000	5.47268
1059.00000000	5.47097
1059.50000000	5.46897
1060.00000000	5.46753
1060.50000000	5.46546
1061.00000000	5.46310
1061.50000000	5.45909
1062.00000000	5.45495
1062.50000000	5.45116
1063.00000000	5.44876
1063.50000000	5.44735
1064.00000000	5.44680
1064.50000000	5.44512
1065.00000000	5.44282
1065.50000000	5.44109
1066.00000000	5.44076
1066.50000000	5.44027
1067.00000000	5.43882
1067.50000000	5.43803
1068.00000000	5.43783
1068.50000000	5.43714
1069.00000000	5.43736
1069.50000000	5.43669
1070.00000000	5.43535
1070.50000000	5.43491
1071.00000000	5.43362
1071.50000000	5.43150
1072.00000000	5.42887
1072.50000000	5.42612
1073.00000000	5.42428
1073.50000000	5.42302
1074.00000000	5.42078
1074.50000000	5.41936
1075.00000000	5.41778
1075.50000000	5.41641
1076.00000000	5.41541
1076.50000000	5.41471
1077.00000000	5.41367
1077.50000000	5.41376
1078.00000000	5.41488
1078.50000000	5.41696
1079.00000000	5.41854
1079.50000000	5.42140
1080.00000000	5.42295
1080.50000000	5.42478
1081.00000000	5.42497
1081.50000000	5.42445
1082.00000000	5.42457
1082.50000000	5.42303
1083.00000000	5.42102
1083.50000000	5.41958
1084.00000000	5.41903
1084.50000000	5.42028
1085.00000000	5.42034
1085.50000000	5.41977
1086.00000000	5.41911
1086.50000000	5.41825
1087.00000000	5.41776
1087.50000000	5.41780
1088.00000000	5.41740
1088.50000000	5.41656
1089.00000000	5.41607
1089.50000000	5.41541
1090.00000000	5.41557
1090.50000000	5.41598
1091.00000000	5.41568
1091.50000000	5.41658
1092.00000000	5.41645
1092.50000000	5.41725
1093.00000000	5.41731
1093.50000000	5.41685
1094.00000000	5.41592
1094.50000000	5.41517
1095.00000000	5.41369
1095.50000000	5.41278
1096.00000000	5.41166
1096.50000000	5.41159
1097.00000000	5.41295
1097.50000000	5.41431
1098.00000000	5.41365
1098.50000000	5.41105
1099.00000000	5.40709
1099.50000000	5.40270
1100.00000000	5.39766
1100.50000000	5.39340
1101.00000000	5.38977
1101.50000000	5.38552
1102.00000000	5.38273
1102.50000000	5.37917
1103.00000000	5.37651
1103.50000000	5.37310
1104.00000000	5.37038
1104.50000000	5.36947
1105.00000000	5.36738
1105.50000000	5.36616
1106.00000000	5.36526
1106.50000000	5.36316
1107.00000000	5.36229
1107.50000000	5.36163
1108.00000000	5.36081
1108.50000000	5.36047
1109.00000000	5.35997
1109.50000000	5.36009
1110.00000000	5.36004
1110.50000000	5.35889
1111.00000000	5.35714
1111.50000000	5.35567
1112.00000000	5.35488
1112.50000000	5.35429
1113.00000000	5.35432
1113.50000000	5.35454
1114.00000000	5.35573
1114.50000000	5.35666
1115.00000000	5.35723
1115.50000000	5.35921
1116.00000000	5.36238
1116.50000000	5.36594
1117.00000000	5.37021
1117.50000000	5.37446
1118.00000000	5.37834
1118.50000000	5.38186
1119.00000000	5.38561
1119.50000000	5.38946
1120.00000000	5.39260
1120.50000000	5.39540
1121.00000000	5.39792
1121.50000000	5.39976
1122.00000000	5.40163
1122.50000000	5.40208
1123.00000000	5.40285
1123.50000000	5.40324
1124.00000000	5.40426
1124.50000000	5.40518
1125.00000000	5.40645
1125.50000000	5.40682
1126.00000000	5.40728
1126.50000000	5.40581
1127.00000000	5.40475
1127.50000000	5.40393
1128.00000000	5.40411
1128.50000000	5.40562
1129.00000000	5.40638
1129.50000000	5.40726
1130.00000000	5.40780
1130.50000000	5.40934
1131.00000000	5.41044
1131.50000000	5.41067
1132.00000000	5.41131
1132.50000000	5.41279
1133.00000000	5.41427
1133.50000000	5.41466
1134.00000000	5.41476
1134.50000000	5.41531
1135.00000000	5.41681
1135.50000000	5.41966
1136.00000000	5.42257
1136.50000000	5.42587
1137.00000000	5.42868
1137.50000000	5.43138
1138.00000000	5.43291
