1250.00000000	6.81753
1250.50000000	6.81495
1251.00000000	6.81221
1251.50000000	6.80988
1252.00000000	6.81016
1252.50000000	6.81032
1253.00000000	6.80919
1253.50000000	6.80898
1254.00000000	6.80796
1254.50000000	6.80659
1255.00000000	6.80613
1255.50000000	6.80446
1256.00000000	6.80240
1256.50000000	6.80055
1257.00000000	6.79951
1257.50000000	6.79924
1258.00000000	6.79826
1258.50000000	6.79744
1259.00000000	6.79852
1259.50000000	6.80065
1260.00000000	6.80274
1260.50000000	6.80481
1261.00000000	6.80587
1261.50000000	6.80687
1262.00000000	6.80874
1262.50000000	6.81185
1263.00000000	6.81436
1263.50000000	6.81577
1264.00000000	6.81615
1264.50000000	6.81603
1265.00000000	6.81649
1265.50000000	6.81794
1266.00000000	6.82093
1266.50000000	6.82361
1267.00000000	6.82557
1267.50000000	6.82789
1268.00000000	6.82978
1268.50000000	6.83324
1269.00000000	6.83714
1269.50000000	6.83971
1270.00000000	6.84330
1270.50000000	6.84659
1271.00000000	6.84919
1271.50000000	6.85163
1272.00000000	6.85321
1272.50000000	6.85479
1273.00000000	6.85461
1273.50000000	6.85386
1274.00000000	6.85266
1274.50000000	6.85183
1275.00000000	6.85178
1275.50000000	6.85211
1276.00000000	6.85227
1276.50000000	6.85246
1277.00000000	6.85167
1277.50000000	6.85059
1278.00000000	6.85026
1278.50000000	6.85007
1279.00000000	6.84980
1279.50000000	6.85005
1280.00000000	6.85083
1280.50000000	6.85165
1281.00000000	6.85213
1281.50000000	6.85175
1282.00000000	6.85132
1282.50000000	6.85166
1283.00000000	6.85193
1283.50000000	6.85247
1284.00000000	6.85253
1284.50000000	6.85401
1285.00000000	6.85724
1285.50000000	6.85967
1286.00000000	6.86168
1286.50000000	6.86469
1287.00000000	6.86821
1287.50000000	6.87032
1288.00000000	6.87182
1288.50000000	6.87393
1289.00000000	6.87671
1289.50000000	6.88041
1290.00000000	6.88299
1290.50000000	6.88566
1291.00000000	6.88749
1291.50000000	6.88917
1292.00000000	6.89138
1292.50000000	6.89458
1293.00000000	6.89772
1293.50000000	6.90136
1294.00000000	6.90512
1294.50000000	6.90811
1295.00000000	6.91094
1295.50000000	6.91308
1296.00000000	6.91420
1296.50000000	6.91665
1297.00000000	6.91902
1297.50000000	6.92175
1298.00000000	6.92489
1298.50000000	6.92755
1299.00000000	6.92920
1299.50000000	6.93128
1300.00000000	6.93371
1300.50000000	6.93506
1301.00000000	6.93608
1301.50000000	6.93708
1302.00000000	6.93986
1302.50000000	6.94395
1303.00000000	6.94747
1303.50000000	6.95220
1304.00000000	6.95417
1304.50000000	6.95605
1305.00000000	6.95784
1305.50000000	6.96066
1306.00000000	6.96276
1306.50000000	6.96587
1307.00000000	6.96981
1307.50000000	6.97315
1308.00000000	6.97640
1308.50000000	6.97969
1309.00000000	6.98314
1309.50000000	6.98619
1310.00000000	6.98967
1310.50000000	6.99311
1311.00000000	6.99727
1311.50000000	7.00131
1312.00000000	7.00457
1312.50000000	7.00661
1313.00000000	7.00886
1313.50000000	7.01154
1314.00000000	7.01348
1314.50000000	7.01508
1315.00000000	7.01628
1315.50000000	7.01829
1316.00000000	7.02095
1316.50000000	7.02234
1317.00000000	7.02307
1317.50000000	7.02316
1318.00000000	7.02407
1318.50000000	7.02490
1319.00000000	7.02496
1319.50000000	7.02454
1320.00000000	7.02621
1320.50000000	7.02838
1321.00000000	7.03061
1321.50000000	7.03160
1322.00000000	7.03324
1322.50000000	7.03494
1323.00000000	7.03781
1323.50000000	7.04136
1324.00000000	7.04465
1324.50000000	7.04831
1325.00000000	7.05184
1325.50000000	7.05451
1326.00000000	7.05743
1326.50000000	7.05989
1327.00000000	7.06125
1327.50000000	7.06282
1328.00000000	7.06541
1328.50000000	7.06899
1329.00000000	7.07204
1329.50000000	7.07507
1330.00000000	7.07708
1330.50000000	7.07914
1331.00000000	7.08199
1331.50000000	7.08466
1332.00000000	7.08636
1332.50000000	7.08680
1333.00000000	7.08713
1333.50000000	7.08848
1334.00000000	7.09134
1334.50000000	7.09438
1335.00000000	7.09689
1335.50000000	7.09910
1336.00000000	7.10108
1336.50000000	7.10306
1337.00000000	7.10523
1337.50000000	7.10754
1338.00000000	7.10997
1338.50000000	7.11018
1339.00000000	7.10985
1339.50000000	7.10944
1340.00000000	7.10925
1340.50000000	7.11071
1341.00000000	7.11219
1341.50000000	7.11426
1342.00000000	7.11596
1342.50000000	7.11721
1343.00000000	7.11930
1343.50000000	7.12096
1344.00000000	7.12205
1344.50000000	7.12227
1345.00000000	7.12169
1345.50000000	7.12210
1346.00000000	7.12147
1346.50000000	7.12178
1347.00000000	7.12098
1347.50000000	7.12124
1348.00000000	7.11995
1348.50000000	7.11872
1349.00000000	7.11867
1349.50000000	7.12024
1350.00000000	7.12109
1350.50000000	7.12096
1351.00000000	7.12104
1351.50000000	7.12176
1352.00000000	7.12270
1352.50000000	7.12559
1353.00000000	7.12756
1353.50000000	7.12874
1354.00000000	7.13037
1354.50000000	7.13179
1355.00000000	7.13430
1355.50000000	7.13585
1356.00000000	7.13629
1356.50000000	7.13737
1357.00000000	7.13768
1357.50000000	7.13736
1358.00000000	7.13653
1358.50000000	7.13660
1359.00000000	7.13828
1359.50000000	7.14062
1360.00000000	7.14235
1360.50000000	7.14358
1361.00000000	7.14542
1361.50000000	7.14715
1362.00000000	7.14784
1362.50000000	7.14771
1363.00000000	7.14656
1363.50000000	7.14267
1364.00000000	7.13908
1364.50000000	7.13765
1365.00000000	7.13769
1365.50000000	7.13879
1366.00000000	7.13877
1366.50000000	7.13898
1367.00000000	7.13987
1367.50000000	7.14233
1368.00000000	7.14415
1368.50000000	7.14527
1369.00000000	7.14648
1369.50000000	7.14754
1370.00000000	7.14904
1370.50000000	7.15071
1371.00000000	7.15251
1371.50000000	7.15433
1372.00000000	7.15658
1372.50000000	7.15939
1373.00000000	7.16169
1373.50000000	7.16432
1374.00000000	7.16590
1374.50000000	7.16933
1375.00000000	7.17187
1375.50000000	7.17344
1376.00000000	7.17347
1376.50000000	7.17173
1377.00000000	7.16940
