1370.00000000	7.14904
1370.50000000	7.15071
1371.00000000	7.15251
1371.50000000	7.15433
1372.00000000	7.15658
1372.50000000	7.15939
1373.00000000	7.16169
1373.50000000	7.16432
1374.00000000	7.16590
1374.50000000	7.16933
1375.00000000	7.17187
1375.50000000	7.17344
1376.00000000	7.17347
1376.50000000	7.17173
1377.00000000	7.16940
1377.50000000	7.16766
1378.00000000	7.16632
1378.50000000	7.16598
1379.00000000	7.16622
1379.50000000	7.16619
1380.00000000	7.16601
1380.50000000	7.16605
1381.00000000	7.16549
1381.50000000	7.16277
1382.00000000	7.16111
1382.50000000	7.16021
1383.00000000	7.15964
1383.50000000	7.16005
1384.00000000	7.16126
1384.50000000	7.16299
1385.00000000	7.16510
1385.50000000	7.16584
1386.00000000	7.16662
1386.50000000	7.16767
1387.00000000	7.16786
1387.50000000	7.16942
1388.00000000	7.17051
1388.50000000	7.17260
1389.00000000	7.17574
1389.50000000	7.17903
1390.00000000	7.18179
1390.50000000	7.18413
1391.00000000	7.18800
1391.50000000	7.19001
1392.00000000	7.19257
1392.50000000	7.19492
1393.00000000	7.19728
1393.50000000	7.19938
1394.00000000	7.20119
1394.50000000	7.20333
1395.00000000	7.20489
1395.50000000	7.20694
1396.00000000	7.20978
1396.50000000	7.21297
1397.00000000	7.21631
1397.50000000	7.21976
1398.00000000	7.22226
1398.50000000	7.22569
1399.00000000	7.22819
1399.50000000	7.23087
1400.00000000	7.23273
1400.50000000	7.23580
1401.00000000	7.23783
1401.50000000	7.23845
1402.00000000	7.23964
1402.50000000	7.24144
1403.00000000	7.24306
1403.50000000	7.24587
1404.00000000	7.24899
1404.50000000	7.25178
1405.00000000	7.25535
1405.50000000	7.25964
1406.00000000	7.26317
1406.50000000	7.26624
1407.00000000	7.27034
1407.50000000	7.27491
1408.00000000	7.27977
1408.50000000	7.28577
1409.00000000	7.29049
1409.50000000	7.29555
1410.00000000	7.29986
1410.50000000	7.30410
1411.00000000	7.30697
1411.50000000	7.31064
1412.00000000	7.31405
1412.50000000	7.31790
1413.00000000	7.32011
1413.50000000	7.32087
1414.00000000	7.32078
1414.50000000	7.32036
1415.00000000	7.31897
1415.50000000	7.31897
1416.00000000	7.31815
1416.50000000	7.31766
1417.00000000	7.31840
1417.50000000	7.31842
1418.00000000	7.31678
1418.50000000	7.31733
1419.00000000	7.31867
1419.50000000	7.31987
1420.00000000	7.32098
1420.50000000	7.32117
1421.00000000	7.32149
1421.50000000	7.32153
1422.00000000	7.32312
1422.50000000	7.32375
1423.00000000	7.32240
1423.50000000	7.32124
1424.00000000	7.32092
1424.50000000	7.31939
1425.00000000	7.31779
1425.50000000	7.31802
1426.00000000	7.31990
1426.50000000	7.31974
1427.00000000	7.32100
1427.50000000	7.32324
1428.00000000	7.32540
1428.50000000	7.32639
1429.00000000	7.32686
1429.50000000	7.32711
1430.00000000	7.32779
1430.50000000	7.32788
1431.00000000	7.32853
1431.50000000	7.33057
1432.00000000	7.33217
1432.50000000	7.33229
1433.00000000	7.33175
1433.50000000	7.33115
1434.00000000	7.33155
1434.50000000	7.33266
1435.00000000	7.33396
1435.50000000	7.33335
1436.00000000	7.33273
1436.50000000	7.33223
1437.00000000	7.33222
1437.50000000	7.33345
1438.00000000	7.33460
1438.50000000	7.33456
1439.00000000	7.33356
1439.50000000	7.33347
1440.00000000	7.33290
1440.50000000	7.33151
1441.00000000	7.32976
1441.50000000	7.32767
1442.00000000	7.32558
1442.50000000	7.32389
1443.00000000	7.32254
1443.50000000	7.32072
1444.00000000	7.31858
1444.50000000	7.31609
1445.00000000	7.31499
1445.50000000	7.31365
1446.00000000	7.31145
1446.50000000	7.30863
1447.00000000	7.30596
1447.50000000	7.30234
1448.00000000	7.30011
1448.50000000	7.29782
1449.00000000	7.29533
1449.50000000	7.29194
1450.00000000	7.28802
1450.50000000	7.28486
1451.00000000	7.28448
1451.50000000	7.28225
1452.00000000	7.28063
1452.50000000	7.27877
1453.00000000	7.27705
1453.50000000	7.27439
1454.00000000	7.27137
1454.50000000	7.26816
1455.00000000	7.26509
1455.50000000	7.26228
1456.00000000	7.25977
1456.50000000	7.25742
1457.00000000	7.25557
1457.50000000	7.25350
1458.00000000	7.25314
1458.50000000	7.25139
1459.00000000	7.24945
1459.50000000	7.24833
1460.00000000	7.24677
1460.50000000	7.24678
1461.00000000	7.24573
1461.50000000	7.24545
1462.00000000	7.24491
1462.50000000	7.24353
1463.00000000	7.24354
1463.50000000	7.24419
1464.00000000	7.24437
1464.50000000	7.24396
1465.00000000	7.24330
1465.50000000	7.24184
1466.00000000	7.23938
1466.50000000	7.23662
1467.00000000	7.23410
1467.50000000	7.23051
1468.00000000	7.22697
1468.50000000	7.22402
1469.00000000	7.22133
1469.50000000	7.21820
1470.00000000	7.21517
1470.50000000	7.21281
1471.00000000	7.20950
1471.50000000	7.20671
1472.00000000	7.20386
1472.50000000	7.20125
1473.00000000	7.19873
1473.50000000	7.19602
1474.00000000	7.19279
1474.50000000	7.18899
1475.00000000	7.18470
1475.50000000	7.18127
1476.00000000	7.17647
1476.50000000	7.17366
1477.00000000	7.17062
1477.50000000	7.16810
1478.00000000	7.16586
1478.50000000	7.16383
1479.00000000	7.16113
1479.50000000	7.16009
1480.00000000	7.15872
1480.50000000	7.15850
1481.00000000	7.15772
1481.50000000	7.15604
1482.00000000	7.15369
1482.50000000	7.15309
1483.00000000	7.15180
1483.50000000	7.15136
1484.00000000	7.15180
1484.50000000	7.15217
1485.00000000	7.15126
1485.50000000	7.15224
1486.00000000	7.15327
1486.50000000	7.15393
1487.00000000	7.15343
1487.50000000	7.15317
1488.00000000	7.15267
1488.50000000	7.15282
1489.00000000	7.15337
1489.50000000	7.15441
1490.00000000	7.15503
1490.50000000	7.15571
1491.00000000	7.15580
1491.50000000	7.15563
1492.00000000	7.15644
1492.50000000	7.15697
1493.00000000	7.15744
1493.50000000	7.15807
1494.00000000	7.15934
1494.50000000	7.16075
1495.00000000	7.16258
1495.50000000	7.16332
1496.00000000	7.16452
1496.50000000	7.16520
1497.00000000	7.16655
1497.50000000	7.16679
1498.00000000	7.16825
1498.50000000	7.16990
1499.00000000	7.17171
1499.50000000	7.17417
1500.00000000	7.17575
1500.50000000	7.17785
1501.00000000	7.17897
1501.50000000	7.18023
1502.00000000	7.18050
1502.50000000	7.18010
1503.00000000	7.17857
1503.50000000	7.17668
1504.00000000	7.17556
1504.50000000	7.17445
1505.00000000	7.17490
1505.50000000	7.17517
1506.00000000	7.17542
1506.50000000	7.17404
1507.00000000	7.17215
1507.50000000	7.17241
1508.00000000	7.17315
1508.50000000	7.17434
1509.00000000	7.17540
1509.50000000	7.17554
1510.00000000	7.17545
1510.50000000	7.17621
1511.00000000	7.17517
1511.50000000	7.17422
1512.00000000	7.17457
1512.50000000	7.17521
1513.00000000	7.17725
1513.50000000	7.18000
1514.00000000	7.18310
1514.50000000	7.18497
1515.00000000	7.18592
1515.50000000	7.18613
1516.00000000	7.18550
1516.50000000	7.18482
1517.00000000	7.18364
1517.50000000	7.18157
1518.00000000	7.17959
1518.50000000	7.17673
1519.00000000	7.17218
1519.50000000	7.16652
1520.00000000	7.16297
1520.50000000	7.15915
1521.00000000	7.15521
1521.50000000	7.15190
1522.00000000	7.14982
1522.50000000	7.14815
1523.00000000	7.14714
1523.50000000	7.14540
1524.00000000	7.14281
1524.50000000	7.13940
1525.00000000	7.13662
1525.50000000	7.13514
1526.00000000	7.13359
1526.50000000	7.13267
1527.00000000	7.12914
1527.50000000	7.12616
1528.00000000	7.12179
1528.50000000	7.11838
1529.00000000	7.11586
1529.50000000	7.11204
1530.00000000	7.10887
1530.50000000	7.10553
1531.00000000	7.10222
1531.50000000	7.09830
1532.00000000	7.09381
1532.50000000	7.09068
1533.00000000	7.08816
1533.50000000	7.08607
1534.00000000	7.08328
1534.50000000	7.08061
1535.00000000	7.07987
1535.50000000	7.07976
1536.00000000	7.08040
1536.50000000	7.08264
1537.00000000	7.08351
1537.50000000	7.08424
1538.00000000	7.08502
1538.50000000	7.08649
1539.00000000	7.08805
1539.50000000	7.08864
1540.00000000	7.08845
1540.50000000	7.08970
1541.00000000	7.09145
1541.50000000	7.09333
1542.00000000	7.09495
1542.50000000	7.09618
1543.00000000	7.09572
1543.50000000	7.09456
1544.00000000	7.09338
1544.50000000	7.09274
1545.00000000	7.09292
1545.50000000	7.09300
1546.00000000	7.09270
1546.50000000	7.09176
1547.00000000	7.08993
1547.50000000	7.08871
1548.00000000	7.08745
1548.50000000	7.08588
1549.00000000	7.08316
1549.50000000	7.07956
1550.00000000	7.07677
1550.50000000	7.07428
1551.00000000	7.07211
1551.50000000	7.06960
1552.00000000	7.06582
1552.50000000	7.06222
1553.00000000	7.05923
1553.50000000	7.05625
1554.00000000	7.05392
1554.50000000	7.05180
1555.00000000	7.04955
1555.50000000	7.04728
1556.00000000	7.04484
1556.50000000	7.04247
1557.00000000	7.04101
1557.50000000	7.03966
1558.00000000	7.03758
1558.50000000	7.03542
1559.00000000	7.03248
1559.50000000	7.02895
1560.00000000	7.02486
1560.50000000	7.02151
1561.00000000	7.01942
1561.50000000	7.01696
1562.00000000	7.01459
1562.50000000	7.01272
1563.00000000	7.01154
1563.50000000	7.01082
1564.00000000	7.01024
1564.50000000	7.01010
1565.00000000	7.00992
1565.50000000	7.00895
1566.00000000	7.00904
1566.50000000	7.00786
1567.00000000	7.00546
1567.50000000	7.00196
1568.00000000	6.99920
1568.50000000	6.99582
1569.00000000	6.99315
1569.50000000	6.99161
1570.00000000	6.98963
1570.50000000	6.98706
1571.00000000	6.98541
1571.50000000	6.98354
1572.00000000	6.98163
1572.50000000	6.97983
1573.00000000	6.97811
1573.50000000	6.97759
1574.00000000	6.97734
1574.50000000	6.97617
1575.00000000	6.97582
1575.50000000	6.97549
1576.00000000	6.97362
1576.50000000	6.97176
1577.00000000	6.96993
1577.50000000	6.96769
1578.00000000	6.96595
1578.50000000	6.96445
1579.00000000	6.96143
1579.50000000	6.95800
1580.00000000	6.95426
1580.50000000	6.95120
1581.00000000	6.94856
1581.50000000	6.94625
1582.00000000	6.94357
1582.50000000	6.94010
1583.00000000	6.93778
1583.50000000	6.93529
1584.00000000	6.93445
1584.50000000	6.93282
1585.00000000	6.93036
1585.50000000	6.92863
1586.00000000	6.92714
1586.50000000	6.92633
1587.00000000	6.92605
1587.50000000	6.92609
1588.00000000	6.92602
1588.50000000	6.92639
1589.00000000	6.92694
1589.50000000	6.92719
1590.00000000	6.92741
1590.50000000	6.92621
1591.00000000	6.92474
1591.50000000	6.92254
1592.00000000	6.92034
1592.50000000	6.91862
1593.00000000	6.91750
1593.50000000	6.91651
1594.00000000	6.91757
1594.50000000	6.91768
1595.00000000	6.91795
1595.50000000	6.91792
1596.00000000	6.91745
1596.50000000	6.91758
1597.00000000	6.91724
1597.50000000	6.91543
1598.00000000	6.91451
1598.50000000	6.91340
1599.00000000	6.91182
1599.50000000	6.91013
1600.00000000	6.90825
1600.50000000	6.90660
1601.00000000	6.90561
1601.50000000	6.90388
1602.00000000	6.90174
1602.50000000	6.89943
1603.00000000	6.89744
1603.50000000	6.89479
1604.00000000	6.89256
1604.50000000	6.89060
1605.00000000	6.88909
1605.50000000	6.88795
1606.00000000	6.88684
1606.50000000	6.88568
1607.00000000	6.88484
1607.50000000	6.88483
1608.00000000	6.88452
1608.50000000	6.88504
1609.00000000	6.88492
1609.50000000	6.88415
1610.00000000	6.88366
1610.50000000	6.88282
1611.00000000	6.88203
1611.50000000	6.88205
1612.00000000	6.88227
1612.50000000	6.88345
1613.00000000	6.88256
1613.50000000	6.88301
1614.00000000	6.88261
1614.50000000	6.88179
1615.00000000	6.88048
1615.50000000	6.87887
1616.00000000	6.87731
1616.50000000	6.87706
1617.00000000	6.87629
1617.50000000	6.87543
1618.00000000	6.87525
1618.50000000	6.87305
1619.00000000	6.87093
1619.50000000	6.86819
1620.00000000	6.86599
1620.50000000	6.86428
1621.00000000	6.86434
1621.50000000	6.86391
1622.00000000	6.86392
1622.50000000	6.86328
1623.00000000	6.86374
1623.50000000	6.86179
1624.00000000	6.86138
1624.50000000	6.86018
1625.00000000	6.86048
1625.50000000	6.86122
1626.00000000	6.86146
1626.50000000	6.86189
1627.00000000	6.86255
1627.50000000	6.86264
1628.00000000	6.86301
1628.50000000	6.86274
1629.00000000	6.86145
1629.50000000	6.85827
1630.00000000	6.85514
1630.50000000	6.85214
1631.00000000	6.84931
1631.50000000	6.84728
1632.00000000	6.84507
1632.50000000	6.84436
1633.00000000	6.84383
1633.50000000	6.84321
1634.00000000	6.84123
1634.50000000	6.84061
1635.00000000	6.83898
1635.50000000	6.83596
1636.00000000	6.83336
1636.50000000	6.83157
1637.00000000	6.82989
1637.50000000	6.82867
1638.00000000	6.82749
1638.50000000	6.82616
1639.00000000	6.82447
1639.50000000	6.82351
1640.00000000	6.82130
1640.50000000	6.81835
1641.00000000	6.81536
1641.50000000	6.81281
1642.00000000	6.81160
1642.50000000	6.80897
1643.00000000	6.80552
1643.50000000	6.80393
1644.00000000	6.80066
1644.50000000	6.79792
1645.00000000	6.79629
1645.50000000	6.79475
1646.00000000	6.79278
1646.50000000	6.79162
1647.00000000	6.79089
1647.50000000	6.79148
1648.00000000	6.79200
1648.50000000	6.79240
1649.00000000	6.79317
1649.50000000	6.79537
1650.00000000	6.79745
1650.50000000	6.79903
1651.00000000	6.80239
1651.50000000	6.80530
1652.00000000	6.80726
1652.50000000	6.81017
1653.00000000	6.81333
1653.50000000	6.81520
1654.00000000	6.81710
1654.50000000	6.81708
1655.00000000	6.81686
1655.50000000	6.81780
1656.00000000	6.81864
1656.50000000	6.81926
1657.00000000	6.82000
1657.50000000	6.82036
1658.00000000	6.82062
1658.50000000	6.82008
1659.00000000	6.81985
1659.50000000	6.81960
1660.00000000	6.81980
1660.50000000	6.82094
1661.00000000	6.82143
1661.50000000	6.82095
1662.00000000	6.82035
1662.50000000	6.81964
1663.00000000	6.81974
1663.50000000	6.82009
1664.00000000	6.82085
1664.50000000	6.81946
1665.00000000	6.81809
1665.50000000	6.81578
1666.00000000	6.81374
1666.50000000	6.81305
1667.00000000	6.81221
1667.50000000	6.81184
