2610.00000000	5.08960
2610.50000000	5.08732
2611.00000000	5.08641
2611.50000000	5.08591
2612.00000000	5.08548
2612.50000000	5.08591
2613.00000000	5.08585
2613.50000000	5.08780
2614.00000000	5.09017
2614.50000000	5.09082
2615.00000000	5.09113
2615.50000000	5.09123
2616.00000000	5.09142
2616.50000000	5.09112
2617.00000000	5.09164
2617.50000000	5.09179
2618.00000000	5.09228
2618.50000000	5.09419
2619.00000000	5.09622
2619.50000000	5.09814
2620.00000000	5.09983
2620.50000000	5.10203
2621.00000000	5.10554
2621.50000000	5.10816
2622.00000000	5.11084
2622.50000000	5.11529
2623.00000000	5.11913
2623.50000000	5.12233
2624.00000000	5.12642
2624.50000000	5.12878
2625.00000000	5.13100
2625.50000000	5.13367
2626.00000000	5.13517
2626.50000000	5.13694
2627.00000000	5.13940
2627.50000000	5.14051
2628.00000000	5.14034
2628.50000000	5.14276
2629.00000000	5.14627
2629.50000000	5.14953
2630.00000000	5.15251
2630.50000000	5.15690
2631.00000000	5.16080
2631.50000000	5.16438
2632.00000000	5.16655
2632.50000000	5.16879
2633.00000000	5.17059
2633.50000000	5.17095
2634.00000000	5.17213
2634.50000000	5.17386
2635.00000000	5.17659
2635.50000000	5.17999
2636.00000000	5.18294
2636.50000000	5.18562
2637.00000000	5.18833
2637.50000000	5.18992
2638.00000000	5.19186
2638.50000000	5.19334
2639.00000000	5.19442
2639.50000000	5.19602
2640.00000000	5.19746
2640.50000000	5.19865
2641.00000000	5.19984
2641.50000000	5.20083
2642.00000000	5.20188
2642.50000000	5.20369
2643.00000000	5.20709
2643.50000000	5.21010
2644.00000000	5.21377
2644.50000000	5.21671
2645.00000000	5.21948
2645.50000000	5.22209
2646.00000000	5.22384
2646.50000000	5.22534
2647.00000000	5.22824
2647.50000000	5.23009
2648.00000000	5.23154
2648.50000000	5.23309
2649.00000000	5.23344
2649.50000000	5.23491
2650.00000000	5.23634
2650.50000000	5.23777
2651.00000000	5.24038
2651.50000000	5.24156
2652.00000000	5.24250
2652.50000000	5.24348
2653.00000000	5.24446
2653.50000000	5.24506
2654.00000000	5.24569
2654.50000000	5.24671
2655.00000000	5.24698
2655.50000000	5.24799
2656.00000000	5.24843
2656.50000000	5.24800
2657.00000000	5.24820
2657.50000000	5.25018
2658.00000000	5.25254
2658.50000000	5.25499
2659.00000000	5.25759
2659.50000000	5.25989
2660.00000000	5.26112
2660.50000000	5.26230
2661.00000000	5.26436
2661.50000000	5.26572
2662.00000000	5.26845
2662.50000000	5.27099
2663.00000000	5.27228
2663.50000000	5.27389
2664.00000000	5.27576
2664.50000000	5.27636
2665.00000000	5.27695
2665.50000000	5.27613
2666.00000000	5.27491
2666.50000000	5.27299
2667.00000000	5.27038
2667.50000000	5.26896
2668.00000000	5.26824
2668.50000000	5.26760
2669.00000000	5.26604
2669.50000000	5.26558
2670.00000000	5.26628
2670.50000000	5.26718
2671.00000000	5.26709
2671.50000000	5.26743
2672.00000000	5.26746
2672.50000000	5.26849
2673.00000000	5.26909
2673.50000000	5.26870
2674.00000000	5.26724
2674.50000000	5.26681
2675.00000000	5.26742
2675.50000000	5.26770
2676.00000000	5.26788
2676.50000000	5.26981
2677.00000000	5.27012
2677.50000000	5.27095
2678.00000000	5.27128
2678.50000000	5.27157
2679.00000000	5.27197
2679.50000000	5.27334
2680.00000000	5.27457
2680.50000000	5.27640
2681.00000000	5.27827
2681.50000000	5.27848
2682.00000000	5.27869
2682.50000000	5.27756
2683.00000000	5.27693
2683.50000000	5.27695
2684.00000000	5.27775
2684.50000000	5.27960
2685.00000000	5.28104
2685.50000000	5.28277
2686.00000000	5.28490
2686.50000000	5.28687
2687.00000000	5.28776
2687.50000000	5.29003
2688.00000000	5.29116
2688.50000000	5.29216
2689.00000000	5.29452
2689.50000000	5.29599
2690.00000000	5.29810
2690.50000000	5.30000
2691.00000000	5.30278
2691.50000000	5.30512
2692.00000000	5.30617
2692.50000000	5.30825
2693.00000000	5.31031
2693.50000000	5.31204
2694.00000000	5.31235
2694.50000000	5.31250
2695.00000000	5.31194
2695.50000000	5.31183
2696.00000000	5.31239
2696.50000000	5.31305
2697.00000000	5.31408
2697.50000000	5.31479
2698.00000000	5.31419
2698.50000000	5.31336
2699.00000000	5.31328
2699.50000000	5.31229
2700.00000000	5.31129
2700.50000000	5.31076
2701.00000000	5.31114
2701.50000000	5.31214
2702.00000000	5.31259
2702.50000000	5.31365
2703.00000000	5.31440
2703.50000000	5.31592
2704.00000000	5.31817
2704.50000000	5.31866
2705.00000000	5.31995
2705.50000000	5.32126
2706.00000000	5.32332
2706.50000000	5.32500
2707.00000000	5.32489
2707.50000000	5.32338
2708.00000000	5.32228
2708.50000000	5.32127
2709.00000000	5.32113
2709.50000000	5.32144
2710.00000000	5.32191
2710.50000000	5.32249
2711.00000000	5.32363
2711.50000000	5.32457
2712.00000000	5.32546
2712.50000000	5.32695
2713.00000000	5.32757
2713.50000000	5.32892
2714.00000000	5.33000
2714.50000000	5.33031
2715.00000000	5.33229
2715.50000000	5.33537
2716.00000000	5.33840
2716.50000000	5.34148
2717.00000000	5.34554
2717.50000000	5.34893
2718.00000000	5.35147
2718.50000000	5.35337
2719.00000000	5.35624
2719.50000000	5.35835
2720.00000000	5.36164
2720.50000000	5.36471
2721.00000000	5.36762
2721.50000000	5.37133
2722.00000000	5.37420
2722.50000000	5.37799
2723.00000000	5.38167
2723.50000000	5.38508
2724.00000000	5.38790
2724.50000000	5.39255
2725.00000000	5.39519
2725.50000000	5.39962
2726.00000000	5.40278
2726.50000000	5.40644
2727.00000000	5.40899
2727.50000000	5.41074
2728.00000000	5.41208
2728.50000000	5.41432
2729.00000000	5.41672
2729.50000000	5.41806
2730.00000000	5.42117
2730.50000000	5.42278
2731.00000000	5.42542
2731.50000000	5.42678
2732.00000000	5.42800
2732.50000000	5.42998
2733.00000000	5.43159
2733.50000000	5.43406
2734.00000000	5.43507
2734.50000000	5.43546
2735.00000000	5.43484
2735.50000000	5.43326
2736.00000000	5.43244
2736.50000000	5.43157
2737.00000000	5.43165
2737.50000000	5.43213
2738.00000000	5.43212
