560.00000000	6.29779
560.50000000	6.30082
561.00000000	6.30291
561.50000000	6.30434
562.00000000	6.30592
562.50000000	6.30696
563.00000000	6.30944
563.50000000	6.31181
564.00000000	6.31467
564.50000000	6.31761
565.00000000	6.31980
565.50000000	6.32200
566.00000000	6.32451
566.50000000	6.32663
567.00000000	6.32868
567.50000000	6.33077
568.00000000	6.33363
568.50000000	6.33726
569.00000000	6.34046
569.50000000	6.34360
570.00000000	6.34590
570.50000000	6.34853
571.00000000	6.35002
571.50000000	6.35261
572.00000000	6.35360
572.50000000	6.35620
573.00000000	6.35820
573.50000000	6.35967
574.00000000	6.36143
574.50000000	6.36186
575.00000000	6.36174
575.50000000	6.36200
576.00000000	6.36196
576.50000000	6.36424
577.00000000	6.36671
577.50000000	6.37115
578.00000000	6.37486
578.50000000	6.37925
579.00000000	6.38298
579.50000000	6.38631
580.00000000	6.38839
580.50000000	6.39143
581.00000000	6.39534
581.50000000	6.39895
582.00000000	6.40324
582.50000000	6.40800
583.00000000	6.41220
583.50000000	6.41491
584.00000000	6.41764
584.50000000	6.42095
585.00000000	6.42447
585.50000000	6.42806
586.00000000	6.43202
586.50000000	6.43512
587.00000000	6.43776
587.50000000	6.44101
588.00000000	6.44432
588.50000000	6.44720
589.00000000	6.44966
589.50000000	6.45171
590.00000000	6.45204
590.50000000	6.45102
591.00000000	6.45001
591.50000000	6.45010
592.00000000	6.45080
592.50000000	6.45157
593.00000000	6.45138
593.50000000	6.45135
594.00000000	6.45210
594.50000000	6.45247
595.00000000	6.45346
595.50000000	6.45431
596.00000000	6.45551
596.50000000	6.45733
597.00000000	6.45948
597.50000000	6.46120
598.00000000	6.46256
598.50000000	6.46420
599.00000000	6.46638
599.50000000	6.46922
600.00000000	6.47153
600.50000000	6.47190
601.00000000	6.47281
601.50000000	6.47229
602.00000000	6.47133
602.50000000	6.47078
603.00000000	6.47058
603.50000000	6.47199
604.00000000	6.47216
604.50000000	6.47306
605.00000000	6.47342
605.50000000	6.47340
606.00000000	6.47292
606.50000000	6.47359
607.00000000	6.47377
607.50000000	6.47313
608.00000000	6.47262
608.50000000	6.47260
609.00000000	6.47232
609.50000000	6.47014
610.00000000	6.46811
610.50000000	6.46742
611.00000000	6.46718
611.50000000	6.46688
612.00000000	6.46511
612.50000000	6.46438
613.00000000	6.46386
613.50000000	6.46352
614.00000000	6.46135
614.50000000	6.46027
615.00000000	6.45975
615.50000000	6.45845
616.00000000	6.45782
616.50000000	6.45845
617.00000000	6.45885
617.50000000	6.45989
618.00000000	6.46117
618.50000000	6.46178
619.00000000	6.46340
619.50000000	6.46271
620.00000000	6.46341
620.50000000	6.46350
621.00000000	6.46402
621.50000000	6.46529
622.00000000	6.46657
622.50000000	6.46869
623.00000000	6.46970
623.50000000	6.47262
624.00000000	6.47561
624.50000000	6.47664
625.00000000	6.47732
625.50000000	6.47905
626.00000000	6.48157
626.50000000	6.48552
627.00000000	6.48803
627.50000000	6.48919
628.00000000	6.49229
628.50000000	6.49468
629.00000000	6.49797
629.50000000	6.50116
630.00000000	6.50494
630.50000000	6.50918
631.00000000	6.51280
631.50000000	6.51653
632.00000000	6.51961
632.50000000	6.52248
633.00000000	6.52476
633.50000000	6.52704
634.00000000	6.53028
634.50000000	6.53259
635.00000000	6.53537
635.50000000	6.53742
636.00000000	6.53908
636.50000000	6.54127
637.00000000	6.54458
637.50000000	6.54782
638.00000000	6.55160
638.50000000	6.55575
639.00000000	6.55943
639.50000000	6.56367
640.00000000	6.56678
640.50000000	6.57145
641.00000000	6.57647
641.50000000	6.58149
642.00000000	6.58626
642.50000000	6.59077
643.00000000	6.59429
643.50000000	6.59921
644.00000000	6.60355
644.50000000	6.60677
645.00000000	6.61040
645.50000000	6.61427
646.00000000	6.61665
646.50000000	6.61919
647.00000000	6.62252
647.50000000	6.62513
648.00000000	6.62822
648.50000000	6.63063
649.00000000	6.63261
649.50000000	6.63385
650.00000000	6.63573
650.50000000	6.63801
651.00000000	6.64141
651.50000000	6.64541
652.00000000	6.64751
652.50000000	6.64950
653.00000000	6.65120
653.50000000	6.65465
654.00000000	6.65914
654.50000000	6.66280
655.00000000	6.66607
655.50000000	6.66819
656.00000000	6.66951
656.50000000	6.67148
657.00000000	6.67174
657.50000000	6.67241
658.00000000	6.67187
658.50000000	6.67099
659.00000000	6.67089
659.50000000	6.67126
660.00000000	6.67253
660.50000000	6.67285
661.00000000	6.67191
661.50000000	6.67029
662.00000000	6.66969
662.50000000	6.66819
663.00000000	6.66550
663.50000000	6.66446
664.00000000	6.66323
664.50000000	6.66183
665.00000000	6.66078
665.50000000	6.66223
666.00000000	6.66396
666.50000000	6.66610
667.00000000	6.66805
667.50000000	6.67144
668.00000000	6.67340
668.50000000	6.67457
669.00000000	6.67620
669.50000000	6.67776
670.00000000	6.67940
670.50000000	6.68122
671.00000000	6.68422
671.50000000	6.68686
672.00000000	6.69029
672.50000000	6.69400
673.00000000	6.69831
673.50000000	6.70219
674.00000000	6.70597
674.50000000	6.71169
675.00000000	6.71672
675.50000000	6.72043
676.00000000	6.72218
676.50000000	6.72436
677.00000000	6.72686
677.50000000	6.72952
678.00000000	6.73166
678.50000000	6.73353
679.00000000	6.73647
679.50000000	6.73986
680.00000000	6.74348
680.50000000	6.74772
681.00000000	6.75262
681.50000000	6.75740
682.00000000	6.76287
682.50000000	6.76836
683.00000000	6.77234
683.50000000	6.77650
684.00000000	6.77864
684.50000000	6.78119
685.00000000	6.78333
685.50000000	6.78513
686.00000000	6.78822
686.50000000	6.79109
687.00000000	6.79439
687.50000000	6.79824
688.00000000	6.80406
688.50000000	6.80968
689.00000000	6.81383
689.50000000	6.81739
690.00000000	6.82160
690.50000000	6.82528
691.00000000	6.82911
691.50000000	6.83342
692.00000000	6.83591
692.50000000	6.83729
693.00000000	6.83864
693.50000000	6.83917
694.00000000	6.83943
694.50000000	6.83960
695.00000000	6.84021
695.50000000	6.84251
696.00000000	6.84500
696.50000000	6.84628
697.00000000	6.84929
697.50000000	6.85230
698.00000000	6.85448
698.50000000	6.85709
699.00000000	6.85946
699.50000000	6.86118
700.00000000	6.86375
700.50000000	6.86713
701.00000000	6.87104
701.50000000	6.87274
702.00000000	6.87587
702.50000000	6.87980
703.00000000	6.88462
703.50000000	6.88875
704.00000000	6.89376
704.50000000	6.89845
705.00000000	6.90182
705.50000000	6.90490
706.00000000	6.90725
706.50000000	6.91040
707.00000000	6.91275
707.50000000	6.91472
708.00000000	6.91531
708.50000000	6.91640
709.00000000	6.91566
709.50000000	6.91569
710.00000000	6.91594
710.50000000	6.91569
711.00000000	6.91519
711.50000000	6.91467
712.00000000	6.91631
712.50000000	6.91877
713.00000000	6.92159
713.50000000	6.92241
714.00000000	6.92352
714.50000000	6.92469
715.00000000	6.92520
715.50000000	6.92610
716.00000000	6.92692
716.50000000	6.92869
717.00000000	6.93103
717.50000000	6.93295
718.00000000	6.93447
718.50000000	6.93539
719.00000000	6.93687
719.50000000	6.93929
720.00000000	6.94189
720.50000000	6.94519
721.00000000	6.94806
721.50000000	6.95177
722.00000000	6.95411
722.50000000	6.95602
723.00000000	6.95840
723.50000000	6.96089
724.00000000	6.96398
724.50000000	6.96708
725.00000000	6.97239
725.50000000	6.97831
726.00000000	6.98441
726.50000000	6.98968
727.00000000	6.99532
727.50000000	6.99911
728.00000000	7.00148
728.50000000	7.00419
729.00000000	7.00607
729.50000000	7.00958
730.00000000	7.01305
730.50000000	7.01681
731.00000000	7.02000
731.50000000	7.02344
732.00000000	7.02703
732.50000000	7.02907
733.00000000	7.03095
733.50000000	7.03210
734.00000000	7.03206
734.50000000	7.03382
735.00000000	7.03618
735.50000000	7.04030
736.00000000	7.04469
736.50000000	7.04898
737.00000000	7.05390
737.50000000	7.05879
738.00000000	7.06265
738.50000000	7.06667
739.00000000	7.07218
739.50000000	7.07726
740.00000000	7.08207
740.50000000	7.08687
741.00000000	7.09101
741.50000000	7.09521
742.00000000	7.10115
742.50000000	7.10671
743.00000000	7.11313
743.50000000	7.11886
744.00000000	7.12354
744.50000000	7.12679
745.00000000	7.12841
745.50000000	7.13108
746.00000000	7.13487
746.50000000	7.13922
747.00000000	7.14158
747.50000000	7.14252
748.00000000	7.14391
748.50000000	7.14678
749.00000000	7.15042
749.50000000	7.15266
750.00000000	7.15299
750.50000000	7.15337
751.00000000	7.15420
751.50000000	7.15445
752.00000000	7.15532
752.50000000	7.15749
753.00000000	7.15856
753.50000000	7.16014
754.00000000	7.15980
754.50000000	7.16065
755.00000000	7.16125
755.50000000	7.16106
756.00000000	7.16103
756.50000000	7.16215
757.00000000	7.16145
757.50000000	7.16217
758.00000000	7.16317
758.50000000	7.16273
759.00000000	7.16233
759.50000000	7.16153
760.00000000	7.16139
760.50000000	7.16082
761.00000000	7.16006
761.50000000	7.15788
762.00000000	7.15590
762.50000000	7.15417
763.00000000	7.15401
763.50000000	7.15462
764.00000000	7.15608
764.50000000	7.15621
765.00000000	7.15583
765.50000000	7.15624
766.00000000	7.15791
766.50000000	7.15938
767.00000000	7.15996
767.50000000	7.16107
768.00000000	7.16277
768.50000000	7.16378
769.00000000	7.16585
769.50000000	7.16708
770.00000000	7.16779
770.50000000	7.16937
771.00000000	7.17006
771.50000000	7.17003
772.00000000	7.16932
772.50000000	7.16842
773.00000000	7.16838
773.50000000	7.16897
774.00000000	7.16830
774.50000000	7.16825
775.00000000	7.16804
775.50000000	7.16788
776.00000000	7.16806
776.50000000	7.16860
777.00000000	7.16894
777.50000000	7.17039
778.00000000	7.17297
778.50000000	7.17652
779.00000000	7.17970
779.50000000	7.18419
780.00000000	7.18739
780.50000000	7.19080
781.00000000	7.19262
781.50000000	7.19375
782.00000000	7.19564
782.50000000	7.19582
783.00000000	7.19571
783.50000000	7.19615
784.00000000	7.19759
784.50000000	7.20073
785.00000000	7.20268
785.50000000	7.20403
786.00000000	7.20529
786.50000000	7.20633
787.00000000	7.20756
787.50000000	7.20924
788.00000000	7.21032
788.50000000	7.21106
789.00000000	7.21205
789.50000000	7.21275
790.00000000	7.21427
790.50000000	7.21595
791.00000000	7.21702
791.50000000	7.21933
792.00000000	7.22061
792.50000000	7.22284
793.00000000	7.22441
793.50000000	7.22549
794.00000000	7.22636
794.50000000	7.22739
795.00000000	7.22770
795.50000000	7.22844
796.00000000	7.22885
796.50000000	7.23034
797.00000000	7.23290
797.50000000	7.23542
798.00000000	7.23592
798.50000000	7.23441
799.00000000	7.23140
799.50000000	7.22800
800.00000000	7.22416
800.50000000	7.22110
801.00000000	7.21866
801.50000000	7.21559
802.00000000	7.21405
802.50000000	7.21170
803.00000000	7.21030
803.50000000	7.20812
804.00000000	7.20666
804.50000000	7.20671
805.00000000	7.20593
805.50000000	7.20591
806.00000000	7.20626
806.50000000	7.20527
807.00000000	7.20534
807.50000000	7.20548
808.00000000	7.20538
808.50000000	7.20549
809.00000000	7.20546
809.50000000	7.20614
810.00000000	7.20628
810.50000000	7.20561
811.00000000	7.20442
811.50000000	7.20347
812.00000000	7.20295
812.50000000	7.20277
813.00000000	7.20314
813.50000000	7.20367
814.00000000	7.20506
814.50000000	7.20607
815.00000000	7.20667
815.50000000	7.20853
816.00000000	7.21161
816.50000000	7.21506
817.00000000	7.21924
817.50000000	7.22345
818.00000000	7.22731
818.50000000	7.23086
819.00000000	7.23463
819.50000000	7.23833
820.00000000	7.24114
820.50000000	7.24350
821.00000000	7.24551
821.50000000	7.24688
822.00000000	7.24828
822.50000000	7.24823
823.00000000	7.24868
823.50000000	7.24869
824.00000000	7.24935
824.50000000	7.24998
825.00000000	7.25098
825.50000000	7.25109
826.00000000	7.25123
826.50000000	7.24930
827.00000000	7.24792
827.50000000	7.24676
828.00000000	7.24677
828.50000000	7.24810
829.00000000	7.24860
829.50000000	7.24924
830.00000000	7.24968
830.50000000	7.25075
831.00000000	7.25123
831.50000000	7.25081
832.00000000	7.25093
832.50000000	7.25212
833.00000000	7.25334
833.50000000	7.25359
834.00000000	7.25358
834.50000000	7.25374
835.00000000	7.25470
835.50000000	7.25684
836.00000000	7.25915
836.50000000	7.26202
837.00000000	7.26447
837.50000000	7.26657
838.00000000	7.26775
838.50000000	7.27042
839.00000000	7.27228
839.50000000	7.27454
840.00000000	7.27642
840.50000000	7.27584
841.00000000	7.27465
841.50000000	7.27391
842.00000000	7.27437
842.50000000	7.27471
843.00000000	7.27524
843.50000000	7.27658
844.00000000	7.27719
844.50000000	7.27645
845.00000000	7.27465
845.50000000	7.27148
846.00000000	7.26867
846.50000000	7.26568
847.00000000	7.26234
847.50000000	7.25749
848.00000000	7.25452
848.50000000	7.25170
849.00000000	7.24826
849.50000000	7.24604
850.00000000	7.24403
850.50000000	7.24326
851.00000000	7.24240
851.50000000	7.24229
852.00000000	7.24252
852.50000000	7.24249
853.00000000	7.24144
853.50000000	7.24117
854.00000000	7.24013
854.50000000	7.23935
855.00000000	7.23842
855.50000000	7.23737
856.00000000	7.23577
856.50000000	7.23303
857.00000000	7.23125
857.50000000	7.23197
858.00000000	7.23227
858.50000000	7.23194
859.00000000	7.23177
859.50000000	7.23021
860.00000000	7.22809
860.50000000	7.22707
861.00000000	7.22631
861.50000000	7.22480
862.00000000	7.22333
862.50000000	7.22054
863.00000000	7.21860
863.50000000	7.21819
864.00000000	7.21653
864.50000000	7.21630
865.00000000	7.21605
865.50000000	7.21569
866.00000000	7.21530
866.50000000	7.21604
867.00000000	7.21617
867.50000000	7.21408
868.00000000	7.21267
868.50000000	7.21018
869.00000000	7.20841
869.50000000	7.20637
870.00000000	7.20477
870.50000000	7.20294
871.00000000	7.20187
871.50000000	7.20104
872.00000000	7.20072
872.50000000	7.20034
873.00000000	7.19991
873.50000000	7.19838
874.00000000	7.19753
874.50000000	7.19704
875.00000000	7.19688
875.50000000	7.19562
876.00000000	7.19417
876.50000000	7.19346
877.00000000	7.19346
877.50000000	7.19197
878.00000000	7.19073
878.50000000	7.18933
879.00000000	7.18934
879.50000000	7.18757
880.00000000	7.18477
880.50000000	7.18281
881.00000000	7.18000
881.50000000	7.17755
882.00000000	7.17412
882.50000000	7.17034
883.00000000	7.16741
883.50000000	7.16418
884.00000000	7.15960
884.50000000	7.15481
885.00000000	7.15032
885.50000000	7.14766
886.00000000	7.14536
886.50000000	7.14364
887.00000000	7.14282
887.50000000	7.14085
888.00000000	7.14076
888.50000000	7.13955
889.00000000	7.13871
889.50000000	7.13730
890.00000000	7.13573
890.50000000	7.13286
891.00000000	7.13078
891.50000000	7.12841
892.00000000	7.12580
892.50000000	7.12221
893.00000000	7.11856
893.50000000	7.11429
894.00000000	7.11176
894.50000000	7.10919
895.00000000	7.10697
895.50000000	7.10495
896.00000000	7.10116
896.50000000	7.09684
897.00000000	7.09451
897.50000000	7.09280
898.00000000	7.09076
898.50000000	7.09053
899.00000000	7.08896
899.50000000	7.08652
900.00000000	7.08366
900.50000000	7.08164
901.00000000	7.08028
901.50000000	7.07763
902.00000000	7.07567
902.50000000	7.07349
903.00000000	7.07142
903.50000000	7.07033
904.00000000	7.06740
904.50000000	7.06557
905.00000000	7.06326
905.50000000	7.06115
906.00000000	7.05999
906.50000000	7.05877
907.00000000	7.05725
907.50000000	7.05481
908.00000000	7.05245
908.50000000	7.05084
909.00000000	7.05021
909.50000000	7.05036
910.00000000	7.05018
910.50000000	7.04881
911.00000000	7.04770
911.50000000	7.04555
912.00000000	7.04228
912.50000000	7.03995
913.00000000	7.03785
913.50000000	7.03557
914.00000000	7.03451
914.50000000	7.03148
915.00000000	7.02892
915.50000000	7.02622
916.00000000	7.02466
916.50000000	7.02208
917.00000000	7.01947
917.50000000	7.01670
918.00000000	7.01323
918.50000000	7.01046
919.00000000	7.00860
919.50000000	7.00633
920.00000000	7.00201
920.50000000	6.99839
921.00000000	6.99427
921.50000000	6.99013
922.00000000	6.98635
922.50000000	6.98379
923.00000000	6.98218
923.50000000	6.98194
924.00000000	6.98195
924.50000000	6.98222
925.00000000	6.98359
925.50000000	6.98662
926.00000000	6.98868
926.50000000	6.99100
927.00000000	6.99303
927.50000000	6.99590
928.00000000	6.99959
928.50000000	7.00299
929.00000000	7.00534
929.50000000	7.00838
930.00000000	7.01085
930.50000000	7.01323
931.00000000	7.01517
931.50000000	7.01719
932.00000000	7.02037
932.50000000	7.02451
933.00000000	7.02786
933.50000000	7.03036
934.00000000	7.03248
934.50000000	7.03506
935.00000000	7.03801
935.50000000	7.04027
936.00000000	7.04169
936.50000000	7.04323
937.00000000	7.04423
937.50000000	7.04623
938.00000000	7.04836
938.50000000	7.05044
939.00000000	7.05174
939.50000000	7.05423
940.00000000	7.05628
940.50000000	7.05972
941.00000000	7.06216
941.50000000	7.06334
942.00000000	7.06397
942.50000000	7.06498
943.00000000	7.06513
943.50000000	7.06371
944.00000000	7.06267
944.50000000	7.06324
945.00000000	7.06321
945.50000000	7.06354
946.00000000	7.06385
946.50000000	7.06416
947.00000000	7.06351
947.50000000	7.06211
948.00000000	7.05955
948.50000000	7.05668
949.00000000	7.05445
949.50000000	7.05258
950.00000000	7.04924
950.50000000	7.04687
951.00000000	7.04474
951.50000000	7.04350
952.00000000	7.04207
952.50000000	7.04021
953.00000000	7.03997
953.50000000	7.03939
954.00000000	7.03820
954.50000000	7.03735
955.00000000	7.03692
955.50000000	7.03657
956.00000000	7.03755
956.50000000	7.03769
957.00000000	7.03827
957.50000000	7.03919
958.00000000	7.03991
958.50000000	7.04232
959.00000000	7.04559
959.50000000	7.04866
960.00000000	7.05226
960.50000000	7.05539
961.00000000	7.05922
961.50000000	7.06159
962.00000000	7.06437
962.50000000	7.06767
963.00000000	7.07103
963.50000000	7.07274
964.00000000	7.07483
964.50000000	7.07800
965.00000000	7.08040
965.50000000	7.08427
966.00000000	7.08741
966.50000000	7.08987
967.00000000	7.09289
967.50000000	7.09743
968.00000000	7.10018
968.50000000	7.10412
969.00000000	7.10815
969.50000000	7.11203
970.00000000	7.11495
970.50000000	7.11658
971.00000000	7.11919
971.50000000	7.12070
972.00000000	7.12367
972.50000000	7.12746
973.00000000	7.13010
973.50000000	7.13105
974.00000000	7.13287
974.50000000	7.13402
975.00000000	7.13508
975.50000000	7.13591
976.00000000	7.13727
976.50000000	7.13958
977.00000000	7.14221
977.50000000	7.14420
978.00000000	7.14563
978.50000000	7.14637
979.00000000	7.14595
979.50000000	7.14481
980.00000000	7.14319
980.50000000	7.14339
981.00000000	7.14138
981.50000000	7.14050
982.00000000	7.14078
982.50000000	7.14239
983.00000000	7.14379
983.50000000	7.14333
984.00000000	7.14161
984.50000000	7.14016
985.00000000	7.13896
985.50000000	7.13717
986.00000000	7.13644
986.50000000	7.13508
987.00000000	7.13494
987.50000000	7.13367
988.00000000	7.13297
988.50000000	7.13298
989.00000000	7.13297
989.50000000	7.13247
990.00000000	7.13348
990.50000000	7.13303
991.00000000	7.13335
991.50000000	7.13416
992.00000000	7.13473
992.50000000	7.13543
993.00000000	7.13665
993.50000000	7.13866
994.00000000	7.14065
994.50000000	7.14221
995.00000000	7.14298
995.50000000	7.14315
996.00000000	7.14262
996.50000000	7.14405
997.00000000	7.14494
997.50000000	7.14616
998.00000000	7.14767
998.50000000	7.14864
999.00000000	7.14935
999.50000000	7.14931
1000.00000000	7.14755
1000.50000000	7.14528
1001.00000000	7.14376
1001.50000000	7.14121
1002.00000000	7.14016
1002.50000000	7.13792
1003.00000000	7.13491
1003.50000000	7.13257
1004.00000000	7.13078
1004.50000000	7.12825
1005.00000000	7.12693
1005.50000000	7.12460
1006.00000000	7.12372
1006.50000000	7.12341
1007.00000000	7.12390
1007.50000000	7.12356
1008.00000000	7.12371
1008.50000000	7.12334
1009.00000000	7.12267
1009.50000000	7.12154
1010.00000000	7.11930
1010.50000000	7.11775
1011.00000000	7.11642
1011.50000000	7.11516
1012.00000000	7.11389
1012.50000000	7.11049
1013.00000000	7.10646
1013.50000000	7.10317
1014.00000000	7.10122
1014.50000000	7.09921
1015.00000000	7.09712
1015.50000000	7.09487
1016.00000000	7.09277
1016.50000000	7.09152
1017.00000000	7.09059
1017.50000000	7.08776
1018.00000000	7.08419
1018.50000000	7.08200
1019.00000000	7.08202
1019.50000000	7.08133
1020.00000000	7.08052
1020.50000000	7.08007
1021.00000000	7.08036
1021.50000000	7.07869
1022.00000000	7.07706
1022.50000000	7.07694
1023.00000000	7.07515
1023.50000000	7.07347
1024.00000000	7.07212
1024.50000000	7.07173
1025.00000000	7.07070
1025.50000000	7.07042
1026.00000000	7.06931
1026.50000000	7.06973
1027.00000000	7.07108
1027.50000000	7.07277
1028.00000000	7.07523
1028.50000000	7.07618
1029.00000000	7.07558
1029.50000000	7.07541
1030.00000000	7.07424
1030.50000000	7.07228
1031.00000000	7.07140
1031.50000000	7.06875
1032.00000000	7.06575
1032.50000000	7.06270
1033.00000000	7.05943
1033.50000000	7.05568
1034.00000000	7.05241
1034.50000000	7.04887
1035.00000000	7.04502
1035.50000000	7.04227
1036.00000000	7.03996
1036.50000000	7.03701
1037.00000000	7.03407
1037.50000000	7.03067
1038.00000000	7.02830
1038.50000000	7.02600
1039.00000000	7.02385
1039.50000000	7.02330
1040.00000000	7.02259
1040.50000000	7.02174
1041.00000000	7.01998
1041.50000000	7.01768
1042.00000000	7.01399
1042.50000000	7.01048
1043.00000000	7.00707
1043.50000000	7.00310
1044.00000000	7.00135
1044.50000000	6.99988
1045.00000000	6.99866
1045.50000000	6.99666
1046.00000000	6.99451
1046.50000000	6.99289
1047.00000000	6.99056
1047.50000000	6.98809
1048.00000000	6.98581
1048.50000000	6.98238
1049.00000000	6.97875
1049.50000000	6.97529
1050.00000000	6.97209
1050.50000000	6.97019
1051.00000000	6.96878
1051.50000000	6.96823
1052.00000000	6.96812
1052.50000000	6.96757
1053.00000000	6.96529
1053.50000000	6.96396
1054.00000000	6.96316
1054.50000000	6.96328
1055.00000000	6.96428
1055.50000000	6.96559
1056.00000000	6.96776
1056.50000000	6.96981
1057.00000000	6.97218
1057.50000000	6.97338
1058.00000000	6.97346
1058.50000000	6.97409
1059.00000000	6.97442
1059.50000000	6.97466
1060.00000000	6.97451
1060.50000000	6.97401
1061.00000000	6.97264
1061.50000000	6.97215
1062.00000000	6.97158
1062.50000000	6.97019
1063.00000000	6.96755
1063.50000000	6.96540
1064.00000000	6.96254
1064.50000000	6.95892
1065.00000000	6.95471
1065.50000000	6.95060
1066.00000000	6.94574
1066.50000000	6.94177
1067.00000000	6.93897
1067.50000000	6.93754
1068.00000000	6.93745
1068.50000000	6.93789
1069.00000000	6.93935
1069.50000000	6.94161
1070.00000000	6.94336
1070.50000000	6.94705
1071.00000000	6.94924
1071.50000000	6.95118
1072.00000000	6.95323
1072.50000000	6.95528
1073.00000000	6.95681
1073.50000000	6.95972
1074.00000000	6.96342
1074.50000000	6.96755
1075.00000000	6.97141
1075.50000000	6.97563
1076.00000000	6.97997
1076.50000000	6.98524
1077.00000000	6.98963
1077.50000000	6.99398
1078.00000000	6.99819
1078.50000000	7.00228
1079.00000000	7.00576
1079.50000000	7.01016
1080.00000000	7.01460
1080.50000000	7.01867
1081.00000000	7.02197
1081.50000000	7.02591
1082.00000000	7.02918
1082.50000000	7.03202
1083.00000000	7.03609
1083.50000000	7.03911
1084.00000000	7.04231
1084.50000000	7.04479
1085.00000000	7.04626
1085.50000000	7.04787
1086.00000000	7.04828
1086.50000000	7.04871
1087.00000000	7.04889
1087.50000000	7.04884
1088.00000000	7.04975
1088.50000000	7.05117
1089.00000000	7.05288
1089.50000000	7.05453
1090.00000000	7.05528
1090.50000000	7.05565
1091.00000000	7.05577
1091.50000000	7.05471
1092.00000000	7.05444
1092.50000000	7.05390
1093.00000000	7.05295
1093.50000000	7.05205
1094.00000000	7.05054
1094.50000000	7.04960
1095.00000000	7.04951
1095.50000000	7.04987
1096.00000000	7.04940
1096.50000000	7.04901
1097.00000000	7.04873
1097.50000000	7.04835
1098.00000000	7.04912
1098.50000000	7.05090
1099.00000000	7.05173
1099.50000000	7.05103
1100.00000000	7.05074
1100.50000000	7.05112
1101.00000000	7.05080
1101.50000000	7.05032
1102.00000000	7.04978
1102.50000000	7.04971
1103.00000000	7.04992
1103.50000000	7.05007
1104.00000000	7.05065
1104.50000000	7.05115
1105.00000000	7.05054
1105.50000000	7.04845
1106.00000000	7.04797
1106.50000000	7.04775
1107.00000000	7.04801
1107.50000000	7.04783
1108.00000000	7.04865
1108.50000000	7.04989
1109.00000000	7.05180
1109.50000000	7.05354
1110.00000000	7.05541
1110.50000000	7.05715
1111.00000000	7.05934
1111.50000000	7.06017
1112.00000000	7.06088
1112.50000000	7.05995
1113.00000000	7.05870
1113.50000000	7.05792
1114.00000000	7.05812
1114.50000000	7.05851
1115.00000000	7.05816
1115.50000000	7.05858
1116.00000000	7.05892
1116.50000000	7.05974
1117.00000000	7.06069
1117.50000000	7.06118
1118.00000000	7.06258
1118.50000000	7.06470
1119.00000000	7.06777
1119.50000000	7.06996
1120.00000000	7.07165
1120.50000000	7.07325
1121.00000000	7.07297
1121.50000000	7.07167
1122.00000000	7.07328
1122.50000000	7.07385
1123.00000000	7.07429
1123.50000000	7.07424
1124.00000000	7.07434
1124.50000000	7.07592
1125.00000000	7.07718
1125.50000000	7.07745
1126.00000000	7.07888
1126.50000000	7.08218
1127.00000000	7.08600
1127.50000000	7.08999
1128.00000000	7.09432
1128.50000000	7.09917
1129.00000000	7.10262
1129.50000000	7.10479
1130.00000000	7.10875
1130.50000000	7.11271
1131.00000000	7.11663
1131.50000000	7.12067
1132.00000000	7.12309
1132.50000000	7.12554
1133.00000000	7.12781
1133.50000000	7.12828
1134.00000000	7.12859
1134.50000000	7.12928
1135.00000000	7.12940
1135.50000000	7.13118
1136.00000000	7.13416
1136.50000000	7.13571
1137.00000000	7.13611
1137.50000000	7.13735
1138.00000000	7.13863
1138.50000000	7.13897
1139.00000000	7.13996
1139.50000000	7.14087
1140.00000000	7.14126
1140.50000000	7.14185
1141.00000000	7.14069
1141.50000000	7.13980
1142.00000000	7.13991
1142.50000000	7.14006
1143.00000000	7.14056
1143.50000000	7.14031
1144.00000000	7.13883
1144.50000000	7.13770
1145.00000000	7.13635
1145.50000000	7.13554
1146.00000000	7.13543
1146.50000000	7.13554
1147.00000000	7.13476
1147.50000000	7.13364
1148.00000000	7.13238
1148.50000000	7.12998
1149.00000000	7.12856
1149.50000000	7.12752
1150.00000000	7.12542
1150.50000000	7.12207
1151.00000000	7.11837
1151.50000000	7.11510
1152.00000000	7.11425
1152.50000000	7.11328
1153.00000000	7.11103
1153.50000000	7.10970
1154.00000000	7.10745
1154.50000000	7.10479
1155.00000000	7.10296
1155.50000000	7.10007
1156.00000000	7.09671
1156.50000000	7.09340
1157.00000000	7.09072
1157.50000000	7.08858
1158.00000000	7.08573
1158.50000000	7.08295
1159.00000000	7.08221
1159.50000000	7.08238
1160.00000000	7.08256
1160.50000000	7.08260
1161.00000000	7.08173
1161.50000000	7.08091
1162.00000000	7.08110
1162.50000000	7.08246
1163.00000000	7.08328
1163.50000000	7.08295
1164.00000000	7.08166
1164.50000000	7.08002
1165.00000000	7.07907
1165.50000000	7.07899
1166.00000000	7.08035
1166.50000000	7.08139
1167.00000000	7.08181
1167.50000000	7.08263
1168.00000000	7.08316
1168.50000000	7.08508
1169.00000000	7.08747
1169.50000000	7.08848
1170.00000000	7.09039
1170.50000000	7.09196
1171.00000000	7.09269
1171.50000000	7.09320
1172.00000000	7.09276
1172.50000000	7.09231
1173.00000000	7.09013
1173.50000000	7.08733
1174.00000000	7.08407
1174.50000000	7.08123
1175.00000000	7.07927
1175.50000000	7.07758
1176.00000000	7.07579
1176.50000000	7.07376
1177.00000000	7.07066
1177.50000000	7.06738
1178.00000000	7.06505
1178.50000000	7.06297
1179.00000000	7.06090
1179.50000000	7.05933
1180.00000000	7.05833
1180.50000000	7.05747
1181.00000000	7.05630
1181.50000000	7.05438
1182.00000000	7.05254
1182.50000000	7.05151
1183.00000000	7.05031
1183.50000000	7.04938
1184.00000000	7.04791
1184.50000000	7.04781
1185.00000000	7.04946
1185.50000000	7.05035
1186.00000000	7.05087
1186.50000000	7.05231
1187.00000000	7.05421
1187.50000000	7.05486
1188.00000000	7.05476
1188.50000000	7.05529
1189.00000000	7.05647
1189.50000000	7.05845
1190.00000000	7.05931
1190.50000000	7.06022
1191.00000000	7.06027
1191.50000000	7.06022
1192.00000000	7.06059
1192.50000000	7.06191
1193.00000000	7.06325
1193.50000000	7.06522
1194.00000000	7.06731
1194.50000000	7.06876
1195.00000000	7.07005
1195.50000000	7.07088
1196.00000000	7.07068
1196.50000000	7.07182
1197.00000000	7.07312
1197.50000000	7.07505
1198.00000000	7.07738
1198.50000000	7.07923
1199.00000000	7.08003
1199.50000000	7.08125
1200.00000000	7.08280
1200.50000000	7.08339
1201.00000000	7.08375
1201.50000000	7.08435
1202.00000000	7.08655
1202.50000000	7.09001
1203.00000000	7.09283
1203.50000000	7.09673
1204.00000000	7.09787
1204.50000000	7.09879
1205.00000000	7.09959
1205.50000000	7.10120
1206.00000000	7.10205
1206.50000000	7.10386
1207.00000000	7.10648
1207.50000000	7.10843
1208.00000000	7.11017
1208.50000000	7.11186
1209.00000000	7.11385
1209.50000000	7.11535
1210.00000000	7.11728
1210.50000000	7.11928
1211.00000000	7.12200
1211.50000000	7.12478
1212.00000000	7.12689
1212.50000000	7.12777
1213.00000000	7.12889
1213.50000000	7.13056
1214.00000000	7.13151
1214.50000000	7.13210
1215.00000000	7.13225
1215.50000000	7.13315
1216.00000000	7.13471
1216.50000000	7.13506
1217.00000000	7.13470
1217.50000000	7.13366
1218.00000000	7.13326
1218.50000000	7.13270
1219.00000000	7.13137
1219.50000000	7.12962
1220.00000000	7.12995
1220.50000000	7.13063
1221.00000000	7.13137
1221.50000000	7.13086
1222.00000000	7.13107
1222.50000000	7.13125
1223.00000000	7.13279
1223.50000000	7.13494
1224.00000000	7.13676
1224.50000000	7.13914
1225.00000000	7.14137
1225.50000000	7.14273
1226.00000000	7.14441
1226.50000000	7.14554
1227.00000000	7.14565
1227.50000000	7.14590
1228.00000000	7.14715
1228.50000000	7.14945
1229.00000000	7.15124
1229.50000000	7.15296
1230.00000000	7.15353
1230.50000000	7.15414
1231.00000000	7.15549
1231.50000000	7.15671
1232.00000000	7.15699
1232.50000000	7.15595
1233.00000000	7.15493
1233.50000000	7.15489
1234.00000000	7.15635
1234.50000000	7.15794
1235.00000000	7.15908
1235.50000000	7.15996
1236.00000000	7.16060
1236.50000000	7.16130
1237.00000000	7.16221
1237.50000000	7.16314
1238.00000000	7.16408
1238.50000000	7.16269
1239.00000000	7.16060
1239.50000000	7.15857
1240.00000000	7.15663
1240.50000000	7.15634
1241.00000000	7.15616
1241.50000000	7.15645
1242.00000000	7.15645
1242.50000000	7.15594
1243.00000000	7.15621
1243.50000000	7.15596
1244.00000000	7.15518
1244.50000000	7.15350
1245.00000000	7.15105
1245.50000000	7.14958
1246.00000000	7.14710
1246.50000000	7.14559
1247.00000000	7.14306
1247.50000000	7.14153
1248.00000000	7.13845
1248.50000000	7.13544
1249.00000000	7.13357
1249.50000000	7.13326
1250.00000000	7.13238
1250.50000000	7.13027
1251.00000000	7.12838
1251.50000000	7.12699
1252.00000000	7.12573
1252.50000000	7.12633
1253.00000000	7.12595
1253.50000000	7.12462
1254.00000000	7.12379
1254.50000000	7.12287
1255.00000000	7.12319
1255.50000000	7.12269
1256.00000000	7.12111
1256.50000000	7.12039
1257.00000000	7.11902
1257.50000000	7.11722
1258.00000000	7.11514
1258.50000000	7.11414
1259.00000000	7.11477
1259.50000000	7.11614
1260.00000000	7.11695
1260.50000000	7.11714
1261.00000000	7.11811
1261.50000000	7.11908
1262.00000000	7.11911
1262.50000000	7.11837
1263.00000000	7.11655
1263.50000000	7.11172
1264.00000000	7.10729
1264.50000000	7.10476
1265.00000000	7.10348
1265.50000000	7.10311
1266.00000000	7.10145
1266.50000000	7.10016
1267.00000000	7.09933
1267.50000000	7.10009
1268.00000000	7.10024
1268.50000000	7.09975
1269.00000000	7.09947
1269.50000000	7.09915
1270.00000000	7.09929
1270.50000000	7.09968
1271.00000000	7.10013
1271.50000000	7.10066
1272.00000000	7.10157
1272.50000000	7.10298
1273.00000000	7.10401
1273.50000000	7.10533
1274.00000000	7.10563
1274.50000000	7.10773
1275.00000000	7.10904
1275.50000000	7.10942
1276.00000000	7.10832
1276.50000000	7.10544
1277.00000000	7.10202
1277.50000000	7.09911
1278.00000000	7.09660
1278.50000000	7.09518
1279.00000000	7.09426
1279.50000000	7.09305
1280.00000000	7.09152
1280.50000000	7.09013
1281.00000000	7.08820
1281.50000000	7.08409
1282.00000000	7.08101
1282.50000000	7.07874
1283.00000000	7.07668
1283.50000000	7.07563
1284.00000000	7.07538
1284.50000000	7.07571
1285.00000000	7.07650
1285.50000000	7.07588
1286.00000000	7.07537
1286.50000000	7.07504
1287.00000000	7.07403
1287.50000000	7.07450
1288.00000000	7.07433
1288.50000000	7.07529
1289.00000000	7.07730
1289.50000000	7.07940
1290.00000000	7.08092
1290.50000000	7.08214
1291.00000000	7.08484
1291.50000000	7.08566
1292.00000000	7.08709
1292.50000000	7.08829
1293.00000000	7.08942
1293.50000000	7.09012
1294.00000000	7.09048
1294.50000000	7.09126
1295.00000000	7.09139
1295.50000000	7.09200
1296.00000000	7.09344
1296.50000000	7.09511
1297.00000000	7.09704
1297.50000000	7.09912
1298.00000000	7.10033
1298.50000000	7.10246
1299.00000000	7.10365
1299.50000000	7.10498
1300.00000000	7.10556
1300.50000000	7.10723
1301.00000000	7.10803
1301.50000000	7.10734
1302.00000000	7.10718
1302.50000000	7.10772
1303.00000000	7.10812
1303.50000000	7.10956
1304.00000000	7.11120
1304.50000000	7.11241
1305.00000000	7.11434
1305.50000000	7.11678
1306.00000000	7.11825
1306.50000000	7.11904
1307.00000000	7.12071
1307.50000000	7.12282
1308.00000000	7.12520
1308.50000000	7.12869
1309.00000000	7.13107
1309.50000000	7.13390
1310.00000000	7.13614
1310.50000000	7.13856
1311.00000000	7.13986
1311.50000000	7.14219
1312.00000000	7.14432
1312.50000000	7.14697
1313.00000000	7.14809
1313.50000000	7.14790
1314.00000000	7.14698
1314.50000000	7.14576
1315.00000000	7.14353
1315.50000000	7.14274
1316.00000000	7.14114
1316.50000000	7.13985
1317.00000000	7.13984
1317.50000000	7.13905
1318.00000000	7.13643
1318.50000000	7.13589
1319.00000000	7.13605
1319.50000000	7.13587
1320.00000000	7.13566
1320.50000000	7.13455
1321.00000000	7.13362
1321.50000000	7.13243
1322.00000000	7.13287
1322.50000000	7.13235
1323.00000000	7.12992
1323.50000000	7.12762
1324.00000000	7.12611
1324.50000000	7.12345
1325.00000000	7.12080
1325.50000000	7.11998
1326.00000000	7.12090
1326.50000000	7.11992
1327.00000000	7.12039
1327.50000000	7.12187
1328.00000000	7.12333
1328.50000000	7.12360
1329.00000000	7.12333
1329.50000000	7.12302
1330.00000000	7.12325
1330.50000000	7.12288
1331.00000000	7.12311
1331.50000000	7.12481
1332.00000000	7.12607
1332.50000000	7.12595
1333.00000000	7.12515
1333.50000000	7.12421
1334.00000000	7.12423
1334.50000000	7.12496
1335.00000000	7.12586
1335.50000000	7.12480
1336.00000000	7.12365
1336.50000000	7.12275
1337.00000000	7.12234
1337.50000000	7.12326
1338.00000000	7.12405
1338.50000000	7.12353
1339.00000000	7.12194
1339.50000000	7.12125
1340.00000000	7.12011
1340.50000000	7.11809
1341.00000000	7.11568
1341.50000000	7.11293
1342.00000000	7.11012
1342.50000000	7.10760
1343.00000000	7.10544
1343.50000000	7.10273
1344.00000000	7.09978
1344.50000000	7.09642
1345.00000000	7.09452
1345.50000000	7.09231
1346.00000000	7.08934
1346.50000000	7.08572
1347.00000000	7.08232
1347.50000000	7.07791
1348.00000000	7.07493
1348.50000000	7.07172
1349.00000000	7.06837
1349.50000000	7.06419
1350.00000000	7.05942
1350.50000000	7.05523
1351.00000000	7.05400
1351.50000000	7.05094
1352.00000000	7.04855
1352.50000000	7.04589
1353.00000000	7.04344
1353.50000000	7.04005
1354.00000000	7.03631
1354.50000000	7.03249
1355.00000000	7.02892
1355.50000000	7.02570
1356.00000000	7.02285
1356.50000000	7.02021
1357.00000000	7.01807
1357.50000000	7.01588
1358.00000000	7.01556
1358.50000000	7.01401
1359.00000000	7.01230
1359.50000000	7.01142
1360.00000000	7.01013
1360.50000000	7.01040
1361.00000000	7.00958
1361.50000000	7.00949
1362.00000000	7.00915
1362.50000000	7.00788
1363.00000000	7.00807
1363.50000000	7.00888
1364.00000000	7.00930
1364.50000000	7.00917
1365.00000000	7.00876
1365.50000000	7.00753
1366.00000000	7.00519
1366.50000000	7.00256
1367.00000000	7.00013
1367.50000000	6.99672
1368.00000000	6.99332
1368.50000000	6.99067
1369.00000000	6.98824
1369.50000000	6.98534
1370.00000000	6.98255
1370.50000000	6.98036
1371.00000000	6.97715
1371.50000000	6.97440
1372.00000000	6.97149
1372.50000000	6.96863
1373.00000000	6.96588
1373.50000000	6.96278
1374.00000000	6.95904
1374.50000000	6.95452
1375.00000000	6.94944
1375.50000000	6.94508
1376.00000000	6.93934
1376.50000000	6.93563
1377.00000000	6.93175
1377.50000000	6.92836
1378.00000000	6.92530
1378.50000000	6.92256
1379.00000000	6.91923
1379.50000000	6.91765
1380.00000000	6.91583
1380.50000000	6.91521
1381.00000000	6.91414
1381.50000000	6.91205
1382.00000000	6.90942
1382.50000000	6.90855
1383.00000000	6.90700
1383.50000000	6.90624
1384.00000000	6.90634
1384.50000000	6.90637
1385.00000000	6.90506
1385.50000000	6.90570
1386.00000000	6.90639
1386.50000000	6.90669
1387.00000000	6.90573
1387.50000000	6.90499
1388.00000000	6.90407
1388.50000000	6.90359
1389.00000000	6.90349
1389.50000000	6.90383
1390.00000000	6.90376
1390.50000000	6.90375
1391.00000000	6.90317
1391.50000000	6.90231
1392.00000000	6.90247
1392.50000000	6.90237
1393.00000000	6.90220
1393.50000000	6.90235
1394.00000000	6.90314
1394.50000000	6.90406
1395.00000000	6.90535
1395.50000000	6.90553
1396.00000000	6.90615
1396.50000000	6.90634
1397.00000000	6.90713
1397.50000000	6.90682
1398.00000000	6.90766
1398.50000000	6.90879
1399.00000000	6.91006
1399.50000000	6.91197
1400.00000000	6.91298
1400.50000000	6.91443
1401.00000000	6.91481
1401.50000000	6.91552
1402.00000000	6.91521
1402.50000000	6.91428
1403.00000000	6.91239
1403.50000000	6.91012
1404.00000000	6.90870
1404.50000000	6.90729
1405.00000000	6.90757
1405.50000000	6.90762
1406.00000000	6.90777
1406.50000000	6.90619
1407.00000000	6.90400
1407.50000000	6.90395
1408.00000000	6.90439
1408.50000000	6.90520
1409.00000000	6.90577
1409.50000000	6.90540
1410.00000000	6.90485
1410.50000000	6.90511
1411.00000000	6.90362
1411.50000000	6.90230
1412.00000000	6.90226
1412.50000000	6.90272
1413.00000000	6.90454
1413.50000000	6.90733
1414.00000000	6.91054
1414.50000000	6.91259
1415.00000000	6.91381
1415.50000000	6.91446
1416.00000000	6.91430
1416.50000000	6.91423
1417.00000000	6.91367
1417.50000000	6.91237
1418.00000000	6.91127
1418.50000000	6.90934
1419.00000000	6.90581
1419.50000000	6.90113
1420.00000000	6.89854
1420.50000000	6.89569
1421.00000000	6.89267
1421.50000000	6.89025
1422.00000000	6.88894
1422.50000000	6.88807
1423.00000000	6.88772
1423.50000000	6.88668
1424.00000000	6.88498
1424.50000000	6.88251
1425.00000000	6.88071
1425.50000000	6.88024
1426.00000000	6.87970
1426.50000000	6.87997
1427.00000000	6.87754
1427.50000000	6.87557
1428.00000000	6.87228
1428.50000000	6.87002
1429.00000000	6.86862
1429.50000000	6.86587
1430.00000000	6.86372
1430.50000000	6.86135
1431.00000000	6.85896
1431.50000000	6.85583
1432.00000000	6.85208
1432.50000000	6.84964
1433.00000000	6.84773
1433.50000000	6.84624
1434.00000000	6.84410
1434.50000000	6.84210
1435.00000000	6.84188
1435.50000000	6.84220
1436.00000000	6.84318
1436.50000000	6.84583
1437.00000000	6.84699
1437.50000000	6.84796
1438.00000000	6.84867
1438.50000000	6.85009
1439.00000000	6.85160
1439.50000000	6.85223
1440.00000000	6.85194
1440.50000000	6.85317
1441.00000000	6.85493
1441.50000000	6.85681
1442.00000000	6.85846
1442.50000000	6.85986
1443.00000000	6.85957
1443.50000000	6.85865
1444.00000000	6.85765
1444.50000000	6.85718
1445.00000000	6.85754
1445.50000000	6.85801
1446.00000000	6.85823
1446.50000000	6.85791
1447.00000000	6.85674
1447.50000000	6.85623
1448.00000000	6.85579
1448.50000000	6.85502
1449.00000000	6.85312
1449.50000000	6.85051
1450.00000000	6.84877
1450.50000000	6.84728
1451.00000000	6.84595
1451.50000000	6.84428
1452.00000000	6.84123
1452.50000000	6.83828
1453.00000000	6.83610
1453.50000000	6.83401
1454.00000000	6.83246
1454.50000000	6.83119
1455.00000000	6.82978
1455.50000000	6.82839
1456.00000000	6.82675
1456.50000000	6.82499
1457.00000000	6.82405
1457.50000000	6.82337
1458.00000000	6.82190
1458.50000000	6.82030
1459.00000000	6.81787
1459.50000000	6.81477
1460.00000000	6.81113
1460.50000000	6.80826
1461.00000000	6.80656
1461.50000000	6.80431
1462.00000000	6.80194
1462.50000000	6.79990
1463.00000000	6.79836
1463.50000000	6.79717
1464.00000000	6.79620
1464.50000000	6.79574
1465.00000000	6.79525
1465.50000000	6.79411
1466.00000000	6.79394
1466.50000000	6.79255
1467.00000000	6.79011
1467.50000000	6.78667
1468.00000000	6.78390
1468.50000000	6.78066
1469.00000000	6.77807
1469.50000000	6.77666
1470.00000000	6.77467
1470.50000000	6.77215
1471.00000000	6.77073
1471.50000000	6.76916
1472.00000000	6.76757
1472.50000000	6.76612
1473.00000000	6.76467
1473.50000000	6.76438
1474.00000000	6.76436
1474.50000000	6.76338
1475.00000000	6.76335
1475.50000000	6.76328
1476.00000000	6.76159
1476.50000000	6.75988
1477.00000000	6.75819
1477.50000000	6.75631
1478.00000000	6.75493
1478.50000000	6.75374
1479.00000000	6.75094
1479.50000000	6.74780
1480.00000000	6.74435
1480.50000000	6.74147
1481.00000000	6.73906
1481.50000000	6.73698
1482.00000000	6.73463
1482.50000000	6.73135
1483.00000000	6.72919
1483.50000000	6.72670
1484.00000000	6.72572
1484.50000000	6.72382
1485.00000000	6.72102
1485.50000000	6.71895
1486.00000000	6.71690
1486.50000000	6.71530
1487.00000000	6.71411
1487.50000000	6.71297
1488.00000000	6.71164
1488.50000000	6.71081
1489.00000000	6.71005
1489.50000000	6.70887
1490.00000000	6.70760
1490.50000000	6.70488
1491.00000000	6.70186
1491.50000000	6.69814
1492.00000000	6.69450
1492.50000000	6.69139
1493.00000000	6.68883
1493.50000000	6.68637
1494.00000000	6.68586
1494.50000000	6.68424
1495.00000000	6.68275
1495.50000000	6.68078
1496.00000000	6.67844
1496.50000000	6.67674
1497.00000000	6.67475
1497.50000000	6.67143
1498.00000000	6.66907
1498.50000000	6.66650
1499.00000000	6.66353
1499.50000000	6.66035
1500.00000000	6.65687
1500.50000000	6.65368
1501.00000000	6.65117
1501.50000000	6.64788
1502.00000000	6.64412
1502.50000000	6.64039
1503.00000000	6.63713
1503.50000000	6.63324
1504.00000000	6.62982
1504.50000000	6.62645
1505.00000000	6.62387
1505.50000000	6.62167
1506.00000000	6.61949
1506.50000000	6.61729
1507.00000000	6.61533
1507.50000000	6.61408
1508.00000000	6.61246
1508.50000000	6.61163
1509.00000000	6.61009
1509.50000000	6.60779
1510.00000000	6.60580
1510.50000000	6.60332
1511.00000000	6.60092
1511.50000000	6.59928
1512.00000000	6.59788
1512.50000000	6.59727
1513.00000000	6.59464
1513.50000000	6.59339
1514.00000000	6.59137
1514.50000000	6.58914
1515.00000000	6.58647
1515.50000000	6.58336
1516.00000000	6.58033
1516.50000000	6.57868
1517.00000000	6.57647
1517.50000000	6.57421
1518.00000000	6.57260
1518.50000000	6.56910
1519.00000000	6.56555
1519.50000000	6.56128
1520.00000000	6.55749
1520.50000000	6.55385
1521.00000000	6.55191
1521.50000000	6.54948
1522.00000000	6.54726
1522.50000000	6.54440
1523.00000000	6.54268
1523.50000000	6.53854
1524.00000000	6.53591
1524.50000000	6.53262
1525.00000000	6.53096
1525.50000000	6.52989
1526.00000000	6.52841
1526.50000000	6.52732
1527.00000000	6.52650
1527.50000000	6.52540
1528.00000000	6.52455
1528.50000000	6.52322
1529.00000000	6.52096
1529.50000000	6.51686
1530.00000000	6.51296
1530.50000000	6.50923
1531.00000000	6.50560
1531.50000000	6.50275
1532.00000000	6.49978
1532.50000000	6.49810
1533.00000000	6.49672
1533.50000000	6.49523
1534.00000000	6.49231
1534.50000000	6.49059
1535.00000000	6.48788
1535.50000000	6.48371
1536.00000000	6.47977
1536.50000000	6.47659
1537.00000000	6.47341
1537.50000000	6.47059
1538.00000000	6.46775
1538.50000000	6.46481
1539.00000000	6.46141
1539.50000000	6.45866
1540.00000000	6.45453
1540.50000000	6.44955
1541.00000000	6.44438
1541.50000000	6.43971
1542.00000000	6.43657
1542.50000000	6.43203
1543.00000000	6.42673
1543.50000000	6.42326
1544.00000000	6.41818
1544.50000000	6.41352
1545.00000000	6.41001
1545.50000000	6.40680
1546.00000000	6.40322
1546.50000000	6.40056
1547.00000000	6.39849
1547.50000000	6.39783
1548.00000000	6.39698
1548.50000000	6.39604
1549.00000000	6.39542
1549.50000000	6.39641
1550.00000000	6.39718
1550.50000000	6.39753
1551.00000000	6.39964
1551.50000000	6.40134
1552.00000000	6.40195
1552.50000000	6.40350
1553.00000000	6.40541
1553.50000000	6.40620
1554.00000000	6.40706
1554.50000000	6.40601
1555.00000000	6.40481
1555.50000000	6.40464
1556.00000000	6.40434
1556.50000000	6.40378
1557.00000000	6.40329
1557.50000000	6.40227
1558.00000000	6.40121
1558.50000000	6.39944
1559.00000000	6.39801
1559.50000000	6.39673
1560.00000000	6.39599
1560.50000000	6.39622
1561.00000000	6.39566
1561.50000000	6.39405
1562.00000000	6.39233
1562.50000000	6.39045
1563.00000000	6.38945
1563.50000000	6.38863
1564.00000000	6.38837
1564.50000000	6.38606
1565.00000000	6.38365
1565.50000000	6.38026
1566.00000000	6.37707
1566.50000000	6.37536
1567.00000000	6.37349
1567.50000000	6.37216
1568.00000000	6.37033
1568.50000000	6.36905
1569.00000000	6.36677
1569.50000000	6.36482
1570.00000000	6.36217
1570.50000000	6.35938
1571.00000000	6.35766
1571.50000000	6.35638
1572.00000000	6.35571
1572.50000000	6.35448
1573.00000000	6.35443
1573.50000000	6.35458
1574.00000000	6.35474
1574.50000000	6.35692
1575.00000000	6.35913
1575.50000000	6.36069
1576.00000000	6.36061
1576.50000000	6.36117
1577.00000000	6.36068
1577.50000000	6.35966
1578.00000000	6.35946
1578.50000000	6.35967
1579.00000000	6.35913
1579.50000000	6.35801
1580.00000000	6.35671
1580.50000000	6.35702
1581.00000000	6.35778
1581.50000000	6.35793
1582.00000000	6.35863
1582.50000000	6.35963
1583.00000000	6.36001
1583.50000000	6.36091
1584.00000000	6.36173
1584.50000000	6.36147
1585.00000000	6.36274
1585.50000000	6.36419
1586.00000000	6.36594
1586.50000000	6.36738
1587.00000000	6.36954
1587.50000000	6.37150
1588.00000000	6.37335
1588.50000000	6.37516
1589.00000000	6.37565
1589.50000000	6.37673
1590.00000000	6.37794
1590.50000000	6.37864
1591.00000000	6.37914
1591.50000000	6.38103
1592.00000000	6.38100
1592.50000000	6.38142
1593.00000000	6.38172
1593.50000000	6.38161
1594.00000000	6.38167
1594.50000000	6.38204
1595.00000000	6.38237
1595.50000000	6.38298
1596.00000000	6.38321
1596.50000000	6.38346
1597.00000000	6.38349
1597.50000000	6.38505
1598.00000000	6.38660
1598.50000000	6.38725
1599.00000000	6.38717
1599.50000000	6.38754
1600.00000000	6.38820
1600.50000000	6.38888
1601.00000000	6.38985
1601.50000000	6.39098
1602.00000000	6.39252
1602.50000000	6.39357
1603.00000000	6.39336
1603.50000000	6.39223
1604.00000000	6.39125
1604.50000000	6.39015
1605.00000000	6.38772
1605.50000000	6.38438
1606.00000000	6.38142
1606.50000000	6.37831
1607.00000000	6.37468
1607.50000000	6.37168
1608.00000000	6.36962
1608.50000000	6.36659
1609.00000000	6.36415
1609.50000000	6.36305
1610.00000000	6.36178
1610.50000000	6.36184
1611.00000000	6.36132
1611.50000000	6.36019
1612.00000000	6.35895
1612.50000000	6.35808
1613.00000000	6.35643
1613.50000000	6.35395
1614.00000000	6.35271
1614.50000000	6.35092
1615.00000000	6.35002
1615.50000000	6.34971
1616.00000000	6.34988
1616.50000000	6.34901
1617.00000000	6.34810
1617.50000000	6.34731
1618.00000000	6.34665
1618.50000000	6.34539
1619.00000000	6.34445
1619.50000000	6.34373
1620.00000000	6.34252
1620.50000000	6.34043
1621.00000000	6.33831
1621.50000000	6.33622
1622.00000000	6.33450
1622.50000000	6.33245
1623.00000000	6.33171
1623.50000000	6.33059
1624.00000000	6.32946
1624.50000000	6.32732
1625.00000000	6.32611
1625.50000000	6.32474
1626.00000000	6.32283
1626.50000000	6.32231
1627.00000000	6.32240
1627.50000000	6.32222
1628.00000000	6.32029
1628.50000000	6.31888
1629.00000000	6.31686
1629.50000000	6.31452
1630.00000000	6.31243
1630.50000000	6.31106
1631.00000000	6.31046
1631.50000000	6.30940
1632.00000000	6.30747
1632.50000000	6.30604
1633.00000000	6.30528
1633.50000000	6.30545
1634.00000000	6.30570
1634.50000000	6.30531
1635.00000000	6.30547
1635.50000000	6.30292
1636.00000000	6.30113
1636.50000000	6.30033
1637.00000000	6.30094
1637.50000000	6.30100
1638.00000000	6.30000
1638.50000000	6.29805
1639.00000000	6.29708
1639.50000000	6.29652
1640.00000000	6.29498
1640.50000000	6.29540
1641.00000000	6.29635
1641.50000000	6.29684
1642.00000000	6.29761
1642.50000000	6.29843
1643.00000000	6.29933
1643.50000000	6.30023
1644.00000000	6.30180
1644.50000000	6.30238
1645.00000000	6.30304
1645.50000000	6.30532
1646.00000000	6.30792
1646.50000000	6.31035
1647.00000000	6.31322
1647.50000000	6.31542
1648.00000000	6.31656
1648.50000000	6.31606
1649.00000000	6.31673
1649.50000000	6.31729
1650.00000000	6.31696
1650.50000000	6.31553
1651.00000000	6.31502
1651.50000000	6.31379
1652.00000000	6.31238
1652.50000000	6.31123
1653.00000000	6.30965
1653.50000000	6.30816
1654.00000000	6.30742
1654.50000000	6.30780
1655.00000000	6.30731
1655.50000000	6.30727
1656.00000000	6.30727
1656.50000000	6.30663
1657.00000000	6.30620
1657.50000000	6.30524
1658.00000000	6.30572
1658.50000000	6.30683
1659.00000000	6.30823
1659.50000000	6.30859
1660.00000000	6.30875
1660.50000000	6.31107
1661.00000000	6.31255
1661.50000000	6.31233
1662.00000000	6.31136
1662.50000000	6.31193
1663.00000000	6.31473
1663.50000000	6.31686
1664.00000000	6.31980
1664.50000000	6.32052
1665.00000000	6.32018
1665.50000000	6.32017
1666.00000000	6.31945
1666.50000000	6.31866
1667.00000000	6.31814
1667.50000000	6.31733
1668.00000000	6.31634
1668.50000000	6.31556
1669.00000000	6.31527
1669.50000000	6.31573
1670.00000000	6.31457
1670.50000000	6.31413
1671.00000000	6.31334
1671.50000000	6.31196
1672.00000000	6.30949
1672.50000000	6.30842
1673.00000000	6.30683
1673.50000000	6.30525
1674.00000000	6.30267
1674.50000000	6.30238
1675.00000000	6.30125
1675.50000000	6.30098
1676.00000000	6.30131
1676.50000000	6.30174
1677.00000000	6.30208
1677.50000000	6.30328
1678.00000000	6.30331
1678.50000000	6.30146
1679.00000000	6.29916
1679.50000000	6.29791
1680.00000000	6.29759
1680.50000000	6.29751
1681.00000000	6.29604
1681.50000000	6.29339
1682.00000000	6.29072
1682.50000000	6.28832
1683.00000000	6.28820
1683.50000000	6.28836
1684.00000000	6.28942
1684.50000000	6.28982
1685.00000000	6.29100
1685.50000000	6.29214
1686.00000000	6.29347
1686.50000000	6.29295
1687.00000000	6.29197
1687.50000000	6.29158
1688.00000000	6.28967
1688.50000000	6.28918
1689.00000000	6.28822
1689.50000000	6.28800
1690.00000000	6.28693
1690.50000000	6.28629
1691.00000000	6.28511
1691.50000000	6.28486
1692.00000000	6.28456
1692.50000000	6.28465
1693.00000000	6.28571
1693.50000000	6.28522
1694.00000000	6.28513
1694.50000000	6.28574
1695.00000000	6.28632
1695.50000000	6.28746
1696.00000000	6.28903
1696.50000000	6.28996
1697.00000000	6.29199
1697.50000000	6.29508
1698.00000000	6.29794
1698.50000000	6.30102
1699.00000000	6.30236
1699.50000000	6.30352
1700.00000000	6.30408
1700.50000000	6.30377
1701.00000000	6.30466
1701.50000000	6.30649
1702.00000000	6.30636
1702.50000000	6.30561
1703.00000000	6.30566
1703.50000000	6.30639
1704.00000000	6.30722
1704.50000000	6.30835
1705.00000000	6.30963
1705.50000000	6.31164
1706.00000000	6.31405
1706.50000000	6.31620
1707.00000000	6.31773
1707.50000000	6.31880
1708.00000000	6.31956
1708.50000000	6.31967
1709.00000000	6.31992
1709.50000000	6.31977
1710.00000000	6.31999
1710.50000000	6.32047
1711.00000000	6.32108
1711.50000000	6.32092
1712.00000000	6.32106
1712.50000000	6.32004
1713.00000000	6.31817
1713.50000000	6.31689
1714.00000000	6.31571
1714.50000000	6.31271
1715.00000000	6.30927
1715.50000000	6.30869
1716.00000000	6.30782
1716.50000000	6.30837
1717.00000000	6.30885
1717.50000000	6.30760
1718.00000000	6.30746
1718.50000000	6.30741
1719.00000000	6.30637
1719.50000000	6.30522
1720.00000000	6.30399
1720.50000000	6.30336
1721.00000000	6.30354
1721.50000000	6.30380
1722.00000000	6.30371
1722.50000000	6.30405
1723.00000000	6.30533
1723.50000000	6.30684
1724.00000000	6.30880
1724.50000000	6.31058
1725.00000000	6.31245
1725.50000000	6.31446
1726.00000000	6.31763
1726.50000000	6.32033
1727.00000000	6.32278
1727.50000000	6.32501
1728.00000000	6.32616
1728.50000000	6.32669
1729.00000000	6.32625
1729.50000000	6.32495
1730.00000000	6.32252
1730.50000000	6.32163
1731.00000000	6.32139
1731.50000000	6.32147
1732.00000000	6.32208
1732.50000000	6.32085
1733.00000000	6.31978
1733.50000000	6.31897
1734.00000000	6.31821
1734.50000000	6.31869
1735.00000000	6.31883
1735.50000000	6.31939
1736.00000000	6.31884
1736.50000000	6.31817
1737.00000000	6.31699
1737.50000000	6.31605
1738.00000000	6.31418
1738.50000000	6.31189
1739.00000000	6.31038
1739.50000000	6.30990
1740.00000000	6.30940
1740.50000000	6.30728
1741.00000000	6.30488
1741.50000000	6.30205
1742.00000000	6.30003
1742.50000000	6.29912
1743.00000000	6.29829
1743.50000000	6.29760
1744.00000000	6.29586
1744.50000000	6.29358
1745.00000000	6.29052
1745.50000000	6.28785
1746.00000000	6.28469
1746.50000000	6.28273
1747.00000000	6.28119
1747.50000000	6.28005
1748.00000000	6.27943
1748.50000000	6.27889
1749.00000000	6.27690
1749.50000000	6.27467
1750.00000000	6.27280
1750.50000000	6.27214
1751.00000000	6.27130
1751.50000000	6.27093
1752.00000000	6.26929
1752.50000000	6.26778
1753.00000000	6.26665
1753.50000000	6.26601
1754.00000000	6.26498
1754.50000000	6.26389
1755.00000000	6.26316
1755.50000000	6.26240
1756.00000000	6.26109
1756.50000000	6.25962
1757.00000000	6.25865
1757.50000000	6.25655
1758.00000000	6.25561
1758.50000000	6.25280
1759.00000000	6.24960
1759.50000000	6.24763
1760.00000000	6.24454
1760.50000000	6.24182
1761.00000000	6.23888
1761.50000000	6.23567
1762.00000000	6.23178
1762.50000000	6.22862
1763.00000000	6.22532
1763.50000000	6.22267
1764.00000000	6.21954
1764.50000000	6.21660
1765.00000000	6.21364
1765.50000000	6.21056
1766.00000000	6.20870
1766.50000000	6.20687
1767.00000000	6.20475
1767.50000000	6.20305
1768.00000000	6.20141
1768.50000000	6.19921
1769.00000000	6.19603
1769.50000000	6.19268
1770.00000000	6.18890
1770.50000000	6.18578
1771.00000000	6.18384
1771.50000000	6.18159
1772.00000000	6.18009
1772.50000000	6.17794
1773.00000000	6.17603
1773.50000000	6.17541
1774.00000000	6.17585
1774.50000000	6.17612
1775.00000000	6.17592
1775.50000000	6.17633
1776.00000000	6.17667
1776.50000000	6.17752
1777.00000000	6.17822
1777.50000000	6.17755
1778.00000000	6.17653
1778.50000000	6.17473
1779.00000000	6.17291
1779.50000000	6.17029
1780.00000000	6.16873
1780.50000000	6.16751
1781.00000000	6.16576
1781.50000000	6.16471
1782.00000000	6.16486
1782.50000000	6.16677
1783.00000000	6.16755
1783.50000000	6.16949
1784.00000000	6.17047
1784.50000000	6.17284
1785.00000000	6.17508
1785.50000000	6.17678
1786.00000000	6.17792
1786.50000000	6.17995
1787.00000000	6.18135
1787.50000000	6.18387
1788.00000000	6.18620
1788.50000000	6.18841
1789.00000000	6.19059
1789.50000000	6.19398
1790.00000000	6.19616
1790.50000000	6.19781
1791.00000000	6.19984
1791.50000000	6.20250
1792.00000000	6.20526
1792.50000000	6.20705
1793.00000000	6.20830
1793.50000000	6.21046
1794.00000000	6.21292
1794.50000000	6.21523
1795.00000000	6.21671
1795.50000000	6.21765
1796.00000000	6.22021
1796.50000000	6.22305
1797.00000000	6.22704
1797.50000000	6.23103
1798.00000000	6.23448
1798.50000000	6.23625
1799.00000000	6.23849
1799.50000000	6.24078
1800.00000000	6.24324
1800.50000000	6.24395
1801.00000000	6.24447
1801.50000000	6.24592
1802.00000000	6.24754
1802.50000000	6.24881
1803.00000000	6.24978
1803.50000000	6.25051
1804.00000000	6.25310
1804.50000000	6.25484
1805.00000000	6.25668
1805.50000000	6.25940
1806.00000000	6.26231
1806.50000000	6.26448
1807.00000000	6.26581
1807.50000000	6.26652
1808.00000000	6.26798
1808.50000000	6.27009
1809.00000000	6.27105
1809.50000000	6.27235
1810.00000000	6.27284
1810.50000000	6.27317
1811.00000000	6.27330
1811.50000000	6.27364
1812.00000000	6.27448
1812.50000000	6.27524
1813.00000000	6.27621
1813.50000000	6.27735
1814.00000000	6.27745
1814.50000000	6.27736
1815.00000000	6.27726
1815.50000000	6.27527
1816.00000000	6.27495
1816.50000000	6.27416
1817.00000000	6.27289
1817.50000000	6.26997
1818.00000000	6.26811
1818.50000000	6.26729
1819.00000000	6.26610
1819.50000000	6.26512
1820.00000000	6.26496
1820.50000000	6.26474
1821.00000000	6.26533
1821.50000000	6.26597
1822.00000000	6.26567
1822.50000000	6.26537
1823.00000000	6.26485
1823.50000000	6.26457
1824.00000000	6.26382
1824.50000000	6.26243
1825.00000000	6.26092
1825.50000000	6.25898
1826.00000000	6.25679
1826.50000000	6.25345
1827.00000000	6.25192
1827.50000000	6.25243
1828.00000000	6.25134
1828.50000000	6.25033
1829.00000000	6.25068
1829.50000000	6.25107
1830.00000000	6.25143
1830.50000000	6.25203
1831.00000000	6.25161
1831.50000000	6.25097
1832.00000000	6.24846
1832.50000000	6.24609
1833.00000000	6.24317
1833.50000000	6.24104
1834.00000000	6.23803
1834.50000000	6.23539
1835.00000000	6.23240
1835.50000000	6.22928
1836.00000000	6.22553
1836.50000000	6.22198
1837.00000000	6.22009
1837.50000000	6.21808
1838.00000000	6.21680
1838.50000000	6.21544
1839.00000000	6.21405
1839.50000000	6.21321
1840.00000000	6.21229
1840.50000000	6.21170
1841.00000000	6.21229
1841.50000000	6.21232
1842.00000000	6.21112
1842.50000000	6.21047
1843.00000000	6.21147
1843.50000000	6.21195
1844.00000000	6.21031
1844.50000000	6.20900
1845.00000000	6.20836
1845.50000000	6.20785
1846.00000000	6.20765
1846.50000000	6.20742
1847.00000000	6.20760
1847.50000000	6.20847
1848.00000000	6.21036
1848.50000000	6.21172
1849.00000000	6.21244
1849.50000000	6.21175
1850.00000000	6.21144
1850.50000000	6.21094
1851.00000000	6.21020
1851.50000000	6.20974
1852.00000000	6.20916
1852.50000000	6.20941
1853.00000000	6.20833
1853.50000000	6.20710
1854.00000000	6.20475
1854.50000000	6.20221
1855.00000000	6.19996
1855.50000000	6.19798
1856.00000000	6.19703
1856.50000000	6.19670
1857.00000000	6.19623
1857.50000000	6.19432
1858.00000000	6.19141
1858.50000000	6.18847
1859.00000000	6.18598
1859.50000000	6.18377
1860.00000000	6.18119
1860.50000000	6.17807
1861.00000000	6.17510
1861.50000000	6.17194
1862.00000000	6.17072
1862.50000000	6.17133
1863.00000000	6.17145
1863.50000000	6.17185
1864.00000000	6.17360
1864.50000000	6.17484
1865.00000000	6.17562
1865.50000000	6.17491
1866.00000000	6.17343
1866.50000000	6.17205
1867.00000000	6.17029
1867.50000000	6.16944
1868.00000000	6.16834
1868.50000000	6.16947
1869.00000000	6.17128
1869.50000000	6.17469
1870.00000000	6.17760
1870.50000000	6.17978
1871.00000000	6.18164
1871.50000000	6.18217
1872.00000000	6.18284
1872.50000000	6.18244
1873.00000000	6.18107
1873.50000000	6.17904
1874.00000000	6.17553
1874.50000000	6.17274
1875.00000000	6.16929
1875.50000000	6.16511
1876.00000000	6.15960
1876.50000000	6.15560
1877.00000000	6.15280
1877.50000000	6.14950
1878.00000000	6.14561
1878.50000000	6.14259
1879.00000000	6.13975
1879.50000000	6.13766
1880.00000000	6.13541
1880.50000000	6.13438
1881.00000000	6.13229
1881.50000000	6.13090
1882.00000000	6.12938
1882.50000000	6.12683
1883.00000000	6.12412
1883.50000000	6.12185
1884.00000000	6.12060
1884.50000000	6.11996
1885.00000000	6.11937
1885.50000000	6.11772
1886.00000000	6.11657
1886.50000000	6.11372
1887.00000000	6.11189
1887.50000000	6.11139
1888.00000000	6.11198
1888.50000000	6.11183
1889.00000000	6.11103
1889.50000000	6.10917
1890.00000000	6.10779
1890.50000000	6.10752
1891.00000000	6.10722
1891.50000000	6.10674
1892.00000000	6.10672
1892.50000000	6.10755
1893.00000000	6.10733
1893.50000000	6.10772
1894.00000000	6.10868
1894.50000000	6.10984
1895.00000000	6.11035
1895.50000000	6.11054
1896.00000000	6.11069
1896.50000000	6.11238
1897.00000000	6.11186
1897.50000000	6.11106
1898.00000000	6.11125
1898.50000000	6.11150
1899.00000000	6.11077
1899.50000000	6.11066
1900.00000000	6.11057
1900.50000000	6.10854
1901.00000000	6.10624
1901.50000000	6.10426
1902.00000000	6.10141
1902.50000000	6.10065
1903.00000000	6.10013
1903.50000000	6.09852
1904.00000000	6.09779
1904.50000000	6.09725
1905.00000000	6.09608
1905.50000000	6.09654
1906.00000000	6.09658
1906.50000000	6.09663
1907.00000000	6.09623
1907.50000000	6.09688
1908.00000000	6.09862
1908.50000000	6.09940
1909.00000000	6.09997
1909.50000000	6.10029
1910.00000000	6.09961
1910.50000000	6.09897
1911.00000000	6.09751
1911.50000000	6.09702
1912.00000000	6.09612
1912.50000000	6.09563
1913.00000000	6.09602
1913.50000000	6.09682
1914.00000000	6.09683
1914.50000000	6.09660
1915.00000000	6.09637
1915.50000000	6.09564
1916.00000000	6.09569
1916.50000000	6.09680
1917.00000000	6.09687
1917.50000000	6.09840
1918.00000000	6.09915
1918.50000000	6.10211
1919.00000000	6.10508
1919.50000000	6.10912
1920.00000000	6.11263
1920.50000000	6.11725
1921.00000000	6.11984
1921.50000000	6.12333
1922.00000000	6.12553
1922.50000000	6.12856
1923.00000000	6.12999
1923.50000000	6.13152
1924.00000000	6.13366
1924.50000000	6.13537
1925.00000000	6.13647
1925.50000000	6.13769
1926.00000000	6.13759
1926.50000000	6.13719
1927.00000000	6.13682
1927.50000000	6.13686
1928.00000000	6.13630
1928.50000000	6.13684
1929.00000000	6.13773
1929.50000000	6.13808
1930.00000000	6.13875
1930.50000000	6.13753
1931.00000000	6.13700
1931.50000000	6.13512
1932.00000000	6.13292
1932.50000000	6.13059
1933.00000000	6.12956
1933.50000000	6.12698
1934.00000000	6.12468
1934.50000000	6.12128
1935.00000000	6.11715
1935.50000000	6.11258
1936.00000000	6.10788
1936.50000000	6.10270
1937.00000000	6.09832
1937.50000000	6.09545
1938.00000000	6.09371
1938.50000000	6.09279
1939.00000000	6.09235
1939.50000000	6.09044
1940.00000000	6.08978
1940.50000000	6.09078
1941.00000000	6.09234
1941.50000000	6.09319
1942.00000000	6.09326
1942.50000000	6.09336
1943.00000000	6.09232
1943.50000000	6.09019
1944.00000000	6.08895
1944.50000000	6.08812
1945.00000000	6.08884
1945.50000000	6.09081
1946.00000000	6.09297
1946.50000000	6.09453
1947.00000000	6.09628
1947.50000000	6.09784
1948.00000000	6.09931
1948.50000000	6.10123
1949.00000000	6.10337
1949.50000000	6.10569
1950.00000000	6.10852
1950.50000000	6.10995
1951.00000000	6.11252
1951.50000000	6.11437
1952.00000000	6.11632
1952.50000000	6.11818
1953.00000000	6.12088
1953.50000000	6.12149
1954.00000000	6.12131
1954.50000000	6.12073
1955.00000000	6.11986
1955.50000000	6.11995
1956.00000000	6.11965
1956.50000000	6.11902
1957.00000000	6.11822
1957.50000000	6.11640
1958.00000000	6.11547
1958.50000000	6.11504
1959.00000000	6.11411
1959.50000000	6.11308
1960.00000000	6.11268
1960.50000000	6.11260
1961.00000000	6.11253
1961.50000000	6.11025
1962.00000000	6.10812
1962.50000000	6.10552
1963.00000000	6.10172
1963.50000000	6.09800
1964.00000000	6.09469
1964.50000000	6.09095
1965.00000000	6.08735
1965.50000000	6.08415
1966.00000000	6.07964
1966.50000000	6.07639
1967.00000000	6.07287
1967.50000000	6.06899
1968.00000000	6.06583
1968.50000000	6.06270
1969.00000000	6.05967
1969.50000000	6.05649
1970.00000000	6.05311
1970.50000000	6.05119
1971.00000000	6.05066
1971.50000000	6.04970
1972.00000000	6.04767
1972.50000000	6.04492
1973.00000000	6.04217
1973.50000000	6.04077
1974.00000000	6.03876
1974.50000000	6.03707
1975.00000000	6.03748
1975.50000000	6.03719
1976.00000000	6.03635
1976.50000000	6.03577
1977.00000000	6.03656
1977.50000000	6.03733
1978.00000000	6.03791
1978.50000000	6.03766
1979.00000000	6.03720
1979.50000000	6.03659
1980.00000000	6.03637
1980.50000000	6.03569
1981.00000000	6.03577
1981.50000000	6.03545
1982.00000000	6.03539
1982.50000000	6.03560
1983.00000000	6.03603
1983.50000000	6.03569
1984.00000000	6.03756
1984.50000000	6.03974
1985.00000000	6.04303
1985.50000000	6.04505
1986.00000000	6.04505
1986.50000000	6.04467
1987.00000000	6.04276
1987.50000000	6.03996
1988.00000000	6.03680
1988.50000000	6.03547
1989.00000000	6.03467
1989.50000000	6.03458
1990.00000000	6.03333
1990.50000000	6.03213
1991.00000000	6.03162
1991.50000000	6.03101
1992.00000000	6.03120
1992.50000000	6.03223
1993.00000000	6.03406
1993.50000000	6.03730
1994.00000000	6.04018
1994.50000000	6.04214
1995.00000000	6.04230
1995.50000000	6.04224
1996.00000000	6.04238
1996.50000000	6.04235
1997.00000000	6.04379
1997.50000000	6.04474
1998.00000000	6.04758
1998.50000000	6.05151
1999.00000000	6.05480
1999.50000000	6.05670
2000.00000000	6.05749
2000.50000000	6.05930
2001.00000000	6.06149
2001.50000000	6.06421
2002.00000000	6.06750
2002.50000000	6.07119
2003.00000000	6.07370
2003.50000000	6.07677
2004.00000000	6.07862
2004.50000000	6.08035
2005.00000000	6.08202
2005.50000000	6.08279
2006.00000000	6.08413
2006.50000000	6.08475
2007.00000000	6.08458
2007.50000000	6.08370
2008.00000000	6.08409
2008.50000000	6.08478
2009.00000000	6.08668
2009.50000000	6.08798
2010.00000000	6.08853
2010.50000000	6.09037
2011.00000000	6.09154
2011.50000000	6.09258
2012.00000000	6.09227
2012.50000000	6.09218
2013.00000000	6.09198
2013.50000000	6.09108
2014.00000000	6.09064
2014.50000000	6.09073
2015.00000000	6.09067
2015.50000000	6.09130
2016.00000000	6.09230
2016.50000000	6.09216
2017.00000000	6.09199
2017.50000000	6.09217
2018.00000000	6.09248
2018.50000000	6.09278
2019.00000000	6.09316
2019.50000000	6.09483
2020.00000000	6.09576
2020.50000000	6.09728
2021.00000000	6.09757
2021.50000000	6.09998
2022.00000000	6.10176
2022.50000000	6.10458
2023.00000000	6.10644
2023.50000000	6.10821
2024.00000000	6.10957
2024.50000000	6.11132
2025.00000000	6.11389
2025.50000000	6.11592
2026.00000000	6.11733
2026.50000000	6.12022
2027.00000000	6.12358
2027.50000000	6.12813
2028.00000000	6.13217
2028.50000000	6.13493
2029.00000000	6.13632
2029.50000000	6.13712
2030.00000000	6.13906
2030.50000000	6.14124
2031.00000000	6.14118
2031.50000000	6.14096
2032.00000000	6.14154
2032.50000000	6.14208
2033.00000000	6.14243
2033.50000000	6.14176
2034.00000000	6.14160
2034.50000000	6.14143
2035.00000000	6.13954
2035.50000000	6.13847
2036.00000000	6.13727
2036.50000000	6.13609
2037.00000000	6.13529
2037.50000000	6.13518
2038.00000000	6.13598
2038.50000000	6.13581
2039.00000000	6.13520
2039.50000000	6.13510
2040.00000000	6.13565
2040.50000000	6.13744
2041.00000000	6.13924
2041.50000000	6.14119
2042.00000000	6.14244
2042.50000000	6.14455
2043.00000000	6.14650
2043.50000000	6.14752
2044.00000000	6.14885
2044.50000000	6.15098
2045.00000000	6.15157
2045.50000000	6.15303
2046.00000000	6.15419
2046.50000000	6.15539
2047.00000000	6.15490
2047.50000000	6.15447
2048.00000000	6.15349
2048.50000000	6.15439
2049.00000000	6.15618
2049.50000000	6.15897
2050.00000000	6.16194
2050.50000000	6.16408
2051.00000000	6.16711
2051.50000000	6.17049
2052.00000000	6.17568
2052.50000000	6.17844
2053.00000000	6.18267
2053.50000000	6.18698
2054.00000000	6.18992
2054.50000000	6.19218
2055.00000000	6.19444
2055.50000000	6.19546
2056.00000000	6.19508
2056.50000000	6.19473
2057.00000000	6.19468
2057.50000000	6.19436
2058.00000000	6.19488
2058.50000000	6.19481
2059.00000000	6.19520
2059.50000000	6.19771
2060.00000000	6.20085
2060.50000000	6.20192
2061.00000000	6.20311
2061.50000000	6.20597
2062.00000000	6.20908
2062.50000000	6.21228
2063.00000000	6.21497
2063.50000000	6.21781
2064.00000000	6.21983
2064.50000000	6.22221
2065.00000000	6.22386
2065.50000000	6.22601
2066.00000000	6.22832
2066.50000000	6.23077
2067.00000000	6.23437
2067.50000000	6.23611
2068.00000000	6.23727
2068.50000000	6.23829
2069.00000000	6.23992
2069.50000000	6.24118
2070.00000000	6.24157
2070.50000000	6.24328
2071.00000000	6.24433
2071.50000000	6.24676
2072.00000000	6.24790
2072.50000000	6.24810
2073.00000000	6.24817
2073.50000000	6.24772
2074.00000000	6.24800
2074.50000000	6.24759
2075.00000000	6.24758
2075.50000000	6.24774
2076.00000000	6.24717
2076.50000000	6.24494
2077.00000000	6.24195
2077.50000000	6.23976
2078.00000000	6.23875
2078.50000000	6.23821
2079.00000000	6.23674
2079.50000000	6.23612
2080.00000000	6.23507
2080.50000000	6.23489
2081.00000000	6.23413
2081.50000000	6.23419
2082.00000000	6.23391
2082.50000000	6.23301
2083.00000000	6.23276
2083.50000000	6.23319
2084.00000000	6.23294
2084.50000000	6.23309
2085.00000000	6.23401
2085.50000000	6.23544
2086.00000000	6.23590
2086.50000000	6.23729
2087.00000000	6.23846
2087.50000000	6.24011
2088.00000000	6.24097
2088.50000000	6.24130
2089.00000000	6.24139
2089.50000000	6.23967
2090.00000000	6.23828
2090.50000000	6.23694
2091.00000000	6.23605
2091.50000000	6.23501
2092.00000000	6.23667
2092.50000000	6.23582
2093.00000000	6.23486
2093.50000000	6.23406
2094.00000000	6.23283
2094.50000000	6.23206
2095.00000000	6.22942
2095.50000000	6.22607
2096.00000000	6.22221
2096.50000000	6.21897
2097.00000000	6.21585
2097.50000000	6.21315
2098.00000000	6.20911
2098.50000000	6.20427
2099.00000000	6.19964
2099.50000000	6.19564
2100.00000000	6.19171
2100.50000000	6.18850
2101.00000000	6.18592
2101.50000000	6.18388
2102.00000000	6.18038
2102.50000000	6.17698
2103.00000000	6.17329
2103.50000000	6.17075
2104.00000000	6.16818
2104.50000000	6.16656
2105.00000000	6.16439
2105.50000000	6.16342
2106.00000000	6.16114
2106.50000000	6.15968
2107.00000000	6.15758
2107.50000000	6.15378
2108.00000000	6.14915
2108.50000000	6.14334
2109.00000000	6.13822
2109.50000000	6.13433
2110.00000000	6.13211
2110.50000000	6.12986
2111.00000000	6.12899
2111.50000000	6.12833
2112.00000000	6.12778
2112.50000000	6.12819
2113.00000000	6.12784
2113.50000000	6.12937
2114.00000000	6.13140
2114.50000000	6.13158
2115.00000000	6.13147
2115.50000000	6.13123
2116.00000000	6.13113
2116.50000000	6.13076
2117.00000000	6.13096
2117.50000000	6.13085
2118.00000000	6.13105
2118.50000000	6.13278
2119.00000000	6.13473
2119.50000000	6.13669
2120.00000000	6.13835
2120.50000000	6.14066
2121.00000000	6.14418
2121.50000000	6.14697
2122.00000000	6.14993
2122.50000000	6.15467
2123.00000000	6.15897
2123.50000000	6.16268
2124.00000000	6.16756
2124.50000000	6.17052
2125.00000000	6.17352
2125.50000000	6.17684
2126.00000000	6.17885
2126.50000000	6.18122
2127.00000000	6.18437
2127.50000000	6.18602
2128.00000000	6.18657
2128.50000000	6.18947
2129.00000000	6.19343
2129.50000000	6.19732
2130.00000000	6.20094
2130.50000000	6.20577
2131.00000000	6.21026
2131.50000000	6.21458
2132.00000000	6.21758
2132.50000000	6.22064
2133.00000000	6.22336
2133.50000000	6.22491
2134.00000000	6.22727
2134.50000000	6.23031
2135.00000000	6.23417
2135.50000000	6.23852
2136.00000000	6.24238
2136.50000000	6.24599
2137.00000000	6.24941
2137.50000000	6.25160
2138.00000000	6.25399
2138.50000000	6.25566
2139.00000000	6.25654
2139.50000000	6.25759
2140.00000000	6.25839
2140.50000000	6.25865
2141.00000000	6.25874
2141.50000000	6.25840
2142.00000000	6.25811
2142.50000000	6.25845
2143.00000000	6.26044
2143.50000000	6.26203
2144.00000000	6.26430
2144.50000000	6.26595
2145.00000000	6.26752
2145.50000000	6.26900
2146.00000000	6.26953
2146.50000000	6.26975
2147.00000000	6.27105
2147.50000000	6.27123
2148.00000000	6.27118
2148.50000000	6.27122
2149.00000000	6.26998
2149.50000000	6.26971
2150.00000000	6.26948
2150.50000000	6.26945
2151.00000000	6.27028
2151.50000000	6.26965
2152.00000000	6.26855
2152.50000000	6.26759
2153.00000000	6.26656
2153.50000000	6.26479
2154.00000000	6.26321
2154.50000000	6.26212
2155.00000000	6.26024
2155.50000000	6.25925
2156.00000000	6.25760
2156.50000000	6.25519
2157.00000000	6.25333
2157.50000000	6.25331
2158.00000000	6.25408
2158.50000000	6.25496
2159.00000000	6.25585
2159.50000000	6.25658
2160.00000000	6.25600
2160.50000000	6.25534
2161.00000000	6.25544
2161.50000000	6.25517
2162.00000000	6.25629
2162.50000000	6.25731
2163.00000000	6.25704
2163.50000000	6.25716
2164.00000000	6.25761
2164.50000000	6.25695
2165.00000000	6.25634
2165.50000000	6.25453
2166.00000000	6.25237
2166.50000000	6.24950
2167.00000000	6.24600
2167.50000000	6.24337
2168.00000000	6.24153
2168.50000000	6.23984
2169.00000000	6.23731
2169.50000000	6.23587
2170.00000000	6.23547
2170.50000000	6.23532
2171.00000000	6.23447
2171.50000000	6.23402
2172.00000000	6.23324
2172.50000000	6.23351
2173.00000000	6.23323
2173.50000000	6.23191
2174.00000000	6.22951
2174.50000000	6.22816
2175.00000000	6.22757
2175.50000000	6.22662
2176.00000000	6.22566
2176.50000000	6.22641
2177.00000000	6.22535
2177.50000000	6.22476
2178.00000000	6.22366
2178.50000000	6.22262
2179.00000000	6.22186
2179.50000000	6.22221
2180.00000000	6.22221
2180.50000000	6.22292
2181.00000000	6.22387
2181.50000000	6.22320
2182.00000000	6.22232
2182.50000000	6.21996
2183.00000000	6.21804
2183.50000000	6.21681
2184.00000000	6.21632
2184.50000000	6.21700
2185.00000000	6.21741
2185.50000000	6.21832
2186.00000000	6.21981
2186.50000000	6.22145
2187.00000000	6.22234
2187.50000000	6.22463
2188.00000000	6.22575
2188.50000000	6.22679
2189.00000000	6.22921
2189.50000000	6.23073
2190.00000000	6.23283
2190.50000000	6.23467
2191.00000000	6.23732
2191.50000000	6.23946
2192.00000000	6.24028
2192.50000000	6.24238
2193.00000000	6.24458
2193.50000000	6.24642
2194.00000000	6.24681
2194.50000000	6.24715
2195.00000000	6.24681
2195.50000000	6.24694
2196.00000000	6.24777
2196.50000000	6.24871
2197.00000000	6.24998
2197.50000000	6.25098
2198.00000000	6.25069
2198.50000000	6.25034
2199.00000000	6.25068
2199.50000000	6.25012
2200.00000000	6.24955
2200.50000000	6.24931
2201.00000000	6.24995
2201.50000000	6.25122
2202.00000000	6.25200
2202.50000000	6.25348
2203.00000000	6.25443
2203.50000000	6.25624
2204.00000000	6.25859
2204.50000000	6.25922
2205.00000000	6.26057
2205.50000000	6.26193
2206.00000000	6.26380
2206.50000000	6.26526
2207.00000000	6.26478
2207.50000000	6.26272
2208.00000000	6.26121
2208.50000000	6.25976
2209.00000000	6.25901
2209.50000000	6.25868
2210.00000000	6.25842
2210.50000000	6.25832
2211.00000000	6.25887
2211.50000000	6.25928
2212.00000000	6.25956
2212.50000000	6.26023
2213.00000000	6.26005
2213.50000000	6.26056
2214.00000000	6.26087
2214.50000000	6.26038
2215.00000000	6.26162
2215.50000000	6.26398
2216.00000000	6.26611
2216.50000000	6.26850
2217.00000000	6.27206
2217.50000000	6.27498
2218.00000000	6.27707
2218.50000000	6.27846
2219.00000000	6.28091
2219.50000000	6.28273
2220.00000000	6.28577
2220.50000000	6.28876
2221.00000000	6.29158
2221.50000000	6.29531
2222.00000000	6.29822
2222.50000000	6.30209
2223.00000000	6.30585
2223.50000000	6.30941
2224.00000000	6.31239
2224.50000000	6.31729
2225.00000000	6.32030
2225.50000000	6.32512
2226.00000000	6.32870
2226.50000000	6.33286
2227.00000000	6.33582
2227.50000000	6.33801
2228.00000000	6.33981
2228.50000000	6.34246
2229.00000000	6.34521
2229.50000000	6.34697
2230.00000000	6.35040
2230.50000000	6.35218
2231.00000000	6.35502
2231.50000000	6.35671
2232.00000000	6.35825
2232.50000000	6.36057
2233.00000000	6.36254
2233.50000000	6.36544
2234.00000000	6.36681
2234.50000000	6.36783
2235.00000000	6.36791
2235.50000000	6.36712
2236.00000000	6.36711
2236.50000000	6.36716
2237.00000000	6.36815
2237.50000000	6.36966
2238.00000000	6.37080
2238.50000000	6.37224
2239.00000000	6.37422
2239.50000000	6.37621
2240.00000000	6.37718
2240.50000000	6.37833
2241.00000000	6.37943
2241.50000000	6.38029
2242.00000000	6.38090
2242.50000000	6.38238
2243.00000000	6.38429
2243.50000000	6.38527
2244.00000000	6.38542
2244.50000000	6.38534
2245.00000000	6.38541
2245.50000000	6.38607
2246.00000000	6.38690
2246.50000000	6.38913
2247.00000000	6.39173
2247.50000000	6.39398
2248.00000000	6.39669
2248.50000000	6.39814
2249.00000000	6.39888
2249.50000000	6.39883
2250.00000000	6.39904
2250.50000000	6.39865
2251.00000000	6.39906
2251.50000000	6.39881
2252.00000000	6.39981
2252.50000000	6.39918
2253.00000000	6.39924
2253.50000000	6.39897
2254.00000000	6.39896
2254.50000000	6.39718
2255.00000000	6.39468
2255.50000000	6.39281
2256.00000000	6.39066
2256.50000000	6.38763
2257.00000000	6.38374
2257.50000000	6.38002
2258.00000000	6.37685
2258.50000000	6.37325
2259.00000000	6.36961
2259.50000000	6.36552
2260.00000000	6.36224
2260.50000000	6.36176
2261.00000000	6.36147
2261.50000000	6.36081
2262.00000000	6.36042
2262.50000000	6.35990
2263.00000000	6.35948
2263.50000000	6.36018
2264.00000000	6.36192
2264.50000000	6.36387
2265.00000000	6.36534
2265.50000000	6.36577
2266.00000000	6.36666
2266.50000000	6.36708
2267.00000000	6.36833
2267.50000000	6.36925
2268.00000000	6.37102
2268.50000000	6.37158
2269.00000000	6.37260
2269.50000000	6.37395
2270.00000000	6.37531
2270.50000000	6.37553
2271.00000000	6.37509
2271.50000000	6.37528
2272.00000000	6.37488
2272.50000000	6.37504
2273.00000000	6.37593
2273.50000000	6.37718
2274.00000000	6.37966
2274.50000000	6.38202
2275.00000000	6.38307
2275.50000000	6.38539
2276.00000000	6.38817
2276.50000000	6.39232
2277.00000000	6.39699
2277.50000000	6.40190
2278.00000000	6.40508
2278.50000000	6.40894
2279.00000000	6.41407
2279.50000000	6.41872
2280.00000000	6.42447
2280.50000000	6.43128
2281.00000000	6.43796
2281.50000000	6.44340
2282.00000000	6.44910
2282.50000000	6.45416
2283.00000000	6.46071
2283.50000000	6.46684
2284.00000000	6.47091
2284.50000000	6.47438
2285.00000000	6.47778
2285.50000000	6.48113
2286.00000000	6.48356
2286.50000000	6.48744
2287.00000000	6.49185
2287.50000000	6.49623
2288.00000000	6.49957
2288.50000000	6.50287
2289.00000000	6.50615
2289.50000000	6.50982
2290.00000000	6.51431
2290.50000000	6.51868
2291.00000000	6.52191
2291.50000000	6.52429
2292.00000000	6.52669
2292.50000000	6.52796
2293.00000000	6.53087
2293.50000000	6.53204
2294.00000000	6.53384
2294.50000000	6.53646
2295.00000000	6.53925
2295.50000000	6.54197
2296.00000000	6.54474
2296.50000000	6.54752
2297.00000000	6.55060
2297.50000000	6.55490
2298.00000000	6.55978
2298.50000000	6.56386
2299.00000000	6.56867
2299.50000000	6.57252
2300.00000000	6.57559
2300.50000000	6.57849
2301.00000000	6.58185
2301.50000000	6.58422
2302.00000000	6.58595
2302.50000000	6.58710
2303.00000000	6.59047
2303.50000000	6.59248
2304.00000000	6.59350
2304.50000000	6.59505
2305.00000000	6.59532
2305.50000000	6.59624
2306.00000000	6.59632
2306.50000000	6.59573
2307.00000000	6.59525
2307.50000000	6.59519
2308.00000000	6.59525
2308.50000000	6.59607
2309.00000000	6.59451
2309.50000000	6.59301
2310.00000000	6.59242
2310.50000000	6.59244
2311.00000000	6.59256
2311.50000000	6.59474
2312.00000000	6.59711
2312.50000000	6.59993
2313.00000000	6.60259
2313.50000000	6.60280
2314.00000000	6.60309
2314.50000000	6.60450
2315.00000000	6.60618
2315.50000000	6.60707
2316.00000000	6.60765
2316.50000000	6.61054
2317.00000000	6.61457
2317.50000000	6.61825
2318.00000000	6.62191
2318.50000000	6.62598
2319.00000000	6.63093
2319.50000000	6.63704
2320.00000000	6.64245
2320.50000000	6.64707
2321.00000000	6.65228
2321.50000000	6.65841
2322.00000000	6.66331
2322.50000000	6.66662
2323.00000000	6.66845
2323.50000000	6.66947
2324.00000000	6.67106
2324.50000000	6.67255
2325.00000000	6.67254
2325.50000000	6.67429
2326.00000000	6.67709
2326.50000000	6.67930
2327.00000000	6.68070
2327.50000000	6.68314
2328.00000000	6.68664
2328.50000000	6.68919
2329.00000000	6.69129
2329.50000000	6.69317
2330.00000000	6.69505
2330.50000000	6.69718
2331.00000000	6.70008
2331.50000000	6.70305
2332.00000000	6.70603
2332.50000000	6.70792
2333.00000000	6.70882
2333.50000000	6.70860
2334.00000000	6.70828
2334.50000000	6.70770
2335.00000000	6.70753
2335.50000000	6.70729
2336.00000000	6.70544
2336.50000000	6.70488
2337.00000000	6.70424
2337.50000000	6.70276
2338.00000000	6.70066
2338.50000000	6.69844
2339.00000000	6.69617
2339.50000000	6.69322
2340.00000000	6.69181
2340.50000000	6.68943
2341.00000000	6.68645
2341.50000000	6.68455
2342.00000000	6.68242
2342.50000000	6.67971
2343.00000000	6.67766
2343.50000000	6.67546
2344.00000000	6.67519
2344.50000000	6.67550
2345.00000000	6.67510
2345.50000000	6.67432
2346.00000000	6.67300
2346.50000000	6.67172
2347.00000000	6.67080
2347.50000000	6.67059
2348.00000000	6.66948
2348.50000000	6.66924
2349.00000000	6.66844
2349.50000000	6.66684
2350.00000000	6.66576
2350.50000000	6.66326
2351.00000000	6.66074
2351.50000000	6.65935
2352.00000000	6.65677
2352.50000000	6.65428
2353.00000000	6.65431
2353.50000000	6.65388
2354.00000000	6.65250
2354.50000000	6.65142
2355.00000000	6.65038
2355.50000000	6.64992
2356.00000000	6.64898
2356.50000000	6.64836
2357.00000000	6.64761
2357.50000000	6.64837
2358.00000000	6.64898
2358.50000000	6.64887
2359.00000000	6.64744
2359.50000000	6.64599
2360.00000000	6.64520
2360.50000000	6.64437
2361.00000000	6.64272
2361.50000000	6.64098
2362.00000000	6.63881
2362.50000000	6.63617
2363.00000000	6.63200
2363.50000000	6.62710
2364.00000000	6.62325
2364.50000000	6.62001
2365.00000000	6.61534
2365.50000000	6.61050
2366.00000000	6.60613
2366.50000000	6.60221
2367.00000000	6.59900
2367.50000000	6.59692
2368.00000000	6.59355
2368.50000000	6.59087
2369.00000000	6.58784
2369.50000000	6.58397
2370.00000000	6.58034
2370.50000000	6.57720
2371.00000000	6.57454
2371.50000000	6.57265
2372.00000000	6.57023
2372.50000000	6.56784
2373.00000000	6.56505
2373.50000000	6.56315
2374.00000000	6.56100
