2390.00000000	4.71957
2390.50000000	4.72212
2391.00000000	4.72489
2391.50000000	4.72832
2392.00000000	4.73191
2392.50000000	4.73444
2393.00000000	4.73651
2393.50000000	4.73937
2394.00000000	4.74272
2394.50000000	4.74590
2395.00000000	4.74848
2395.50000000	4.75044
2396.00000000	4.75407
2396.50000000	4.75797
2397.00000000	4.76305
2397.50000000	4.76836
2398.00000000	4.77320
2398.50000000	4.77626
2399.00000000	4.77988
2399.50000000	4.78359
2400.00000000	4.78752
2400.50000000	4.78968
2401.00000000	4.79170
2401.50000000	4.79461
2402.00000000	4.79754
2402.50000000	4.80006
2403.00000000	4.80207
2403.50000000	4.80404
2404.00000000	4.80776
2404.50000000	4.81061
2405.00000000	4.81337
2405.50000000	4.81705
2406.00000000	4.82103
2406.50000000	4.82423
2407.00000000	4.82669
2407.50000000	4.82862
2408.00000000	4.83126
2408.50000000	4.83451
2409.00000000	4.83673
2409.50000000	4.83915
2410.00000000	4.84077
2410.50000000	4.84241
2411.00000000	4.84378
2411.50000000	4.84541
2412.00000000	4.84753
2412.50000000	4.84954
2413.00000000	4.85178
2413.50000000	4.85405
2414.00000000	4.85521
2414.50000000	4.85621
2415.00000000	4.85719
2415.50000000	4.85615
2416.00000000	4.85683
2416.50000000	4.85688
2417.00000000	4.85649
2417.50000000	4.85445
2418.00000000	4.85359
2418.50000000	4.85367
2419.00000000	4.85328
2419.50000000	4.85286
2420.00000000	4.85315
2420.50000000	4.85335
2421.00000000	4.85449
2421.50000000	4.85566
2422.00000000	4.85586
2422.50000000	4.85613
2423.00000000	4.85615
2423.50000000	4.85628
2424.00000000	4.85585
2424.50000000	4.85478
2425.00000000	4.85351
2425.50000000	4.85192
2426.00000000	4.85012
2426.50000000	4.84703
2427.00000000	4.84591
2427.50000000	4.84707
2428.00000000	4.84676
2428.50000000	4.84671
2429.00000000	4.84828
2429.50000000	4.85011
2430.00000000	4.85194
2430.50000000	4.85401
2431.00000000	4.85502
2431.50000000	4.85606
2432.00000000	4.85539
2432.50000000	4.85501
2433.00000000	4.85424
2433.50000000	4.85434
2434.00000000	4.85375
2434.50000000	4.85352
2435.00000000	4.85315
2435.50000000	4.85271
2436.00000000	4.85158
2436.50000000	4.85070
2437.00000000	4.85159
2437.50000000	4.85223
2438.00000000	4.85355
2438.50000000	4.85460
2439.00000000	4.85564
2439.50000000	4.85718
2440.00000000	4.85874
2440.50000000	4.86063
2441.00000000	4.86380
2441.50000000	4.86644
2442.00000000	4.86780
2442.50000000	4.86983
2443.00000000	4.87345
2443.50000000	4.87657
2444.00000000	4.87756
2444.50000000	4.87904
2445.00000000	4.88120
2445.50000000	4.88358
2446.00000000	4.88633
2446.50000000	4.88908
2447.00000000	4.89230
2447.50000000	4.89616
2448.00000000	4.90099
2448.50000000	4.90519
2449.00000000	4.90891
2449.50000000	4.91110
2450.00000000	4.91369
2450.50000000	4.91613
2451.00000000	4.91835
2451.50000000	4.92062
2452.00000000	4.92296
2452.50000000	4.92615
2453.00000000	4.92822
2453.50000000	4.93014
2454.00000000	4.93098
2454.50000000	4.93160
2455.00000000	4.93240
2455.50000000	4.93346
2456.00000000	4.93516
2456.50000000	4.93753
2457.00000000	4.93959
2457.50000000	4.94013
2458.00000000	4.93945
2458.50000000	4.93853
2459.00000000	4.93791
2459.50000000	4.93725
2460.00000000	4.93612
2460.50000000	4.93428
2461.00000000	4.93262
2461.50000000	4.93084
2462.00000000	4.93082
2462.50000000	4.93261
2463.00000000	4.93403
2463.50000000	4.93574
2464.00000000	4.93863
2464.50000000	4.94098
2465.00000000	4.94303
2465.50000000	4.94364
2466.00000000	4.94340
2466.50000000	4.94328
2467.00000000	4.94274
2467.50000000	4.94331
2468.00000000	4.94352
2468.50000000	4.94593
2469.00000000	4.94883
2469.50000000	4.95350
2470.00000000	4.95764
2470.50000000	4.96122
2471.00000000	4.96456
2471.50000000	4.96653
2472.00000000	4.96858
2472.50000000	4.96958
2473.00000000	4.96966
2473.50000000	4.96888
2474.00000000	4.96659
2474.50000000	4.96502
2475.00000000	4.96279
2475.50000000	4.95975
2476.00000000	4.95519
2476.50000000	4.95193
2477.00000000	4.94965
2477.50000000	4.94693
2478.00000000	4.94370
2478.50000000	4.94161
2479.00000000	4.93981
2479.50000000	4.93881
2480.00000000	4.93775
2480.50000000	4.93802
2481.00000000	4.93715
2481.50000000	4.93720
2482.00000000	4.93737
2482.50000000	4.93651
2483.00000000	4.93552
2483.50000000	4.93503
2484.00000000	4.93555
2484.50000000	4.93679
2485.00000000	4.93805
2485.50000000	4.93836
2486.00000000	4.93907
2486.50000000	4.93812
2487.00000000	4.93832
2487.50000000	4.93985
2488.00000000	4.94268
2488.50000000	4.94504
2489.00000000	4.94663
2489.50000000	4.94718
2490.00000000	4.94832
2490.50000000	4.95041
2491.00000000	4.95259
2491.50000000	4.95475
2492.00000000	4.95746
2492.50000000	4.96120
2493.00000000	4.96405
2493.50000000	4.96739
2494.00000000	4.97132
2494.50000000	4.97542
2495.00000000	4.97889
2495.50000000	4.98212
2496.00000000	4.98531
2496.50000000	4.99008
2497.00000000	4.99280
2497.50000000	4.99527
2498.00000000	4.99858
2498.50000000	5.00177
2499.00000000	5.00411
2499.50000000	5.00718
2500.00000000	5.01018
2500.50000000	5.01117
2501.00000000	5.01202
2501.50000000	5.01308
2502.00000000	5.01336
2502.50000000	5.01582
2503.00000000	5.01854
2503.50000000	5.02020
2504.00000000	5.02279
2504.50000000	5.02566
2505.00000000	5.02782
2505.50000000	5.03144
2506.00000000	5.03440
2506.50000000	5.03738
2507.00000000	5.03973
2507.50000000	5.04280
2508.00000000	5.04696
2508.50000000	5.05018
2509.00000000	5.05323
2509.50000000	5.05583
2510.00000000	5.05737
2510.50000000	5.05892
2511.00000000	5.05954
2511.50000000	5.06090
2512.00000000	5.06175
2512.50000000	5.06300
2513.00000000	5.06522
2513.50000000	5.06786
2514.00000000	5.06982
2514.50000000	5.07142
2515.00000000	5.07299
2515.50000000	5.07423
2516.00000000	5.07629
2516.50000000	5.07938
2517.00000000	5.08145
2517.50000000	5.08499
2518.00000000	5.08765
2518.50000000	5.09254
2519.00000000	5.09722
2519.50000000	5.10309
2520.00000000	5.10840
2520.50000000	5.11470
2521.00000000	5.11892
2521.50000000	5.12395
2522.00000000	5.12764
2522.50000000	5.13234
2523.00000000	5.13554
2523.50000000	5.13876
2524.00000000	5.14263
2524.50000000	5.14614
2525.00000000	5.14897
2525.50000000	5.15185
2526.00000000	5.15338
2526.50000000	5.15469
2527.00000000	5.15605
2527.50000000	5.15780
2528.00000000	5.15899
2528.50000000	5.16133
2529.00000000	5.16401
2529.50000000	5.16597
2530.00000000	5.16825
2530.50000000	5.16870
2531.00000000	5.16978
2531.50000000	5.16950
2532.00000000	5.16880
2532.50000000	5.16790
2533.00000000	5.16828
2533.50000000	5.16711
2534.00000000	5.16609
2534.50000000	5.16385
2535.00000000	5.16076
2535.50000000	5.15717
2536.00000000	5.15358
2536.50000000	5.14946
2537.00000000	5.14624
2537.50000000	5.14449
2538.00000000	5.14385
2538.50000000	5.14410
2539.00000000	5.14480
2539.50000000	5.14397
2540.00000000	5.14446
2540.50000000	5.14660
2541.00000000	5.14924
2541.50000000	5.15124
