910.00000000	4.65075
910.50000000	4.64864
911.00000000	4.64500
911.50000000	4.64126
912.00000000	4.63697
912.50000000	4.63247
913.00000000	4.62834
913.50000000	4.62524
914.00000000	4.62266
914.50000000	4.62085
915.00000000	4.61905
915.50000000	4.61710
916.00000000	4.61452
916.50000000	4.61351
917.00000000	4.61141
917.50000000	4.60995
918.00000000	4.60887
918.50000000	4.60728
919.00000000	4.60519
919.50000000	4.60380
920.00000000	4.60133
920.50000000	4.59951
921.00000000	4.59850
921.50000000	4.59923
922.00000000	4.59934
922.50000000	4.59995
923.00000000	4.59934
923.50000000	4.59901
924.00000000	4.59877
924.50000000	4.59941
925.00000000	4.59879
925.50000000	4.59778
926.00000000	4.59625
926.50000000	4.59467
927.00000000	4.59189
927.50000000	4.58945
928.00000000	4.58732
928.50000000	4.58466
929.00000000	4.58073
929.50000000	4.57506
930.00000000	4.57099
930.50000000	4.56663
931.00000000	4.56341
931.50000000	4.56020
932.00000000	4.55672
932.50000000	4.55419
933.00000000	4.55138
933.50000000	4.54817
934.00000000	4.54566
934.50000000	4.54260
935.00000000	4.54041
935.50000000	4.53790
936.00000000	4.53418
936.50000000	4.53024
937.00000000	4.52686
937.50000000	4.52379
938.00000000	4.51978
938.50000000	4.51687
939.00000000	4.51468
939.50000000	4.51394
940.00000000	4.51269
940.50000000	4.51147
941.00000000	4.51014
941.50000000	4.50916
942.00000000	4.50908
942.50000000	4.50791
943.00000000	4.50595
943.50000000	4.50428
944.00000000	4.50402
944.50000000	4.50362
945.00000000	4.50393
945.50000000	4.50312
946.00000000	4.50324
946.50000000	4.50378
947.00000000	4.50378
947.50000000	4.50457
948.00000000	4.50505
948.50000000	4.50610
949.00000000	4.50565
949.50000000	4.50546
950.00000000	4.50585
950.50000000	4.50670
951.00000000	4.50654
951.50000000	4.50589
952.00000000	4.50467
952.50000000	4.50257
953.00000000	4.50118
953.50000000	4.50232
954.00000000	4.50380
954.50000000	4.50461
955.00000000	4.50602
955.50000000	4.50704
956.00000000	4.50748
956.50000000	4.50872
957.00000000	4.51093
957.50000000	4.51233
958.00000000	4.51438
958.50000000	4.51636
959.00000000	4.51814
959.50000000	4.51955
960.00000000	4.52018
960.50000000	4.52118
961.00000000	4.52135
961.50000000	4.52131
962.00000000	4.52158
962.50000000	4.52228
963.00000000	4.52181
963.50000000	4.52263
964.00000000	4.52317
964.50000000	4.52377
965.00000000	4.52538
965.50000000	4.52720
966.00000000	4.52830
966.50000000	4.52901
967.00000000	4.53095
967.50000000	4.53239
968.00000000	4.53334
968.50000000	4.53389
969.00000000	4.53440
969.50000000	4.53536
970.00000000	4.53524
970.50000000	4.53478
971.00000000	4.53324
971.50000000	4.53223
972.00000000	4.53160
972.50000000	4.53047
973.00000000	4.52882
973.50000000	4.52735
974.00000000	4.52312
974.50000000	4.51923
975.00000000	4.51568
975.50000000	4.51185
976.00000000	4.50689
976.50000000	4.50287
977.00000000	4.49940
977.50000000	4.49700
978.00000000	4.49514
978.50000000	4.49151
979.00000000	4.48829
979.50000000	4.48639
980.00000000	4.48323
980.50000000	4.48032
981.00000000	4.47790
981.50000000	4.47666
982.00000000	4.47522
982.50000000	4.47323
983.00000000	4.47151
983.50000000	4.47043
984.00000000	4.47010
984.50000000	4.46973
985.00000000	4.46958
985.50000000	4.47013
986.00000000	4.46900
986.50000000	4.46475
987.00000000	4.46085
987.50000000	4.45818
988.00000000	4.45624
988.50000000	4.45532
989.00000000	4.45446
989.50000000	4.45314
990.00000000	4.45138
990.50000000	4.44944
991.00000000	4.44782
991.50000000	4.44541
992.00000000	4.44374
992.50000000	4.44317
993.00000000	4.44293
993.50000000	4.44208
994.00000000	4.44068
994.50000000	4.44000
995.00000000	4.43917
995.50000000	4.43876
996.00000000	4.43644
996.50000000	4.43249
997.00000000	4.43022
997.50000000	4.42774
998.00000000	4.42751
998.50000000	4.42724
999.00000000	4.42477
999.50000000	4.42342
1000.00000000	4.42105
1000.50000000	4.41995
1001.00000000	4.41859
1001.50000000	4.41662
1002.00000000	4.41467
1002.50000000	4.41191
1003.00000000	4.40954
1003.50000000	4.40726
1004.00000000	4.40538
1004.50000000	4.40306
1005.00000000	4.40133
1005.50000000	4.39924
1006.00000000	4.39731
1006.50000000	4.39437
1007.00000000	4.39240
1007.50000000	4.39170
1008.00000000	4.39110
1008.50000000	4.39071
1009.00000000	4.39096
1009.50000000	4.39050
1010.00000000	4.38986
1010.50000000	4.39067
1011.00000000	4.39078
1011.50000000	4.39192
1012.00000000	4.39247
1012.50000000	4.39253
1013.00000000	4.39118
1013.50000000	4.39014
1014.00000000	4.38850
1014.50000000	4.38635
1015.00000000	4.38299
1015.50000000	4.37872
1016.00000000	4.37563
1016.50000000	4.37107
1017.00000000	4.36760
1017.50000000	4.36376
1018.00000000	4.36032
1018.50000000	4.35692
1019.00000000	4.35375
1019.50000000	4.35263
1020.00000000	4.35235
1020.50000000	4.35195
1021.00000000	4.35191
1021.50000000	4.35190
1022.00000000	4.35144
1022.50000000	4.35224
1023.00000000	4.35208
1023.50000000	4.35329
1024.00000000	4.35306
1024.50000000	4.35277
1025.00000000	4.35420
1025.50000000	4.35500
1026.00000000	4.35504
1026.50000000	4.35546
1027.00000000	4.35834
1027.50000000	4.35997
1028.00000000	4.36065
1028.50000000	4.36109
1029.00000000	4.36180
1029.50000000	4.36332
1030.00000000	4.36521
1030.50000000	4.36609
1031.00000000	4.36768
1031.50000000	4.36920
1032.00000000	4.36851
1032.50000000	4.36800
1033.00000000	4.36732
1033.50000000	4.36691
1034.00000000	4.36515
1034.50000000	4.36215
1035.00000000	4.35975
1035.50000000	4.35755
1036.00000000	4.35663
1036.50000000	4.35755
1037.00000000	4.35740
1037.50000000	4.35810
1038.00000000	4.35726
1038.50000000	4.35517
1039.00000000	4.35303
1039.50000000	4.35054
1040.00000000	4.34859
1040.50000000	4.34646
1041.00000000	4.34361
1041.50000000	4.34064
1042.00000000	4.33634
1042.50000000	4.33259
1043.00000000	4.32922
1043.50000000	4.32565
1044.00000000	4.32201
1044.50000000	4.31825
1045.00000000	4.31524
1045.50000000	4.31138
1046.00000000	4.30663
1046.50000000	4.30387
1047.00000000	4.29988
1047.50000000	4.29719
1048.00000000	4.29344
1048.50000000	4.28972
1049.00000000	4.28592
1049.50000000	4.28276
1050.00000000	4.28006
1050.50000000	4.27746
1051.00000000	4.27500
1051.50000000	4.27195
1052.00000000	4.26845
1052.50000000	4.26575
1053.00000000	4.26300
1053.50000000	4.26103
1054.00000000	4.25931
1054.50000000	4.25727
1055.00000000	4.25498
1055.50000000	4.25318
1056.00000000	4.25197
1056.50000000	4.25150
1057.00000000	4.25226
1057.50000000	4.25291
1058.00000000	4.25293
1058.50000000	4.25401
1059.00000000	4.25451
1059.50000000	4.25481
1060.00000000	4.25499
1060.50000000	4.25624
1061.00000000	4.25722
1061.50000000	4.25688
1062.00000000	4.25691
1062.50000000	4.25803
1063.00000000	4.25911
1063.50000000	4.25995
1064.00000000	4.26144
1064.50000000	4.26205
1065.00000000	4.26318
1065.50000000	4.26488
1066.00000000	4.26814
1066.50000000	4.27014
1067.00000000	4.27248
1067.50000000	4.27518
1068.00000000	4.27849
1068.50000000	4.28135
1069.00000000	4.28344
1069.50000000	4.28633
1070.00000000	4.28909
1070.50000000	4.29161
1071.00000000	4.29465
1071.50000000	4.29777
1072.00000000	4.30030
1072.50000000	4.30223
1073.00000000	4.30495
1073.50000000	4.30783
1074.00000000	4.31101
1074.50000000	4.31328
1075.00000000	4.31507
1075.50000000	4.31827
1076.00000000	4.32194
1076.50000000	4.32352
1077.00000000	4.32465
1077.50000000	4.32447
1078.00000000	4.32410
1078.50000000	4.32514
1079.00000000	4.32767
1079.50000000	4.32991
1080.00000000	4.33262
1080.50000000	4.33539
1081.00000000	4.33809
1081.50000000	4.34084
1082.00000000	4.34255
1082.50000000	4.34395
1083.00000000	4.34544
1083.50000000	4.34718
1084.00000000	4.34753
1084.50000000	4.34552
1085.00000000	4.34391
1085.50000000	4.34164
1086.00000000	4.34068
1086.50000000	4.33981
1087.00000000	4.33804
1087.50000000	4.33683
1088.00000000	4.33512
1088.50000000	4.33315
1089.00000000	4.33094
1089.50000000	4.32926
1090.00000000	4.32958
1090.50000000	4.32901
1091.00000000	4.32862
1091.50000000	4.32807
1092.00000000	4.32788
1092.50000000	4.32639
1093.00000000	4.32494
1093.50000000	4.32383
1094.00000000	4.32348
1094.50000000	4.32311
1095.00000000	4.32183
1095.50000000	4.31994
1096.00000000	4.31781
1096.50000000	4.31613
1097.00000000	4.31345
1097.50000000	4.31128
1098.00000000	4.30969
1098.50000000	4.30890
1099.00000000	4.30858
1099.50000000	4.30826
1100.00000000	4.30901
1100.50000000	4.30935
1101.00000000	4.30987
1101.50000000	4.30911
1102.00000000	4.30804
1102.50000000	4.30639
1103.00000000	4.30528
1103.50000000	4.30428
1104.00000000	4.30302
1104.50000000	4.30144
1105.00000000	4.29950
1105.50000000	4.29920
1106.00000000	4.29928
1106.50000000	4.29989
1107.00000000	4.30084
1107.50000000	4.30167
1108.00000000	4.30284
1108.50000000	4.30346
1109.00000000	4.30455
1109.50000000	4.30646
1110.00000000	4.30895
1110.50000000	4.31034
1111.00000000	4.31237
1111.50000000	4.31463
1112.00000000	4.31691
1112.50000000	4.31772
1113.00000000	4.31756
1113.50000000	4.31693
1114.00000000	4.31646
1114.50000000	4.31703
1115.00000000	4.31911
1115.50000000	4.32249
1116.00000000	4.32395
1116.50000000	4.32552
1117.00000000	4.32608
1117.50000000	4.32625
1118.00000000	4.32661
1118.50000000	4.32784
1119.00000000	4.32849
1119.50000000	4.32914
1120.00000000	4.32984
1120.50000000	4.33051
1121.00000000	4.33206
1121.50000000	4.33430
1122.00000000	4.33689
1122.50000000	4.33938
1123.00000000	4.33952
1123.50000000	4.33871
1124.00000000	4.33814
1124.50000000	4.33704
1125.00000000	4.33653
1125.50000000	4.33495
1126.00000000	4.33281
1126.50000000	4.33005
1127.00000000	4.32748
1127.50000000	4.32740
1128.00000000	4.32795
1128.50000000	4.32790
1129.00000000	4.32890
1129.50000000	4.33006
1130.00000000	4.33164
1130.50000000	4.33313
1131.00000000	4.33460
1131.50000000	4.33559
1132.00000000	4.33707
1132.50000000	4.33806
1133.00000000	4.33966
1133.50000000	4.34226
1134.00000000	4.34295
1134.50000000	4.34399
1135.00000000	4.34449
1135.50000000	4.34465
1136.00000000	4.34538
1136.50000000	4.34712
1137.00000000	4.34879
1137.50000000	4.35137
1138.00000000	4.35397
1138.50000000	4.35712
1139.00000000	4.36094
1139.50000000	4.36355
1140.00000000	4.36600
1140.50000000	4.36977
1141.00000000	4.37367
1141.50000000	4.37757
1142.00000000	4.38065
1142.50000000	4.38267
1143.00000000	4.38296
1143.50000000	4.38290
1144.00000000	4.38207
1144.50000000	4.38109
1145.00000000	4.38106
1145.50000000	4.38229
1146.00000000	4.38207
1146.50000000	4.38276
1147.00000000	4.38493
1147.50000000	4.38675
1148.00000000	4.38907
1148.50000000	4.39032
1149.00000000	4.39123
1149.50000000	4.39326
1150.00000000	4.39508
1150.50000000	4.39582
1151.00000000	4.39499
1151.50000000	4.39391
1152.00000000	4.39209
1152.50000000	4.38926
1153.00000000	4.38713
1153.50000000	4.38604
1154.00000000	4.38598
1154.50000000	4.38607
1155.00000000	4.38565
1155.50000000	4.38523
1156.00000000	4.38501
1156.50000000	4.38299
1157.00000000	4.38069
1157.50000000	4.37948
1158.00000000	4.37894
1158.50000000	4.37898
1159.00000000	4.38124
1159.50000000	4.38384
1160.00000000	4.38652
1160.50000000	4.38842
1161.00000000	4.38932
1161.50000000	4.38953
1162.00000000	4.38984
1162.50000000	4.38959
1163.00000000	4.39074
1163.50000000	4.39179
1164.00000000	4.39335
1164.50000000	4.39502
1165.00000000	4.39596
1165.50000000	4.39691
1166.00000000	4.39824
1166.50000000	4.39921
1167.00000000	4.40012
1167.50000000	4.40105
1168.00000000	4.40276
1168.50000000	4.40527
1169.00000000	4.40730
1169.50000000	4.40930
1170.00000000	4.41045
1170.50000000	4.41192
1171.00000000	4.41226
1171.50000000	4.41371
1172.00000000	4.41358
1172.50000000	4.41514
1173.00000000	4.41609
1173.50000000	4.41650
1174.00000000	4.41720
1174.50000000	4.41652
1175.00000000	4.41534
1175.50000000	4.41453
1176.00000000	4.41346
1176.50000000	4.41470
1177.00000000	4.41614
1177.50000000	4.41952
1178.00000000	4.42214
1178.50000000	4.42545
1179.00000000	4.42808
1179.50000000	4.43024
1180.00000000	4.43115
1180.50000000	4.43296
1181.00000000	4.43561
1181.50000000	4.43796
1182.00000000	4.44098
1182.50000000	4.44440
1183.00000000	4.44722
1183.50000000	4.44847
1184.00000000	4.44970
1184.50000000	4.45147
1185.00000000	4.45344
1185.50000000	4.45550
1186.00000000	4.45787
1186.50000000	4.45941
1187.00000000	4.46051
1187.50000000	4.46226
1188.00000000	4.46416
1188.50000000	4.46566
1189.00000000	4.46677
1189.50000000	4.46743
1190.00000000	4.46644
1190.50000000	4.46414
1191.00000000	4.46194
1191.50000000	4.46094
1192.00000000	4.46063
1192.50000000	4.46045
1193.00000000	4.45943
1193.50000000	4.45862
1194.00000000	4.45869
1194.50000000	4.45846
1195.00000000	4.45891
1195.50000000	4.45925
1196.00000000	4.45995
1196.50000000	4.46125
1197.00000000	4.46289
1197.50000000	4.46410
1198.00000000	4.46492
1198.50000000	4.46604
1199.00000000	4.46764
1199.50000000	4.46985
1200.00000000	4.47152
1200.50000000	4.47124
1201.00000000	4.47150
1201.50000000	4.47043
1202.00000000	4.46894
1202.50000000	4.46789
1203.00000000	4.46725
1203.50000000	4.46830
1204.00000000	4.46815
1204.50000000	4.46881
1205.00000000	4.46898
1205.50000000	4.46882
1206.00000000	4.46825
1206.50000000	4.46889
1207.00000000	4.46909
1207.50000000	4.46851
1208.00000000	4.46803
1208.50000000	4.46804
1209.00000000	4.46774
1209.50000000	4.46553
1210.00000000	4.46343
1210.50000000	4.46260
1211.00000000	4.46213
1211.50000000	4.46153
1212.00000000	4.45941
1212.50000000	4.45828
1213.00000000	4.45731
1213.50000000	4.45652
1214.00000000	4.45391
1214.50000000	4.45234
1215.00000000	4.45135
1215.50000000	4.44962
1216.00000000	4.44863
1216.50000000	4.44892
1217.00000000	4.44908
1217.50000000	4.44995
1218.00000000	4.45117
1218.50000000	4.45173
1219.00000000	4.45332
1219.50000000	4.45254
1220.00000000	4.45311
1220.50000000	4.45295
1221.00000000	4.45306
1221.50000000	4.45375
1222.00000000	4.45423
1222.50000000	4.45529
1223.00000000	4.45502
1223.50000000	4.45655
1224.00000000	4.45803
1224.50000000	4.45747
1225.00000000	4.45659
1225.50000000	4.45678
1226.00000000	4.45768
1226.50000000	4.45991
1227.00000000	4.46060
1227.50000000	4.45994
1228.00000000	4.46118
1228.50000000	4.46164
1229.00000000	4.46284
1229.50000000	4.46388
1230.00000000	4.46538
1230.50000000	4.46731
1231.00000000	4.46865
1231.50000000	4.47000
1232.00000000	4.47062
1232.50000000	4.47088
1233.00000000	4.47055
1233.50000000	4.47014
1234.00000000	4.47071
1234.50000000	4.47028
1235.00000000	4.47040
1235.50000000	4.46977
1236.00000000	4.46869
1236.50000000	4.46808
1237.00000000	4.46846
1237.50000000	4.46874
1238.00000000	4.46946
1238.50000000	4.47053
1239.00000000	4.47116
1239.50000000	4.47231
1240.00000000	4.47238
1240.50000000	4.47390
1241.00000000	4.47578
1241.50000000	4.47779
1242.00000000	4.47974
1242.50000000	4.48159
1243.00000000	4.48257
1243.50000000	4.48499
1244.00000000	4.48699
1244.50000000	4.48796
1245.00000000	4.48952
1245.50000000	4.49141
1246.00000000	4.49189
1246.50000000	4.49264
1247.00000000	4.49421
1247.50000000	4.49519
1248.00000000	4.49680
1248.50000000	4.49781
1249.00000000	4.49850
1249.50000000	4.49852
1250.00000000	4.49929
1250.50000000	4.50050
1251.00000000	4.50288
1251.50000000	4.50587
1252.00000000	4.50710
1252.50000000	4.50830
1253.00000000	4.50936
1253.50000000	4.51222
1254.00000000	4.51613
1254.50000000	4.51924
1255.00000000	4.52189
1255.50000000	4.52319
1256.00000000	4.52357
1256.50000000	4.52461
1257.00000000	4.52368
1257.50000000	4.52301
1258.00000000	4.52093
1258.50000000	4.51843
1259.00000000	4.51651
1259.50000000	4.51502
1260.00000000	4.51428
1260.50000000	4.51244
1261.00000000	4.50933
1261.50000000	4.50541
1262.00000000	4.50254
1262.50000000	4.49884
1263.00000000	4.49403
1263.50000000	4.49080
1264.00000000	4.48741
1264.50000000	4.48381
1265.00000000	4.48047
1265.50000000	4.47949
1266.00000000	4.47860
1266.50000000	4.47794
1267.00000000	4.47694
1267.50000000	4.47736
1268.00000000	4.47624
1268.50000000	4.47427
1269.00000000	4.47258
1269.50000000	4.47077
1270.00000000	4.46894
1270.50000000	4.46729
1271.00000000	4.46689
1271.50000000	4.46617
1272.00000000	4.46630
1272.50000000	4.46676
1273.00000000	4.46801
1273.50000000	4.46886
1274.00000000	4.46975
1274.50000000	4.47285
1275.00000000	4.47525
1275.50000000	4.47656
1276.00000000	4.47594
1276.50000000	4.47579
1277.00000000	4.47604
1277.50000000	4.47646
1278.00000000	4.47630
1278.50000000	4.47580
1279.00000000	4.47640
1279.50000000	4.47742
1280.00000000	4.47880
1280.50000000	4.48072
1281.00000000	4.48331
1281.50000000	4.48577
1282.00000000	4.48886
1282.50000000	4.49200
1283.00000000	4.49362
1283.50000000	4.49545
1284.00000000	4.49527
1284.50000000	4.49556
1285.00000000	4.49537
1285.50000000	4.49489
1286.00000000	4.49582
1286.50000000	4.49654
1287.00000000	4.49778
1287.50000000	4.49962
1288.00000000	4.50344
1288.50000000	4.50705
1289.00000000	4.50927
1289.50000000	4.51104
1290.00000000	4.51340
1290.50000000	4.51517
1291.00000000	4.51701
1291.50000000	4.51918
1292.00000000	4.51952
1292.50000000	4.51865
1293.00000000	4.51764
1293.50000000	4.51583
1294.00000000	4.51363
1294.50000000	4.51149
1295.00000000	4.50990
1295.50000000	4.51010
1296.00000000	4.51044
1296.50000000	4.50972
1297.00000000	4.51082
1297.50000000	4.51191
1298.00000000	4.51207
1298.50000000	4.51259
1299.00000000	4.51265
1299.50000000	4.51200
1300.00000000	4.51207
1300.50000000	4.51282
1301.00000000	4.51409
1301.50000000	4.51317
1302.00000000	4.51354
1302.50000000	4.51472
1303.00000000	4.51682
1303.50000000	4.51826
1304.00000000	4.52053
1304.50000000	4.52243
1305.00000000	4.52298
1305.50000000	4.52321
1306.00000000	4.52276
1306.50000000	4.52305
1307.00000000	4.52261
1307.50000000	4.52185
1308.00000000	4.51974
1308.50000000	4.51820
1309.00000000	4.51507
1309.50000000	4.51264
1310.00000000	4.51043
1310.50000000	4.50792
1311.00000000	4.50528
1311.50000000	4.50257
1312.00000000	4.50195
1312.50000000	4.50230
1313.00000000	4.50299
1313.50000000	4.50167
1314.00000000	4.50068
1314.50000000	4.49971
1315.00000000	4.49808
1315.50000000	4.49675
1316.00000000	4.49531
1316.50000000	4.49488
1317.00000000	4.49498
1317.50000000	4.49471
1318.00000000	4.49396
1318.50000000	4.49265
1319.00000000	4.49182
1319.50000000	4.49191
1320.00000000	4.49211
1320.50000000	4.49311
1321.00000000	4.49377
1321.50000000	4.49529
1322.00000000	4.49544
1322.50000000	4.49533
1323.00000000	4.49583
1323.50000000	4.49650
1324.00000000	4.49762
1324.50000000	4.49873
1325.00000000	4.50193
1325.50000000	4.50575
1326.00000000	4.50965
1326.50000000	4.51263
1327.00000000	4.51600
1327.50000000	4.51735
1328.00000000	4.51735
1328.50000000	4.51765
1329.00000000	4.51711
1329.50000000	4.51806
1330.00000000	4.51889
1330.50000000	4.51990
1331.00000000	4.52033
1331.50000000	4.52100
1332.00000000	4.52174
1332.50000000	4.52107
1333.00000000	4.52043
1333.50000000	4.51915
1334.00000000	4.51676
1334.50000000	4.51627
1335.00000000	4.51653
1335.50000000	4.51858
1336.00000000	4.52093
1336.50000000	4.52323
1337.00000000	4.52616
1337.50000000	4.52901
1338.00000000	4.53086
1338.50000000	4.53283
1339.00000000	4.53617
1339.50000000	4.53899
1340.00000000	4.54154
1340.50000000	4.54405
1341.00000000	4.54593
1341.50000000	4.54797
1342.00000000	4.55167
1342.50000000	4.55501
1343.00000000	4.55927
1343.50000000	4.56300
1344.00000000	4.56590
1344.50000000	4.56755
1345.00000000	4.56764
1345.50000000	4.56900
1346.00000000	4.57162
1346.50000000	4.57497
1347.00000000	4.57633
1347.50000000	4.57640
1348.00000000	4.57707
1348.50000000	4.57928
1349.00000000	4.58237
1349.50000000	4.58401
1350.00000000	4.58355
1350.50000000	4.58303
1351.00000000	4.58290
1351.50000000	4.58204
1352.00000000	4.58195
1352.50000000	4.58310
1353.00000000	4.58326
1353.50000000	4.58380
1354.00000000	4.58240
1354.50000000	4.58213
1355.00000000	4.58176
1355.50000000	4.58049
1356.00000000	4.57933
1356.50000000	4.57916
1357.00000000	4.57724
1357.50000000	4.57661
1358.00000000	4.57593
1358.50000000	4.57368
1359.00000000	4.57151
1359.50000000	4.56892
1360.00000000	4.56686
1360.50000000	4.56421
1361.00000000	4.56130
1361.50000000	4.55679
1362.00000000	4.55235
1362.50000000	4.54815
1363.00000000	4.54545
1363.50000000	4.54352
1364.00000000	4.54271
1364.50000000	4.54076
1365.00000000	4.53829
1365.50000000	4.53657
1366.00000000	4.53606
1366.50000000	4.53546
1367.00000000	4.53381
1367.50000000	4.53288
1368.00000000	4.53237
1368.50000000	4.53114
1369.00000000	4.53069
1369.50000000	4.52949
1370.00000000	4.52757
1370.50000000	4.52671
1371.00000000	4.52499
1371.50000000	4.52272
1372.00000000	4.51997
1372.50000000	4.51717
1373.00000000	4.51512
1373.50000000	4.51357
1374.00000000	4.51109
1374.50000000	4.50948
1375.00000000	4.50766
1375.50000000	4.50612
1376.00000000	4.50495
1376.50000000	4.50425
1377.00000000	4.50333
1377.50000000	4.50363
1378.00000000	4.50506
1378.50000000	4.50748
1379.00000000	4.50980
1379.50000000	4.51348
1380.00000000	4.51601
1380.50000000	4.51858
1381.00000000	4.51961
1381.50000000	4.51979
1382.00000000	4.52069
1382.50000000	4.52005
1383.00000000	4.51909
1383.50000000	4.51891
1384.00000000	4.51981
1384.50000000	4.52265
1385.00000000	4.52442
1385.50000000	4.52556
1386.00000000	4.52671
1386.50000000	4.52761
1387.00000000	4.52888
1387.50000000	4.53058
1388.00000000	4.53153
1388.50000000	4.53191
1389.00000000	4.53271
1389.50000000	4.53324
1390.00000000	4.53458
1390.50000000	4.53614
1391.00000000	4.53697
1391.50000000	4.53921
1392.00000000	4.54027
1392.50000000	4.54225
1393.00000000	4.54347
1393.50000000	4.54436
1394.00000000	4.54496
1394.50000000	4.54550
1395.00000000	4.54539
1395.50000000	4.54574
1396.00000000	4.54572
1396.50000000	4.54677
1397.00000000	4.54894
1397.50000000	4.55085
1398.00000000	4.55038
1398.50000000	4.54769
1399.00000000	4.54360
1399.50000000	4.53915
1400.00000000	4.53417
1400.50000000	4.53003
1401.00000000	4.52650
1401.50000000	4.52225
1402.00000000	4.51926
1402.50000000	4.51549
1403.00000000	4.51292
1403.50000000	4.50951
1404.00000000	4.50671
1404.50000000	4.50550
1405.00000000	4.50335
1405.50000000	4.50188
1406.00000000	4.50082
1406.50000000	4.49837
1407.00000000	4.49698
1407.50000000	4.49579
1408.00000000	4.49412
1408.50000000	4.49295
1409.00000000	4.49168
1409.50000000	4.49119
1410.00000000	4.49026
1410.50000000	4.48855
1411.00000000	4.48645
1411.50000000	4.48464
1412.00000000	4.48343
1412.50000000	4.48278
1413.00000000	4.48250
1413.50000000	4.48230
1414.00000000	4.48322
1414.50000000	4.48384
1415.00000000	4.48420
1415.50000000	4.48601
1416.00000000	4.48924
1416.50000000	4.49311
1417.00000000	4.49789
1417.50000000	4.50255
1418.00000000	4.50675
1418.50000000	4.51036
1419.00000000	4.51406
1419.50000000	4.51775
1420.00000000	4.52050
1420.50000000	4.52287
1421.00000000	4.52490
1421.50000000	4.52599
1422.00000000	4.52693
1422.50000000	4.52611
1423.00000000	4.52566
1423.50000000	4.52474
1424.00000000	4.52432
1424.50000000	4.52379
1425.00000000	4.52347
1425.50000000	4.52203
1426.00000000	4.52053
1426.50000000	4.51699
1427.00000000	4.51382
1427.50000000	4.51102
1428.00000000	4.50936
1428.50000000	4.50909
1429.00000000	4.50800
1429.50000000	4.50717
1430.00000000	4.50622
1430.50000000	4.50586
1431.00000000	4.50493
1431.50000000	4.50328
1432.00000000	4.50204
1432.50000000	4.50183
1433.00000000	4.50153
1433.50000000	4.50031
1434.00000000	4.49878
1434.50000000	4.49751
1435.00000000	4.49706
1435.50000000	4.49791
1436.00000000	4.49897
1436.50000000	4.50095
1437.00000000	4.50261
1437.50000000	4.50398
1438.00000000	4.50439
1438.50000000	4.50614
1439.00000000	4.50710
1439.50000000	4.50843
1440.00000000	4.50954
1440.50000000	4.50808
1441.00000000	4.50613
1441.50000000	4.50482
1442.00000000	4.50489
1442.50000000	4.50495
1443.00000000	4.50539
1443.50000000	4.50669
1444.00000000	4.50719
1444.50000000	4.50632
1445.00000000	4.50426
1445.50000000	4.50076
1446.00000000	4.49789
1446.50000000	4.49491
1447.00000000	4.49149
1447.50000000	4.48657
1448.00000000	4.48346
1448.50000000	4.48063
1449.00000000	4.47684
1449.50000000	4.47408
1450.00000000	4.47151
1450.50000000	4.47027
1451.00000000	4.46894
1451.50000000	4.46844
1452.00000000	4.46813
1452.50000000	4.46761
1453.00000000	4.46631
1453.50000000	4.46574
1454.00000000	4.46449
1454.50000000	4.46368
1455.00000000	4.46277
1455.50000000	4.46177
1456.00000000	4.46031
1456.50000000	4.45775
1457.00000000	4.45625
1457.50000000	4.45743
1458.00000000	4.45827
1458.50000000	4.45857
1459.00000000	4.45889
1459.50000000	4.45790
1460.00000000	4.45631
1460.50000000	4.45595
1461.00000000	4.45588
1461.50000000	4.45509
1462.00000000	4.45427
1462.50000000	4.45216
1463.00000000	4.45113
1463.50000000	4.45177
1464.00000000	4.45116
1464.50000000	4.45178
1465.00000000	4.45228
1465.50000000	4.45247
1466.00000000	4.45265
1466.50000000	4.45391
1467.00000000	4.45454
1467.50000000	4.45280
1468.00000000	4.45162
1468.50000000	4.44921
1469.00000000	4.44779
1469.50000000	4.44608
1470.00000000	4.44482
1470.50000000	4.44325
1471.00000000	4.44246
1471.50000000	4.44191
1472.00000000	4.44176
1472.50000000	4.44146
1473.00000000	4.44112
1473.50000000	4.43978
1474.00000000	4.43944
1474.50000000	4.43954
1475.00000000	4.44023
1475.50000000	4.43992
1476.00000000	4.43931
1476.50000000	4.43958
1477.00000000	4.44070
1477.50000000	4.44037
1478.00000000	4.44059
1478.50000000	4.44056
1479.00000000	4.44241
1479.50000000	4.44256
1480.00000000	4.44192
1480.50000000	4.44212
1481.00000000	4.44136
1481.50000000	4.44099
1482.00000000	4.43985
1482.50000000	4.43829
1483.00000000	4.43754
1483.50000000	4.43657
