90.00000000	4.44996
90.50000000	4.44826
91.00000000	4.44616
91.50000000	4.44501
92.00000000	4.44468
92.50000000	4.44414
93.00000000	4.44427
93.50000000	4.44491
94.00000000	4.44523
94.50000000	4.44594
95.00000000	4.44647
95.50000000	4.44753
96.00000000	4.44834
96.50000000	4.44896
97.00000000	4.45041
97.50000000	4.45260
98.00000000	4.45348
98.50000000	4.45478
99.00000000	4.45656
99.50000000	4.45871
100.00000000	4.45975
100.50000000	4.46184
101.00000000	4.46451
101.50000000	4.46626
102.00000000	4.46870
102.50000000	4.47007
103.00000000	4.47095
103.50000000	4.47123
104.00000000	4.47211
104.50000000	4.47409
105.00000000	4.47570
105.50000000	4.47742
106.00000000	4.47920
106.50000000	4.48063
107.00000000	4.48264
107.50000000	4.48595
108.00000000	4.48775
108.50000000	4.48836
109.00000000	4.48792
109.50000000	4.48662
110.00000000	4.48584
110.50000000	4.48579
111.00000000	4.48554
111.50000000	4.48624
112.00000000	4.48529
112.50000000	4.48543
113.00000000	4.48530
113.50000000	4.48363
114.00000000	4.48241
114.50000000	4.48273
115.00000000	4.48331
115.50000000	4.48388
116.00000000	4.48440
116.50000000	4.48588
117.00000000	4.48583
117.50000000	4.48605
118.00000000	4.48735
118.50000000	4.48853
119.00000000	4.49016
119.50000000	4.49068
120.00000000	4.49038
120.50000000	4.49180
121.00000000	4.49209
121.50000000	4.49300
122.00000000	4.49224
122.50000000	4.49206
123.00000000	4.49099
123.50000000	4.48960
124.00000000	4.48903
124.50000000	4.48842
125.00000000	4.48862
125.50000000	4.48944
126.00000000	4.49080
126.50000000	4.49226
127.00000000	4.49338
127.50000000	4.49380
128.00000000	4.49330
128.50000000	4.49081
129.00000000	4.48740
129.50000000	4.48495
130.00000000	4.48354
130.50000000	4.48119
131.00000000	4.48055
131.50000000	4.48139
132.00000000	4.48190
132.50000000	4.48443
133.00000000	4.48753
133.50000000	4.49006
134.00000000	4.49217
134.50000000	4.49490
135.00000000	4.49706
135.50000000	4.49905
136.00000000	4.50038
136.50000000	4.50226
137.00000000	4.50478
137.50000000	4.50781
138.00000000	4.50898
138.50000000	4.50923
139.00000000	4.50862
139.50000000	4.50791
140.00000000	4.50726
140.50000000	4.50755
141.00000000	4.50720
141.50000000	4.50819
142.00000000	4.50974
142.50000000	4.51180
143.00000000	4.51322
143.50000000	4.51305
144.00000000	4.51182
144.50000000	4.51167
145.00000000	4.51156
145.50000000	4.51137
146.00000000	4.51071
146.50000000	4.50940
147.00000000	4.50741
147.50000000	4.50534
148.00000000	4.50340
148.50000000	4.50208
149.00000000	4.49950
149.50000000	4.49620
150.00000000	4.49231
150.50000000	4.48829
151.00000000	4.48324
151.50000000	4.47876
152.00000000	4.47609
152.50000000	4.47349
153.00000000	4.47151
153.50000000	4.46854
154.00000000	4.46590
154.50000000	4.46307
155.00000000	4.46124
155.50000000	4.45874
156.00000000	4.45624
156.50000000	4.45387
157.00000000	4.45130
157.50000000	4.44937
158.00000000	4.44767
158.50000000	4.44710
159.00000000	4.44708
159.50000000	4.44510
160.00000000	4.44308
160.50000000	4.44105
161.00000000	4.43881
161.50000000	4.43737
162.00000000	4.43636
162.50000000	4.43540
163.00000000	4.43374
163.50000000	4.43342
164.00000000	4.43218
164.50000000	4.43054
165.00000000	4.42888
165.50000000	4.42817
166.00000000	4.42696
166.50000000	4.42575
167.00000000	4.42464
167.50000000	4.42375
168.00000000	4.42291
168.50000000	4.42282
169.00000000	4.42270
169.50000000	4.42375
170.00000000	4.42480
170.50000000	4.42516
171.00000000	4.42542
171.50000000	4.42744
172.00000000	4.42830
172.50000000	4.42884
173.00000000	4.43039
173.50000000	4.43289
174.00000000	4.43585
174.50000000	4.43701
175.00000000	4.43794
175.50000000	4.43913
176.00000000	4.43873
176.50000000	4.43817
177.00000000	4.43837
177.50000000	4.43637
178.00000000	4.43479
178.50000000	4.43323
179.00000000	4.43122
179.50000000	4.42880
180.00000000	4.42562
180.50000000	4.42330
181.00000000	4.42043
181.50000000	4.41847
182.00000000	4.41687
182.50000000	4.41534
183.00000000	4.41296
183.50000000	4.41028
184.00000000	4.40803
184.50000000	4.40712
185.00000000	4.40553
185.50000000	4.40451
186.00000000	4.40372
186.50000000	4.40223
187.00000000	4.40173
187.50000000	4.40109
188.00000000	4.40036
188.50000000	4.39976
189.00000000	4.39785
189.50000000	4.39588
190.00000000	4.39421
190.50000000	4.39601
191.00000000	4.39742
191.50000000	4.39877
192.00000000	4.40020
192.50000000	4.40194
193.00000000	4.40238
193.50000000	4.40497
194.00000000	4.40700
194.50000000	4.40813
195.00000000	4.40859
195.50000000	4.40933
196.00000000	4.40979
196.50000000	4.41105
197.00000000	4.41324
197.50000000	4.41661
198.00000000	4.41906
198.50000000	4.42027
199.00000000	4.42173
199.50000000	4.42254
200.00000000	4.42436
200.50000000	4.42536
201.00000000	4.42615
201.50000000	4.42650
202.00000000	4.42518
202.50000000	4.42386
203.00000000	4.42140
203.50000000	4.41928
204.00000000	4.41864
204.50000000	4.41872
205.00000000	4.41720
205.50000000	4.41577
206.00000000	4.41365
206.50000000	4.41092
207.00000000	4.40812
207.50000000	4.40487
208.00000000	4.40101
208.50000000	4.39703
209.00000000	4.39339
209.50000000	4.38968
210.00000000	4.38758
210.50000000	4.38549
211.00000000	4.38272
211.50000000	4.38060
212.00000000	4.37816
212.50000000	4.37721
213.00000000	4.37583
213.50000000	4.37414
214.00000000	4.37230
214.50000000	4.37062
215.00000000	4.36921
215.50000000	4.36849
216.00000000	4.36742
216.50000000	4.36691
217.00000000	4.36817
217.50000000	4.36933
218.00000000	4.37029
218.50000000	4.37184
219.00000000	4.37202
219.50000000	4.37147
220.00000000	4.36995
220.50000000	4.36936
221.00000000	4.36954
221.50000000	4.37018
222.00000000	4.37038
222.50000000	4.36927
223.00000000	4.36919
223.50000000	4.36995
224.00000000	4.36994
224.50000000	4.37081
225.00000000	4.37173
225.50000000	4.37273
226.00000000	4.37407
226.50000000	4.37414
227.00000000	4.37315
227.50000000	4.37229
228.00000000	4.37129
228.50000000	4.37030
229.00000000	4.37067
229.50000000	4.37058
230.00000000	4.37048
230.50000000	4.37072
231.00000000	4.37090
231.50000000	4.37198
232.00000000	4.37235
232.50000000	4.37409
233.00000000	4.37492
233.50000000	4.37508
234.00000000	4.37486
234.50000000	4.37576
235.00000000	4.37488
235.50000000	4.37380
236.00000000	4.37237
236.50000000	4.37083
237.00000000	4.36955
237.50000000	4.37011
238.00000000	4.37059
238.50000000	4.37094
239.00000000	4.37023
239.50000000	4.37009
240.00000000	4.36817
240.50000000	4.36584
241.00000000	4.36344
241.50000000	4.36220
242.00000000	4.35952
242.50000000	4.35732
243.00000000	4.35461
243.50000000	4.35284
244.00000000	4.35090
244.50000000	4.34777
245.00000000	4.34432
245.50000000	4.33977
246.00000000	4.33470
246.50000000	4.32978
247.00000000	4.32415
247.50000000	4.31839
248.00000000	4.31289
248.50000000	4.30883
249.00000000	4.30400
249.50000000	4.30035
250.00000000	4.29746
250.50000000	4.29435
251.00000000	4.29081
251.50000000	4.28793
252.00000000	4.28517
252.50000000	4.28225
253.00000000	4.27843
253.50000000	4.27498
254.00000000	4.27118
254.50000000	4.26710
255.00000000	4.26200
255.50000000	4.25643
256.00000000	4.24980
256.50000000	4.24355
257.00000000	4.23726
257.50000000	4.23159
258.00000000	4.22711
258.50000000	4.22387
259.00000000	4.22084
259.50000000	4.21735
260.00000000	4.21295
260.50000000	4.20977
261.00000000	4.20750
261.50000000	4.20573
262.00000000	4.20378
262.50000000	4.20190
263.00000000	4.20032
263.50000000	4.19907
264.00000000	4.19700
264.50000000	4.19565
265.00000000	4.19551
265.50000000	4.19487
266.00000000	4.19319
266.50000000	4.19217
267.00000000	4.19142
267.50000000	4.19039
268.00000000	4.19041
268.50000000	4.18983
269.00000000	4.18842
269.50000000	4.18782
270.00000000	4.18668
270.50000000	4.18568
271.00000000	4.18357
271.50000000	4.18266
272.00000000	4.18129
272.50000000	4.18060
273.00000000	4.18134
273.50000000	4.18321
274.00000000	4.18575
274.50000000	4.18890
275.00000000	4.19172
275.50000000	4.19434
276.00000000	4.19672
276.50000000	4.19917
277.00000000	4.20032
277.50000000	4.20176
278.00000000	4.20195
278.50000000	4.20129
279.00000000	4.20184
279.50000000	4.20099
280.00000000	4.19864
280.50000000	4.19709
281.00000000	4.19664
281.50000000	4.19664
282.00000000	4.19838
282.50000000	4.20039
283.00000000	4.20123
283.50000000	4.20227
284.00000000	4.20366
284.50000000	4.20306
285.00000000	4.20485
285.50000000	4.20655
286.00000000	4.20760
286.50000000	4.20860
287.00000000	4.21038
287.50000000	4.21264
288.00000000	4.21374
288.50000000	4.21616
289.00000000	4.21810
289.50000000	4.22163
290.00000000	4.22507
290.50000000	4.22863
291.00000000	4.23343
291.50000000	4.23781
292.00000000	4.24209
292.50000000	4.24493
293.00000000	4.24798
293.50000000	4.25148
294.00000000	4.25415
294.50000000	4.25570
295.00000000	4.25680
295.50000000	4.25647
296.00000000	4.25604
296.50000000	4.25606
297.00000000	4.25554
297.50000000	4.25409
298.00000000	4.25305
298.50000000	4.25233
299.00000000	4.25174
299.50000000	4.25175
300.00000000	4.25175
300.50000000	4.25270
301.00000000	4.25381
301.50000000	4.25497
302.00000000	4.25456
302.50000000	4.25302
303.00000000	4.25167
303.50000000	4.25119
304.00000000	4.24960
304.50000000	4.24740
305.00000000	4.24469
305.50000000	4.24141
306.00000000	4.23923
306.50000000	4.23580
307.00000000	4.23288
307.50000000	4.23131
308.00000000	4.23087
308.50000000	4.23061
309.00000000	4.23001
309.50000000	4.23052
310.00000000	4.22981
310.50000000	4.22821
311.00000000	4.22597
311.50000000	4.22359
312.00000000	4.22227
312.50000000	4.22030
313.00000000	4.21931
313.50000000	4.21925
314.00000000	4.21774
314.50000000	4.21601
315.00000000	4.21271
315.50000000	4.20907
316.00000000	4.20448
316.50000000	4.20006
317.00000000	4.19633
317.50000000	4.19420
318.00000000	4.19093
318.50000000	4.18894
319.00000000	4.18584
319.50000000	4.18355
320.00000000	4.18212
320.50000000	4.18020
321.00000000	4.17727
321.50000000	4.17524
322.00000000	4.17365
322.50000000	4.17083
323.00000000	4.16735
323.50000000	4.16470
324.00000000	4.16213
324.50000000	4.15949
325.00000000	4.15734
325.50000000	4.15555
326.00000000	4.15384
326.50000000	4.15211
327.00000000	4.15029
327.50000000	4.14926
328.00000000	4.14797
328.50000000	4.14675
329.00000000	4.14634
329.50000000	4.14644
330.00000000	4.14745
330.50000000	4.14713
331.00000000	4.14614
331.50000000	4.14596
332.00000000	4.14618
332.50000000	4.14601
333.00000000	4.14711
333.50000000	4.14842
334.00000000	4.15109
334.50000000	4.15322
335.00000000	4.15517
335.50000000	4.15582
336.00000000	4.15699
336.50000000	4.15824
337.00000000	4.15895
337.50000000	4.15944
338.00000000	4.16171
338.50000000	4.16275
339.00000000	4.16460
339.50000000	4.16503
340.00000000	4.16597
340.50000000	4.16688
341.00000000	4.16810
341.50000000	4.16832
342.00000000	4.16877
342.50000000	4.16835
343.00000000	4.16728
343.50000000	4.16603
344.00000000	4.16432
344.50000000	4.16237
345.00000000	4.16123
345.50000000	4.15986
346.00000000	4.15775
346.50000000	4.15459
347.00000000	4.15102
347.50000000	4.14835
348.00000000	4.14494
348.50000000	4.14367
349.00000000	4.14251
349.50000000	4.14139
350.00000000	4.14088
350.50000000	4.14084
351.00000000	4.14248
351.50000000	4.14469
352.00000000	4.14530
352.50000000	4.14561
353.00000000	4.14638
353.50000000	4.14572
354.00000000	4.14455
354.50000000	4.14281
355.00000000	4.14105
355.50000000	4.14110
356.00000000	4.14003
356.50000000	4.13821
357.00000000	4.13658
357.50000000	4.13352
358.00000000	4.13088
358.50000000	4.12994
359.00000000	4.12848
359.50000000	4.12833
360.00000000	4.12834
360.50000000	4.12753
361.00000000	4.12694
361.50000000	4.12665
362.00000000	4.12493
362.50000000	4.12324
363.00000000	4.12046
363.50000000	4.11969
364.00000000	4.11913
364.50000000	4.11825
365.00000000	4.11783
365.50000000	4.11838
366.00000000	4.11908
366.50000000	4.11992
367.00000000	4.12056
367.50000000	4.12033
368.00000000	4.12025
368.50000000	4.12064
369.00000000	4.12212
369.50000000	4.12310
370.00000000	4.12555
370.50000000	4.12746
371.00000000	4.12860
371.50000000	4.12903
372.00000000	4.12846
372.50000000	4.12704
373.00000000	4.12503
373.50000000	4.12390
374.00000000	4.12263
374.50000000	4.12293
375.00000000	4.12409
375.50000000	4.12591
376.00000000	4.12699
376.50000000	4.12767
377.00000000	4.12935
377.50000000	4.13144
378.00000000	4.13187
378.50000000	4.13259
379.00000000	4.13412
379.50000000	4.13621
380.00000000	4.13934
380.50000000	4.14121
381.00000000	4.14236
381.50000000	4.14455
382.00000000	4.14647
382.50000000	4.14872
383.00000000	4.15092
383.50000000	4.15205
384.00000000	4.15229
384.50000000	4.15397
385.00000000	4.15662
385.50000000	4.15883
386.00000000	4.16027
386.50000000	4.16114
387.00000000	4.16173
387.50000000	4.16205
388.00000000	4.16157
388.50000000	4.16135
389.00000000	4.16031
389.50000000	4.15875
390.00000000	4.15803
390.50000000	4.15599
391.00000000	4.15546
391.50000000	4.15558
392.00000000	4.15548
392.50000000	4.15637
393.00000000	4.15634
393.50000000	4.15510
394.00000000	4.15531
394.50000000	4.15582
395.00000000	4.15589
395.50000000	4.15618
396.00000000	4.15622
396.50000000	4.15692
397.00000000	4.15853
397.50000000	4.15950
398.00000000	4.15948
398.50000000	4.16072
399.00000000	4.16166
399.50000000	4.16397
400.00000000	4.16690
400.50000000	4.17001
401.00000000	4.17371
401.50000000	4.17605
402.00000000	4.17922
402.50000000	4.18348
403.00000000	4.18798
403.50000000	4.19086
404.00000000	4.19394
404.50000000	4.19767
405.00000000	4.20122
405.50000000	4.20299
406.00000000	4.20264
406.50000000	4.20303
407.00000000	4.20483
407.50000000	4.20558
408.00000000	4.20612
408.50000000	4.20647
409.00000000	4.20676
409.50000000	4.20749
410.00000000	4.20944
410.50000000	4.21093
411.00000000	4.21259
411.50000000	4.21389
412.00000000	4.21447
412.50000000	4.21530
413.00000000	4.21557
413.50000000	4.21561
414.00000000	4.21581
414.50000000	4.21660
415.00000000	4.21738
415.50000000	4.21728
416.00000000	4.21697
416.50000000	4.21531
417.00000000	4.21331
417.50000000	4.21189
418.00000000	4.21135
418.50000000	4.21140
419.00000000	4.21110
419.50000000	4.21205
420.00000000	4.21492
420.50000000	4.21694
421.00000000	4.21908
421.50000000	4.22108
422.00000000	4.22163
422.50000000	4.22230
423.00000000	4.22430
423.50000000	4.22598
424.00000000	4.22739
424.50000000	4.22939
425.00000000	4.23121
425.50000000	4.23298
426.00000000	4.23486
426.50000000	4.23724
427.00000000	4.23995
427.50000000	4.24364
428.00000000	4.24676
428.50000000	4.24995
429.00000000	4.25173
429.50000000	4.25412
430.00000000	4.25601
430.50000000	4.25603
431.00000000	4.25599
431.50000000	4.25590
432.00000000	4.25642
432.50000000	4.25795
433.00000000	4.25949
433.50000000	4.26112
434.00000000	4.26476
434.50000000	4.26737
435.00000000	4.26916
435.50000000	4.26817
436.00000000	4.26812
436.50000000	4.26792
437.00000000	4.26861
437.50000000	4.26803
438.00000000	4.26758
438.50000000	4.26571
439.00000000	4.26431
439.50000000	4.26261
440.00000000	4.26038
440.50000000	4.25794
441.00000000	4.25567
441.50000000	4.25291
442.00000000	4.24837
442.50000000	4.24429
443.00000000	4.24120
443.50000000	4.23855
444.00000000	4.23567
444.50000000	4.23239
445.00000000	4.22871
445.50000000	4.22526
446.00000000	4.22139
446.50000000	4.21759
447.00000000	4.21455
447.50000000	4.21131
448.00000000	4.20970
448.50000000	4.20775
449.00000000	4.20435
449.50000000	4.20077
450.00000000	4.19821
450.50000000	4.19453
451.00000000	4.18995
451.50000000	4.18622
452.00000000	4.18279
452.50000000	4.17934
453.00000000	4.17508
453.50000000	4.17126
454.00000000	4.16750
454.50000000	4.16317
455.00000000	4.15877
455.50000000	4.15415
456.00000000	4.15168
456.50000000	4.15056
457.00000000	4.14847
457.50000000	4.14647
458.00000000	4.14677
458.50000000	4.14758
459.00000000	4.14833
459.50000000	4.15006
460.00000000	4.15175
460.50000000	4.15343
461.00000000	4.15465
461.50000000	4.15507
462.00000000	4.15549
462.50000000	4.15582
463.00000000	4.15676
463.50000000	4.15930
464.00000000	4.16059
464.50000000	4.16165
465.00000000	4.16342
465.50000000	4.16451
466.00000000	4.16514
466.50000000	4.16621
467.00000000	4.16776
467.50000000	4.16908
468.00000000	4.17204
468.50000000	4.17467
469.00000000	4.17686
469.50000000	4.17877
470.00000000	4.18002
470.50000000	4.17986
471.00000000	4.17957
471.50000000	4.17839
472.00000000	4.17652
472.50000000	4.17450
473.00000000	4.17264
473.50000000	4.17081
474.00000000	4.16837
474.50000000	4.16443
475.00000000	4.16010
475.50000000	4.15726
476.00000000	4.15488
476.50000000	4.15371
477.00000000	4.15239
477.50000000	4.15080
478.00000000	4.14985
478.50000000	4.14810
479.00000000	4.14700
479.50000000	4.14715
480.00000000	4.14553
480.50000000	4.14346
481.00000000	4.14101
481.50000000	4.14062
482.00000000	4.14085
482.50000000	4.14012
483.00000000	4.13902
483.50000000	4.13855
484.00000000	4.13876
484.50000000	4.13926
485.00000000	4.13953
485.50000000	4.13946
486.00000000	4.13820
486.50000000	4.13765
487.00000000	4.13631
487.50000000	4.13441
488.00000000	4.13296
488.50000000	4.13245
489.00000000	4.13246
489.50000000	4.13302
490.00000000	4.13284
490.50000000	4.13391
491.00000000	4.13570
491.50000000	4.13829
492.00000000	4.14006
492.50000000	4.14025
493.00000000	4.14012
493.50000000	4.13753
494.00000000	4.13521
494.50000000	4.13204
495.00000000	4.12893
495.50000000	4.12609
496.00000000	4.12343
496.50000000	4.12182
497.00000000	4.12022
497.50000000	4.12001
498.00000000	4.12102
498.50000000	4.12170
499.00000000	4.12174
499.50000000	4.12037
500.00000000	4.11947
500.50000000	4.11800
501.00000000	4.11597
501.50000000	4.11473
502.00000000	4.11393
502.50000000	4.11243
503.00000000	4.11202
503.50000000	4.11111
504.00000000	4.11120
504.50000000	4.11286
505.00000000	4.11393
505.50000000	4.11564
506.00000000	4.11725
506.50000000	4.11882
507.00000000	4.12138
507.50000000	4.12222
508.00000000	4.12209
508.50000000	4.12231
509.00000000	4.12207
509.50000000	4.12027
510.00000000	4.11826
510.50000000	4.11670
511.00000000	4.11386
511.50000000	4.11238
512.00000000	4.11135
512.50000000	4.10980
513.00000000	4.10799
513.50000000	4.10807
514.00000000	4.10685
514.50000000	4.10456
515.00000000	4.10081
515.50000000	4.09666
516.00000000	4.09249
516.50000000	4.08793
517.00000000	4.08360
517.50000000	4.07988
518.00000000	4.07521
518.50000000	4.07254
519.00000000	4.07103
519.50000000	4.06887
520.00000000	4.06778
520.50000000	4.06547
521.00000000	4.06328
521.50000000	4.06076
522.00000000	4.05829
522.50000000	4.05541
523.00000000	4.05210
523.50000000	4.05127
524.00000000	4.05131
524.50000000	4.05199
525.00000000	4.05230
525.50000000	4.05303
526.00000000	4.05349
526.50000000	4.05569
527.00000000	4.05827
527.50000000	4.05920
528.00000000	4.06099
528.50000000	4.06309
529.00000000	4.06483
529.50000000	4.06697
530.00000000	4.06799
530.50000000	4.06954
531.00000000	4.07084
531.50000000	4.07242
532.00000000	4.07408
532.50000000	4.07704
533.00000000	4.08053
533.50000000	4.08362
534.00000000	4.08502
534.50000000	4.08678
535.00000000	4.08768
535.50000000	4.08790
536.00000000	4.08770
536.50000000	4.08806
537.00000000	4.08807
537.50000000	4.08837
538.00000000	4.08838
538.50000000	4.08775
539.00000000	4.08878
539.50000000	4.08979
540.00000000	4.09009
540.50000000	4.09225
541.00000000	4.09323
541.50000000	4.09435
542.00000000	4.09582
542.50000000	4.09737
543.00000000	4.09878
543.50000000	4.10000
544.00000000	4.10067
544.50000000	4.10078
545.00000000	4.10037
545.50000000	4.10085
546.00000000	4.10042
546.50000000	4.09929
547.00000000	4.09677
547.50000000	4.09584
548.00000000	4.09553
548.50000000	4.09490
549.00000000	4.09455
549.50000000	4.09342
550.00000000	4.09187
550.50000000	4.09158
551.00000000	4.09020
551.50000000	4.08913
552.00000000	4.08782
552.50000000	4.08665
553.00000000	4.08507
553.50000000	4.08411
554.00000000	4.08399
554.50000000	4.08350
555.00000000	4.08209
555.50000000	4.08161
556.00000000	4.08292
556.50000000	4.08533
557.00000000	4.08896
557.50000000	4.09184
558.00000000	4.09475
558.50000000	4.09756
559.00000000	4.10015
559.50000000	4.10276
560.00000000	4.10470
560.50000000	4.10691
561.00000000	4.10773
561.50000000	4.10864
562.00000000	4.10832
562.50000000	4.10864
563.00000000	4.10936
563.50000000	4.10903
564.00000000	4.10951
564.50000000	4.10843
565.00000000	4.10746
565.50000000	4.10759
566.00000000	4.10766
566.50000000	4.10612
567.00000000	4.10370
567.50000000	4.10143
568.00000000	4.09802
568.50000000	4.09572
569.00000000	4.09368
569.50000000	4.09160
570.00000000	4.09025
570.50000000	4.08740
571.00000000	4.08446
571.50000000	4.08174
572.00000000	4.07992
572.50000000	4.07746
573.00000000	4.07547
573.50000000	4.07281
574.00000000	4.07012
574.50000000	4.06723
575.00000000	4.06456
575.50000000	4.06140
576.00000000	4.05968
576.50000000	4.05844
577.00000000	4.05666
577.50000000	4.05571
578.00000000	4.05366
578.50000000	4.05155
579.00000000	4.04851
579.50000000	4.04613
580.00000000	4.04525
580.50000000	4.04344
581.00000000	4.04125
581.50000000	4.03881
582.00000000	4.03626
582.50000000	4.03359
583.00000000	4.03250
583.50000000	4.03180
584.00000000	4.03160
584.50000000	4.03209
585.00000000	4.03298
585.50000000	4.03378
586.00000000	4.03366
586.50000000	4.03429
587.00000000	4.03494
587.50000000	4.03493
588.00000000	4.03532
588.50000000	4.03526
589.00000000	4.03509
589.50000000	4.03493
590.00000000	4.03539
590.50000000	4.03496
591.00000000	4.03405
591.50000000	4.03405
592.00000000	4.03362
592.50000000	4.03304
593.00000000	4.03222
593.50000000	4.03096
594.00000000	4.02919
594.50000000	4.02962
595.00000000	4.02931
595.50000000	4.02887
596.00000000	4.02754
596.50000000	4.02724
597.00000000	4.02905
597.50000000	4.03010
598.00000000	4.03161
598.50000000	4.03318
599.00000000	4.03471
599.50000000	4.03587
600.00000000	4.03623
600.50000000	4.03633
601.00000000	4.03675
601.50000000	4.03788
602.00000000	4.03824
602.50000000	4.03781
603.00000000	4.03772
603.50000000	4.03856
604.00000000	4.04034
604.50000000	4.04325
605.00000000	4.04588
605.50000000	4.04905
606.00000000	4.05247
606.50000000	4.05469
607.00000000	4.05634
607.50000000	4.05814
608.00000000	4.05981
608.50000000	4.06022
609.00000000	4.05976
609.50000000	4.06124
610.00000000	4.06310
610.50000000	4.06485
611.00000000	4.06715
611.50000000	4.06948
612.00000000	4.07132
612.50000000	4.07287
613.00000000	4.07476
613.50000000	4.07600
614.00000000	4.07729
614.50000000	4.07830
615.00000000	4.07930
615.50000000	4.07913
616.00000000	4.07815
616.50000000	4.07738
617.00000000	4.07786
617.50000000	4.07859
618.00000000	4.07906
618.50000000	4.07952
619.00000000	4.08109
619.50000000	4.08227
620.00000000	4.08292
620.50000000	4.08265
621.00000000	4.08332
621.50000000	4.08455
622.00000000	4.08732
622.50000000	4.08936
623.00000000	4.09180
623.50000000	4.09358
624.00000000	4.09451
624.50000000	4.09531
625.00000000	4.09743
625.50000000	4.09761
626.00000000	4.09673
626.50000000	4.09368
627.00000000	4.09192
627.50000000	4.08975
628.00000000	4.08735
628.50000000	4.08484
629.00000000	4.08342
629.50000000	4.08128
630.00000000	4.07812
630.50000000	4.07593
631.00000000	4.07268
631.50000000	4.07075
632.00000000	4.06848
632.50000000	4.06579
633.00000000	4.06288
633.50000000	4.05852
634.00000000	4.05381
634.50000000	4.04927
635.00000000	4.04483
635.50000000	4.03849
636.00000000	4.03398
636.50000000	4.02898
637.00000000	4.02484
637.50000000	4.02167
638.00000000	4.01869
638.50000000	4.01628
639.00000000	4.01432
639.50000000	4.01196
640.00000000	4.00927
640.50000000	4.00639
641.00000000	4.00378
641.50000000	4.00142
642.00000000	3.99895
642.50000000	3.99628
643.00000000	3.99410
643.50000000	3.99284
644.00000000	3.99126
644.50000000	3.98917
645.00000000	3.98663
645.50000000	3.98569
646.00000000	3.98428
646.50000000	3.98371
647.00000000	3.98300
647.50000000	3.98242
648.00000000	3.98257
648.50000000	3.98360
649.00000000	3.98336
649.50000000	3.98247
650.00000000	3.98323
650.50000000	3.98263
651.00000000	3.98286
651.50000000	3.98383
652.00000000	3.98459
652.50000000	3.98385
653.00000000	3.98278
653.50000000	3.98134
654.00000000	3.98079
654.50000000	3.97953
655.00000000	3.97838
655.50000000	3.97703
656.00000000	3.97680
656.50000000	3.97762
657.00000000	3.97896
657.50000000	3.97844
658.00000000	3.97981
658.50000000	3.98060
659.00000000	3.98136
659.50000000	3.98130
660.00000000	3.98045
660.50000000	3.98022
661.00000000	3.98004
661.50000000	3.98032
662.00000000	3.98127
662.50000000	3.98322
663.00000000	3.98403
663.50000000	3.98588
664.00000000	3.98787
664.50000000	3.99014
665.00000000	3.99268
665.50000000	3.99548
666.00000000	3.99821
666.50000000	3.99976
667.00000000	4.00203
667.50000000	4.00341
668.00000000	4.00517
668.50000000	4.00712
669.00000000	4.00976
669.50000000	4.01312
670.00000000	4.01587
670.50000000	4.01987
671.00000000	4.02318
671.50000000	4.02695
672.00000000	4.03126
672.50000000	4.03474
673.00000000	4.03819
673.50000000	4.04248
674.00000000	4.04702
674.50000000	4.04986
675.00000000	4.05087
675.50000000	4.05110
676.00000000	4.05265
676.50000000	4.05535
677.00000000	4.05752
677.50000000	4.05976
678.00000000	4.06114
678.50000000	4.06239
679.00000000	4.06438
679.50000000	4.06643
680.00000000	4.06839
680.50000000	4.07023
681.00000000	4.07196
681.50000000	4.07319
682.00000000	4.07372
682.50000000	4.07389
683.00000000	4.07531
683.50000000	4.07683
684.00000000	4.07957
684.50000000	4.08254
685.00000000	4.08363
685.50000000	4.08560
686.00000000	4.08663
686.50000000	4.08852
687.00000000	4.08917
687.50000000	4.08964
688.00000000	4.09049
688.50000000	4.09288
689.00000000	4.09448
689.50000000	4.09497
690.00000000	4.09461
690.50000000	4.09558
691.00000000	4.09613
691.50000000	4.09615
692.00000000	4.09599
692.50000000	4.09702
693.00000000	4.09754
693.50000000	4.09970
694.00000000	4.10089
694.50000000	4.10232
695.00000000	4.10366
695.50000000	4.10341
696.00000000	4.10436
696.50000000	4.10417
697.00000000	4.10425
697.50000000	4.10378
698.00000000	4.10340
698.50000000	4.10498
699.00000000	4.10770
699.50000000	4.10972
700.00000000	4.11194
700.50000000	4.11409
701.00000000	4.11597
701.50000000	4.11851
702.00000000	4.12172
702.50000000	4.12456
703.00000000	4.12570
703.50000000	4.12614
704.00000000	4.12810
704.50000000	4.12779
705.00000000	4.12761
705.50000000	4.12702
706.00000000	4.12537
706.50000000	4.12339
707.00000000	4.12166
707.50000000	4.11909
708.00000000	4.11635
708.50000000	4.11414
709.00000000	4.11356
709.50000000	4.11281
710.00000000	4.11239
710.50000000	4.11086
711.00000000	4.10910
711.50000000	4.10661
712.00000000	4.10514
712.50000000	4.10502
713.00000000	4.10432
713.50000000	4.10391
714.00000000	4.10176
714.50000000	4.09995
715.00000000	4.09893
715.50000000	4.09760
716.00000000	4.09780
716.50000000	4.09894
717.00000000	4.09880
717.50000000	4.09904
718.00000000	4.09777
718.50000000	4.09694
719.00000000	4.09820
719.50000000	4.10003
720.00000000	4.10207
720.50000000	4.10438
721.00000000	4.10776
721.50000000	4.11121
722.00000000	4.11490
722.50000000	4.11765
723.00000000	4.11995
723.50000000	4.12150
724.00000000	4.12412
724.50000000	4.12606
725.00000000	4.12690
725.50000000	4.12672
726.00000000	4.12615
726.50000000	4.12538
727.00000000	4.12349
727.50000000	4.12201
728.00000000	4.12108
728.50000000	4.11998
729.00000000	4.11854
729.50000000	4.11798
730.00000000	4.11786
730.50000000	4.11953
731.00000000	4.12048
731.50000000	4.12042
732.00000000	4.12098
732.50000000	4.12247
733.00000000	4.12334
733.50000000	4.12408
734.00000000	4.12379
734.50000000	4.12172
735.00000000	4.12083
735.50000000	4.11938
736.00000000	4.11747
736.50000000	4.11575
737.00000000	4.11326
737.50000000	4.11135
738.00000000	4.11032
738.50000000	4.10883
739.00000000	4.10730
739.50000000	4.10662
740.00000000	4.10628
740.50000000	4.10678
741.00000000	4.10721
741.50000000	4.10743
742.00000000	4.10814
742.50000000	4.10863
743.00000000	4.10864
743.50000000	4.10965
744.00000000	4.11126
744.50000000	4.11167
745.00000000	4.11272
745.50000000	4.11365
746.00000000	4.11444
746.50000000	4.11552
747.00000000	4.11559
747.50000000	4.11561
748.00000000	4.11650
748.50000000	4.11668
749.00000000	4.11654
749.50000000	4.11576
750.00000000	4.11495
750.50000000	4.11389
751.00000000	4.11231
751.50000000	4.10949
752.00000000	4.10725
752.50000000	4.10564
753.00000000	4.10459
753.50000000	4.10528
754.00000000	4.10525
754.50000000	4.10715
755.00000000	4.10957
755.50000000	4.11084
756.00000000	4.11293
756.50000000	4.11450
757.00000000	4.11608
757.50000000	4.11850
758.00000000	4.12027
758.50000000	4.12112
759.00000000	4.12161
759.50000000	4.12183
760.00000000	4.12250
760.50000000	4.12446
761.00000000	4.12709
761.50000000	4.12922
762.00000000	4.13080
762.50000000	4.13179
763.00000000	4.13381
763.50000000	4.13640
764.00000000	4.13732
764.50000000	4.13807
765.00000000	4.13721
765.50000000	4.13712
766.00000000	4.13728
766.50000000	4.13572
767.00000000	4.13435
767.50000000	4.13354
768.00000000	4.13215
768.50000000	4.13069
769.00000000	4.13089
769.50000000	4.13041
770.00000000	4.12977
770.50000000	4.12924
771.00000000	4.12708
771.50000000	4.12397
772.00000000	4.12226
772.50000000	4.11988
773.00000000	4.11727
773.50000000	4.11441
774.00000000	4.11266
774.50000000	4.11071
775.00000000	4.10820
775.50000000	4.10527
776.00000000	4.10250
776.50000000	4.09867
777.00000000	4.09622
777.50000000	4.09369
778.00000000	4.09049
778.50000000	4.08804
779.00000000	4.08456
779.50000000	4.08201
780.00000000	4.07952
780.50000000	4.07717
781.00000000	4.07376
781.50000000	4.07045
782.00000000	4.06735
782.50000000	4.06506
783.00000000	4.06400
783.50000000	4.06438
784.00000000	4.06587
784.50000000	4.06670
785.00000000	4.06789
785.50000000	4.06815
786.00000000	4.06810
786.50000000	4.06903
787.00000000	4.06930
787.50000000	4.06985
788.00000000	4.07084
788.50000000	4.07318
789.00000000	4.07524
789.50000000	4.07720
790.00000000	4.07879
790.50000000	4.07956
791.00000000	4.08066
791.50000000	4.08073
792.00000000	4.08120
792.50000000	4.08019
793.00000000	4.07822
793.50000000	4.07598
794.00000000	4.07258
794.50000000	4.06980
795.00000000	4.06658
795.50000000	4.06263
796.00000000	4.05770
796.50000000	4.05446
797.00000000	4.05082
797.50000000	4.04673
798.00000000	4.04176
798.50000000	4.03601
799.00000000	4.03269
799.50000000	4.02960
800.00000000	4.02797
800.50000000	4.02582
801.00000000	4.02227
801.50000000	4.01985
802.00000000	4.01753
802.50000000	4.01615
803.00000000	4.01618
803.50000000	4.01671
804.00000000	4.01681
804.50000000	4.01648
805.00000000	4.01595
805.50000000	4.01478
806.00000000	4.01491
806.50000000	4.01423
807.00000000	4.01299
807.50000000	4.01155
808.00000000	4.01090
808.50000000	4.01181
809.00000000	4.01428
809.50000000	4.01578
810.00000000	4.01722
810.50000000	4.01867
811.00000000	4.02037
811.50000000	4.02183
812.00000000	4.02432
812.50000000	4.02605
813.00000000	4.02762
813.50000000	4.02938
814.00000000	4.03115
814.50000000	4.03285
815.00000000	4.03321
815.50000000	4.03288
816.00000000	4.03259
816.50000000	4.03270
817.00000000	4.03433
817.50000000	4.03640
818.00000000	4.03893
818.50000000	4.04140
819.00000000	4.04396
819.50000000	4.04431
820.00000000	4.04463
820.50000000	4.04307
821.00000000	4.04072
821.50000000	4.03775
822.00000000	4.03474
822.50000000	4.03215
823.00000000	4.02862
823.50000000	4.02654
824.00000000	4.02504
824.50000000	4.02370
825.00000000	4.02294
825.50000000	4.02179
826.00000000	4.02021
826.50000000	4.01984
827.00000000	4.01860
827.50000000	4.01731
828.00000000	4.01655
828.50000000	4.01536
829.00000000	4.01500
829.50000000	4.01586
830.00000000	4.01657
830.50000000	4.01679
831.00000000	4.01621
831.50000000	4.01569
832.00000000	4.01568
832.50000000	4.01677
833.00000000	4.01712
833.50000000	4.01727
834.00000000	4.01754
834.50000000	4.01627
835.00000000	4.01690
835.50000000	4.01706
836.00000000	4.01623
836.50000000	4.01497
837.00000000	4.01283
837.50000000	4.00962
838.00000000	4.00760
838.50000000	4.00554
839.00000000	4.00438
839.50000000	4.00422
840.00000000	4.00484
840.50000000	4.00566
841.00000000	4.00632
841.50000000	4.00677
842.00000000	4.00581
842.50000000	4.00445
843.00000000	4.00184
843.50000000	3.99901
844.00000000	3.99795
844.50000000	3.99792
845.00000000	3.99701
845.50000000	3.99697
846.00000000	3.99589
846.50000000	3.99560
847.00000000	3.99521
847.50000000	3.99439
848.00000000	3.99496
848.50000000	3.99631
849.00000000	3.99834
849.50000000	4.00145
850.00000000	4.00201
850.50000000	4.00281
851.00000000	4.00409
851.50000000	4.00673
852.00000000	4.00816
852.50000000	4.00951
853.00000000	4.01042
853.50000000	4.01074
854.00000000	4.01197
854.50000000	4.01438
855.00000000	4.01595
855.50000000	4.01648
856.00000000	4.01853
856.50000000	4.02132
857.00000000	4.02360
857.50000000	4.02597
858.00000000	4.02833
858.50000000	4.02996
859.00000000	4.03084
859.50000000	4.03171
860.00000000	4.03325
860.50000000	4.03515
861.00000000	4.03691
861.50000000	4.03922
862.00000000	4.03974
862.50000000	4.03949
863.00000000	4.03871
863.50000000	4.03802
864.00000000	4.03759
864.50000000	4.03721
865.00000000	4.03708
865.50000000	4.03682
866.00000000	4.03678
866.50000000	4.03642
867.00000000	4.03520
867.50000000	4.03506
868.00000000	4.03624
868.50000000	4.03643
869.00000000	4.03574
869.50000000	4.03529
870.00000000	4.03386
870.50000000	4.03337
871.00000000	4.03150
871.50000000	4.03086
872.00000000	4.03055
872.50000000	4.03006
873.00000000	4.02848
873.50000000	4.02779
874.00000000	4.02701
874.50000000	4.02558
875.00000000	4.02458
875.50000000	4.02479
876.00000000	4.02444
876.50000000	4.02312
877.00000000	4.02035
877.50000000	4.01809
878.00000000	4.01646
878.50000000	4.01543
879.00000000	4.01379
879.50000000	4.01264
880.00000000	4.01133
880.50000000	4.01111
881.00000000	4.01171
881.50000000	4.01214
882.00000000	4.01240
882.50000000	4.01284
883.00000000	4.01351
883.50000000	4.01416
884.00000000	4.01710
884.50000000	4.02017
885.00000000	4.02204
885.50000000	4.02283
886.00000000	4.02325
886.50000000	4.02282
887.00000000	4.02300
887.50000000	4.02452
888.00000000	4.02548
888.50000000	4.02755
889.00000000	4.03072
889.50000000	4.03395
890.00000000	4.03666
890.50000000	4.03773
891.00000000	4.03831
891.50000000	4.03810
892.00000000	4.03798
892.50000000	4.03833
893.00000000	4.03874
893.50000000	4.03918
894.00000000	4.03919
894.50000000	4.03896
895.00000000	4.03902
895.50000000	4.03851
896.00000000	4.03665
896.50000000	4.03574
897.00000000	4.03425
897.50000000	4.03296
898.00000000	4.03246
898.50000000	4.03269
899.00000000	4.03287
899.50000000	4.03130
900.00000000	4.03040
900.50000000	4.02906
901.00000000	4.02693
901.50000000	4.02400
902.00000000	4.02160
902.50000000	4.02001
903.00000000	4.01879
903.50000000	4.01862
904.00000000	4.01681
904.50000000	4.01597
905.00000000	4.01425
905.50000000	4.01244
906.00000000	4.01246
906.50000000	4.01265
907.00000000	4.01345
907.50000000	4.01414
908.00000000	4.01415
908.50000000	4.01396
909.00000000	4.01352
909.50000000	4.01316
910.00000000	4.01273
910.50000000	4.01232
911.00000000	4.01031
911.50000000	4.01002
912.00000000	4.01093
912.50000000	4.01232
913.00000000	4.01360
913.50000000	4.01575
914.00000000	4.01768
914.50000000	4.01852
915.00000000	4.01978
915.50000000	4.02175
916.00000000	4.02352
916.50000000	4.02623
917.00000000	4.02757
917.50000000	4.02805
918.00000000	4.02823
918.50000000	4.02893
919.00000000	4.02965
919.50000000	4.02991
920.00000000	4.03007
920.50000000	4.02941
921.00000000	4.02890
921.50000000	4.02846
922.00000000	4.02682
922.50000000	4.02475
923.00000000	4.02122
923.50000000	4.01746
924.00000000	4.01386
924.50000000	4.00950
925.00000000	4.00545
925.50000000	4.00154
926.00000000	3.99850
926.50000000	3.99572
927.00000000	3.99264
927.50000000	3.99061
928.00000000	3.98727
928.50000000	3.98396
929.00000000	3.98108
929.50000000	3.97825
930.00000000	3.97511
930.50000000	3.97167
931.00000000	3.96864
931.50000000	3.96596
932.00000000	3.96385
932.50000000	3.96237
933.00000000	3.96147
933.50000000	3.96001
934.00000000	3.96007
934.50000000	3.96064
935.00000000	3.96230
935.50000000	3.96381
936.00000000	3.96544
936.50000000	3.96777
937.00000000	3.97040
937.50000000	3.97357
938.00000000	3.97709
938.50000000	3.98077
939.00000000	3.98315
939.50000000	3.98371
940.00000000	3.98522
940.50000000	3.98632
941.00000000	3.98627
941.50000000	3.98730
942.00000000	3.98706
942.50000000	3.98777
943.00000000	3.98979
943.50000000	3.99128
944.00000000	3.99178
944.50000000	3.99298
945.00000000	3.99411
945.50000000	3.99627
946.00000000	3.99973
946.50000000	4.00181
947.00000000	4.00307
947.50000000	4.00349
948.00000000	4.00365
948.50000000	4.00285
949.00000000	4.00091
949.50000000	4.00094
950.00000000	4.00064
950.50000000	4.00034
951.00000000	3.99921
951.50000000	3.99806
952.00000000	3.99695
952.50000000	3.99681
953.00000000	3.99674
953.50000000	3.99598
954.00000000	3.99631
954.50000000	3.99764
955.00000000	3.99846
955.50000000	3.99903
956.00000000	3.99941
956.50000000	3.99932
957.00000000	3.99823
957.50000000	3.99806
958.00000000	3.99818
958.50000000	3.99711
959.00000000	3.99607
959.50000000	3.99534
960.00000000	3.99532
960.50000000	3.99633
961.00000000	3.99671
961.50000000	3.99740
962.00000000	3.99722
962.50000000	3.99902
963.00000000	4.00258
963.50000000	4.00619
964.00000000	4.00988
964.50000000	4.01472
965.00000000	4.01921
965.50000000	4.02304
966.00000000	4.02589
966.50000000	4.02947
967.00000000	4.03234
967.50000000	4.03497
968.00000000	4.03792
968.50000000	4.04209
969.00000000	4.04540
969.50000000	4.04951
970.00000000	4.05547
970.50000000	4.06092
971.00000000	4.06665
971.50000000	4.07237
972.00000000	4.07657
972.50000000	4.07943
973.00000000	4.08157
973.50000000	4.08380
974.00000000	4.08620
974.50000000	4.08862
975.00000000	4.09011
975.50000000	4.09204
976.00000000	4.09296
976.50000000	4.09306
977.00000000	4.09256
977.50000000	4.09154
978.00000000	4.09319
978.50000000	4.09363
979.00000000	4.09336
979.50000000	4.09277
980.00000000	4.09178
980.50000000	4.09000
981.00000000	4.08769
981.50000000	4.08453
982.00000000	4.08232
982.50000000	4.08066
983.00000000	4.07889
983.50000000	4.07616
984.00000000	4.07310
984.50000000	4.07085
985.00000000	4.06792
985.50000000	4.06477
986.00000000	4.06208
986.50000000	4.06043
987.00000000	4.05925
987.50000000	4.05853
988.00000000	4.05955
988.50000000	4.06096
989.00000000	4.06286
989.50000000	4.06226
990.00000000	4.06155
990.50000000	4.06114
991.00000000	4.06170
991.50000000	4.06434
992.00000000	4.06795
992.50000000	4.07124
993.00000000	4.07456
993.50000000	4.07790
994.00000000	4.08163
994.50000000	4.08509
995.00000000	4.08669
995.50000000	4.09000
996.00000000	4.09412
996.50000000	4.09797
997.00000000	4.10161
997.50000000	4.10488
998.00000000	4.10781
998.50000000	4.11024
999.00000000	4.11377
999.50000000	4.11785
1000.00000000	4.12171
1000.50000000	4.12484
1001.00000000	4.12710
1001.50000000	4.12964
1002.00000000	4.13258
1002.50000000	4.13674
1003.00000000	4.14056
1003.50000000	4.14557
1004.00000000	4.14941
1004.50000000	4.15206
1005.00000000	4.15539
1005.50000000	4.15750
1006.00000000	4.16016
1006.50000000	4.16242
1007.00000000	4.16360
1007.50000000	4.16439
1008.00000000	4.16687
1008.50000000	4.16928
1009.00000000	4.17140
1009.50000000	4.17343
1010.00000000	4.17442
1010.50000000	4.17432
1011.00000000	4.17347
1011.50000000	4.17221
1012.00000000	4.16992
1012.50000000	4.16697
1013.00000000	4.16368
1013.50000000	4.16187
1014.00000000	4.16052
1014.50000000	4.16043
1015.00000000	4.16010
1015.50000000	4.16000
1016.00000000	4.15947
1016.50000000	4.16053
1017.00000000	4.16033
1017.50000000	4.16083
1018.00000000	4.16174
1018.50000000	4.16216
1019.00000000	4.16213
1019.50000000	4.16242
1020.00000000	4.16150
1020.50000000	4.16217
1021.00000000	4.16265
1021.50000000	4.16506
1022.00000000	4.16642
1022.50000000	4.16840
1023.00000000	4.16943
1023.50000000	4.17084
1024.00000000	4.17227
1024.50000000	4.17469
1025.00000000	4.17615
1025.50000000	4.17703
1026.00000000	4.17706
1026.50000000	4.17670
1027.00000000	4.17595
1027.50000000	4.17473
1028.00000000	4.17404
1028.50000000	4.17241
1029.00000000	4.16916
1029.50000000	4.16360
1030.00000000	4.15842
1030.50000000	4.15355
1031.00000000	4.14934
1031.50000000	4.14482
1032.00000000	4.13978
1032.50000000	4.13597
1033.00000000	4.13207
1033.50000000	4.12827
1034.00000000	4.12534
1034.50000000	4.12160
1035.00000000	4.11910
1035.50000000	4.11538
1036.00000000	4.11045
1036.50000000	4.10571
1037.00000000	4.10171
1037.50000000	4.09772
1038.00000000	4.09361
1038.50000000	4.09049
1039.00000000	4.08831
1039.50000000	4.08666
1040.00000000	4.08474
1040.50000000	4.08270
1041.00000000	4.07985
1041.50000000	4.07743
1042.00000000	4.07575
1042.50000000	4.07386
1043.00000000	4.07169
1043.50000000	4.06993
1044.00000000	4.06891
1044.50000000	4.06818
1045.00000000	4.06807
1045.50000000	4.06716
1046.00000000	4.06607
1046.50000000	4.06587
1047.00000000	4.06500
1047.50000000	4.06496
1048.00000000	4.06535
1048.50000000	4.06604
1049.00000000	4.06564
1049.50000000	4.06541
1050.00000000	4.06478
1050.50000000	4.06431
1051.00000000	4.06279
1051.50000000	4.06085
1052.00000000	4.05828
1052.50000000	4.05508
1053.00000000	4.05220
1053.50000000	4.05135
1054.00000000	4.05134
1054.50000000	4.05077
1055.00000000	4.05074
1055.50000000	4.05002
1056.00000000	4.04889
1056.50000000	4.04851
1057.00000000	4.04897
1057.50000000	4.04805
1058.00000000	4.04791
1058.50000000	4.04745
1059.00000000	4.04697
1059.50000000	4.04635
1060.00000000	4.04585
1060.50000000	4.04375
1061.00000000	4.04049
1061.50000000	4.03685
1062.00000000	4.03414
1062.50000000	4.03189
1063.00000000	4.02883
1063.50000000	4.02667
1064.00000000	4.02409
1064.50000000	4.02204
1065.00000000	4.02126
1065.50000000	4.02088
1066.00000000	4.01973
1066.50000000	4.01842
1067.00000000	4.01776
1067.50000000	4.01664
1068.00000000	4.01517
1068.50000000	4.01336
1069.00000000	4.01170
1069.50000000	4.00948
1070.00000000	4.00710
1070.50000000	4.00440
1071.00000000	4.00124
1071.50000000	3.99797
1072.00000000	3.99608
1072.50000000	3.99361
1073.00000000	3.99104
1073.50000000	3.98861
1074.00000000	3.98381
1074.50000000	3.97919
1075.00000000	3.97538
1075.50000000	3.97056
1076.00000000	3.96540
1076.50000000	3.96171
1077.00000000	3.95750
1077.50000000	3.95374
1078.00000000	3.95041
1078.50000000	3.94561
1079.00000000	3.94164
1079.50000000	3.93924
1080.00000000	3.93553
1080.50000000	3.93291
1081.00000000	3.92952
1081.50000000	3.92732
1082.00000000	3.92459
1082.50000000	3.92126
1083.00000000	3.91830
1083.50000000	3.91595
1084.00000000	3.91433
1084.50000000	3.91258
1085.00000000	3.91113
1085.50000000	3.91021
1086.00000000	3.90834
1086.50000000	3.90432
1087.00000000	3.90009
1087.50000000	3.89750
1088.00000000	3.89554
1088.50000000	3.89379
1089.00000000	3.89175
1089.50000000	3.88929
1090.00000000	3.88618
1090.50000000	3.88266
1091.00000000	3.87944
1091.50000000	3.87578
1092.00000000	3.87330
1092.50000000	3.87214
1093.00000000	3.87091
1093.50000000	3.86913
1094.00000000	3.86745
1094.50000000	3.86690
1095.00000000	3.86561
1095.50000000	3.86438
1096.00000000	3.86149
1096.50000000	3.85730
1097.00000000	3.85442
1097.50000000	3.85148
1098.00000000	3.84987
1098.50000000	3.84829
1099.00000000	3.84454
1099.50000000	3.84072
1100.00000000	3.83667
1100.50000000	3.83435
1101.00000000	3.83196
1101.50000000	3.82914
1102.00000000	3.82654
1102.50000000	3.82341
1103.00000000	3.82082
1103.50000000	3.81878
1104.00000000	3.81704
1104.50000000	3.81552
1105.00000000	3.81468
1105.50000000	3.81345
1106.00000000	3.81275
1106.50000000	3.81099
1107.00000000	3.81006
1107.50000000	3.80980
1108.00000000	3.80999
1108.50000000	3.80961
1109.00000000	3.81021
1109.50000000	3.81043
1110.00000000	3.81011
1110.50000000	3.81111
1111.00000000	3.81140
1111.50000000	3.81200
1112.00000000	3.81275
1112.50000000	3.81312
1113.00000000	3.81255
1113.50000000	3.81247
1114.00000000	3.81225
1114.50000000	3.81158
1115.00000000	3.80925
1115.50000000	3.80587
1116.00000000	3.80345
1116.50000000	3.79990
1117.00000000	3.79734
1117.50000000	3.79415
1118.00000000	3.79199
1118.50000000	3.79043
1119.00000000	3.78870
1119.50000000	3.78874
1120.00000000	3.78857
1120.50000000	3.78802
1121.00000000	3.78865
1121.50000000	3.78945
1122.00000000	3.78960
1122.50000000	3.79098
1123.00000000	3.79057
1123.50000000	3.79123
1124.00000000	3.79123
1124.50000000	3.79210
1125.00000000	3.79506
1125.50000000	3.79764
1126.00000000	3.79944
1126.50000000	3.80166
1127.00000000	3.80630
1127.50000000	3.81012
1128.00000000	3.81341
1128.50000000	3.81566
1129.00000000	3.81778
1129.50000000	3.82092
1130.00000000	3.82276
1130.50000000	3.82313
1131.00000000	3.82374
1131.50000000	3.82329
1132.00000000	3.82116
1132.50000000	3.81937
1133.00000000	3.81774
1133.50000000	3.81649
1134.00000000	3.81397
1134.50000000	3.81074
1135.00000000	3.80749
1135.50000000	3.80392
1136.00000000	3.80198
1136.50000000	3.80134
1137.00000000	3.79974
1137.50000000	3.79888
1138.00000000	3.79749
1138.50000000	3.79460
1139.00000000	3.79103
1139.50000000	3.78755
1140.00000000	3.78516
1140.50000000	3.78225
1141.00000000	3.77837
1141.50000000	3.77480
1142.00000000	3.77066
1142.50000000	3.76780
1143.00000000	3.76500
1143.50000000	3.76284
1144.00000000	3.76027
1144.50000000	3.75797
1145.00000000	3.75616
1145.50000000	3.75348
1146.00000000	3.75034
1146.50000000	3.74791
1147.00000000	3.74410
1147.50000000	3.74184
1148.00000000	3.73873
1148.50000000	3.73529
1149.00000000	3.73248
1149.50000000	3.72975
1150.00000000	3.72789
1150.50000000	3.72602
1151.00000000	3.72443
1151.50000000	3.72218
1152.00000000	3.71972
1152.50000000	3.71766
1153.00000000	3.71529
1153.50000000	3.71295
1154.00000000	3.71119
1154.50000000	3.70895
1155.00000000	3.70714
1155.50000000	3.70592
1156.00000000	3.70513
1156.50000000	3.70543
1157.00000000	3.70647
1157.50000000	3.70737
1158.00000000	3.70838
1158.50000000	3.70997
1159.00000000	3.71048
1159.50000000	3.71105
1160.00000000	3.71169
1160.50000000	3.71315
1161.00000000	3.71494
1161.50000000	3.71523
1162.00000000	3.71608
1162.50000000	3.71825
1163.00000000	3.72046
1163.50000000	3.72202
1164.00000000	3.72407
1164.50000000	3.72523
1165.00000000	3.72711
1165.50000000	3.72904
1166.00000000	3.73172
1166.50000000	3.73311
1167.00000000	3.73485
1167.50000000	3.73819
1168.00000000	3.74242
1168.50000000	3.74585
1169.00000000	3.74867
1169.50000000	3.75203
1170.00000000	3.75509
1170.50000000	3.75777
1171.00000000	3.76046
1171.50000000	3.76324
1172.00000000	3.76546
1172.50000000	3.76752
1173.00000000	3.77054
1173.50000000	3.77375
1174.00000000	3.77730
1174.50000000	3.77996
1175.00000000	3.78221
1175.50000000	3.78587
1176.00000000	3.78979
1176.50000000	3.79284
1177.00000000	3.79480
1177.50000000	3.79586
1178.00000000	3.79649
1178.50000000	3.79809
1179.00000000	3.80065
1179.50000000	3.80245
1180.00000000	3.80516
1180.50000000	3.80835
1181.00000000	3.81171
1181.50000000	3.81475
1182.00000000	3.81678
1182.50000000	3.81886
1183.00000000	3.82055
1183.50000000	3.82279
1184.00000000	3.82355
1184.50000000	3.82239
1185.00000000	3.82236
1185.50000000	3.82154
1186.00000000	3.82169
1186.50000000	3.82156
1187.00000000	3.82106
1187.50000000	3.82191
1188.00000000	3.82255
1188.50000000	3.82324
1189.00000000	3.82349
1189.50000000	3.82394
1190.00000000	3.82643
1190.50000000	3.82753
1191.00000000	3.82864
1191.50000000	3.82973
1192.00000000	3.83024
1192.50000000	3.82998
1193.00000000	3.83032
1193.50000000	3.83140
1194.00000000	3.83292
1194.50000000	3.83348
1195.00000000	3.83291
1195.50000000	3.83197
1196.00000000	3.83130
1196.50000000	3.83093
1197.00000000	3.82975
1197.50000000	3.82814
1198.00000000	3.82723
1198.50000000	3.82666
1199.00000000	3.82654
1199.50000000	3.82648
1200.00000000	3.82731
1200.50000000	3.82778
1201.00000000	3.82825
1201.50000000	3.82760
1202.00000000	3.82662
1202.50000000	3.82511
1203.00000000	3.82431
1203.50000000	3.82385
1204.00000000	3.82214
1204.50000000	3.81973
1205.00000000	3.81740
1205.50000000	3.81665
1206.00000000	3.81625
1206.50000000	3.81642
1207.00000000	3.81655
1207.50000000	3.81697
1208.00000000	3.81753
1208.50000000	3.81818
1209.00000000	3.82094
1209.50000000	3.82399
1210.00000000	3.82779
1210.50000000	3.83096
1211.00000000	3.83422
1211.50000000	3.83737
1212.00000000	3.84080
1212.50000000	3.84333
1213.00000000	3.84503
1213.50000000	3.84611
1214.00000000	3.84725
1214.50000000	3.84839
1215.00000000	3.85154
1215.50000000	3.85508
1216.00000000	3.85699
1216.50000000	3.85983
1217.00000000	3.86144
1217.50000000	3.86333
1218.00000000	3.86571
1218.50000000	3.86813
1219.00000000	3.86946
1219.50000000	3.87045
1220.00000000	3.87172
1220.50000000	3.87318
1221.00000000	3.87492
1221.50000000	3.87716
1222.00000000	3.87930
1222.50000000	3.88170
1223.00000000	3.88215
1223.50000000	3.88117
1224.00000000	3.88002
1224.50000000	3.87862
1225.00000000	3.87877
1225.50000000	3.87881
1226.00000000	3.87868
1226.50000000	3.87739
1227.00000000	3.87646
1227.50000000	3.87660
1228.00000000	3.87646
1228.50000000	3.87636
1229.00000000	3.87729
1229.50000000	3.87899
1230.00000000	3.88115
1230.50000000	3.88392
1231.00000000	3.88650
1231.50000000	3.88761
1232.00000000	3.88902
1232.50000000	3.89001
1233.00000000	3.89172
1233.50000000	3.89426
1234.00000000	3.89507
1234.50000000	3.89563
1235.00000000	3.89512
1235.50000000	3.89453
1236.00000000	3.89499
1236.50000000	3.89653
1237.00000000	3.89858
1237.50000000	3.90172
1238.00000000	3.90455
1238.50000000	3.90857
1239.00000000	3.91376
1239.50000000	3.91801
1240.00000000	3.92152
1240.50000000	3.92539
1241.00000000	3.92867
1241.50000000	3.93209
1242.00000000	3.93496
1242.50000000	3.93678
1243.00000000	3.93746
1243.50000000	3.93808
1244.00000000	3.93690
1244.50000000	3.93552
1245.00000000	3.93602
1245.50000000	3.93824
1246.00000000	3.93900
1246.50000000	3.94036
1247.00000000	3.94260
1247.50000000	3.94406
1248.00000000	3.94643
1248.50000000	3.94728
1249.00000000	3.94759
1249.50000000	3.94881
1250.00000000	3.94930
1250.50000000	3.94910
1251.00000000	3.94743
1251.50000000	3.94551
1252.00000000	3.94261
1252.50000000	3.93934
1253.00000000	3.93696
1253.50000000	3.93617
1254.00000000	3.93551
1254.50000000	3.93538
1255.00000000	3.93516
1255.50000000	3.93403
1256.00000000	3.93402
1256.50000000	3.93199
1257.00000000	3.92972
1257.50000000	3.92805
1258.00000000	3.92712
1258.50000000	3.92641
1259.00000000	3.92705
1259.50000000	3.92891
1260.00000000	3.93088
1260.50000000	3.93196
1261.00000000	3.93216
1261.50000000	3.93161
1262.00000000	3.93101
1262.50000000	3.93002
1263.00000000	3.92998
1263.50000000	3.93037
1264.00000000	3.93114
1264.50000000	3.93244
1265.00000000	3.93319
1265.50000000	3.93359
1266.00000000	3.93551
1266.50000000	3.93662
1267.00000000	3.93794
1267.50000000	3.93874
1268.00000000	3.93988
1268.50000000	3.94200
1269.00000000	3.94407
1269.50000000	3.94713
1270.00000000	3.94942
1270.50000000	3.95176
1271.00000000	3.95383
1271.50000000	3.95642
1272.00000000	3.95779
1272.50000000	3.96120
1273.00000000	3.96326
1273.50000000	3.96442
1274.00000000	3.96504
1274.50000000	3.96396
1275.00000000	3.96284
1275.50000000	3.96197
1276.00000000	3.96200
1276.50000000	3.96307
1277.00000000	3.96483
1277.50000000	3.96769
1278.00000000	3.96969
1278.50000000	3.97278
1279.00000000	3.97580
1279.50000000	3.97740
1280.00000000	3.97868
1280.50000000	3.98004
1281.00000000	3.98204
1281.50000000	3.98502
1282.00000000	3.98849
1282.50000000	3.99164
1283.00000000	3.99434
1283.50000000	3.99478
1284.00000000	3.99452
1284.50000000	3.99511
1285.00000000	3.99588
1285.50000000	3.99705
1286.00000000	3.99752
1286.50000000	3.99836
1287.00000000	3.99954
1287.50000000	4.00150
1288.00000000	4.00409
1288.50000000	4.00672
1289.00000000	4.00842
1289.50000000	4.00876
1290.00000000	4.00801
1290.50000000	4.00605
1291.00000000	4.00452
1291.50000000	4.00440
1292.00000000	4.00402
1292.50000000	4.00334
1293.00000000	4.00175
1293.50000000	3.99986
1294.00000000	3.99894
1294.50000000	3.99759
1295.00000000	3.99609
1295.50000000	3.99533
1296.00000000	3.99505
1296.50000000	3.99547
1297.00000000	3.99589
1297.50000000	3.99580
1298.00000000	3.99512
1298.50000000	3.99492
1299.00000000	3.99490
1299.50000000	3.99483
1300.00000000	3.99414
1300.50000000	3.99196
1301.00000000	3.99046
1301.50000000	3.98848
1302.00000000	3.98633
1302.50000000	3.98508
1303.00000000	3.98431
1303.50000000	3.98459
1304.00000000	3.98340
1304.50000000	3.98274
1305.00000000	3.98218
1305.50000000	3.98092
1306.00000000	3.97925
1306.50000000	3.97802
1307.00000000	3.97568
1307.50000000	3.97301
1308.00000000	3.97064
1308.50000000	3.96884
1309.00000000	3.96626
1309.50000000	3.96206
1310.00000000	3.95851
1310.50000000	3.95671
1311.00000000	3.95454
1311.50000000	3.95342
1312.00000000	3.95165
1312.50000000	3.94987
1313.00000000	3.94877
1313.50000000	3.94903
1314.00000000	3.94845
1314.50000000	3.94824
1315.00000000	3.94845
1315.50000000	3.94781
1316.00000000	3.94732
1316.50000000	3.94787
1317.00000000	3.94823
1317.50000000	3.94916
1318.00000000	3.94958
1318.50000000	3.94871
1319.00000000	3.94864
1319.50000000	3.94743
1320.00000000	3.94813
1320.50000000	3.94834
1321.00000000	3.94958
1321.50000000	3.95020
1322.00000000	3.95050
1322.50000000	3.95077
1323.00000000	3.94957
1323.50000000	3.94921
1324.00000000	3.94931
1324.50000000	3.94742
1325.00000000	3.94537
1325.50000000	3.94424
1326.00000000	3.94470
1326.50000000	3.94634
1327.00000000	3.94693
1327.50000000	3.94571
1328.00000000	3.94573
1328.50000000	3.94482
1329.00000000	3.94410
1329.50000000	3.94379
1330.00000000	3.94368
1330.50000000	3.94390
1331.00000000	3.94338
1331.50000000	3.94270
1332.00000000	3.94114
1332.50000000	3.93887
1333.00000000	3.93605
1333.50000000	3.93298
1334.00000000	3.93076
1334.50000000	3.92846
1335.00000000	3.92701
1335.50000000	3.92538
1336.00000000	3.92316
1336.50000000	3.92142
1337.00000000	3.92018
1337.50000000	3.91838
1338.00000000	3.91680
1338.50000000	3.91499
1339.00000000	3.91339
1339.50000000	3.91144
1340.00000000	3.90926
1340.50000000	3.90759
1341.00000000	3.90586
1341.50000000	3.90507
1342.00000000	3.90466
1342.50000000	3.90463
1343.00000000	3.90286
1343.50000000	3.90140
1344.00000000	3.89982
1344.50000000	3.89844
1345.00000000	3.89789
1345.50000000	3.89801
1346.00000000	3.89740
1346.50000000	3.89715
1347.00000000	3.89765
1347.50000000	3.89665
1348.00000000	3.89602
1348.50000000	3.89519
1349.00000000	3.89417
1349.50000000	3.89307
1350.00000000	3.89258
1350.50000000	3.89160
1351.00000000	3.89181
1351.50000000	3.89257
1352.00000000	3.89108
1352.50000000	3.88986
1353.00000000	3.88859
1353.50000000	3.88896
1354.00000000	3.89006
1354.50000000	3.89117
1355.00000000	3.89295
1355.50000000	3.89307
1356.00000000	3.89311
1356.50000000	3.89354
1357.00000000	3.89254
1357.50000000	3.89239
1358.00000000	3.89107
1358.50000000	3.88903
1359.00000000	3.88670
1359.50000000	3.88523
1360.00000000	3.88466
1360.50000000	3.88254
1361.00000000	3.87988
1361.50000000	3.87661
1362.00000000	3.87361
1362.50000000	3.87116
1363.00000000	3.86783
1363.50000000	3.86447
1364.00000000	3.86121
1364.50000000	3.85812
1365.00000000	3.85554
1365.50000000	3.85587
1366.00000000	3.85568
1366.50000000	3.85487
1367.00000000	3.85390
1367.50000000	3.85368
1368.00000000	3.85259
1368.50000000	3.85066
1369.00000000	3.84909
1369.50000000	3.84762
1370.00000000	3.84547
1370.50000000	3.84386
1371.00000000	3.84339
1371.50000000	3.84237
1372.00000000	3.84161
1372.50000000	3.84109
1373.00000000	3.84194
1373.50000000	3.84278
1374.00000000	3.84378
1374.50000000	3.84692
1375.00000000	3.84940
1375.50000000	3.85077
1376.00000000	3.84976
1376.50000000	3.84882
1377.00000000	3.84851
1377.50000000	3.84740
1378.00000000	3.84577
1378.50000000	3.84357
1379.00000000	3.84243
1379.50000000	3.84188
1380.00000000	3.84133
1380.50000000	3.84187
1381.00000000	3.84214
1381.50000000	3.84292
1382.00000000	3.84386
1382.50000000	3.84435
1383.00000000	3.84430
1383.50000000	3.84450
1384.00000000	3.84271
1384.50000000	3.84192
1385.00000000	3.84104
1385.50000000	3.83945
1386.00000000	3.83995
1386.50000000	3.84136
1387.00000000	3.84254
1387.50000000	3.84367
1388.00000000	3.84647
1388.50000000	3.84823
1389.00000000	3.84857
1389.50000000	3.84906
1390.00000000	3.84949
1390.50000000	3.85057
1391.00000000	3.85266
1391.50000000	3.85485
1392.00000000	3.85518
1392.50000000	3.85527
1393.00000000	3.85423
1393.50000000	3.85376
1394.00000000	3.85330
1394.50000000	3.85348
1395.00000000	3.85421
1395.50000000	3.85571
1396.00000000	3.85692
1396.50000000	3.85673
1397.00000000	3.85743
1397.50000000	3.85785
1398.00000000	3.85726
1398.50000000	3.85668
1399.00000000	3.85508
1399.50000000	3.85288
1400.00000000	3.85127
1400.50000000	3.85013
1401.00000000	3.85013
1401.50000000	3.84877
1402.00000000	3.84857
1402.50000000	3.84874
1403.00000000	3.84977
1403.50000000	3.84952
1404.00000000	3.85048
1404.50000000	3.85100
1405.00000000	3.85030
1405.50000000	3.84943
1406.00000000	3.84804
1406.50000000	3.84732
1407.00000000	3.84607
1407.50000000	3.84458
1408.00000000	3.84123
1408.50000000	3.83826
1409.00000000	3.83479
1409.50000000	3.83109
1410.00000000	3.82802
1410.50000000	3.82513
1411.00000000	3.82221
1411.50000000	3.81904
1412.00000000	3.81741
1412.50000000	3.81668
1413.00000000	3.81591
1413.50000000	3.81360
1414.00000000	3.81152
1414.50000000	3.80929
1415.00000000	3.80699
1415.50000000	3.80502
1416.00000000	3.80260
1416.50000000	3.80117
1417.00000000	3.79994
1417.50000000	3.79831
1418.00000000	3.79642
1418.50000000	3.79422
1419.00000000	3.79283
1419.50000000	3.79228
1420.00000000	3.79108
1420.50000000	3.79033
1421.00000000	3.78956
1421.50000000	3.78910
1422.00000000	3.78813
1422.50000000	3.78674
1423.00000000	3.78581
1423.50000000	3.78586
1424.00000000	3.78659
1424.50000000	3.78681
1425.00000000	3.78811
1425.50000000	3.79029
1426.00000000	3.79306
1426.50000000	3.79522
1427.00000000	3.79783
1427.50000000	3.79835
1428.00000000	3.79821
1428.50000000	3.79807
1429.00000000	3.79631
1429.50000000	3.79554
1430.00000000	3.79443
1430.50000000	3.79325
1431.00000000	3.79168
1431.50000000	3.79083
1432.00000000	3.79021
1432.50000000	3.78806
1433.00000000	3.78511
1433.50000000	3.78221
1434.00000000	3.77904
1434.50000000	3.77754
1435.00000000	3.77649
1435.50000000	3.77746
1436.00000000	3.77869
1436.50000000	3.77928
1437.00000000	3.78009
1437.50000000	3.78056
1438.00000000	3.78150
1438.50000000	3.78305
1439.00000000	3.78538
1439.50000000	3.78698
1440.00000000	3.78819
1440.50000000	3.78931
1441.00000000	3.79031
1441.50000000	3.79128
1442.00000000	3.79350
1442.50000000	3.79547
1443.00000000	3.79799
1443.50000000	3.80016
1444.00000000	3.80133
1444.50000000	3.80270
1445.00000000	3.80272
1445.50000000	3.80386
1446.00000000	3.80547
1446.50000000	3.80761
1447.00000000	3.80842
1447.50000000	3.80799
1448.00000000	3.80785
1448.50000000	3.81013
1449.00000000	3.81313
1449.50000000	3.81432
1450.00000000	3.81391
1450.50000000	3.81284
1451.00000000	3.81167
1451.50000000	3.81047
1452.00000000	3.80961
1452.50000000	3.81055
1453.00000000	3.81054
1453.50000000	3.81170
1454.00000000	3.81088
1454.50000000	3.81095
1455.00000000	3.81139
1455.50000000	3.81138
1456.00000000	3.81078
1456.50000000	3.81155
1457.00000000	3.81053
1457.50000000	3.80951
1458.00000000	3.80924
1458.50000000	3.80696
1459.00000000	3.80482
1459.50000000	3.80187
1460.00000000	3.79957
1460.50000000	3.79734
1461.00000000	3.79523
1461.50000000	3.79244
1462.00000000	3.79084
1462.50000000	3.78890
1463.00000000	3.78869
1463.50000000	3.78802
1464.00000000	3.78860
1464.50000000	3.78765
1465.00000000	3.78655
1465.50000000	3.78684
1466.00000000	3.78735
1466.50000000	3.78781
1467.00000000	3.78745
1467.50000000	3.78749
1468.00000000	3.78756
1468.50000000	3.78618
1469.00000000	3.78554
1469.50000000	3.78467
1470.00000000	3.78356
1470.50000000	3.78353
1471.00000000	3.78273
1471.50000000	3.78231
1472.00000000	3.78126
1472.50000000	3.78019
1473.00000000	3.77940
1473.50000000	3.77913
1474.00000000	3.77773
1474.50000000	3.77674
1475.00000000	3.77569
1475.50000000	3.77485
1476.00000000	3.77439
1476.50000000	3.77495
1477.00000000	3.77596
1477.50000000	3.77803
1478.00000000	3.78141
1478.50000000	3.78545
1479.00000000	3.79015
1479.50000000	3.79592
1480.00000000	3.80071
1480.50000000	3.80466
1481.00000000	3.80726
1481.50000000	3.80876
1482.00000000	3.81082
1482.50000000	3.81145
1483.00000000	3.81218
1483.50000000	3.81348
1484.00000000	3.81598
1484.50000000	3.81969
1485.00000000	3.82251
1485.50000000	3.82474
1486.00000000	3.82710
1486.50000000	3.82901
1487.00000000	3.83079
1487.50000000	3.83258
1488.00000000	3.83305
1488.50000000	3.83315
1489.00000000	3.83362
1489.50000000	3.83347
1490.00000000	3.83414
1490.50000000	3.83479
1491.00000000	3.83519
1491.50000000	3.83721
1492.00000000	3.83810
1492.50000000	3.83987
1493.00000000	3.84124
1493.50000000	3.84275
1494.00000000	3.84503
1494.50000000	3.84687
1495.00000000	3.84840
1495.50000000	3.84978
1496.00000000	3.85041
1496.50000000	3.85211
1497.00000000	3.85348
1497.50000000	3.85426
1498.00000000	3.85286
1498.50000000	3.84923
1499.00000000	3.84429
1499.50000000	3.83955
1500.00000000	3.83544
1500.50000000	3.83238
1501.00000000	3.83007
1501.50000000	3.82732
1502.00000000	3.82571
1502.50000000	3.82356
1503.00000000	3.82309
1503.50000000	3.82184
1504.00000000	3.82104
1504.50000000	3.82044
1505.00000000	3.82034
1505.50000000	3.82025
1506.00000000	3.82078
1506.50000000	3.81953
1507.00000000	3.81844
1507.50000000	3.81715
1508.00000000	3.81499
1508.50000000	3.81257
1509.00000000	3.81050
1509.50000000	3.80966
1510.00000000	3.80722
1510.50000000	3.80576
1511.00000000	3.80463
1511.50000000	3.80390
1512.00000000	3.80291
1512.50000000	3.80357
1513.00000000	3.80407
1513.50000000	3.80456
1514.00000000	3.80592
1514.50000000	3.80662
1515.00000000	3.80729
1515.50000000	3.80880
1516.00000000	3.81203
1516.50000000	3.81619
1517.00000000	3.82162
1517.50000000	3.82719
1518.00000000	3.83260
1518.50000000	3.83761
1519.00000000	3.84279
1519.50000000	3.84751
1520.00000000	3.85086
1520.50000000	3.85376
1521.00000000	3.85628
1521.50000000	3.85808
1522.00000000	3.85970
1522.50000000	3.85959
1523.00000000	3.86053
1523.50000000	3.86096
1524.00000000	3.86184
1524.50000000	3.86290
1525.00000000	3.86411
1525.50000000	3.86426
1526.00000000	3.86402
1526.50000000	3.86164
1527.00000000	3.86002
1527.50000000	3.85879
1528.00000000	3.85924
1528.50000000	3.86089
1529.00000000	3.86155
1529.50000000	3.86261
1530.00000000	3.86417
1530.50000000	3.86453
1531.00000000	3.86369
1531.50000000	3.86227
1532.00000000	3.86151
1532.50000000	3.86235
1533.00000000	3.86306
1533.50000000	3.86338
1534.00000000	3.86356
1534.50000000	3.86280
1535.00000000	3.86204
1535.50000000	3.86177
1536.00000000	3.86213
1536.50000000	3.86423
1537.00000000	3.86641
1537.50000000	3.86722
1538.00000000	3.86804
1538.50000000	3.86929
1539.00000000	3.86935
1539.50000000	3.87017
1540.00000000	3.87036
1540.50000000	3.86793
1541.00000000	3.86480
1541.50000000	3.86216
1542.00000000	3.86091
1542.50000000	3.85989
1543.00000000	3.85916
1543.50000000	3.85934
1544.00000000	3.85808
1544.50000000	3.85593
1545.00000000	3.85290
1545.50000000	3.84849
1546.00000000	3.84526
1546.50000000	3.84123
1547.00000000	3.83666
1547.50000000	3.83115
1548.00000000	3.82635
1548.50000000	3.82186
1549.00000000	3.81682
1549.50000000	3.81306
1550.00000000	3.80991
1550.50000000	3.80792
1551.00000000	3.80551
1551.50000000	3.80378
1552.00000000	3.80235
1552.50000000	3.80033
1553.00000000	3.79826
1553.50000000	3.79751
1554.00000000	3.79604
1554.50000000	3.79484
1555.00000000	3.79464
1555.50000000	3.79438
1556.00000000	3.79455
1556.50000000	3.79397
1557.00000000	3.79372
1557.50000000	3.79593
1558.00000000	3.79710
1558.50000000	3.79809
1559.00000000	3.79939
1559.50000000	3.80008
1560.00000000	3.80033
1560.50000000	3.80160
1561.00000000	3.80342
1561.50000000	3.80491
1562.00000000	3.80596
1562.50000000	3.80652
1563.00000000	3.80843
1563.50000000	3.81100
1564.00000000	3.81227
1564.50000000	3.81432
1565.00000000	3.81662
1565.50000000	3.81845
1566.00000000	3.82007
1566.50000000	3.82309
1567.00000000	3.82557
1567.50000000	3.82595
1568.00000000	3.82652
1568.50000000	3.82642
1569.00000000	3.82703
1569.50000000	3.82721
1570.00000000	3.82770
1570.50000000	3.82790
1571.00000000	3.82859
1571.50000000	3.83014
1572.00000000	3.83186
1572.50000000	3.83278
1573.00000000	3.83337
1573.50000000	3.83347
1574.00000000	3.83428
1574.50000000	3.83536
1575.00000000	3.83715
1575.50000000	3.83796
1576.00000000	3.83865
1576.50000000	3.84007
1577.00000000	3.84145
1577.50000000	3.84219
1578.00000000	3.84316
1578.50000000	3.84316
1579.00000000	3.84566
1579.50000000	3.84678
1580.00000000	3.84711
1580.50000000	3.84787
1581.00000000	3.84802
1581.50000000	3.84833
1582.00000000	3.84763
1582.50000000	3.84701
1583.00000000	3.84650
1583.50000000	3.84640
1584.00000000	3.84477
1584.50000000	3.84274
1585.00000000	3.84154
1585.50000000	3.84249
1586.00000000	3.84322
1586.50000000	3.84485
1587.00000000	3.84716
1587.50000000	3.84893
1588.00000000	3.85269
1588.50000000	3.85520
1589.00000000	3.85731
1589.50000000	3.85947
1590.00000000	3.86099
1590.50000000	3.86109
1591.00000000	3.86269
1591.50000000	3.86356
1592.00000000	3.86387
1592.50000000	3.86363
1593.00000000	3.86406
1593.50000000	3.86356
1594.00000000	3.86472
1594.50000000	3.86626
1595.00000000	3.86708
1595.50000000	3.86788
1596.00000000	3.86682
1596.50000000	3.86473
1597.00000000	3.86451
1597.50000000	3.86459
1598.00000000	3.86469
1598.50000000	3.86697
1599.00000000	3.86796
1599.50000000	3.86838
1600.00000000	3.86819
1600.50000000	3.86848
1601.00000000	3.86838
1601.50000000	3.86728
1602.00000000	3.86752
1602.50000000	3.86726
1603.00000000	3.86674
1603.50000000	3.86726
1604.00000000	3.86542
1604.50000000	3.86539
1605.00000000	3.86494
1605.50000000	3.86456
1606.00000000	3.86586
1606.50000000	3.86627
1607.00000000	3.86684
1607.50000000	3.86604
1608.00000000	3.86508
1608.50000000	3.86456
1609.00000000	3.86444
1609.50000000	3.86475
1610.00000000	3.86581
1610.50000000	3.86545
1611.00000000	3.86521
1611.50000000	3.86355
1612.00000000	3.86022
1612.50000000	3.85759
1613.00000000	3.85513
1613.50000000	3.85277
1614.00000000	3.85128
1614.50000000	3.84787
1615.00000000	3.84461
1615.50000000	3.84052
1616.00000000	3.83717
1616.50000000	3.83304
1617.00000000	3.82966
1617.50000000	3.82584
1618.00000000	3.82140
1618.50000000	3.81789
1619.00000000	3.81477
1619.50000000	3.81107
1620.00000000	3.80570
1620.50000000	3.80086
1621.00000000	3.79564
1621.50000000	3.78997
1622.00000000	3.78448
1622.50000000	3.77981
1623.00000000	3.77628
1623.50000000	3.77388
1624.00000000	3.77251
1624.50000000	3.77135
1625.00000000	3.77076
1625.50000000	3.77135
1626.00000000	3.77119
1626.50000000	3.77166
1627.00000000	3.77291
1627.50000000	3.77420
1628.00000000	3.77655
1628.50000000	3.77839
1629.00000000	3.77923
1629.50000000	3.78112
1630.00000000	3.78218
1630.50000000	3.78311
1631.00000000	3.78356
1631.50000000	3.78311
1632.00000000	3.78376
1632.50000000	3.78605
1633.00000000	3.78749
1633.50000000	3.78833
1634.00000000	3.78813
1634.50000000	3.78851
1635.00000000	3.78920
1635.50000000	3.78912
1636.00000000	3.78913
1636.50000000	3.78908
1637.00000000	3.78774
1637.50000000	3.78689
1638.00000000	3.78704
1638.50000000	3.78829
1639.00000000	3.78945
1639.50000000	3.79165
1640.00000000	3.79273
1640.50000000	3.79483
1641.00000000	3.79627
1641.50000000	3.79651
1642.00000000	3.79600
1642.50000000	3.79570
1643.00000000	3.79491
1643.50000000	3.79341
1644.00000000	3.79256
1644.50000000	3.79245
1645.00000000	3.79207
1645.50000000	3.79178
1646.00000000	3.79110
1646.50000000	3.79003
1647.00000000	3.78791
1647.50000000	3.78452
1648.00000000	3.78008
1648.50000000	3.77526
1649.00000000	3.77137
1649.50000000	3.76742
1650.00000000	3.76192
1650.50000000	3.75787
1651.00000000	3.75432
1651.50000000	3.75127
1652.00000000	3.74763
1652.50000000	3.74319
1653.00000000	3.74013
1653.50000000	3.73660
1654.00000000	3.73322
1654.50000000	3.73071
1655.00000000	3.72873
1655.50000000	3.72742
1656.00000000	3.72729
1656.50000000	3.72595
1657.00000000	3.72564
1657.50000000	3.72537
1658.00000000	3.72483
1658.50000000	3.72573
1659.00000000	3.72670
1659.50000000	3.72713
1660.00000000	3.72826
1660.50000000	3.72836
1661.00000000	3.72927
1661.50000000	3.72927
1662.00000000	3.73060
1662.50000000	3.73337
1663.00000000	3.73632
1663.50000000	3.73808
1664.00000000	3.74030
1664.50000000	3.74246
1665.00000000	3.74342
1665.50000000	3.74678
1666.00000000	3.74969
1666.50000000	3.75237
1667.00000000	3.75604
1667.50000000	3.76069
1668.00000000	3.76369
1668.50000000	3.76859
1669.00000000	3.77337
1669.50000000	3.77777
1670.00000000	3.78178
1670.50000000	3.78412
1671.00000000	3.78765
1671.50000000	3.79045
1672.00000000	3.79439
1672.50000000	3.79912
1673.00000000	3.80232
1673.50000000	3.80418
1674.00000000	3.80650
1674.50000000	3.80857
1675.00000000	3.80975
1675.50000000	3.81022
1676.00000000	3.81110
1676.50000000	3.81270
1677.00000000	3.81479
1677.50000000	3.81689
1678.00000000	3.81894
1678.50000000	3.82036
1679.00000000	3.81995
1679.50000000	3.81902
1680.00000000	3.81718
1680.50000000	3.81651
1681.00000000	3.81482
1681.50000000	3.81409
1682.00000000	3.81547
1682.50000000	3.81830
1683.00000000	3.82172
1683.50000000	3.82277
1684.00000000	3.82235
1684.50000000	3.82217
1685.00000000	3.82131
1685.50000000	3.82022
1686.00000000	3.81967
1686.50000000	3.81775
1687.00000000	3.81709
1687.50000000	3.81646
1688.00000000	3.81563
1688.50000000	3.81537
1689.00000000	3.81546
1689.50000000	3.81445
1690.00000000	3.81469
1690.50000000	3.81339
1691.00000000	3.81261
1691.50000000	3.81232
1692.00000000	3.81136
1692.50000000	3.81038
1693.00000000	3.80988
1693.50000000	3.80958
1694.00000000	3.80917
1694.50000000	3.80850
1695.00000000	3.80706
1695.50000000	3.80551
1696.00000000	3.80351
1696.50000000	3.80349
1697.00000000	3.80350
1697.50000000	3.80435
1698.00000000	3.80518
1698.50000000	3.80556
1699.00000000	3.80587
1699.50000000	3.80509
1700.00000000	3.80274
1700.50000000	3.80016
1701.00000000	3.79832
1701.50000000	3.79617
1702.00000000	3.79466
1702.50000000	3.79208
1703.00000000	3.78978
1703.50000000	3.78753
1704.00000000	3.78589
1704.50000000	3.78476
1705.00000000	3.78472
1705.50000000	3.78287
1706.00000000	3.78177
1706.50000000	3.78109
1707.00000000	3.78142
1707.50000000	3.78046
1708.00000000	3.77958
1708.50000000	3.77808
1709.00000000	3.77682
1709.50000000	3.77440
1710.00000000	3.77081
1710.50000000	3.76783
1711.00000000	3.76512
1711.50000000	3.76286
1712.00000000	3.76078
1712.50000000	3.75743
1713.00000000	3.75422
1713.50000000	3.75176
1714.00000000	3.75007
1714.50000000	3.74811
1715.00000000	3.74709
1715.50000000	3.74517
1716.00000000	3.74374
1716.50000000	3.74235
1717.00000000	3.74122
1717.50000000	3.73861
1718.00000000	3.73513
1718.50000000	3.73279
1719.00000000	3.73173
1719.50000000	3.72995
1720.00000000	3.72771
1720.50000000	3.72662
1721.00000000	3.72663
1721.50000000	3.72526
1722.00000000	3.72331
1722.50000000	3.72300
1723.00000000	3.72123
1723.50000000	3.71951
1724.00000000	3.71767
1724.50000000	3.71746
1725.00000000	3.71719
1725.50000000	3.71704
1726.00000000	3.71708
1726.50000000	3.71794
1727.00000000	3.72015
1727.50000000	3.72223
1728.00000000	3.72472
1728.50000000	3.72546
1729.00000000	3.72469
1729.50000000	3.72506
1730.00000000	3.72516
1730.50000000	3.72499
1731.00000000	3.72518
1731.50000000	3.72368
1732.00000000	3.72170
1732.50000000	3.71999
1733.00000000	3.71851
1733.50000000	3.71604
1734.00000000	3.71471
1734.50000000	3.71393
1735.00000000	3.71270
1735.50000000	3.71213
1736.00000000	3.71240
1736.50000000	3.71215
1737.00000000	3.71121
1737.50000000	3.71031
1738.00000000	3.71084
1738.50000000	3.71196
1739.00000000	3.71295
1739.50000000	3.71497
1740.00000000	3.71661
1740.50000000	3.71723
1741.00000000	3.71666
1741.50000000	3.71612
1742.00000000	3.71362
1742.50000000	3.71128
1743.00000000	3.70948
1743.50000000	3.70787
1744.00000000	3.70826
1744.50000000	3.70879
1745.00000000	3.71011
1745.50000000	3.71091
1746.00000000	3.71079
1746.50000000	3.71070
1747.00000000	3.70986
1747.50000000	3.70930
1748.00000000	3.70894
1748.50000000	3.70755
1749.00000000	3.70628
1749.50000000	3.70657
1750.00000000	3.70570
1750.50000000	3.70574
1751.00000000	3.70722
1751.50000000	3.70866
1752.00000000	3.71016
1752.50000000	3.71128
1753.00000000	3.71153
1753.50000000	3.71333
1754.00000000	3.71482
1754.50000000	3.71787
1755.00000000	3.72135
1755.50000000	3.72548
1756.00000000	3.72991
1756.50000000	3.73432
1757.00000000	3.73924
1757.50000000	3.74287
1758.00000000	3.74523
1758.50000000	3.74790
1759.00000000	3.74960
1759.50000000	3.75134
1760.00000000	3.75243
1760.50000000	3.75336
1761.00000000	3.75297
1761.50000000	3.75355
1762.00000000	3.75387
1762.50000000	3.75464
1763.00000000	3.75397
1763.50000000	3.75319
1764.00000000	3.75236
1764.50000000	3.75138
1765.00000000	3.75041
1765.50000000	3.74906
1766.00000000	3.74649
1766.50000000	3.74386
1767.00000000	3.74146
1767.50000000	3.74002
1768.00000000	3.73998
1768.50000000	3.74111
1769.00000000	3.74356
1769.50000000	3.74703
1770.00000000	3.74922
1770.50000000	3.75291
1771.00000000	3.75564
1771.50000000	3.75786
1772.00000000	3.75974
1772.50000000	3.76120
1773.00000000	3.76190
1773.50000000	3.76334
1774.00000000	3.76570
1774.50000000	3.76807
1775.00000000	3.77070
1775.50000000	3.77380
1776.00000000	3.77751
1776.50000000	3.78152
1777.00000000	3.78551
1777.50000000	3.78946
1778.00000000	3.79269
1778.50000000	3.79601
1779.00000000	3.79848
1779.50000000	3.80161
1780.00000000	3.80528
1780.50000000	3.80868
1781.00000000	3.81210
1781.50000000	3.81586
1782.00000000	3.81890
1782.50000000	3.82163
1783.00000000	3.82491
1783.50000000	3.82740
1784.00000000	3.83014
1784.50000000	3.83277
1785.00000000	3.83450
1785.50000000	3.83630
1786.00000000	3.83724
1786.50000000	3.83823
1787.00000000	3.83931
1787.50000000	3.83963
1788.00000000	3.84041
1788.50000000	3.84121
1789.00000000	3.84254
1789.50000000	3.84311
1790.00000000	3.84379
1790.50000000	3.84411
1791.00000000	3.84449
1791.50000000	3.84393
1792.00000000	3.84417
1792.50000000	3.84450
1793.00000000	3.84457
1793.50000000	3.84361
1794.00000000	3.84196
1794.50000000	3.84048
1795.00000000	3.83986
1795.50000000	3.83985
1796.00000000	3.83938
1796.50000000	3.83855
1797.00000000	3.83690
1797.50000000	3.83575
1798.00000000	3.83532
1798.50000000	3.83542
1799.00000000	3.83446
1799.50000000	3.83211
1800.00000000	3.83117
1800.50000000	3.83052
1801.00000000	3.82977
1801.50000000	3.82958
1802.00000000	3.82936
1802.50000000	3.82936
1803.00000000	3.82938
1803.50000000	3.83030
1804.00000000	3.83213
1804.50000000	3.83417
1805.00000000	3.83508
1805.50000000	3.83486
1806.00000000	3.83583
1806.50000000	3.83699
1807.00000000	3.83877
1807.50000000	3.84075
1808.00000000	3.84245
1808.50000000	3.84423
1809.00000000	3.84627
1809.50000000	3.84836
1810.00000000	3.85038
1810.50000000	3.85305
1811.00000000	3.85678
1811.50000000	3.85947
1812.00000000	3.86169
1812.50000000	3.86283
1813.00000000	3.86437
1813.50000000	3.86583
1814.00000000	3.86843
1814.50000000	3.87090
1815.00000000	3.87238
1815.50000000	3.87483
1816.00000000	3.87691
1816.50000000	3.87908
1817.00000000	3.88123
1817.50000000	3.88265
1818.00000000	3.88529
1818.50000000	3.88957
1819.00000000	3.89447
1819.50000000	3.89854
1820.00000000	3.90261
1820.50000000	3.90669
1821.00000000	3.90874
1821.50000000	3.90989
1822.00000000	3.91338
1822.50000000	3.91647
1823.00000000	3.91937
1823.50000000	3.92210
1824.00000000	3.92449
1824.50000000	3.92841
1825.00000000	3.93136
1825.50000000	3.93294
1826.00000000	3.93555
1826.50000000	3.93920
1827.00000000	3.94351
1827.50000000	3.94756
1828.00000000	3.95171
1828.50000000	3.95676
1829.00000000	3.96049
1829.50000000	3.96287
1830.00000000	3.96690
1830.50000000	3.97082
1831.00000000	3.97541
1831.50000000	3.97960
1832.00000000	3.98122
1832.50000000	3.98373
1833.00000000	3.98690
1833.50000000	3.98842
1834.00000000	3.98994
1834.50000000	3.99157
1835.00000000	3.99185
1835.50000000	3.99375
1836.00000000	3.99687
1836.50000000	3.99912
1837.00000000	4.00086
1837.50000000	4.00341
1838.00000000	4.00593
1838.50000000	4.00691
1839.00000000	4.00881
1839.50000000	4.01036
1840.00000000	4.01093
1840.50000000	4.01151
1841.00000000	4.01069
1841.50000000	4.01009
1842.00000000	4.01025
1842.50000000	4.01080
1843.00000000	4.01126
1843.50000000	4.01106
1844.00000000	4.00923
1844.50000000	4.00733
1845.00000000	4.00495
1845.50000000	4.00272
1846.00000000	4.00115
1846.50000000	4.00020
1847.00000000	3.99830
1847.50000000	3.99669
1848.00000000	3.99521
1848.50000000	3.99372
1849.00000000	3.99287
1849.50000000	3.99192
1850.00000000	3.99031
1850.50000000	3.98856
1851.00000000	3.98598
1851.50000000	3.98365
1852.00000000	3.98344
1852.50000000	3.98242
1853.00000000	3.98036
1853.50000000	3.97933
1854.00000000	3.97718
1854.50000000	3.97425
1855.00000000	3.97315
1855.50000000	3.97072
1856.00000000	3.96768
1856.50000000	3.96483
1857.00000000	3.96253
1857.50000000	3.95984
1858.00000000	3.95701
1858.50000000	3.95444
1859.00000000	3.95348
1859.50000000	3.95380
1860.00000000	3.95424
1860.50000000	3.95411
1861.00000000	3.95336
1861.50000000	3.95295
1862.00000000	3.95402
1862.50000000	3.95538
1863.00000000	3.95604
1863.50000000	3.95566
1864.00000000	3.95520
1864.50000000	3.95450
1865.00000000	3.95446
1865.50000000	3.95453
1866.00000000	3.95534
1866.50000000	3.95545
1867.00000000	3.95542
1867.50000000	3.95570
1868.00000000	3.95605
1868.50000000	3.95691
1869.00000000	3.95828
1869.50000000	3.95816
1870.00000000	3.95891
1870.50000000	3.95865
1871.00000000	3.95795
1871.50000000	3.95754
1872.00000000	3.95595
1872.50000000	3.95440
1873.00000000	3.95188
1873.50000000	3.94900
1874.00000000	3.94650
1874.50000000	3.94414
1875.00000000	3.94259
1875.50000000	3.94053
1876.00000000	3.93851
1876.50000000	3.93522
1877.00000000	3.93027
1877.50000000	3.92550
1878.00000000	3.92267
1878.50000000	3.92027
1879.00000000	3.91833
1879.50000000	3.91624
1880.00000000	3.91472
1880.50000000	3.91440
1881.00000000	3.91312
1881.50000000	3.91104
1882.00000000	3.91002
1882.50000000	3.91021
1883.00000000	3.91010
1883.50000000	3.90946
1884.00000000	3.90815
1884.50000000	3.90792
1885.00000000	3.90949
1885.50000000	3.91028
1886.00000000	3.91076
1886.50000000	3.91187
1887.00000000	3.91305
1887.50000000	3.91381
1888.00000000	3.91369
1888.50000000	3.91432
1889.00000000	3.91604
1889.50000000	3.91883
1890.00000000	3.92044
1890.50000000	3.92199
1891.00000000	3.92283
1891.50000000	3.92383
1892.00000000	3.92491
1892.50000000	3.92603
1893.00000000	3.92743
1893.50000000	3.92929
1894.00000000	3.93111
1894.50000000	3.93236
1895.00000000	3.93305
1895.50000000	3.93396
1896.00000000	3.93318
1896.50000000	3.93276
1897.00000000	3.93235
1897.50000000	3.93398
1898.00000000	3.93584
1898.50000000	3.93702
1899.00000000	3.93707
1899.50000000	3.93704
1900.00000000	3.93733
1900.50000000	3.93723
1901.00000000	3.93681
1901.50000000	3.93771
1902.00000000	3.93950
1902.50000000	3.94234
1903.00000000	3.94432
1903.50000000	3.94776
1904.00000000	3.94938
1904.50000000	3.95041
1905.00000000	3.95086
1905.50000000	3.95161
1906.00000000	3.95166
1906.50000000	3.95290
1907.00000000	3.95457
1907.50000000	3.95579
1908.00000000	3.95649
1908.50000000	3.95632
1909.00000000	3.95691
1909.50000000	3.95666
1910.00000000	3.95648
1910.50000000	3.95640
1911.00000000	3.95691
1911.50000000	3.95750
1912.00000000	3.95774
1912.50000000	3.95679
1913.00000000	3.95657
1913.50000000	3.95767
1914.00000000	3.95816
1914.50000000	3.95813
1915.00000000	3.95696
1915.50000000	3.95649
1916.00000000	3.95661
1916.50000000	3.95608
1917.00000000	3.95501
1917.50000000	3.95345
1918.00000000	3.95167
1918.50000000	3.94942
1919.00000000	3.94701
1919.50000000	3.94465
1920.00000000	3.94427
1920.50000000	3.94389
1921.00000000	3.94326
1921.50000000	3.94210
1922.00000000	3.94228
1922.50000000	3.94139
1923.00000000	3.94218
1923.50000000	3.94386
1924.00000000	3.94452
1924.50000000	3.94683
1925.00000000	3.94921
1925.50000000	3.95030
1926.00000000	3.95241
1926.50000000	3.95324
1927.00000000	3.95312
1927.50000000	3.95281
1928.00000000	3.95345
1928.50000000	3.95546
1929.00000000	3.95703
1929.50000000	3.95852
1930.00000000	3.95852
1930.50000000	3.95826
1931.00000000	3.95897
1931.50000000	3.95973
1932.00000000	3.95992
1932.50000000	3.95892
1933.00000000	3.95833
1933.50000000	3.95904
1934.00000000	3.96134
1934.50000000	3.96360
1935.00000000	3.96546
1935.50000000	3.96701
1936.00000000	3.96852
1936.50000000	3.97018
1937.00000000	3.97273
1937.50000000	3.97527
1938.00000000	3.97759
1938.50000000	3.97774
1939.00000000	3.97704
1939.50000000	3.97697
1940.00000000	3.97681
1940.50000000	3.97765
1941.00000000	3.97935
1941.50000000	3.98126
1942.00000000	3.98346
1942.50000000	3.98479
1943.00000000	3.98666
1943.50000000	3.98782
1944.00000000	3.98833
1944.50000000	3.98812
1945.00000000	3.98701
1945.50000000	3.98705
1946.00000000	3.98598
1946.50000000	3.98621
1947.00000000	3.98604
1947.50000000	3.98692
1948.00000000	3.98704
1948.50000000	3.98754
1949.00000000	3.98893
1949.50000000	3.99148
1950.00000000	3.99340
1950.50000000	3.99388
1951.00000000	3.99429
1951.50000000	3.99504
1952.00000000	3.99601
1952.50000000	3.99869
1953.00000000	4.00011
1953.50000000	4.00006
1954.00000000	4.00072
1954.50000000	4.00168
1955.00000000	4.00368
1955.50000000	4.00478
1956.00000000	4.00465
1956.50000000	4.00505
1957.00000000	4.00449
1957.50000000	4.00427
1958.00000000	4.00419
1958.50000000	4.00512
1959.00000000	4.00620
1959.50000000	4.00796
1960.00000000	4.00940
1960.50000000	4.00967
1961.00000000	4.01111
1961.50000000	4.01212
1962.00000000	4.01297
1962.50000000	4.01359
1963.00000000	4.01296
1963.50000000	4.00849
1964.00000000	4.00454
1964.50000000	4.00159
1965.00000000	3.99893
1965.50000000	3.99699
1966.00000000	3.99384
1966.50000000	3.99181
1967.00000000	3.98952
1967.50000000	3.98860
1968.00000000	3.98772
1968.50000000	3.98690
1969.00000000	3.98626
1969.50000000	3.98580
1970.00000000	3.98542
1970.50000000	3.98550
1971.00000000	3.98529
1971.50000000	3.98553
1972.00000000	3.98559
1972.50000000	3.98584
1973.00000000	3.98590
1973.50000000	3.98628
1974.00000000	3.98599
1974.50000000	3.98742
1975.00000000	3.98840
1975.50000000	3.98907
1976.00000000	3.98867
1976.50000000	3.98683
1977.00000000	3.98477
1977.50000000	3.98293
1978.00000000	3.98232
1978.50000000	3.98316
1979.00000000	3.98423
1979.50000000	3.98514
1980.00000000	3.98513
1980.50000000	3.98542
1981.00000000	3.98573
1981.50000000	3.98374
1982.00000000	3.98253
1982.50000000	3.98212
1983.00000000	3.98175
1983.50000000	3.98235
1984.00000000	3.98308
1984.50000000	3.98455
1985.00000000	3.98609
1985.50000000	3.98649
1986.00000000	3.98751
1986.50000000	3.98875
1987.00000000	3.99063
1987.50000000	3.99451
1988.00000000	3.99721
1988.50000000	4.00109
1989.00000000	4.00582
1989.50000000	4.01008
1990.00000000	4.01350
1990.50000000	4.01720
1991.00000000	4.02239
1991.50000000	4.02625
1992.00000000	4.03100
1992.50000000	4.03541
1993.00000000	4.04009
1993.50000000	4.04340
1994.00000000	4.04620
1994.50000000	4.04960
1995.00000000	4.05198
1995.50000000	4.05488
1996.00000000	4.05875
1996.50000000	4.06247
1997.00000000	4.06616
1997.50000000	4.06977
1998.00000000	4.07338
1998.50000000	4.07777
1999.00000000	4.08143
1999.50000000	4.08574
2000.00000000	4.08987
2000.50000000	4.09422
2001.00000000	4.09859
2001.50000000	4.10185
2002.00000000	4.10564
2002.50000000	4.11063
2003.00000000	4.11539
2003.50000000	4.12068
2004.00000000	4.12613
2004.50000000	4.13117
2005.00000000	4.13658
2005.50000000	4.14226
2006.00000000	4.14644
2006.50000000	4.14947
2007.00000000	4.15265
2007.50000000	4.15633
2008.00000000	4.16099
2008.50000000	4.16603
2009.00000000	4.17014
2009.50000000	4.17408
2010.00000000	4.17721
2010.50000000	4.18064
2011.00000000	4.18333
2011.50000000	4.18711
2012.00000000	4.19024
2012.50000000	4.19375
2013.00000000	4.19579
2013.50000000	4.19684
2014.00000000	4.19720
2014.50000000	4.19697
2015.00000000	4.19580
2015.50000000	4.19523
2016.00000000	4.19397
2016.50000000	4.19344
2017.00000000	4.19413
2017.50000000	4.19392
2018.00000000	4.19109
2018.50000000	4.18993
2019.00000000	4.18958
2019.50000000	4.18807
2020.00000000	4.18658
2020.50000000	4.18449
2021.00000000	4.18338
2021.50000000	4.18270
2022.00000000	4.18248
2022.50000000	4.18085
2023.00000000	4.17795
2023.50000000	4.17455
2024.00000000	4.17183
2024.50000000	4.16814
2025.00000000	4.16459
2025.50000000	4.16248
2026.00000000	4.16202
2026.50000000	4.16015
2027.00000000	4.15982
2027.50000000	4.15975
2028.00000000	4.15996
2028.50000000	4.15909
2029.00000000	4.15796
2029.50000000	4.15676
2030.00000000	4.15673
2030.50000000	4.15615
2031.00000000	4.15598
2031.50000000	4.15696
2032.00000000	4.15733
2032.50000000	4.15665
2033.00000000	4.15510
2033.50000000	4.15295
2034.00000000	4.15175
2034.50000000	4.15109
2035.00000000	4.14981
2035.50000000	4.14681
2036.00000000	4.14320
2036.50000000	4.14051
2037.00000000	4.13807
2037.50000000	4.13759
2038.00000000	4.13646
2038.50000000	4.13466
2039.00000000	4.13178
2039.50000000	4.12941
2040.00000000	4.12664
2040.50000000	4.12288
2041.00000000	4.11918
2041.50000000	4.11516
2042.00000000	4.11126
2042.50000000	4.10756
2043.00000000	4.10371
2043.50000000	4.09892
2044.00000000	4.09464
2044.50000000	4.08886
2045.00000000	4.08465
2045.50000000	4.07986
2046.00000000	4.07417
2046.50000000	4.06802
2047.00000000	4.06295
2047.50000000	4.05666
2048.00000000	4.05177
2048.50000000	4.04563
2049.00000000	4.03886
2049.50000000	4.03166
2050.00000000	4.02378
2050.50000000	4.01549
2051.00000000	4.01052
2051.50000000	4.00480
2052.00000000	3.99935
2052.50000000	3.99362
2053.00000000	3.98840
2053.50000000	3.98188
2054.00000000	3.97514
2054.50000000	3.96892
2055.00000000	3.96364
2055.50000000	3.95918
2056.00000000	3.95435
2056.50000000	3.94928
2057.00000000	3.94450
2057.50000000	3.94033
2058.00000000	3.93832
2058.50000000	3.93610
2059.00000000	3.93431
2059.50000000	3.93262
2060.00000000	3.93033
2060.50000000	3.92998
2061.00000000	3.92854
2061.50000000	3.92784
2062.00000000	3.92712
2062.50000000	3.92566
2063.00000000	3.92486
2063.50000000	3.92489
2064.00000000	3.92418
2064.50000000	3.92371
2065.00000000	3.92342
2065.50000000	3.92245
2066.00000000	3.92039
2066.50000000	3.91829
2067.00000000	3.91622
2067.50000000	3.91428
2068.00000000	3.91259
2068.50000000	3.91225
2069.00000000	3.91223
2069.50000000	3.91073
2070.00000000	3.90932
2070.50000000	3.90920
2071.00000000	3.90854
2071.50000000	3.90801
2072.00000000	3.90703
2072.50000000	3.90510
2073.00000000	3.90347
2073.50000000	3.90129
2074.00000000	3.89803
2074.50000000	3.89400
2075.00000000	3.88888
2075.50000000	3.88414
2076.00000000	3.87772
2076.50000000	3.87258
2077.00000000	3.86773
2077.50000000	3.86338
2078.00000000	3.85940
2078.50000000	3.85687
2079.00000000	3.85404
2079.50000000	3.85335
2080.00000000	3.85264
2080.50000000	3.85338
2081.00000000	3.85399
2081.50000000	3.85227
2082.00000000	3.85074
2082.50000000	3.85123
2083.00000000	3.85125
2083.50000000	3.85163
2084.00000000	3.85249
2084.50000000	3.85352
2085.00000000	3.85313
2085.50000000	3.85473
2086.00000000	3.85639
2086.50000000	3.85825
2087.00000000	3.85881
2087.50000000	3.85950
2088.00000000	3.86047
2088.50000000	3.86116
2089.00000000	3.86234
2089.50000000	3.86426
2090.00000000	3.86570
2090.50000000	3.86770
2091.00000000	3.86898
2091.50000000	3.87008
2092.00000000	3.87259
2092.50000000	3.87484
2093.00000000	3.87713
2093.50000000	3.88033
2094.00000000	3.88363
2094.50000000	3.88721
2095.00000000	3.89000
2095.50000000	3.89176
2096.00000000	3.89378
2096.50000000	3.89566
2097.00000000	3.89792
2097.50000000	3.89927
2098.00000000	3.90158
2098.50000000	3.90373
2099.00000000	3.90585
2099.50000000	3.90836
2100.00000000	3.90999
2100.50000000	3.91100
2101.00000000	3.91125
2101.50000000	3.91208
2102.00000000	3.91203
2102.50000000	3.91171
2103.00000000	3.91125
2103.50000000	3.91053
2104.00000000	3.91112
2104.50000000	3.91124
2105.00000000	3.91268
2105.50000000	3.91380
2106.00000000	3.91678
2106.50000000	3.91734
2107.00000000	3.91685
2107.50000000	3.91834
2108.00000000	3.92045
2108.50000000	3.92251
2109.00000000	3.92397
2109.50000000	3.92460
2110.00000000	3.92611
2110.50000000	3.92848
2111.00000000	3.92932
2111.50000000	3.92959
2112.00000000	3.93070
2112.50000000	3.93352
2113.00000000	3.93694
2113.50000000	3.94164
2114.00000000	3.94680
2114.50000000	3.95068
2115.00000000	3.95416
2115.50000000	3.95674
2116.00000000	3.95878
2116.50000000	3.96175
2117.00000000	3.96376
2117.50000000	3.96524
2118.00000000	3.96722
2118.50000000	3.96827
2119.00000000	3.96788
2119.50000000	3.96653
2120.00000000	3.96605
2120.50000000	3.96519
2121.00000000	3.96377
2121.50000000	3.96235
2122.00000000	3.96205
2122.50000000	3.96222
2123.00000000	3.96203
2123.50000000	3.96161
2124.00000000	3.96100
2124.50000000	3.96002
2125.00000000	3.95966
2125.50000000	3.96103
2126.00000000	3.96219
2126.50000000	3.96465
2127.00000000	3.96430
2127.50000000	3.96432
2128.00000000	3.96366
2128.50000000	3.96418
2129.00000000	3.96572
2129.50000000	3.96544
2130.00000000	3.96526
2130.50000000	3.96430
2131.00000000	3.96355
2131.50000000	3.96155
2132.00000000	3.95949
2132.50000000	3.95868
2133.00000000	3.95807
2133.50000000	3.95855
2134.00000000	3.95862
2134.50000000	3.95925
2135.00000000	3.96051
2135.50000000	3.96241
2136.00000000	3.96503
2136.50000000	3.96965
2137.00000000	3.97273
2137.50000000	3.97535
2138.00000000	3.97705
2138.50000000	3.98009
2139.00000000	3.98294
2139.50000000	3.98523
2140.00000000	3.98636
2140.50000000	3.98872
2141.00000000	3.99156
2141.50000000	3.99437
2142.00000000	3.99683
2142.50000000	3.99892
2143.00000000	3.99959
2143.50000000	4.00005
2144.00000000	4.00021
2144.50000000	4.00103
2145.00000000	4.00177
2145.50000000	4.00310
2146.00000000	4.00433
2146.50000000	4.00455
2147.00000000	4.00428
2147.50000000	4.00490
2148.00000000	4.00579
2148.50000000	4.00634
2149.00000000	4.00611
2149.50000000	4.00597
2150.00000000	4.00643
2150.50000000	4.00666
2151.00000000	4.00615
2151.50000000	4.00510
2152.00000000	4.00288
2152.50000000	4.00097
2153.00000000	4.00008
2153.50000000	3.99903
2154.00000000	3.99840
2154.50000000	3.99748
2155.00000000	3.99688
2155.50000000	3.99703
2156.00000000	3.99697
2156.50000000	3.99663
2157.00000000	3.99689
2157.50000000	3.99744
2158.00000000	3.99792
2158.50000000	3.99877
2159.00000000	3.99788
2159.50000000	3.99648
2160.00000000	3.99555
2160.50000000	3.99514
2161.00000000	3.99546
2161.50000000	3.99577
2162.00000000	3.99545
2162.50000000	3.99487
2163.00000000	3.99429
2163.50000000	3.99414
2164.00000000	3.99430
2164.50000000	3.99530
2165.00000000	3.99553
2165.50000000	3.99525
