3140.00000000	3.07539
3140.50000000	3.07603
3141.00000000	3.07719
3141.50000000	3.07759
3142.00000000	3.07752
3142.50000000	3.07902
3143.00000000	3.08147
3143.50000000	3.08308
3144.00000000	3.08369
3144.50000000	3.08384
3145.00000000	3.08409
3145.50000000	3.08472
3146.00000000	3.08508
3146.50000000	3.08681
3147.00000000	3.08925
3147.50000000	3.09162
3148.00000000	3.09427
3148.50000000	3.09557
3149.00000000	3.09607
3149.50000000	3.09547
3150.00000000	3.09434
3150.50000000	3.09318
3151.00000000	3.09296
3151.50000000	3.09216
3152.00000000	3.09261
3152.50000000	3.09203
3153.00000000	3.09228
3153.50000000	3.09175
3154.00000000	3.09137
3154.50000000	3.09023
3155.00000000	3.08873
3155.50000000	3.08805
3156.00000000	3.08730
3156.50000000	3.08530
3157.00000000	3.08244
3157.50000000	3.08012
3158.00000000	3.07793
3158.50000000	3.07556
3159.00000000	3.07325
3159.50000000	3.07027
3160.00000000	3.06786
3160.50000000	3.06700
3161.00000000	3.06637
3161.50000000	3.06571
3162.00000000	3.06532
3162.50000000	3.06526
3163.00000000	3.06553
3163.50000000	3.06600
3164.00000000	3.06693
3164.50000000	3.06782
3165.00000000	3.06826
3165.50000000	3.06862
3166.00000000	3.06920
3166.50000000	3.06923
3167.00000000	3.07064
3167.50000000	3.07218
3168.00000000	3.07374
3168.50000000	3.07378
3169.00000000	3.07522
3169.50000000	3.07673
3170.00000000	3.07839
3170.50000000	3.07852
3171.00000000	3.07796
3171.50000000	3.07730
3172.00000000	3.07616
3172.50000000	3.07475
3173.00000000	3.07348
3173.50000000	3.07208
3174.00000000	3.07078
3174.50000000	3.06899
3175.00000000	3.06598
3175.50000000	3.06410
3176.00000000	3.06347
3176.50000000	3.06396
3177.00000000	3.06568
3177.50000000	3.06796
3178.00000000	3.06887
3178.50000000	3.07165
3179.00000000	3.07516
3179.50000000	3.07847
3180.00000000	3.08294
3180.50000000	3.08863
3181.00000000	3.09421
3181.50000000	3.09849
3182.00000000	3.10265
3182.50000000	3.10535
3183.00000000	3.10953
3183.50000000	3.11297
3184.00000000	3.11472
3184.50000000	3.11564
3185.00000000	3.11659
3185.50000000	3.11750
3186.00000000	3.11707
3186.50000000	3.11839
3187.00000000	3.11926
3187.50000000	3.12044
3188.00000000	3.12140
3188.50000000	3.12221
3189.00000000	3.12269
3189.50000000	3.12454
3190.00000000	3.12634
3190.50000000	3.12879
3191.00000000	3.13080
3191.50000000	3.13143
3192.00000000	3.13183
3192.50000000	3.13160
3193.00000000	3.13290
3193.50000000	3.13337
3194.00000000	3.13553
3194.50000000	3.13857
3195.00000000	3.14142
3195.50000000	3.14405
3196.00000000	3.14616
3196.50000000	3.14802
3197.00000000	3.15024
3197.50000000	3.15341
3198.00000000	3.15735
3198.50000000	3.16046
3199.00000000	3.16365
3199.50000000	3.16643
3200.00000000	3.16829
3200.50000000	3.17034
3201.00000000	3.17318
3201.50000000	3.17514
3202.00000000	3.17696
3202.50000000	3.17795
3203.00000000	3.18187
3203.50000000	3.18454
3204.00000000	3.18670
3204.50000000	3.18940
3205.00000000	3.19055
3205.50000000	3.19255
3206.00000000	3.19377
3206.50000000	3.19417
3207.00000000	3.19436
3207.50000000	3.19502
3208.00000000	3.19566
3208.50000000	3.19565
3209.00000000	3.19392
3209.50000000	3.19180
3210.00000000	3.19072
3210.50000000	3.18997
3211.00000000	3.18930
3211.50000000	3.18970
3212.00000000	3.19042
3212.50000000	3.19116
3213.00000000	3.19149
3213.50000000	3.19067
3214.00000000	3.19039
3214.50000000	3.19120
3215.00000000	3.19255
3215.50000000	3.19348
3216.00000000	3.19448
3216.50000000	3.19721
3217.00000000	3.20082
3217.50000000	3.20437
3218.00000000	3.20762
3218.50000000	3.21195
3219.00000000	3.21728
3219.50000000	3.22367
3220.00000000	3.22914
3220.50000000	3.23382
3221.00000000	3.23908
3221.50000000	3.24396
3222.00000000	3.24850
3222.50000000	3.25147
3223.00000000	3.25376
3223.50000000	3.25524
3224.00000000	3.25670
3224.50000000	3.25771
3225.00000000	3.25716
3225.50000000	3.25762
3226.00000000	3.25890
3226.50000000	3.25969
3227.00000000	3.26009
3227.50000000	3.26048
3228.00000000	3.26237
3228.50000000	3.26314
3229.00000000	3.26374
3229.50000000	3.26408
3230.00000000	3.26446
3230.50000000	3.26530
3231.00000000	3.26697
3231.50000000	3.26915
3232.00000000	3.27117
3232.50000000	3.27257
3233.00000000	3.27371
3233.50000000	3.27415
3234.00000000	3.27397
3234.50000000	3.27351
3235.00000000	3.27369
3235.50000000	3.27375
3236.00000000	3.27217
3236.50000000	3.27179
3237.00000000	3.27102
3237.50000000	3.26951
3238.00000000	3.26732
3238.50000000	3.26530
3239.00000000	3.26255
3239.50000000	3.25902
3240.00000000	3.25720
3240.50000000	3.25517
3241.00000000	3.25231
3241.50000000	3.25030
3242.00000000	3.24837
3242.50000000	3.24671
3243.00000000	3.24564
3243.50000000	3.24429
3244.00000000	3.24507
3244.50000000	3.24647
3245.00000000	3.24758
3245.50000000	3.24754
3246.00000000	3.24740
3246.50000000	3.24759
3247.00000000	3.24889
3247.50000000	3.25052
3248.00000000	3.25158
3248.50000000	3.25245
3249.00000000	3.25278
3249.50000000	3.25282
3250.00000000	3.25346
3250.50000000	3.25323
3251.00000000	3.25361
3251.50000000	3.25587
3252.00000000	3.25771
3252.50000000	3.25978
3253.00000000	3.26314
3253.50000000	3.26634
3254.00000000	3.26853
3254.50000000	3.27144
3255.00000000	3.27403
3255.50000000	3.27704
3256.00000000	3.27954
3256.50000000	3.28164
3257.00000000	3.28331
3257.50000000	3.28666
3258.00000000	3.29020
3258.50000000	3.29298
3259.00000000	3.29387
3259.50000000	3.29448
3260.00000000	3.29552
3260.50000000	3.29653
3261.00000000	3.29675
3261.50000000	3.29688
3262.00000000	3.29738
3262.50000000	3.29792
3263.00000000	3.29703
3263.50000000	3.29494
3264.00000000	3.29403
3264.50000000	3.29356
3265.00000000	3.29206
3265.50000000	3.29076
3266.00000000	3.28993
3266.50000000	3.28978
3267.00000000	3.29080
3267.50000000	3.29178
3268.00000000	3.29180
3268.50000000	3.29215
3269.00000000	3.29218
3269.50000000	3.29160
3270.00000000	3.29081
3270.50000000	3.29054
3271.00000000	3.29042
3271.50000000	3.29080
3272.00000000	3.29142
3272.50000000	3.29168
3273.00000000	3.29100
3273.50000000	3.29148
3274.00000000	3.29175
3274.50000000	3.29275
3275.00000000	3.29407
3275.50000000	3.29779
3276.00000000	3.30066
3276.50000000	3.30283
3277.00000000	3.30374
3277.50000000	3.30573
3278.00000000	3.30752
3278.50000000	3.30940
3279.00000000	3.31007
3279.50000000	3.30877
3280.00000000	3.30786
3280.50000000	3.30826
3281.00000000	3.30950
3281.50000000	3.31112
3282.00000000	3.31217
3282.50000000	3.31263
3283.00000000	3.31234
3283.50000000	3.31310
3284.00000000	3.31405
3284.50000000	3.31447
3285.00000000	3.31563
3285.50000000	3.31791
3286.00000000	3.32099
3286.50000000	3.32459
3287.00000000	3.32713
3287.50000000	3.33070
3288.00000000	3.33354
3288.50000000	3.33689
3289.00000000	3.34153
3289.50000000	3.34655
3290.00000000	3.35053
3290.50000000	3.35334
3291.00000000	3.35547
3291.50000000	3.35678
3292.00000000	3.35950
3292.50000000	3.36092
3293.00000000	3.36195
3293.50000000	3.36252
3294.00000000	3.36368
3294.50000000	3.36493
3295.00000000	3.36506
3295.50000000	3.36552
3296.00000000	3.36323
3296.50000000	3.36092
3297.00000000	3.35862
3297.50000000	3.35562
3298.00000000	3.35370
3298.50000000	3.35088
3299.00000000	3.34783
3299.50000000	3.34528
3300.00000000	3.34185
3300.50000000	3.33872
3301.00000000	3.33616
3301.50000000	3.33390
3302.00000000	3.33159
3302.50000000	3.33157
3303.00000000	3.33313
3303.50000000	3.33473
3304.00000000	3.33658
3304.50000000	3.33931
3305.00000000	3.34151
3305.50000000	3.34349
3306.00000000	3.34477
3306.50000000	3.34631
3307.00000000	3.34868
3307.50000000	3.35088
3308.00000000	3.35272
3308.50000000	3.35457
3309.00000000	3.35799
3309.50000000	3.36003
3310.00000000	3.36213
3310.50000000	3.36477
3311.00000000	3.36759
3311.50000000	3.36902
3312.00000000	3.36956
3312.50000000	3.37045
3313.00000000	3.37082
3313.50000000	3.37029
3314.00000000	3.37103
3314.50000000	3.37120
3315.00000000	3.37029
3315.50000000	3.36863
3316.00000000	3.36659
3316.50000000	3.36458
3317.00000000	3.36302
3317.50000000	3.36232
3318.00000000	3.36244
3318.50000000	3.36146
3319.00000000	3.36198
3319.50000000	3.35988
3320.00000000	3.35566
3320.50000000	3.35274
3321.00000000	3.35004
3321.50000000	3.34821
3322.00000000	3.34644
3322.50000000	3.34610
3323.00000000	3.34521
3323.50000000	3.34296
3324.00000000	3.34168
3324.50000000	3.34087
3325.00000000	3.33985
3325.50000000	3.33806
3326.00000000	3.33720
3326.50000000	3.33444
3327.00000000	3.33174
3327.50000000	3.32954
3328.00000000	3.32684
3328.50000000	3.32317
3329.00000000	3.31906
3329.50000000	3.31614
3330.00000000	3.31271
3330.50000000	3.31022
3331.00000000	3.30833
3331.50000000	3.30583
3332.00000000	3.30449
3332.50000000	3.30264
3333.00000000	3.30024
3333.50000000	3.29834
3334.00000000	3.29740
3334.50000000	3.29675
3335.00000000	3.29755
3335.50000000	3.29919
3336.00000000	3.30132
3336.50000000	3.30322
3337.00000000	3.30433
3337.50000000	3.30546
3338.00000000	3.30538
3338.50000000	3.30632
3339.00000000	3.30858
3339.50000000	3.31014
3340.00000000	3.31206
3340.50000000	3.31394
3341.00000000	3.31526
3341.50000000	3.31561
3342.00000000	3.31687
3342.50000000	3.31845
3343.00000000	3.32098
3343.50000000	3.32438
3344.00000000	3.32683
3344.50000000	3.32975
3345.00000000	3.33177
3345.50000000	3.33295
3346.00000000	3.33212
3346.50000000	3.33221
3347.00000000	3.33165
3347.50000000	3.33106
3348.00000000	3.33151
3348.50000000	3.33019
3349.00000000	3.32937
3349.50000000	3.32747
3350.00000000	3.32659
3350.50000000	3.32650
3351.00000000	3.32660
3351.50000000	3.32593
3352.00000000	3.32575
3352.50000000	3.32567
3353.00000000	3.32452
3353.50000000	3.32531
3354.00000000	3.32725
3354.50000000	3.32970
3355.00000000	3.33243
3355.50000000	3.33458
3356.00000000	3.33522
3356.50000000	3.33530
3357.00000000	3.33403
3357.50000000	3.33291
3358.00000000	3.33204
3358.50000000	3.33241
3359.00000000	3.33220
3359.50000000	3.33014
3360.00000000	3.32859
3360.50000000	3.32750
3361.00000000	3.32712
3361.50000000	3.32809
3362.00000000	3.32876
3362.50000000	3.32891
3363.00000000	3.32982
3363.50000000	3.32997
3364.00000000	3.33045
3364.50000000	3.33124
3365.00000000	3.33246
3365.50000000	3.33358
3366.00000000	3.33407
3366.50000000	3.33614
3367.00000000	3.33739
3367.50000000	3.33908
3368.00000000	3.34130
3368.50000000	3.34386
3369.00000000	3.34748
3369.50000000	3.35152
3370.00000000	3.35453
3370.50000000	3.35956
3371.00000000	3.36434
3371.50000000	3.36830
3372.00000000	3.37268
3372.50000000	3.37573
3373.00000000	3.38014
3373.50000000	3.38476
3374.00000000	3.38851
3374.50000000	3.39198
3375.00000000	3.39624
3375.50000000	3.40026
3376.00000000	3.40421
3376.50000000	3.40685
3377.00000000	3.40841
3377.50000000	3.40821
3378.00000000	3.40887
3378.50000000	3.40821
3379.00000000	3.40832
3379.50000000	3.40876
3380.00000000	3.40891
3380.50000000	3.40968
3381.00000000	3.41069
3381.50000000	3.41283
3382.00000000	3.41476
3382.50000000	3.41763
3383.00000000	3.42081
3383.50000000	3.42370
3384.00000000	3.42542
3384.50000000	3.42691
3385.00000000	3.42726
3385.50000000	3.42773
3386.00000000	3.43004
3386.50000000	3.43299
3387.00000000	3.43591
3387.50000000	3.43762
3388.00000000	3.43880
3388.50000000	3.44012
3389.00000000	3.44187
3389.50000000	3.44319
3390.00000000	3.44543
3390.50000000	3.44802
3391.00000000	3.45057
3391.50000000	3.45291
3392.00000000	3.45462
3392.50000000	3.45679
3393.00000000	3.45948
3393.50000000	3.46234
3394.00000000	3.46426
3394.50000000	3.46434
3395.00000000	3.46521
3395.50000000	3.46480
3396.00000000	3.46541
3396.50000000	3.46633
3397.00000000	3.46662
3397.50000000	3.46586
3398.00000000	3.46477
3398.50000000	3.46346
3399.00000000	3.46307
3399.50000000	3.46191
3400.00000000	3.45949
3400.50000000	3.45618
3401.00000000	3.45306
3401.50000000	3.44909
3402.00000000	3.44579
3402.50000000	3.44269
3403.00000000	3.44103
3403.50000000	3.43906
3404.00000000	3.43755
3404.50000000	3.43724
3405.00000000	3.43659
3405.50000000	3.43543
3406.00000000	3.43451
3406.50000000	3.43469
3407.00000000	3.43462
3407.50000000	3.43270
3408.00000000	3.43018
3408.50000000	3.42735
3409.00000000	3.42610
3409.50000000	3.42466
3410.00000000	3.42121
3410.50000000	3.41734
3411.00000000	3.41308
3411.50000000	3.40965
3412.00000000	3.40565
3412.50000000	3.40358
3413.00000000	3.40194
3413.50000000	3.40140
3414.00000000	3.40097
3414.50000000	3.40090
3415.00000000	3.40244
3415.50000000	3.40492
3416.00000000	3.40789
3416.50000000	3.40985
3417.00000000	3.41307
3417.50000000	3.41477
3418.00000000	3.41718
3418.50000000	3.41940
3419.00000000	3.42003
3419.50000000	3.42127
3420.00000000	3.42171
3420.50000000	3.42083
3421.00000000	3.42076
3421.50000000	3.41998
3422.00000000	3.41896
3422.50000000	3.41836
3423.00000000	3.41713
3423.50000000	3.41586
3424.00000000	3.41394
3424.50000000	3.41189
3425.00000000	3.41101
3425.50000000	3.40980
3426.00000000	3.40667
3426.50000000	3.40177
3427.00000000	3.39703
3427.50000000	3.39417
3428.00000000	3.39326
3428.50000000	3.39244
3429.00000000	3.39035
3429.50000000	3.38777
3430.00000000	3.38564
3430.50000000	3.38388
3431.00000000	3.38191
3431.50000000	3.38099
3432.00000000	3.38085
3432.50000000	3.37972
3433.00000000	3.37898
3433.50000000	3.37709
3434.00000000	3.37632
3434.50000000	3.37544
3435.00000000	3.37457
3435.50000000	3.37334
3436.00000000	3.37206
3436.50000000	3.37143
3437.00000000	3.37051
3437.50000000	3.37010
3438.00000000	3.37100
3438.50000000	3.37347
3439.00000000	3.37547
3439.50000000	3.37600
3440.00000000	3.37634
3440.50000000	3.37786
3441.00000000	3.38079
3441.50000000	3.38439
3442.00000000	3.38829
3442.50000000	3.39160
3443.00000000	3.39511
3443.50000000	3.39835
3444.00000000	3.40085
3444.50000000	3.40308
3445.00000000	3.40554
3445.50000000	3.40857
3446.00000000	3.41124
3446.50000000	3.41474
3447.00000000	3.41684
3447.50000000	3.41777
3448.00000000	3.41855
3448.50000000	3.41840
3449.00000000	3.41894
3449.50000000	3.42040
3450.00000000	3.42081
3450.50000000	3.41997
3451.00000000	3.41918
3451.50000000	3.42004
3452.00000000	3.42251
3452.50000000	3.42388
3453.00000000	3.42482
3453.50000000	3.42588
3454.00000000	3.42787
3454.50000000	3.43071
3455.00000000	3.43342
3455.50000000	3.43517
3456.00000000	3.43746
3456.50000000	3.43945
3457.00000000	3.43973
3457.50000000	3.43996
3458.00000000	3.43886
3458.50000000	3.43652
3459.00000000	3.43699
3459.50000000	3.43627
3460.00000000	3.43583
3460.50000000	3.43403
3461.00000000	3.43186
3461.50000000	3.42974
3462.00000000	3.42743
3462.50000000	3.42551
3463.00000000	3.42399
3463.50000000	3.42315
3464.00000000	3.42256
3464.50000000	3.42177
3465.00000000	3.42125
3465.50000000	3.41993
3466.00000000	3.41927
3466.50000000	3.41898
3467.00000000	3.41877
3467.50000000	3.41901
3468.00000000	3.41827
3468.50000000	3.41665
3469.00000000	3.41486
3469.50000000	3.41169
3470.00000000	3.40914
3470.50000000	3.40770
3471.00000000	3.40796
3471.50000000	3.40893
3472.00000000	3.40878
3472.50000000	3.40878
3473.00000000	3.40874
3473.50000000	3.40821
3474.00000000	3.40696
3474.50000000	3.40394
3475.00000000	3.40121
3475.50000000	3.40006
3476.00000000	3.39880
3476.50000000	3.39754
3477.00000000	3.39451
3477.50000000	3.39149
3478.00000000	3.38885
3478.50000000	3.38620
3479.00000000	3.38321
3479.50000000	3.37971
3480.00000000	3.37669
3480.50000000	3.37233
3481.00000000	3.36881
3481.50000000	3.36463
3482.00000000	3.36053
3482.50000000	3.35666
3483.00000000	3.35337
3483.50000000	3.35003
3484.00000000	3.34677
3484.50000000	3.34364
3485.00000000	3.34175
3485.50000000	3.34024
3486.00000000	3.33862
3486.50000000	3.33637
3487.00000000	3.33422
3487.50000000	3.33140
3488.00000000	3.33035
3488.50000000	3.32959
3489.00000000	3.32985
3489.50000000	3.33162
3490.00000000	3.33417
3490.50000000	3.33600
3491.00000000	3.33825
3491.50000000	3.34027
3492.00000000	3.34211
3492.50000000	3.34460
3493.00000000	3.34826
3493.50000000	3.35159
3494.00000000	3.35599
3494.50000000	3.35885
3495.00000000	3.36107
3495.50000000	3.36387
3496.00000000	3.36678
3496.50000000	3.36760
3497.00000000	3.36897
3497.50000000	3.37058
3498.00000000	3.37396
3498.50000000	3.37742
3499.00000000	3.38137
3499.50000000	3.38413
3500.00000000	3.38647
3500.50000000	3.38921
3501.00000000	3.39101
3501.50000000	3.39244
3502.00000000	3.39441
3502.50000000	3.39504
3503.00000000	3.39668
3503.50000000	3.39871
3504.00000000	3.40112
3504.50000000	3.40370
3505.00000000	3.40540
3505.50000000	3.40798
3506.00000000	3.41196
3506.50000000	3.41623
3507.00000000	3.41946
3507.50000000	3.42093
3508.00000000	3.42221
3508.50000000	3.42317
3509.00000000	3.42282
3509.50000000	3.42313
3510.00000000	3.42274
3510.50000000	3.42355
3511.00000000	3.42649
3511.50000000	3.42863
3512.00000000	3.43038
3512.50000000	3.43187
3513.00000000	3.43403
3513.50000000	3.43583
3514.00000000	3.43812
3514.50000000	3.44053
3515.00000000	3.44250
3515.50000000	3.44526
3516.00000000	3.44806
3516.50000000	3.45046
3517.00000000	3.45253
3517.50000000	3.45427
3518.00000000	3.45570
3518.50000000	3.45659
3519.00000000	3.45880
3519.50000000	3.46108
3520.00000000	3.46346
3520.50000000	3.46481
3521.00000000	3.46605
3521.50000000	3.46682
3522.00000000	3.46837
3522.50000000	3.46997
3523.00000000	3.47197
3523.50000000	3.47419
3524.00000000	3.47668
3524.50000000	3.47925
3525.00000000	3.48181
3525.50000000	3.48411
3526.00000000	3.48470
3526.50000000	3.48523
3527.00000000	3.48615
3527.50000000	3.48634
3528.00000000	3.48594
3528.50000000	3.48558
3529.00000000	3.48531
3529.50000000	3.48531
3530.00000000	3.48464
3530.50000000	3.48341
3531.00000000	3.48156
3531.50000000	3.47960
3532.00000000	3.47787
3532.50000000	3.47636
3533.00000000	3.47476
3533.50000000	3.47406
3534.00000000	3.47343
3534.50000000	3.47164
3535.00000000	3.46927
3535.50000000	3.46811
3536.00000000	3.46478
3536.50000000	3.46008
3537.00000000	3.45636
3537.50000000	3.45300
3538.00000000	3.45133
3538.50000000	3.45025
3539.00000000	3.44897
3539.50000000	3.44564
3540.00000000	3.44179
3540.50000000	3.43850
3541.00000000	3.43459
3541.50000000	3.43068
3542.00000000	3.42719
3542.50000000	3.42356
3543.00000000	3.41857
3543.50000000	3.41403
3544.00000000	3.41068
3544.50000000	3.40811
3545.00000000	3.40569
3545.50000000	3.40271
3546.00000000	3.40000
3546.50000000	3.39784
3547.00000000	3.39554
3547.50000000	3.39208
3548.00000000	3.38764
3548.50000000	3.38277
3549.00000000	3.37695
3549.50000000	3.37256
3550.00000000	3.37000
3550.50000000	3.36812
3551.00000000	3.36697
3551.50000000	3.36627
3552.00000000	3.36396
3552.50000000	3.36222
3553.00000000	3.36186
3553.50000000	3.36179
3554.00000000	3.36162
3554.50000000	3.35980
3555.00000000	3.35897
3555.50000000	3.35717
3556.00000000	3.35640
3556.50000000	3.35658
3557.00000000	3.35555
3557.50000000	3.35513
3558.00000000	3.35357
3558.50000000	3.35274
3559.00000000	3.35237
3559.50000000	3.35151
3560.00000000	3.34913
3560.50000000	3.34559
3561.00000000	3.34246
3561.50000000	3.33979
3562.00000000	3.33780
3562.50000000	3.33646
3563.00000000	3.33522
3563.50000000	3.33317
3564.00000000	3.33187
3564.50000000	3.33001
3565.00000000	3.32821
3565.50000000	3.32661
3566.00000000	3.32510
3566.50000000	3.32503
3567.00000000	3.32336
3567.50000000	3.32071
3568.00000000	3.31731
3568.50000000	3.31438
3569.00000000	3.31092
3569.50000000	3.30810
3570.00000000	3.30494
3570.50000000	3.30166
3571.00000000	3.29934
3571.50000000	3.29696
3572.00000000	3.29521
3572.50000000	3.29329
3573.00000000	3.29158
3573.50000000	3.28903
3574.00000000	3.28524
3574.50000000	3.28201
3575.00000000	3.27840
3575.50000000	3.27572
3576.00000000	3.27426
3576.50000000	3.27238
3577.00000000	3.27176
3577.50000000	3.27090
3578.00000000	3.26955
3578.50000000	3.26876
3579.00000000	3.26803
3579.50000000	3.26920
3580.00000000	3.27094
3580.50000000	3.27323
3581.00000000	3.27580
3581.50000000	3.27772
3582.00000000	3.27750
3582.50000000	3.27731
3583.00000000	3.27754
3583.50000000	3.27749
3584.00000000	3.27663
3584.50000000	3.27724
3585.00000000	3.27848
3585.50000000	3.27989
3586.00000000	3.28016
3586.50000000	3.28190
3587.00000000	3.28331
3587.50000000	3.28461
3588.00000000	3.28607
3588.50000000	3.28737
3589.00000000	3.29035
3589.50000000	3.29197
3590.00000000	3.29288
3590.50000000	3.29326
3591.00000000	3.29547
3591.50000000	3.29768
3592.00000000	3.29912
3592.50000000	3.30066
3593.00000000	3.30215
3593.50000000	3.30442
3594.00000000	3.30711
3594.50000000	3.30962
3595.00000000	3.31230
3595.50000000	3.31427
3596.00000000	3.31811
3596.50000000	3.32137
3597.00000000	3.32404
3597.50000000	3.32724
3598.00000000	3.32805
3598.50000000	3.32815
3599.00000000	3.32817
3599.50000000	3.32867
3600.00000000	3.32964
3600.50000000	3.33004
3601.00000000	3.32924
3601.50000000	3.32773
3602.00000000	3.32578
3602.50000000	3.32307
3603.00000000	3.32100
3603.50000000	3.31917
3604.00000000	3.31674
3604.50000000	3.31432
3605.00000000	3.31308
3605.50000000	3.31205
3606.00000000	3.31265
3606.50000000	3.31342
3607.00000000	3.31444
3607.50000000	3.31528
3608.00000000	3.31566
3608.50000000	3.31505
3609.00000000	3.31477
3609.50000000	3.31345
3610.00000000	3.31215
3610.50000000	3.31011
3611.00000000	3.30804
3611.50000000	3.30620
3612.00000000	3.30451
3612.50000000	3.30272
3613.00000000	3.30239
3613.50000000	3.30209
3614.00000000	3.30388
3614.50000000	3.30550
3615.00000000	3.30642
3615.50000000	3.30706
3616.00000000	3.30814
3616.50000000	3.30992
3617.00000000	3.31272
3617.50000000	3.31315
3618.00000000	3.31281
3618.50000000	3.31280
3619.00000000	3.31184
3619.50000000	3.30913
3620.00000000	3.30711
3620.50000000	3.30628
3621.00000000	3.30556
3621.50000000	3.30538
3622.00000000	3.30671
3622.50000000	3.30679
3623.00000000	3.30677
3623.50000000	3.30712
3624.00000000	3.30793
3624.50000000	3.30825
3625.00000000	3.30813
3625.50000000	3.30768
3626.00000000	3.30550
3626.50000000	3.30373
3627.00000000	3.30054
3627.50000000	3.29741
3628.00000000	3.29562
3628.50000000	3.29321
3629.00000000	3.29266
3629.50000000	3.29123
3630.00000000	3.28948
3630.50000000	3.28951
3631.00000000	3.28919
3631.50000000	3.28860
3632.00000000	3.28868
3632.50000000	3.28877
3633.00000000	3.28886
3633.50000000	3.29012
3634.00000000	3.29147
3634.50000000	3.29419
3635.00000000	3.29504
3635.50000000	3.29374
3636.00000000	3.29232
3636.50000000	3.28933
3637.00000000	3.28624
3637.50000000	3.28177
3638.00000000	3.27745
3638.50000000	3.27348
3639.00000000	3.26947
3639.50000000	3.26573
3640.00000000	3.26282
3640.50000000	3.26035
3641.00000000	3.25851
3641.50000000	3.25586
3642.00000000	3.25218
3642.50000000	3.24944
3643.00000000	3.24807
3643.50000000	3.24636
3644.00000000	3.24493
3644.50000000	3.24273
3645.00000000	3.24038
3645.50000000	3.23910
3646.00000000	3.23791
3646.50000000	3.23629
3647.00000000	3.23359
3647.50000000	3.23158
3648.00000000	3.22986
3648.50000000	3.22670
3649.00000000	3.22481
3649.50000000	3.22436
3650.00000000	3.22458
3650.50000000	3.22330
3651.00000000	3.22242
3651.50000000	3.22051
3652.00000000	3.21897
3652.50000000	3.21737
3653.00000000	3.21542
3653.50000000	3.21272
3654.00000000	3.20998
3654.50000000	3.20708
3655.00000000	3.20400
3655.50000000	3.20244
3656.00000000	3.20058
3656.50000000	3.19908
3657.00000000	3.19849
3657.50000000	3.19898
3658.00000000	3.19920
3658.50000000	3.19983
3659.00000000	3.20006
3659.50000000	3.20022
3660.00000000	3.20040
3660.50000000	3.20133
3661.00000000	3.20211
3661.50000000	3.20398
3662.00000000	3.20505
3662.50000000	3.20457
3663.00000000	3.20352
3663.50000000	3.20125
3664.00000000	3.19976
3664.50000000	3.19853
3665.00000000	3.19688
3665.50000000	3.19490
3666.00000000	3.19331
3666.50000000	3.19277
3667.00000000	3.19198
3667.50000000	3.19266
3668.00000000	3.19403
3668.50000000	3.19493
3669.00000000	3.19631
3669.50000000	3.19832
3670.00000000	3.20028
3670.50000000	3.20110
3671.00000000	3.20158
3671.50000000	3.20264
3672.00000000	3.20280
3672.50000000	3.20211
3673.00000000	3.20037
3673.50000000	3.19894
3674.00000000	3.19837
3674.50000000	3.19869
3675.00000000	3.19843
3675.50000000	3.19878
3676.00000000	3.19917
3676.50000000	3.20002
3677.00000000	3.19992
3677.50000000	3.19954
3678.00000000	3.20110
3678.50000000	3.20265
3679.00000000	3.20426
3679.50000000	3.20534
3680.00000000	3.20689
3680.50000000	3.20806
3681.00000000	3.20934
3681.50000000	3.21156
3682.00000000	3.21453
3682.50000000	3.21824
3683.00000000	3.22203
3683.50000000	3.22642
3684.00000000	3.23145
3684.50000000	3.23504
3685.00000000	3.23928
3685.50000000	3.24232
3686.00000000	3.24526
3686.50000000	3.24901
3687.00000000	3.25125
3687.50000000	3.25341
3688.00000000	3.25447
3688.50000000	3.25500
3689.00000000	3.25578
3689.50000000	3.25603
3690.00000000	3.25799
3690.50000000	3.26096
3691.00000000	3.26410
3691.50000000	3.26691
3692.00000000	3.26927
3692.50000000	3.27227
3693.00000000	3.27623
3693.50000000	3.28026
3694.00000000	3.28464
3694.50000000	3.28750
3695.00000000	3.29033
3695.50000000	3.29479
3696.00000000	3.29858
3696.50000000	3.30338
3697.00000000	3.30755
3697.50000000	3.30977
3698.00000000	3.31262
3698.50000000	3.31621
3699.00000000	3.31915
3699.50000000	3.32092
3700.00000000	3.32358
3700.50000000	3.32510
3701.00000000	3.32565
3701.50000000	3.32742
3702.00000000	3.32859
3702.50000000	3.32953
3703.00000000	3.33148
3703.50000000	3.33387
3704.00000000	3.33397
3704.50000000	3.33367
3705.00000000	3.33406
3705.50000000	3.33384
3706.00000000	3.33548
3706.50000000	3.33699
3707.00000000	3.33758
3707.50000000	3.33861
3708.00000000	3.33952
3708.50000000	3.33991
3709.00000000	3.34048
3709.50000000	3.34193
3710.00000000	3.34390
3710.50000000	3.34595
3711.00000000	3.34770
3711.50000000	3.34990
3712.00000000	3.35057
3712.50000000	3.35063
3713.00000000	3.35043
3713.50000000	3.35053
3714.00000000	3.35062
3714.50000000	3.35046
3715.00000000	3.35020
3715.50000000	3.34888
3716.00000000	3.34777
3716.50000000	3.34783
3717.00000000	3.34866
3717.50000000	3.34957
3718.00000000	3.35205
3718.50000000	3.35403
3719.00000000	3.35563
3719.50000000	3.35714
3720.00000000	3.35929
3720.50000000	3.36261
3721.00000000	3.36545
3721.50000000	3.36734
3722.00000000	3.36965
3722.50000000	3.37175
3723.00000000	3.37284
3723.50000000	3.37507
3724.00000000	3.37753
3724.50000000	3.37914
3725.00000000	3.38194
3725.50000000	3.38282
3726.00000000	3.38438
3726.50000000	3.38639
3727.00000000	3.38763
3727.50000000	3.39010
3728.00000000	3.39217
3728.50000000	3.39533
3729.00000000	3.39782
3729.50000000	3.40059
3730.00000000	3.40332
3730.50000000	3.40572
3731.00000000	3.40782
3731.50000000	3.40830
3732.00000000	3.40885
3732.50000000	3.41074
3733.00000000	3.41230
3733.50000000	3.41430
3734.00000000	3.41718
3734.50000000	3.41933
3735.00000000	3.42021
3735.50000000	3.42040
3736.00000000	3.42037
3736.50000000	3.41984
3737.00000000	3.41884
3737.50000000	3.41720
3738.00000000	3.41554
3738.50000000	3.41452
3739.00000000	3.41370
3739.50000000	3.41367
3740.00000000	3.41275
3740.50000000	3.41165
3741.00000000	3.41052
3741.50000000	3.40947
3742.00000000	3.40732
3742.50000000	3.40458
3743.00000000	3.40144
3743.50000000	3.39793
3744.00000000	3.39568
3744.50000000	3.39419
3745.00000000	3.39444
3745.50000000	3.39309
3746.00000000	3.39174
3746.50000000	3.38947
3747.00000000	3.38870
3747.50000000	3.38770
3748.00000000	3.38644
3748.50000000	3.38508
3749.00000000	3.38450
3749.50000000	3.38452
3750.00000000	3.38398
3750.50000000	3.38479
3751.00000000	3.38606
3751.50000000	3.38607
3752.00000000	3.38716
3752.50000000	3.38794
3753.00000000	3.38930
3753.50000000	3.39096
3754.00000000	3.39433
3754.50000000	3.39634
3755.00000000	3.39725
3755.50000000	3.39737
3756.00000000	3.39939
3756.50000000	3.40026
3757.00000000	3.40204
3757.50000000	3.40249
3758.00000000	3.40204
3758.50000000	3.39960
3759.00000000	3.39772
3759.50000000	3.39744
3760.00000000	3.39782
3760.50000000	3.39849
3761.00000000	3.39800
3761.50000000	3.39856
3762.00000000	3.39875
3762.50000000	3.40043
3763.00000000	3.40243
3763.50000000	3.40487
3764.00000000	3.40721
3764.50000000	3.40949
3765.00000000	3.41123
3765.50000000	3.41367
3766.00000000	3.41707
3766.50000000	3.41866
3767.00000000	3.42132
3767.50000000	3.42330
3768.00000000	3.42470
3768.50000000	3.42742
3769.00000000	3.42827
3769.50000000	3.42855
3770.00000000	3.43013
3770.50000000	3.43240
3771.00000000	3.43423
3771.50000000	3.43495
3772.00000000	3.43569
3772.50000000	3.43728
3773.00000000	3.43926
3773.50000000	3.44120
3774.00000000	3.44287
3774.50000000	3.44489
3775.00000000	3.44750
3775.50000000	3.44938
3776.00000000	3.45218
3776.50000000	3.45468
3777.00000000	3.45655
3777.50000000	3.45791
3778.00000000	3.45937
3778.50000000	3.46056
3779.00000000	3.46102
3779.50000000	3.46259
3780.00000000	3.46616
3780.50000000	3.46917
3781.00000000	3.47179
3781.50000000	3.47508
3782.00000000	3.47978
3782.50000000	3.48522
3783.00000000	3.49059
3783.50000000	3.49520
3784.00000000	3.50020
3784.50000000	3.50492
3785.00000000	3.50786
3785.50000000	3.51332
3786.00000000	3.51868
3786.50000000	3.52281
3787.00000000	3.52532
3787.50000000	3.52877
3788.00000000	3.53181
3788.50000000	3.53387
3789.00000000	3.53399
3789.50000000	3.53411
3790.00000000	3.53438
3790.50000000	3.53500
3791.00000000	3.53555
3791.50000000	3.53644
3792.00000000	3.53678
3792.50000000	3.53698
3793.00000000	3.53555
3793.50000000	3.53410
3794.00000000	3.53336
3794.50000000	3.53360
3795.00000000	3.53433
3795.50000000	3.53513
3796.00000000	3.53593
3796.50000000	3.53778
3797.00000000	3.53996
3797.50000000	3.54283
3798.00000000	3.54599
3798.50000000	3.54987
3799.00000000	3.55246
3799.50000000	3.55345
3800.00000000	3.55382
3800.50000000	3.55423
3801.00000000	3.55404
3801.50000000	3.55444
3802.00000000	3.55498
3802.50000000	3.55544
3803.00000000	3.55651
3803.50000000	3.55883
3804.00000000	3.56196
3804.50000000	3.56536
3805.00000000	3.56819
3805.50000000	3.56955
3806.00000000	3.57012
3806.50000000	3.57148
3807.00000000	3.57366
3807.50000000	3.57587
3808.00000000	3.57745
3808.50000000	3.57968
3809.00000000	3.58235
3809.50000000	3.58276
3810.00000000	3.58423
3810.50000000	3.58588
3811.00000000	3.58719
3811.50000000	3.58851
3812.00000000	3.58985
3812.50000000	3.59140
3813.00000000	3.59246
3813.50000000	3.59455
3814.00000000	3.59838
3814.50000000	3.60247
3815.00000000	3.60419
3815.50000000	3.60569
3816.00000000	3.60907
3816.50000000	3.61163
3817.00000000	3.61382
3817.50000000	3.61714
3818.00000000	3.61981
3818.50000000	3.62099
3819.00000000	3.62136
3819.50000000	3.62387
3820.00000000	3.62439
3820.50000000	3.62575
3821.00000000	3.62477
3821.50000000	3.62397
3822.00000000	3.62221
3822.50000000	3.62126
3823.00000000	3.61980
3823.50000000	3.61933
3824.00000000	3.61820
3824.50000000	3.61620
3825.00000000	3.61406
3825.50000000	3.61254
3826.00000000	3.61228
3826.50000000	3.61164
3827.00000000	3.61086
3827.50000000	3.61108
3828.00000000	3.61071
3828.50000000	3.61080
3829.00000000	3.61192
3829.50000000	3.61296
3830.00000000	3.61420
3830.50000000	3.61503
3831.00000000	3.61525
3831.50000000	3.61618
3832.00000000	3.61691
3832.50000000	3.61785
3833.00000000	3.61807
3833.50000000	3.61828
3834.00000000	3.61824
3834.50000000	3.61890
3835.00000000	3.61938
3835.50000000	3.62041
3836.00000000	3.62089
3836.50000000	3.62134
3837.00000000	3.62139
3837.50000000	3.62042
3838.00000000	3.61980
3838.50000000	3.62066
3839.00000000	3.62252
3839.50000000	3.62422
3840.00000000	3.62597
3840.50000000	3.62924
3841.00000000	3.63228
3841.50000000	3.63414
3842.00000000	3.63618
3842.50000000	3.63725
3843.00000000	3.63768
3843.50000000	3.63880
3844.00000000	3.64127
3844.50000000	3.64345
3845.00000000	3.64386
3845.50000000	3.64324
3846.00000000	3.64334
3846.50000000	3.64326
3847.00000000	3.64319
3847.50000000	3.64267
3848.00000000	3.64197
3848.50000000	3.64180
3849.00000000	3.64308
3849.50000000	3.64356
3850.00000000	3.64313
3850.50000000	3.64325
3851.00000000	3.64254
3851.50000000	3.64211
3852.00000000	3.64394
3852.50000000	3.64465
3853.00000000	3.64304
3853.50000000	3.64092
3854.00000000	3.63843
3854.50000000	3.63689
3855.00000000	3.63503
3855.50000000	3.63400
3856.00000000	3.63301
3856.50000000	3.63096
3857.00000000	3.62716
3857.50000000	3.62433
3858.00000000	3.61988
3858.50000000	3.61446
3859.00000000	3.61025
3859.50000000	3.60576
3860.00000000	3.60069
3860.50000000	3.59501
