2730.00000000	7.69691
2730.50000000	7.69864
2731.00000000	7.70014
2731.50000000	7.70052
2732.00000000	7.70023
2732.50000000	7.70067
2733.00000000	7.70139
2733.50000000	7.70274
2734.00000000	7.70454
2734.50000000	7.70574
2735.00000000	7.70601
2735.50000000	7.70508
2736.00000000	7.70443
2736.50000000	7.70340
2737.00000000	7.70214
2737.50000000	7.70069
2738.00000000	7.70013
2738.50000000	7.69960
2739.00000000	7.69981
2739.50000000	7.70048
2740.00000000	7.70006
2740.50000000	7.69921
2741.00000000	7.69765
2741.50000000	7.69674
2742.00000000	7.69547
2742.50000000	7.69293
2743.00000000	7.69005
2743.50000000	7.68709
2744.00000000	7.68504
2744.50000000	7.68245
2745.00000000	7.68124
2745.50000000	7.67887
2746.00000000	7.67693
2746.50000000	7.67392
2747.00000000	7.67309
2747.50000000	7.67110
2748.00000000	7.66927
2748.50000000	7.66681
2749.00000000	7.66524
2749.50000000	7.66445
2750.00000000	7.66298
2750.50000000	7.66286
2751.00000000	7.66310
2751.50000000	7.66266
2752.00000000	7.66318
2752.50000000	7.66313
2753.00000000	7.66340
2753.50000000	7.66330
2754.00000000	7.66398
2754.50000000	7.66450
2755.00000000	7.66372
2755.50000000	7.66178
2756.00000000	7.66153
2756.50000000	7.66029
2757.00000000	7.65981
2757.50000000	7.65773
2758.00000000	7.65434
2758.50000000	7.64913
2759.00000000	7.64475
2759.50000000	7.64210
2760.00000000	7.64021
2760.50000000	7.63873
2761.00000000	7.63692
2761.50000000	7.63598
2762.00000000	7.63471
2762.50000000	7.63511
2763.00000000	7.63576
2763.50000000	7.63691
2764.00000000	7.63752
2764.50000000	7.63831
2765.00000000	7.63921
2765.50000000	7.64029
2766.00000000	7.64195
2766.50000000	7.64197
2767.00000000	7.64231
2767.50000000	7.64241
2768.00000000	7.64194
2768.50000000	7.64265
2769.00000000	7.64097
2769.50000000	7.63894
2770.00000000	7.63785
2770.50000000	7.63707
2771.00000000	7.63575
2771.50000000	7.63334
2772.00000000	7.63124
2772.50000000	7.62952
2773.00000000	7.62828
2773.50000000	7.62766
2774.00000000	7.62777
2774.50000000	7.62858
2775.00000000	7.62966
2775.50000000	7.62994
2776.00000000	7.63141
2776.50000000	7.63222
2777.00000000	7.63250
2777.50000000	7.63222
2778.00000000	7.63166
2778.50000000	7.63082
2779.00000000	7.62944
2779.50000000	7.62868
2780.00000000	7.63012
2780.50000000	7.63120
2781.00000000	7.63188
2781.50000000	7.63277
2782.00000000	7.63497
2782.50000000	7.63801
2783.00000000	7.64115
2783.50000000	7.64374
2784.00000000	7.64723
2784.50000000	7.65027
