0.00000000	4.23816
0.50000000	4.23981
1.00000000	4.24243
1.50000000	4.24409
2.00000000	4.24497
2.50000000	4.24704
3.00000000	4.24837
3.50000000	4.24817
4.00000000	4.24617
4.50000000	4.24374
5.00000000	4.24041
5.50000000	4.23915
6.00000000	4.23990
6.50000000	4.24042
7.00000000	4.24181
7.50000000	4.24394
8.00000000	4.24400
8.50000000	4.24583
9.00000000	4.24586
9.50000000	4.24642
10.00000000	4.24495
10.50000000	4.24259
11.00000000	4.24114
11.50000000	4.23911
12.00000000	4.23820
12.50000000	4.23664
13.00000000	4.23862
13.50000000	4.24098
14.00000000	4.24254
14.50000000	4.24416
15.00000000	4.24783
15.50000000	4.25240
16.00000000	4.25499
16.50000000	4.25719
17.00000000	4.26055
17.50000000	4.26301
18.00000000	4.26465
18.50000000	4.26735
19.00000000	4.26917
19.50000000	4.27187
20.00000000	4.27515
20.50000000	4.27719
21.00000000	4.27752
21.50000000	4.27913
22.00000000	4.28063
22.50000000	4.28337
23.00000000	4.28403
23.50000000	4.28241
24.00000000	4.28215
24.50000000	4.28382
25.00000000	4.28608
25.50000000	4.28656
26.00000000	4.28638
26.50000000	4.28640
27.00000000	4.28493
27.50000000	4.28104
28.00000000	4.27865
28.50000000	4.27457
29.00000000	4.27271
29.50000000	4.27249
30.00000000	4.27083
30.50000000	4.27017
31.00000000	4.26984
31.50000000	4.27073
32.00000000	4.27301
32.50000000	4.27423
33.00000000	4.27559
33.50000000	4.27586
34.00000000	4.27747
34.50000000	4.27880
35.00000000	4.27996
35.50000000	4.27977
36.00000000	4.28074
36.50000000	4.28132
37.00000000	4.28357
37.50000000	4.28523
38.00000000	4.28483
38.50000000	4.28345
39.00000000	4.28357
39.50000000	4.28412
40.00000000	4.28378
40.50000000	4.28523
41.00000000	4.28728
41.50000000	4.28942
42.00000000	4.28906
42.50000000	4.28878
43.00000000	4.29092
43.50000000	4.29214
44.00000000	4.29594
44.50000000	4.29620
45.00000000	4.29562
45.50000000	4.29748
46.00000000	4.29992
46.50000000	4.30232
47.00000000	4.30332
47.50000000	4.30190
48.00000000	4.30182
48.50000000	4.30334
49.00000000	4.30837
49.50000000	4.31316
50.00000000	4.31676
50.50000000	4.32138
51.00000000	4.32338
51.50000000	4.32448
52.00000000	4.32344
52.50000000	4.32275
53.00000000	4.32188
53.50000000	4.32250
54.00000000	4.32364
54.50000000	4.32430
55.00000000	4.32684
55.50000000	4.32795
56.00000000	4.32860
56.50000000	4.33153
57.00000000	4.33302
57.50000000	4.33631
58.00000000	4.33923
58.50000000	4.34284
59.00000000	4.34651
59.50000000	4.35096
60.00000000	4.35492
60.50000000	4.35603
61.00000000	4.35545
61.50000000	4.35427
62.00000000	4.35488
62.50000000	4.35409
63.00000000	4.35325
63.50000000	4.35257
64.00000000	4.35091
64.50000000	4.35035
65.00000000	4.35074
65.50000000	4.35052
66.00000000	4.34990
66.50000000	4.35071
67.00000000	4.34892
67.50000000	4.34773
68.00000000	4.34822
68.50000000	4.34861
69.00000000	4.34587
69.50000000	4.34323
70.00000000	4.34292
70.50000000	4.33885
71.00000000	4.33027
71.50000000	4.32258
72.00000000	4.31765
72.50000000	4.31627
73.00000000	4.31435
73.50000000	4.31058
74.00000000	4.30688
74.50000000	4.30213
75.00000000	4.29957
75.50000000	4.29774
76.00000000	4.29534
76.50000000	4.29365
77.00000000	4.29069
77.50000000	4.28415
78.00000000	4.27830
78.50000000	4.27259
79.00000000	4.26679
79.50000000	4.26110
80.00000000	4.25554
80.50000000	4.25049
81.00000000	4.24645
81.50000000	4.24393
82.00000000	4.24252
82.50000000	4.24191
83.00000000	4.23990
83.50000000	4.23786
84.00000000	4.23447
84.50000000	4.23073
85.00000000	4.22882
85.50000000	4.22790
86.00000000	4.22516
86.50000000	4.22222
87.00000000	4.21686
87.50000000	4.21306
88.00000000	4.21035
88.50000000	4.20748
89.00000000	4.20537
89.50000000	4.20032
90.00000000	4.19536
90.50000000	4.19089
91.00000000	4.18657
91.50000000	4.18034
92.00000000	4.17725
92.50000000	4.17469
93.00000000	4.17331
93.50000000	4.17257
94.00000000	4.17087
94.50000000	4.16788
95.00000000	4.16563
95.50000000	4.16301
96.00000000	4.16350
96.50000000	4.16241
97.00000000	4.15888
97.50000000	4.15667
98.00000000	4.15570
98.50000000	4.15434
99.00000000	4.15410
99.50000000	4.15541
100.00000000	4.15615
100.50000000	4.15658
101.00000000	4.15889
101.50000000	4.15787
102.00000000	4.15629
102.50000000	4.15656
103.00000000	4.15561
103.50000000	4.15451
104.00000000	4.15053
104.50000000	4.14790
105.00000000	4.14599
105.50000000	4.14356
106.00000000	4.14109
106.50000000	4.13781
107.00000000	4.13598
107.50000000	4.13390
108.00000000	4.13126
108.50000000	4.12869
109.00000000	4.12472
109.50000000	4.12195
110.00000000	4.11839
110.50000000	4.11593
111.00000000	4.11319
111.50000000	4.11245
112.00000000	4.11338
112.50000000	4.11684
113.00000000	4.12036
113.50000000	4.12266
114.00000000	4.12370
114.50000000	4.12490
115.00000000	4.12540
115.50000000	4.12578
116.00000000	4.12436
116.50000000	4.12097
117.00000000	4.11926
117.50000000	4.11738
118.00000000	4.11568
118.50000000	4.11173
119.00000000	4.10823
119.50000000	4.10726
120.00000000	4.10641
120.50000000	4.10530
121.00000000	4.10350
121.50000000	4.10230
122.00000000	4.10008
122.50000000	4.09863
123.00000000	4.09638
123.50000000	4.09209
124.00000000	4.08775
124.50000000	4.08339
125.00000000	4.07771
125.50000000	4.07179
126.00000000	4.06507
126.50000000	4.05924
127.00000000	4.05293
127.50000000	4.05042
128.00000000	4.04812
128.50000000	4.04585
129.00000000	4.04243
129.50000000	4.04108
130.00000000	4.04244
130.50000000	4.04274
131.00000000	4.04042
131.50000000	4.03646
132.00000000	4.03196
132.50000000	4.02445
133.00000000	4.01512
133.50000000	4.00591
134.00000000	3.99714
134.50000000	3.99004
135.00000000	3.98118
135.50000000	3.97687
136.00000000	3.97696
136.50000000	3.97696
137.00000000	3.97574
137.50000000	3.97429
138.00000000	3.97222
138.50000000	3.96931
139.00000000	3.96808
139.50000000	3.96687
140.00000000	3.96671
140.50000000	3.96523
141.00000000	3.96372
141.50000000	3.96328
142.00000000	3.96315
142.50000000	3.96251
143.00000000	3.96187
143.50000000	3.95940
144.00000000	3.95656
144.50000000	3.95452
145.00000000	3.95257
145.50000000	3.95186
146.00000000	3.95186
146.50000000	3.95467
147.00000000	3.95894
147.50000000	3.96136
148.00000000	3.96462
148.50000000	3.96694
149.00000000	3.96954
149.50000000	3.97143
150.00000000	3.97329
150.50000000	3.97160
151.00000000	3.97058
151.50000000	3.96880
152.00000000	3.96649
152.50000000	3.96409
153.00000000	3.96093
153.50000000	3.96120
154.00000000	3.96187
154.50000000	3.96319
155.00000000	3.96732
155.50000000	3.96840
156.00000000	3.97216
156.50000000	3.97436
157.00000000	3.97784
157.50000000	3.97984
158.00000000	3.97918
158.50000000	3.97837
159.00000000	3.97735
159.50000000	3.97614
160.00000000	3.97445
160.50000000	3.97331
161.00000000	3.97208
161.50000000	3.97329
162.00000000	3.97608
162.50000000	3.97745
163.00000000	3.97810
163.50000000	3.97707
164.00000000	3.97739
164.50000000	3.97704
165.00000000	3.97977
165.50000000	3.98442
166.00000000	3.98805
166.50000000	3.98972
167.00000000	3.99034
167.50000000	3.99159
168.00000000	3.99334
168.50000000	3.99536
169.00000000	3.99594
169.50000000	3.99569
170.00000000	3.99591
170.50000000	3.99648
171.00000000	3.99596
171.50000000	3.99602
172.00000000	3.99645
172.50000000	3.99272
173.00000000	3.99017
173.50000000	3.98797
174.00000000	3.98597
174.50000000	3.98555
175.00000000	3.98693
175.50000000	3.98805
176.00000000	3.99021
176.50000000	3.98999
177.00000000	3.99317
177.50000000	3.99505
178.00000000	3.99664
178.50000000	4.00020
179.00000000	4.00268
179.50000000	4.00368
180.00000000	4.00538
180.50000000	4.00568
181.00000000	4.00700
181.50000000	4.00872
182.00000000	4.01150
182.50000000	4.01346
183.00000000	4.01614
183.50000000	4.01679
184.00000000	4.01856
184.50000000	4.02124
185.00000000	4.02365
185.50000000	4.02470
186.00000000	4.02439
186.50000000	4.02461
187.00000000	4.02641
187.50000000	4.02834
188.00000000	4.03060
188.50000000	4.03146
189.00000000	4.03061
189.50000000	4.02996
190.00000000	4.03009
190.50000000	4.03296
191.00000000	4.03460
191.50000000	4.03402
192.00000000	4.03512
192.50000000	4.03797
193.00000000	4.04091
193.50000000	4.04288
194.00000000	4.04464
194.50000000	4.04756
195.00000000	4.05197
195.50000000	4.05443
196.00000000	4.05685
196.50000000	4.05803
197.00000000	4.05801
197.50000000	4.05929
198.00000000	4.06063
198.50000000	4.06305
199.00000000	4.06437
199.50000000	4.06383
200.00000000	4.06302
200.50000000	4.05966
201.00000000	4.05701
201.50000000	4.05404
202.00000000	4.04876
202.50000000	4.04490
203.00000000	4.04206
203.50000000	4.03780
204.00000000	4.03742
204.50000000	4.03640
205.00000000	4.03374
205.50000000	4.03098
206.00000000	4.02868
206.50000000	4.02584
207.00000000	4.02214
207.50000000	4.01900
208.00000000	4.01574
208.50000000	4.01161
209.00000000	4.00939
209.50000000	4.00655
210.00000000	4.00467
210.50000000	4.00585
211.00000000	4.00885
211.50000000	4.01093
212.00000000	4.01402
212.50000000	4.01590
213.00000000	4.01664
213.50000000	4.01427
214.00000000	4.01355
214.50000000	4.01180
215.00000000	4.01114
215.50000000	4.01097
216.00000000	4.01090
216.50000000	4.01060
217.00000000	4.01041
217.50000000	4.01142
218.00000000	4.01250
218.50000000	4.01493
219.00000000	4.01551
219.50000000	4.01534
220.00000000	4.01344
220.50000000	4.00924
221.00000000	4.00501
221.50000000	3.99878
222.00000000	3.99380
222.50000000	3.98891
223.00000000	3.98453
223.50000000	3.98116
224.00000000	3.98095
224.50000000	3.98242
225.00000000	3.98605
225.50000000	3.98989
226.00000000	3.99502
226.50000000	3.99746
227.00000000	3.99926
227.50000000	3.99984
228.00000000	4.00157
228.50000000	4.00314
229.00000000	4.00464
229.50000000	4.00498
230.00000000	4.00489
230.50000000	4.00696
231.00000000	4.00924
231.50000000	4.00954
232.00000000	4.01200
232.50000000	4.01363
233.00000000	4.01351
233.50000000	4.01284
234.00000000	4.01076
234.50000000	4.00903
235.00000000	4.00790
235.50000000	4.00649
236.00000000	4.00358
236.50000000	3.99933
237.00000000	3.99533
237.50000000	3.98921
238.00000000	3.98407
238.50000000	3.97848
239.00000000	3.97616
239.50000000	3.97281
240.00000000	3.97194
240.50000000	3.97068
241.00000000	3.97071
241.50000000	3.96959
242.00000000	3.96755
242.50000000	3.96305
243.00000000	3.95760
243.50000000	3.95317
244.00000000	3.94862
244.50000000	3.94445
245.00000000	3.94203
245.50000000	3.93764
246.00000000	3.93303
246.50000000	3.93220
247.00000000	3.92937
247.50000000	3.92702
248.00000000	3.92531
248.50000000	3.92554
249.00000000	3.92418
249.50000000	3.92184
250.00000000	3.91851
250.50000000	3.91243
251.00000000	3.90849
251.50000000	3.90524
252.00000000	3.90226
252.50000000	3.90047
253.00000000	3.90154
253.50000000	3.90260
254.00000000	3.90338
254.50000000	3.90263
255.00000000	3.90322
255.50000000	3.90208
256.00000000	3.90107
256.50000000	3.89942
257.00000000	3.89827
257.50000000	3.89783
258.00000000	3.89758
258.50000000	3.89947
259.00000000	3.90151
259.50000000	3.90129
260.00000000	3.90133
260.50000000	3.90099
261.00000000	3.90084
261.50000000	3.90033
262.00000000	3.90043
262.50000000	3.89927
263.00000000	3.89931
263.50000000	3.90057
264.00000000	3.90261
264.50000000	3.90374
265.00000000	3.90547
265.50000000	3.90709
266.00000000	3.90727
266.50000000	3.90765
267.00000000	3.90827
267.50000000	3.90807
268.00000000	3.90773
268.50000000	3.90647
269.00000000	3.90879
269.50000000	3.91157
270.00000000	3.91630
270.50000000	3.91986
271.00000000	3.92477
271.50000000	3.92787
272.00000000	3.92931
272.50000000	3.92713
273.00000000	3.92684
273.50000000	3.92514
274.00000000	3.92444
274.50000000	3.92473
275.00000000	3.92486
275.50000000	3.92367
276.00000000	3.92175
276.50000000	3.91987
277.00000000	3.91563
277.50000000	3.90990
278.00000000	3.90510
278.50000000	3.90165
279.00000000	3.89816
279.50000000	3.89583
280.00000000	3.89528
280.50000000	3.89557
281.00000000	3.89458
281.50000000	3.89330
282.00000000	3.89094
282.50000000	3.89046
283.00000000	3.89131
283.50000000	3.89198
284.00000000	3.89076
284.50000000	3.89023
285.00000000	3.89042
285.50000000	3.88769
286.00000000	3.88453
286.50000000	3.88292
287.00000000	3.88014
287.50000000	3.87730
288.00000000	3.87436
288.50000000	3.87288
289.00000000	3.86722
289.50000000	3.86133
290.00000000	3.85533
290.50000000	3.84987
291.00000000	3.84535
291.50000000	3.84231
292.00000000	3.83646
292.50000000	3.82851
293.00000000	3.82110
293.50000000	3.81264
294.00000000	3.80699
294.50000000	3.80232
295.00000000	3.79870
295.50000000	3.79185
296.00000000	3.78701
296.50000000	3.78428
297.00000000	3.78081
297.50000000	3.77841
298.00000000	3.77569
298.50000000	3.77363
299.00000000	3.77202
299.50000000	3.76899
300.00000000	3.76388
300.50000000	3.75773
301.00000000	3.75216
301.50000000	3.74408
302.00000000	3.73749
302.50000000	3.73115
303.00000000	3.72419
303.50000000	3.71850
304.00000000	3.71284
304.50000000	3.70752
305.00000000	3.70384
305.50000000	3.69763
306.00000000	3.69246
306.50000000	3.68826
307.00000000	3.68767
307.50000000	3.68714
308.00000000	3.68535
308.50000000	3.68187
309.00000000	3.67786
309.50000000	3.67560
310.00000000	3.67467
310.50000000	3.67475
311.00000000	3.67496
311.50000000	3.67366
312.00000000	3.66990
312.50000000	3.66447
313.00000000	3.65564
313.50000000	3.64981
314.00000000	3.64238
314.50000000	3.63331
315.00000000	3.62527
315.50000000	3.61711
316.00000000	3.61253
316.50000000	3.60791
317.00000000	3.60320
317.50000000	3.59764
318.00000000	3.59168
318.50000000	3.58630
319.00000000	3.58167
319.50000000	3.57790
320.00000000	3.57430
320.50000000	3.57051
321.00000000	3.56719
321.50000000	3.56357
322.00000000	3.55737
322.50000000	3.55155
323.00000000	3.54850
323.50000000	3.54778
324.00000000	3.54600
324.50000000	3.54167
325.00000000	3.53687
325.50000000	3.53191
326.00000000	3.52458
326.50000000	3.51569
327.00000000	3.50862
327.50000000	3.50019
328.00000000	3.49201
328.50000000	3.48266
329.00000000	3.47570
329.50000000	3.47075
330.00000000	3.46464
330.50000000	3.46144
331.00000000	3.45883
331.50000000	3.45598
332.00000000	3.45264
332.50000000	3.45015
333.00000000	3.44622
333.50000000	3.44469
334.00000000	3.44085
334.50000000	3.43896
335.00000000	3.43897
335.50000000	3.43792
336.00000000	3.43995
336.50000000	3.44017
337.00000000	3.44367
337.50000000	3.44644
338.00000000	3.44761
338.50000000	3.45068
339.00000000	3.45554
339.50000000	3.45915
340.00000000	3.46400
340.50000000	3.46788
341.00000000	3.47180
341.50000000	3.47785
342.00000000	3.48416
342.50000000	3.49050
343.00000000	3.49694
343.50000000	3.50301
344.00000000	3.50570
344.50000000	3.50655
345.00000000	3.50884
345.50000000	3.50943
346.00000000	3.50970
346.50000000	3.51008
347.00000000	3.51136
347.50000000	3.51352
348.00000000	3.51559
348.50000000	3.51671
349.00000000	3.52081
349.50000000	3.52537
350.00000000	3.52783
350.50000000	3.53467
351.00000000	3.54097
351.50000000	3.54482
352.00000000	3.54633
352.50000000	3.54839
353.00000000	3.55120
353.50000000	3.55258
354.00000000	3.55469
354.50000000	3.55607
355.00000000	3.55870
355.50000000	3.56328
356.00000000	3.56809
356.50000000	3.57323
357.00000000	3.57781
357.50000000	3.58347
358.00000000	3.59066
358.50000000	3.59741
359.00000000	3.60510
359.50000000	3.61272
360.00000000	3.62235
360.50000000	3.63163
361.00000000	3.64020
361.50000000	3.64978
362.00000000	3.65821
362.50000000	3.66485
363.00000000	3.67014
363.50000000	3.67579
364.00000000	3.68187
364.50000000	3.68598
365.00000000	3.68981
365.50000000	3.69332
366.00000000	3.69846
366.50000000	3.70490
367.00000000	3.71181
367.50000000	3.71930
368.00000000	3.72779
368.50000000	3.73385
369.00000000	3.73939
369.50000000	3.74420
370.00000000	3.74656
370.50000000	3.75049
371.00000000	3.75478
371.50000000	3.75706
372.00000000	3.75784
372.50000000	3.75802
373.00000000	3.76036
373.50000000	3.76120
374.00000000	3.76250
374.50000000	3.76568
375.00000000	3.76948
375.50000000	3.77436
376.00000000	3.77743
376.50000000	3.77906
377.00000000	3.77951
377.50000000	3.77705
378.00000000	3.77458
378.50000000	3.77351
379.00000000	3.77212
379.50000000	3.77199
380.00000000	3.77135
380.50000000	3.77126
381.00000000	3.76986
381.50000000	3.76968
382.00000000	3.76791
382.50000000	3.76389
383.00000000	3.76077
383.50000000	3.75812
384.00000000	3.75629
384.50000000	3.75258
385.00000000	3.74800
385.50000000	3.74371
386.00000000	3.73737
386.50000000	3.73398
387.00000000	3.73113
387.50000000	3.72878
388.00000000	3.72407
388.50000000	3.71971
389.00000000	3.71172
389.50000000	3.70578
390.00000000	3.70079
390.50000000	3.69799
391.00000000	3.69367
391.50000000	3.69068
392.00000000	3.69002
392.50000000	3.68734
393.00000000	3.68481
393.50000000	3.68370
394.00000000	3.68303
394.50000000	3.68543
395.00000000	3.68807
395.50000000	3.69298
396.00000000	3.69606
396.50000000	3.69906
397.00000000	3.70381
397.50000000	3.70568
398.00000000	3.70701
398.50000000	3.70762
399.00000000	3.71028
399.50000000	3.71134
400.00000000	3.71197
400.50000000	3.71134
401.00000000	3.71007
401.50000000	3.71176
402.00000000	3.71219
402.50000000	3.71143
403.00000000	3.71084
403.50000000	3.71055
404.00000000	3.71330
404.50000000	3.71567
405.00000000	3.71653
405.50000000	3.71821
406.00000000	3.71958
406.50000000	3.72165
407.00000000	3.72236
407.50000000	3.72434
408.00000000	3.72579
408.50000000	3.72326
409.00000000	3.71987
409.50000000	3.71774
410.00000000	3.71536
410.50000000	3.71254
411.00000000	3.71444
411.50000000	3.71970
412.00000000	3.72384
412.50000000	3.72557
413.00000000	3.72665
413.50000000	3.72809
414.00000000	3.72981
414.50000000	3.73274
415.00000000	3.73589
415.50000000	3.74122
416.00000000	3.74787
416.50000000	3.75345
417.00000000	3.75868
417.50000000	3.76159
418.00000000	3.76377
418.50000000	3.76491
419.00000000	3.76731
419.50000000	3.76814
420.00000000	3.76932
420.50000000	3.77074
421.00000000	3.77107
421.50000000	3.77193
422.00000000	3.77158
422.50000000	3.77183
423.00000000	3.77208
423.50000000	3.77089
424.00000000	3.76772
424.50000000	3.76660
425.00000000	3.76576
425.50000000	3.76534
426.00000000	3.76582
426.50000000	3.76659
427.00000000	3.76711
427.50000000	3.76631
428.00000000	3.76905
428.50000000	3.77231
429.00000000	3.77736
