0.00000000	2.98621
0.50000000	2.99024
1.00000000	2.99358
1.50000000	2.99722
2.00000000	3.00107
2.50000000	3.00220
3.00000000	3.00225
3.50000000	3.00301
4.00000000	3.00689
4.50000000	3.01236
5.00000000	3.01778
5.50000000	3.02311
6.00000000	3.02808
6.50000000	3.03321
7.00000000	3.03452
7.50000000	3.03628
8.00000000	3.03949
8.50000000	3.04330
9.00000000	3.04565
9.50000000	3.04891
10.00000000	3.05116
10.50000000	3.05037
11.00000000	3.05089
11.50000000	3.05205
12.00000000	3.05229
12.50000000	3.05106
13.00000000	3.04731
13.50000000	3.04401
14.00000000	3.04156
14.50000000	3.03942
15.00000000	3.03694
15.50000000	3.03488
16.00000000	3.03448
16.50000000	3.03325
17.00000000	3.03232
17.50000000	3.02841
18.00000000	3.02599
18.50000000	3.02367
19.00000000	3.02211
19.50000000	3.02119
20.00000000	3.01889
20.50000000	3.01941
21.00000000	3.01844
21.50000000	3.01773
22.00000000	3.01371
22.50000000	3.00876
23.00000000	3.00531
23.50000000	3.00049
24.00000000	2.99731
24.50000000	2.99612
25.00000000	2.99543
25.50000000	2.99507
26.00000000	2.99348
26.50000000	2.99206
27.00000000	2.98898
27.50000000	2.98533
28.00000000	2.98147
28.50000000	2.97789
29.00000000	2.97492
29.50000000	2.97114
30.00000000	2.96661
30.50000000	2.96272
31.00000000	2.95739
31.50000000	2.95105
32.00000000	2.94567
32.50000000	2.94073
33.00000000	2.93652
33.50000000	2.93155
34.00000000	2.92662
34.50000000	2.92119
35.00000000	2.91593
35.50000000	2.91100
36.00000000	2.90383
36.50000000	2.89497
37.00000000	2.88563
37.50000000	2.87603
38.00000000	2.86687
38.50000000	2.85795
39.00000000	2.84944
39.50000000	2.84209
40.00000000	2.83422
40.50000000	2.82914
41.00000000	2.82154
41.50000000	2.81408
42.00000000	2.80623
42.50000000	2.79858
43.00000000	2.78918
43.50000000	2.78036
44.00000000	2.77337
44.50000000	2.76625
45.00000000	2.76301
45.50000000	2.75666
46.00000000	2.74895
46.50000000	2.74261
47.00000000	2.73500
47.50000000	2.72709
48.00000000	2.71776
48.50000000	2.71032
49.00000000	2.70137
49.50000000	2.69402
50.00000000	2.68749
50.50000000	2.67956
51.00000000	2.67088
51.50000000	2.66124
52.00000000	2.65282
52.50000000	2.64419
53.00000000	2.63741
53.50000000	2.62952
54.00000000	2.62160
54.50000000	2.61492
55.00000000	2.60748
55.50000000	2.59888
56.00000000	2.59101
56.50000000	2.58510
57.00000000	2.58147
57.50000000	2.57817
58.00000000	2.57293
58.50000000	2.56830
59.00000000	2.56591
59.50000000	2.56450
60.00000000	2.56213
60.50000000	2.55832
61.00000000	2.55090
61.50000000	2.54443
62.00000000	2.53922
62.50000000	2.53508
63.00000000	2.53425
63.50000000	2.53404
64.00000000	2.53538
64.50000000	2.53358
65.00000000	2.52839
65.50000000	2.52389
66.00000000	2.52005
66.50000000	2.51514
67.00000000	2.51265
67.50000000	2.50999
68.00000000	2.50767
68.50000000	2.50479
69.00000000	2.50258
69.50000000	2.49837
70.00000000	2.49213
70.50000000	2.48600
71.00000000	2.48020
71.50000000	2.47429
72.00000000	2.46840
72.50000000	2.46317
73.00000000	2.45727
73.50000000	2.45147
74.00000000	2.44383
74.50000000	2.43774
75.00000000	2.43150
75.50000000	2.42545
76.00000000	2.41869
76.50000000	2.41217
77.00000000	2.40546
77.50000000	2.39909
78.00000000	2.39626
78.50000000	2.39156
79.00000000	2.38815
79.50000000	2.38445
80.00000000	2.38365
80.50000000	2.37948
81.00000000	2.37620
81.50000000	2.37196
82.00000000	2.37127
82.50000000	2.37033
83.00000000	2.36955
83.50000000	2.37034
84.00000000	2.37004
84.50000000	2.37000
85.00000000	2.36999
85.50000000	2.37051
86.00000000	2.37051
86.50000000	2.37069
87.00000000	2.37130
87.50000000	2.37335
88.00000000	2.37620
88.50000000	2.38072
89.00000000	2.38727
89.50000000	2.39178
90.00000000	2.39667
90.50000000	2.39898
91.00000000	2.39796
91.50000000	2.39918
92.00000000	2.40124
92.50000000	2.40377
93.00000000	2.40858
93.50000000	2.41209
94.00000000	2.41654
94.50000000	2.41929
95.00000000	2.42444
95.50000000	2.43258
96.00000000	2.44002
96.50000000	2.44726
97.00000000	2.45376
97.50000000	2.45969
98.00000000	2.46573
98.50000000	2.47234
99.00000000	2.47870
99.50000000	2.48465
100.00000000	2.48997
100.50000000	2.49420
101.00000000	2.49654
101.50000000	2.49802
102.00000000	2.50161
102.50000000	2.50852
103.00000000	2.51751
103.50000000	2.52610
104.00000000	2.53403
104.50000000	2.54087
105.00000000	2.54683
105.50000000	2.55305
106.00000000	2.56037
106.50000000	2.56615
107.00000000	2.57286
107.50000000	2.58002
108.00000000	2.58727
108.50000000	2.59499
109.00000000	2.60239
109.50000000	2.60867
110.00000000	2.61466
110.50000000	2.62156
111.00000000	2.62671
111.50000000	2.62937
112.00000000	2.63129
112.50000000	2.63543
113.00000000	2.63775
113.50000000	2.64094
114.00000000	2.64612
114.50000000	2.65059
115.00000000	2.65469
115.50000000	2.65761
116.00000000	2.65864
116.50000000	2.65803
117.00000000	2.65895
117.50000000	2.65886
118.00000000	2.65828
118.50000000	2.65692
119.00000000	2.65618
119.50000000	2.65803
120.00000000	2.66022
120.50000000	2.66116
121.00000000	2.66424
121.50000000	2.66795
122.00000000	2.66871
122.50000000	2.66986
123.00000000	2.66870
123.50000000	2.66800
124.00000000	2.66854
124.50000000	2.66717
125.00000000	2.66743
125.50000000	2.66785
126.00000000	2.66675
126.50000000	2.66476
127.00000000	2.66095
127.50000000	2.65779
128.00000000	2.65372
128.50000000	2.65031
129.00000000	2.64581
129.50000000	2.64161
130.00000000	2.64056
130.50000000	2.63821
131.00000000	2.63570
131.50000000	2.63351
132.00000000	2.63198
132.50000000	2.63202
133.00000000	2.62883
133.50000000	2.62543
134.00000000	2.62217
134.50000000	2.61974
135.00000000	2.61831
135.50000000	2.61771
136.00000000	2.61751
136.50000000	2.61583
137.00000000	2.61540
137.50000000	2.61345
138.00000000	2.61367
138.50000000	2.61508
139.00000000	2.61562
139.50000000	2.61449
140.00000000	2.61558
140.50000000	2.61739
141.00000000	2.62118
141.50000000	2.62466
142.00000000	2.62627
142.50000000	2.62585
143.00000000	2.62595
143.50000000	2.62677
144.00000000	2.62723
144.50000000	2.62964
145.00000000	2.63224
145.50000000	2.63526
146.00000000	2.63783
146.50000000	2.64170
147.00000000	2.64294
147.50000000	2.64580
148.00000000	2.64664
148.50000000	2.64635
149.00000000	2.64317
149.50000000	2.64308
150.00000000	2.64538
150.50000000	2.64548
151.00000000	2.64726
151.50000000	2.64994
152.00000000	2.65303
152.50000000	2.65632
153.00000000	2.65875
153.50000000	2.66011
154.00000000	2.66463
154.50000000	2.66736
155.00000000	2.67022
155.50000000	2.67229
156.00000000	2.67457
156.50000000	2.67614
157.00000000	2.67857
157.50000000	2.67898
158.00000000	2.68060
158.50000000	2.68232
159.00000000	2.68465
159.50000000	2.68721
160.00000000	2.68991
160.50000000	2.69027
161.00000000	2.69009
161.50000000	2.69033
162.00000000	2.69084
162.50000000	2.69276
163.00000000	2.69687
163.50000000	2.69853
164.00000000	2.69880
164.50000000	2.69756
165.00000000	2.69604
165.50000000	2.69484
166.00000000	2.69591
166.50000000	2.69797
167.00000000	2.69962
167.50000000	2.69947
168.00000000	2.69773
168.50000000	2.69669
169.00000000	2.69557
169.50000000	2.69352
170.00000000	2.69184
170.50000000	2.68926
171.00000000	2.68879
171.50000000	2.68879
172.00000000	2.68970
172.50000000	2.69156
173.00000000	2.69388
173.50000000	2.69865
174.00000000	2.70234
174.50000000	2.70523
175.00000000	2.71043
175.50000000	2.71255
176.00000000	2.71551
176.50000000	2.71725
177.00000000	2.71987
177.50000000	2.72082
178.00000000	2.72278
178.50000000	2.72503
179.00000000	2.72636
179.50000000	2.72951
180.00000000	2.73252
180.50000000	2.73636
181.00000000	2.73889
181.50000000	2.74386
182.00000000	2.74869
182.50000000	2.75329
183.00000000	2.75711
183.50000000	2.75907
184.00000000	2.76139
184.50000000	2.76333
185.00000000	2.76342
185.50000000	2.76224
186.00000000	2.76146
186.50000000	2.76204
187.00000000	2.76378
187.50000000	2.76646
188.00000000	2.76856
188.50000000	2.77105
189.00000000	2.77246
189.50000000	2.77342
190.00000000	2.77557
190.50000000	2.77939
191.00000000	2.78390
191.50000000	2.78622
192.00000000	2.78935
192.50000000	2.79297
193.00000000	2.79423
193.50000000	2.79192
194.00000000	2.78812
194.50000000	2.78417
195.00000000	2.78385
195.50000000	2.78537
196.00000000	2.78687
196.50000000	2.78977
197.00000000	2.79254
197.50000000	2.79388
198.00000000	2.79812
198.50000000	2.80211
199.00000000	2.80607
199.50000000	2.81129
200.00000000	2.81735
200.50000000	2.82222
201.00000000	2.82713
201.50000000	2.83254
202.00000000	2.83821
202.50000000	2.84373
203.00000000	2.85031
203.50000000	2.85677
204.00000000	2.86389
204.50000000	2.86811
205.00000000	2.87198
205.50000000	2.87528
206.00000000	2.87808
206.50000000	2.88136
207.00000000	2.88472
207.50000000	2.88687
208.00000000	2.89138
208.50000000	2.89600
209.00000000	2.90015
209.50000000	2.90238
210.00000000	2.90532
210.50000000	2.90727
211.00000000	2.91001
211.50000000	2.91272
212.00000000	2.91613
212.50000000	2.92247
213.00000000	2.92925
213.50000000	2.93388
214.00000000	2.93703
214.50000000	2.94047
215.00000000	2.94442
215.50000000	2.94890
216.00000000	2.95172
216.50000000	2.95379
217.00000000	2.95577
217.50000000	2.95873
218.00000000	2.96122
218.50000000	2.96260
219.00000000	2.96221
219.50000000	2.95790
220.00000000	2.95184
220.50000000	2.95017
221.00000000	2.94956
221.50000000	2.94608
222.00000000	2.94255
222.50000000	2.94148
223.00000000	2.94285
223.50000000	2.94415
224.00000000	2.94624
224.50000000	2.94788
225.00000000	2.94644
225.50000000	2.94454
226.00000000	2.94513
226.50000000	2.94616
227.00000000	2.94687
227.50000000	2.94636
228.00000000	2.94645
228.50000000	2.94426
229.00000000	2.94497
229.50000000	2.94565
230.00000000	2.94404
230.50000000	2.94023
231.00000000	2.93644
231.50000000	2.93590
232.00000000	2.93429
232.50000000	2.93342
233.00000000	2.93155
233.50000000	2.92718
234.00000000	2.92113
234.50000000	2.91701
235.00000000	2.91312
235.50000000	2.90866
236.00000000	2.90488
236.50000000	2.89923
237.00000000	2.89574
237.50000000	2.89156
238.00000000	2.88978
238.50000000	2.88635
239.00000000	2.88299
239.50000000	2.88040
240.00000000	2.87640
240.50000000	2.87054
241.00000000	2.86554
241.50000000	2.86170
242.00000000	2.85681
242.50000000	2.85190
243.00000000	2.84952
243.50000000	2.84666
244.00000000	2.84270
244.50000000	2.83680
245.00000000	2.83209
245.50000000	2.82811
246.00000000	2.82730
246.50000000	2.82376
247.00000000	2.81873
247.50000000	2.81097
248.00000000	2.80223
248.50000000	2.79627
249.00000000	2.79018
249.50000000	2.78405
250.00000000	2.77815
250.50000000	2.77211
251.00000000	2.76805
251.50000000	2.76224
252.00000000	2.75621
252.50000000	2.75232
253.00000000	2.74544
253.50000000	2.73964
254.00000000	2.73394
254.50000000	2.73041
255.00000000	2.72727
255.50000000	2.72441
256.00000000	2.72317
256.50000000	2.72212
257.00000000	2.72517
257.50000000	2.72864
258.00000000	2.73180
258.50000000	2.73442
259.00000000	2.73658
259.50000000	2.74135
260.00000000	2.74612
260.50000000	2.75302
261.00000000	2.75819
261.50000000	2.76225
262.00000000	2.76466
262.50000000	2.76856
263.00000000	2.77385
263.50000000	2.77807
264.00000000	2.78390
264.50000000	2.78967
265.00000000	2.79684
265.50000000	2.80253
266.00000000	2.80575
266.50000000	2.80962
267.00000000	2.81460
267.50000000	2.81987
268.00000000	2.82623
268.50000000	2.82915
269.00000000	2.83249
269.50000000	2.83684
270.00000000	2.83983
270.50000000	2.84290
271.00000000	2.84642
271.50000000	2.85239
272.00000000	2.85876
272.50000000	2.86500
273.00000000	2.87194
273.50000000	2.87922
274.00000000	2.88521
274.50000000	2.89192
275.00000000	2.89821
275.50000000	2.90120
276.00000000	2.90395
276.50000000	2.90905
277.00000000	2.91526
277.50000000	2.92196
278.00000000	2.92818
278.50000000	2.93341
279.00000000	2.94068
279.50000000	2.94783
280.00000000	2.95531
280.50000000	2.95978
281.00000000	2.96472
281.50000000	2.96943
282.00000000	2.97173
282.50000000	2.97620
283.00000000	2.98098
283.50000000	2.98688
284.00000000	2.99037
284.50000000	2.99263
285.00000000	2.99600
285.50000000	2.99819
286.00000000	3.00171
286.50000000	3.00309
287.00000000	3.00712
287.50000000	3.01144
288.00000000	3.01532
288.50000000	3.01971
289.00000000	3.02418
289.50000000	3.02871
290.00000000	3.03198
290.50000000	3.03289
291.00000000	3.03423
291.50000000	3.03648
292.00000000	3.04156
292.50000000	3.04557
293.00000000	3.05035
293.50000000	3.05472
294.00000000	3.06090
294.50000000	3.06536
295.00000000	3.07215
295.50000000	3.08060
296.00000000	3.08681
296.50000000	3.09139
297.00000000	3.09570
297.50000000	3.09922
298.00000000	3.10180
298.50000000	3.10388
299.00000000	3.10843
299.50000000	3.11335
300.00000000	3.11838
300.50000000	3.12467
301.00000000	3.13375
301.50000000	3.14142
302.00000000	3.14707
302.50000000	3.15093
303.00000000	3.15543
303.50000000	3.15583
304.00000000	3.15679
304.50000000	3.15902
305.00000000	3.16300
305.50000000	3.16541
306.00000000	3.16704
306.50000000	3.16828
307.00000000	3.16918
307.50000000	3.17100
308.00000000	3.17383
308.50000000	3.17541
309.00000000	3.17659
309.50000000	3.17770
310.00000000	3.17714
310.50000000	3.17608
311.00000000	3.17313
311.50000000	3.17260
312.00000000	3.17083
312.50000000	3.16952
313.00000000	3.16829
313.50000000	3.16780
314.00000000	3.16826
314.50000000	3.16751
315.00000000	3.16686
315.50000000	3.16671
316.00000000	3.16554
316.50000000	3.16521
317.00000000	3.16712
317.50000000	3.16573
318.00000000	3.16517
318.50000000	3.16660
319.00000000	3.16843
319.50000000	3.17021
320.00000000	3.16955
320.50000000	3.17059
321.00000000	3.17079
321.50000000	3.17209
322.00000000	3.17320
322.50000000	3.17373
323.00000000	3.17561
323.50000000	3.17663
324.00000000	3.17469
324.50000000	3.17336
325.00000000	3.17230
325.50000000	3.17234
326.00000000	3.17385
326.50000000	3.17219
327.00000000	3.17216
327.50000000	3.16908
328.00000000	3.16616
328.50000000	3.16331
329.00000000	3.15965
329.50000000	3.15797
330.00000000	3.15624
330.50000000	3.15470
331.00000000	3.15219
331.50000000	3.14968
332.00000000	3.14867
332.50000000	3.14677
333.00000000	3.14298
333.50000000	3.13882
334.00000000	3.13319
334.50000000	3.12925
335.00000000	3.12428
335.50000000	3.11987
336.00000000	3.11561
336.50000000	3.11270
337.00000000	3.10996
337.50000000	3.10888
338.00000000	3.10873
338.50000000	3.10817
339.00000000	3.10593
339.50000000	3.10379
340.00000000	3.10275
340.50000000	3.10178
341.00000000	3.10195
341.50000000	3.10496
342.00000000	3.10920
342.50000000	3.11225
343.00000000	3.11592
343.50000000	3.11938
344.00000000	3.12170
344.50000000	3.12392
345.00000000	3.12529
345.50000000	3.12387
346.00000000	3.12335
346.50000000	3.12307
347.00000000	3.12420
347.50000000	3.12485
348.00000000	3.12479
348.50000000	3.12589
349.00000000	3.12600
349.50000000	3.12383
350.00000000	3.12316
350.50000000	3.12216
351.00000000	3.12144
351.50000000	3.11974
352.00000000	3.11725
352.50000000	3.11435
353.00000000	3.11179
353.50000000	3.10833
354.00000000	3.10503
354.50000000	3.10392
355.00000000	3.10176
355.50000000	3.09714
356.00000000	3.09339
356.50000000	3.09170
357.00000000	3.09019
357.50000000	3.09084
358.00000000	3.09297
358.50000000	3.09583
359.00000000	3.09839
359.50000000	3.09963
360.00000000	3.10056
360.50000000	3.09992
361.00000000	3.09895
361.50000000	3.09753
362.00000000	3.09711
362.50000000	3.09524
363.00000000	3.09418
363.50000000	3.09292
364.00000000	3.09230
364.50000000	3.09454
365.00000000	3.09824
365.50000000	3.10161
366.00000000	3.10291
366.50000000	3.10240
367.00000000	3.10389
367.50000000	3.10450
368.00000000	3.10549
368.50000000	3.10664
369.00000000	3.10843
369.50000000	3.11148
370.00000000	3.11515
370.50000000	3.11900
371.00000000	3.12386
371.50000000	3.12819
372.00000000	3.13078
372.50000000	3.13554
373.00000000	3.13907
373.50000000	3.14240
374.00000000	3.14777
374.50000000	3.15142
375.00000000	3.15251
375.50000000	3.15269
376.00000000	3.15307
376.50000000	3.15255
377.00000000	3.15106
377.50000000	3.14976
378.00000000	3.14947
378.50000000	3.15022
379.00000000	3.14964
379.50000000	3.15000
380.00000000	3.15164
380.50000000	3.15282
381.00000000	3.15355
381.50000000	3.15247
382.00000000	3.15080
382.50000000	3.14828
383.00000000	3.14452
383.50000000	3.14254
384.00000000	3.14103
384.50000000	3.13842
385.00000000	3.13594
385.50000000	3.13425
386.00000000	3.13344
386.50000000	3.13462
387.00000000	3.13505
387.50000000	3.13595
388.00000000	3.13605
388.50000000	3.13357
389.00000000	3.13427
389.50000000	3.13588
390.00000000	3.13689
390.50000000	3.13861
391.00000000	3.14008
391.50000000	3.14118
392.00000000	3.14419
392.50000000	3.14577
393.00000000	3.14776
393.50000000	3.14819
394.00000000	3.14949
394.50000000	3.15011
395.00000000	3.15065
395.50000000	3.15013
396.00000000	3.14975
396.50000000	3.14684
397.00000000	3.14342
397.50000000	3.14039
398.00000000	3.13674
398.50000000	3.13262
399.00000000	3.12760
399.50000000	3.12555
400.00000000	3.12588
400.50000000	3.12543
401.00000000	3.12696
401.50000000	3.12555
402.00000000	3.12422
402.50000000	3.12251
403.00000000	3.11880
403.50000000	3.11619
404.00000000	3.11384
404.50000000	3.11212
405.00000000	3.10998
405.50000000	3.10885
406.00000000	3.10627
406.50000000	3.10354
407.00000000	3.10126
407.50000000	3.09968
408.00000000	3.09727
408.50000000	3.09317
409.00000000	3.08988
409.50000000	3.08566
410.00000000	3.08265
410.50000000	3.07993
411.00000000	3.07530
411.50000000	3.07118
412.00000000	3.06839
412.50000000	3.06686
413.00000000	3.06440
413.50000000	3.05893
414.00000000	3.05280
414.50000000	3.04746
415.00000000	3.04169
415.50000000	3.03720
416.00000000	3.03232
416.50000000	3.02692
417.00000000	3.02240
417.50000000	3.01771
418.00000000	3.01342
418.50000000	3.00852
419.00000000	3.00387
419.50000000	3.00008
420.00000000	2.99501
420.50000000	2.98988
421.00000000	2.98263
421.50000000	2.97642
422.00000000	2.97208
422.50000000	2.96961
423.00000000	2.96957
423.50000000	2.96667
424.00000000	2.96488
424.50000000	2.96288
425.00000000	2.96035
425.50000000	2.95790
426.00000000	2.95542
426.50000000	2.95322
427.00000000	2.95295
427.50000000	2.95351
428.00000000	2.95309
428.50000000	2.95256
429.00000000	2.95117
429.50000000	2.95050
430.00000000	2.94873
430.50000000	2.94631
431.00000000	2.94356
431.50000000	2.93924
432.00000000	2.93539
432.50000000	2.93348
433.00000000	2.93262
433.50000000	2.93346
434.00000000	2.93667
434.50000000	2.93583
435.00000000	2.93275
435.50000000	2.92583
436.00000000	2.91856
436.50000000	2.91240
437.00000000	2.90837
437.50000000	2.90222
438.00000000	2.89695
438.50000000	2.89278
439.00000000	2.88995
439.50000000	2.88747
440.00000000	2.88280
440.50000000	2.87876
441.00000000	2.87370
441.50000000	2.87028
442.00000000	2.86790
442.50000000	2.86608
443.00000000	2.86212
443.50000000	2.85784
444.00000000	2.85280
444.50000000	2.84915
445.00000000	2.84925
445.50000000	2.84829
446.00000000	2.84652
446.50000000	2.84622
447.00000000	2.84671
447.50000000	2.84579
448.00000000	2.84486
448.50000000	2.84443
449.00000000	2.84692
449.50000000	2.84862
450.00000000	2.84961
450.50000000	2.85015
451.00000000	2.85033
451.50000000	2.85015
452.00000000	2.84981
452.50000000	2.85010
453.00000000	2.85103
453.50000000	2.85345
454.00000000	2.85544
454.50000000	2.85942
455.00000000	2.86033
455.50000000	2.86141
456.00000000	2.86482
456.50000000	2.86733
457.00000000	2.87048
457.50000000	2.87433
458.00000000	2.87557
458.50000000	2.87781
459.00000000	2.87854
459.50000000	2.88024
460.00000000	2.88294
460.50000000	2.88407
461.00000000	2.88480
461.50000000	2.88543
462.00000000	2.88438
462.50000000	2.88417
463.00000000	2.88488
463.50000000	2.88581
464.00000000	2.88548
464.50000000	2.88166
465.00000000	2.87651
465.50000000	2.87523
466.00000000	2.87700
466.50000000	2.87860
467.00000000	2.87918
467.50000000	2.88054
468.00000000	2.88025
468.50000000	2.87946
469.00000000	2.87953
469.50000000	2.88028
470.00000000	2.88014
470.50000000	2.87975
471.00000000	2.87999
471.50000000	2.87716
472.00000000	2.87699
472.50000000	2.87506
473.00000000	2.87300
473.50000000	2.86979
474.00000000	2.86856
474.50000000	2.86807
475.00000000	2.86924
475.50000000	2.87207
476.00000000	2.87469
476.50000000	2.87756
477.00000000	2.88177
477.50000000	2.88434
478.00000000	2.88697
478.50000000	2.88818
479.00000000	2.88978
479.50000000	2.89250
480.00000000	2.89560
480.50000000	2.89832
481.00000000	2.90019
481.50000000	2.90055
482.00000000	2.90053
482.50000000	2.90072
483.00000000	2.90081
483.50000000	2.90183
484.00000000	2.90253
484.50000000	2.90458
485.00000000	2.90422
485.50000000	2.90302
486.00000000	2.90061
486.50000000	2.89847
487.00000000	2.89641
487.50000000	2.89475
488.00000000	2.89515
488.50000000	2.89523
489.00000000	2.89272
489.50000000	2.89089
490.00000000	2.88829
490.50000000	2.88758
491.00000000	2.88635
491.50000000	2.88456
492.00000000	2.88327
492.50000000	2.88319
493.00000000	2.88184
493.50000000	2.88000
494.00000000	2.87793
494.50000000	2.87672
495.00000000	2.87481
495.50000000	2.87343
496.00000000	2.87273
496.50000000	2.87490
497.00000000	2.87496
497.50000000	2.87298
498.00000000	2.87063
498.50000000	2.86895
499.00000000	2.86465
499.50000000	2.86375
500.00000000	2.86225
500.50000000	2.86152
501.00000000	2.85936
501.50000000	2.85554
502.00000000	2.85469
502.50000000	2.85179
503.00000000	2.85117
503.50000000	2.85210
504.00000000	2.85312
504.50000000	2.85215
505.00000000	2.85335
505.50000000	2.85584
506.00000000	2.86000
506.50000000	2.86290
507.00000000	2.86554
507.50000000	2.86451
508.00000000	2.86245
508.50000000	2.86091
509.00000000	2.85834
509.50000000	2.85466
510.00000000	2.85350
510.50000000	2.85176
511.00000000	2.85008
511.50000000	2.84768
512.00000000	2.84746
512.50000000	2.84760
513.00000000	2.84681
513.50000000	2.84641
514.00000000	2.84929
514.50000000	2.85333
515.00000000	2.85752
515.50000000	2.86215
516.00000000	2.86531
516.50000000	2.86925
517.00000000	2.87198
517.50000000	2.87530
518.00000000	2.87882
518.50000000	2.88139
519.00000000	2.88430
519.50000000	2.88791
520.00000000	2.89068
520.50000000	2.89285
521.00000000	2.89314
521.50000000	2.89386
522.00000000	2.89532
522.50000000	2.89745
523.00000000	2.90118
523.50000000	2.90717
524.00000000	2.91288
524.50000000	2.91883
525.00000000	2.92756
525.50000000	2.93571
526.00000000	2.94352
526.50000000	2.95185
527.00000000	2.95973
527.50000000	2.96679
528.00000000	2.97155
528.50000000	2.97583
529.00000000	2.97734
529.50000000	2.98121
530.00000000	2.98534
530.50000000	2.99115
531.00000000	2.99575
531.50000000	2.99877
532.00000000	3.00266
532.50000000	3.00791
533.00000000	3.01474
533.50000000	3.02187
534.00000000	3.02633
534.50000000	3.03053
535.00000000	3.03419
535.50000000	3.03460
536.00000000	3.03476
536.50000000	3.03603
537.00000000	3.03771
537.50000000	3.04035
538.00000000	3.04369
538.50000000	3.04827
539.00000000	3.05068
539.50000000	3.05432
540.00000000	3.05781
540.50000000	3.06132
541.00000000	3.06331
541.50000000	3.06568
542.00000000	3.07106
542.50000000	3.07389
543.00000000	3.08020
543.50000000	3.08340
544.00000000	3.08751
544.50000000	3.09131
545.00000000	3.09346
545.50000000	3.09564
546.00000000	3.09633
546.50000000	3.09682
547.00000000	3.09757
547.50000000	3.09850
548.00000000	3.09873
548.50000000	3.09766
549.00000000	3.09758
549.50000000	3.09891
550.00000000	3.09946
550.50000000	3.10211
551.00000000	3.10567
551.50000000	3.10777
552.00000000	3.11154
552.50000000	3.11529
553.00000000	3.11802
553.50000000	3.11739
554.00000000	3.11729
554.50000000	3.11889
555.00000000	3.11951
555.50000000	3.11903
556.00000000	3.11684
556.50000000	3.11297
557.00000000	3.11036
557.50000000	3.10738
558.00000000	3.10311
558.50000000	3.09981
559.00000000	3.09650
559.50000000	3.09134
560.00000000	3.08672
560.50000000	3.08049
561.00000000	3.07352
561.50000000	3.06789
562.00000000	3.05885
562.50000000	3.05199
563.00000000	3.04450
563.50000000	3.03841
564.00000000	3.03260
564.50000000	3.02521
565.00000000	3.01706
565.50000000	3.00957
566.00000000	3.00349
566.50000000	2.99773
567.00000000	2.99317
567.50000000	2.99077
568.00000000	2.98825
568.50000000	2.98277
569.00000000	2.97894
569.50000000	2.97539
570.00000000	2.97155
570.50000000	2.96921
571.00000000	2.96666
571.50000000	2.96360
572.00000000	2.96259
572.50000000	2.95931
573.00000000	2.95589
573.50000000	2.95174
574.00000000	2.94822
574.50000000	2.94575
575.00000000	2.94263
575.50000000	2.93848
576.00000000	2.93358
576.50000000	2.92972
577.00000000	2.92426
577.50000000	2.91744
578.00000000	2.90941
578.50000000	2.90115
579.00000000	2.89283
579.50000000	2.88655
580.00000000	2.88185
580.50000000	2.87424
581.00000000	2.86830
581.50000000	2.86211
582.00000000	2.85700
582.50000000	2.85291
583.00000000	2.84663
583.50000000	2.84128
584.00000000	2.83520
584.50000000	2.83117
585.00000000	2.82699
585.50000000	2.82235
586.00000000	2.81719
586.50000000	2.81269
587.00000000	2.80869
587.50000000	2.80352
588.00000000	2.79944
588.50000000	2.79194
589.00000000	2.78455
589.50000000	2.77598
590.00000000	2.76836
590.50000000	2.76051
591.00000000	2.75209
591.50000000	2.74535
592.00000000	2.74052
592.50000000	2.73600
593.00000000	2.73300
593.50000000	2.73135
594.00000000	2.72862
594.50000000	2.72770
595.00000000	2.72910
595.50000000	2.73105
596.00000000	2.73441
596.50000000	2.73710
597.00000000	2.73837
597.50000000	2.74094
598.00000000	2.74591
598.50000000	2.75013
599.00000000	2.75553
599.50000000	2.76017
600.00000000	2.76385
600.50000000	2.76747
601.00000000	2.77325
601.50000000	2.77853
602.00000000	2.78323
602.50000000	2.78760
603.00000000	2.79119
603.50000000	2.79587
604.00000000	2.79967
604.50000000	2.80294
605.00000000	2.80589
605.50000000	2.80937
606.00000000	2.81192
606.50000000	2.81530
607.00000000	2.81932
607.50000000	2.82345
608.00000000	2.82551
608.50000000	2.82883
609.00000000	2.83119
609.50000000	2.83368
610.00000000	2.83752
610.50000000	2.84076
611.00000000	2.84290
611.50000000	2.84265
612.00000000	2.84310
612.50000000	2.84312
613.00000000	2.84476
613.50000000	2.84845
614.00000000	2.84948
614.50000000	2.85073
615.00000000	2.85376
615.50000000	2.85928
616.00000000	2.86400
616.50000000	2.86855
617.00000000	2.87170
617.50000000	2.87479
618.00000000	2.87705
618.50000000	2.88077
619.00000000	2.88610
619.50000000	2.89400
620.00000000	2.90171
620.50000000	2.90998
621.00000000	2.91580
621.50000000	2.92155
622.00000000	2.92819
622.50000000	2.93637
623.00000000	2.94549
623.50000000	2.95469
624.00000000	2.96226
624.50000000	2.97089
625.00000000	2.97878
625.50000000	2.98618
626.00000000	2.99391
626.50000000	3.00098
627.00000000	3.00710
627.50000000	3.01530
628.00000000	3.02421
628.50000000	3.03122
629.00000000	3.03835
629.50000000	3.04422
630.00000000	3.05093
630.50000000	3.05657
631.00000000	3.06034
631.50000000	3.06421
632.00000000	3.06643
632.50000000	3.06596
633.00000000	3.06436
633.50000000	3.06271
634.00000000	3.06152
634.50000000	3.05886
635.00000000	3.05806
635.50000000	3.05433
636.00000000	3.05247
636.50000000	3.04864
637.00000000	3.04732
637.50000000	3.04628
638.00000000	3.04658
638.50000000	3.04557
639.00000000	3.04474
639.50000000	3.04512
640.00000000	3.04311
640.50000000	3.03896
641.00000000	3.03451
641.50000000	3.03004
642.00000000	3.02652
642.50000000	3.02322
643.00000000	3.02205
643.50000000	3.02307
644.00000000	3.02294
644.50000000	3.02261
645.00000000	3.02241
645.50000000	3.01995
646.00000000	3.01913
646.50000000	3.01905
647.00000000	3.01764
647.50000000	3.01666
648.00000000	3.01487
648.50000000	3.01381
649.00000000	3.01372
649.50000000	3.01418
650.00000000	3.01579
650.50000000	3.01576
651.00000000	3.01659
651.50000000	3.01911
652.00000000	3.02316
652.50000000	3.02386
653.00000000	3.02438
653.50000000	3.02739
654.00000000	3.02997
654.50000000	3.03227
655.00000000	3.03563
655.50000000	3.03984
656.00000000	3.04355
656.50000000	3.04524
657.00000000	3.04590
657.50000000	3.04827
658.00000000	3.05142
658.50000000	3.05501
659.00000000	3.05897
659.50000000	3.06457
660.00000000	3.07089
660.50000000	3.07650
661.00000000	3.07980
661.50000000	3.08120
662.00000000	3.08116
662.50000000	3.08197
663.00000000	3.08467
663.50000000	3.08660
664.00000000	3.08824
664.50000000	3.09217
665.00000000	3.09461
665.50000000	3.09717
666.00000000	3.09906
666.50000000	3.09848
667.00000000	3.09938
667.50000000	3.10399
668.00000000	3.10680
668.50000000	3.10987
669.00000000	3.10951
669.50000000	3.11026
670.00000000	3.11095
670.50000000	3.11302
671.00000000	3.11613
671.50000000	3.11911
672.00000000	3.12249
672.50000000	3.12628
673.00000000	3.12900
673.50000000	3.13182
674.00000000	3.13327
674.50000000	3.13389
675.00000000	3.13644
675.50000000	3.13936
676.00000000	3.14239
676.50000000	3.14558
677.00000000	3.14813
677.50000000	3.15170
678.00000000	3.15483
678.50000000	3.15868
679.00000000	3.16181
679.50000000	3.16555
680.00000000	3.16908
680.50000000	3.17008
681.00000000	3.17026
681.50000000	3.16834
682.00000000	3.16684
682.50000000	3.16677
683.00000000	3.16698
683.50000000	3.16651
684.00000000	3.16375
684.50000000	3.16073
685.00000000	3.15643
685.50000000	3.15375
686.00000000	3.15126
686.50000000	3.14776
687.00000000	3.14407
687.50000000	3.14169
688.00000000	3.14086
688.50000000	3.14018
689.00000000	3.13791
689.50000000	3.13634
690.00000000	3.13416
690.50000000	3.13300
691.00000000	3.13125
691.50000000	3.12924
692.00000000	3.12794
692.50000000	3.12570
693.00000000	3.12347
693.50000000	3.12295
694.00000000	3.12434
694.50000000	3.12596
695.00000000	3.12662
695.50000000	3.12595
696.00000000	3.12583
696.50000000	3.12339
697.00000000	3.11944
697.50000000	3.11483
698.00000000	3.11392
698.50000000	3.11297
699.00000000	3.11062
699.50000000	3.10732
700.00000000	3.10327
700.50000000	3.10192
701.00000000	3.10008
701.50000000	3.09639
702.00000000	3.09329
702.50000000	3.09190
703.00000000	3.09261
703.50000000	3.09480
704.00000000	3.09634
704.50000000	3.09892
705.00000000	3.10159
705.50000000	3.10241
706.00000000	3.10263
706.50000000	3.10159
707.00000000	3.10264
707.50000000	3.10560
708.00000000	3.10984
708.50000000	3.11439
709.00000000	3.11861
709.50000000	3.12014
710.00000000	3.12463
710.50000000	3.12608
711.00000000	3.12501
711.50000000	3.12411
712.00000000	3.12309
712.50000000	3.12182
713.00000000	3.11869
713.50000000	3.11365
714.00000000	3.10984
714.50000000	3.10540
715.00000000	3.10074
715.50000000	3.09371
716.00000000	3.08969
716.50000000	3.08691
717.00000000	3.08572
717.50000000	3.08210
718.00000000	3.07844
718.50000000	3.07783
719.00000000	3.07816
719.50000000	3.07957
720.00000000	3.07995
720.50000000	3.08047
721.00000000	3.08243
721.50000000	3.08406
722.00000000	3.08648
722.50000000	3.08966
723.00000000	3.09490
723.50000000	3.09918
724.00000000	3.10281
724.50000000	3.10580
725.00000000	3.10624
725.50000000	3.10644
726.00000000	3.10660
726.50000000	3.10431
727.00000000	3.10300
727.50000000	3.10032
728.00000000	3.09803
728.50000000	3.09497
729.00000000	3.09352
729.50000000	3.09317
730.00000000	3.09310
730.50000000	3.09213
731.00000000	3.08995
731.50000000	3.08775
732.00000000	3.08669
732.50000000	3.08665
733.00000000	3.08659
733.50000000	3.08701
734.00000000	3.08587
734.50000000	3.08385
735.00000000	3.08487
735.50000000	3.08362
736.00000000	3.08173
736.50000000	3.08228
737.00000000	3.08408
737.50000000	3.08372
738.00000000	3.08483
738.50000000	3.08600
739.00000000	3.08699
739.50000000	3.08751
740.00000000	3.08695
740.50000000	3.08751
741.00000000	3.08686
741.50000000	3.08742
742.00000000	3.08447
742.50000000	3.08257
743.00000000	3.07870
743.50000000	3.07632
744.00000000	3.07434
744.50000000	3.06999
745.00000000	3.06625
745.50000000	3.06164
746.00000000	3.05672
746.50000000	3.05134
747.00000000	3.04938
747.50000000	3.04647
748.00000000	3.04295
748.50000000	3.04168
749.00000000	3.04241
749.50000000	3.04301
750.00000000	3.04391
750.50000000	3.04609
751.00000000	3.04695
751.50000000	3.04940
752.00000000	3.05258
752.50000000	3.05267
753.00000000	3.05221
753.50000000	3.05152
754.00000000	3.05006
754.50000000	3.04988
755.00000000	3.05108
755.50000000	3.05196
756.00000000	3.05453
756.50000000	3.05883
757.00000000	3.06139
757.50000000	3.06442
758.00000000	3.06511
758.50000000	3.06609
759.00000000	3.06738
759.50000000	3.07213
760.00000000	3.07383
760.50000000	3.07782
761.00000000	3.08237
761.50000000	3.08615
762.00000000	3.08964
762.50000000	3.09067
763.00000000	3.09280
763.50000000	3.09155
764.00000000	3.09060
764.50000000	3.08970
765.00000000	3.08827
765.50000000	3.08778
766.00000000	3.08937
766.50000000	3.08925
767.00000000	3.08891
767.50000000	3.08717
768.00000000	3.08753
768.50000000	3.08618
769.00000000	3.08463
769.50000000	3.08279
770.00000000	3.08118
770.50000000	3.07858
771.00000000	3.07595
771.50000000	3.07117
772.00000000	3.06654
772.50000000	3.06226
773.00000000	3.05736
773.50000000	3.05248
774.00000000	3.04782
774.50000000	3.04479
775.00000000	3.04438
775.50000000	3.04318
776.00000000	3.04193
776.50000000	3.04179
777.00000000	3.04245
777.50000000	3.04323
778.00000000	3.04237
778.50000000	3.03915
779.00000000	3.03507
779.50000000	3.02903
780.00000000	3.02383
780.50000000	3.01773
781.00000000	3.01269
781.50000000	3.00576
782.00000000	2.99960
782.50000000	2.99209
783.00000000	2.98612
783.50000000	2.97910
784.00000000	2.97220
784.50000000	2.96699
785.00000000	2.96223
785.50000000	2.95524
786.00000000	2.95263
786.50000000	2.94648
787.00000000	2.93989
787.50000000	2.93214
788.00000000	2.92519
788.50000000	2.91752
789.00000000	2.90963
789.50000000	2.90298
790.00000000	2.89471
790.50000000	2.88450
791.00000000	2.87354
791.50000000	2.86479
792.00000000	2.85659
792.50000000	2.84945
793.00000000	2.84246
793.50000000	2.83575
794.00000000	2.82787
794.50000000	2.82252
795.00000000	2.81538
795.50000000	2.80717
796.00000000	2.79868
796.50000000	2.78993
797.00000000	2.77957
797.50000000	2.76847
798.00000000	2.75787
798.50000000	2.74960
799.00000000	2.74092
799.50000000	2.73511
800.00000000	2.73024
800.50000000	2.72426
801.00000000	2.71804
801.50000000	2.71181
802.00000000	2.70830
802.50000000	2.70253
803.00000000	2.69543
803.50000000	2.68871
804.00000000	2.68263
804.50000000	2.67712
805.00000000	2.67075
805.50000000	2.66466
806.00000000	2.65981
806.50000000	2.65458
807.00000000	2.64899
807.50000000	2.64396
808.00000000	2.63915
808.50000000	2.63426
809.00000000	2.62831
809.50000000	2.62336
810.00000000	2.61657
810.50000000	2.60876
811.00000000	2.60399
811.50000000	2.59850
812.00000000	2.59263
812.50000000	2.58728
813.00000000	2.58332
813.50000000	2.57764
814.00000000	2.57094
814.50000000	2.56340
815.00000000	2.55600
815.50000000	2.54853
816.00000000	2.54072
816.50000000	2.53391
817.00000000	2.52622
817.50000000	2.51776
818.00000000	2.51162
818.50000000	2.50758
819.00000000	2.50407
819.50000000	2.50385
820.00000000	2.50438
820.50000000	2.50435
821.00000000	2.50463
821.50000000	2.50370
822.00000000	2.50481
822.50000000	2.50521
823.00000000	2.50694
823.50000000	2.50778
824.00000000	2.51000
824.50000000	2.51241
825.00000000	2.51529
825.50000000	2.51826
826.00000000	2.52164
826.50000000	2.52303
827.00000000	2.52463
827.50000000	2.52782
828.00000000	2.53063
828.50000000	2.53090
829.00000000	2.52821
829.50000000	2.52746
830.00000000	2.52795
830.50000000	2.52732
831.00000000	2.52832
831.50000000	2.53209
832.00000000	2.53461
832.50000000	2.53465
833.00000000	2.53462
833.50000000	2.53514
834.00000000	2.53646
834.50000000	2.53959
835.00000000	2.54166
835.50000000	2.54384
836.00000000	2.54488
836.50000000	2.54679
837.00000000	2.55082
837.50000000	2.55390
838.00000000	2.55594
838.50000000	2.55667
839.00000000	2.55550
839.50000000	2.55488
840.00000000	2.55212
840.50000000	2.55075
841.00000000	2.54707
841.50000000	2.54567
842.00000000	2.54431
842.50000000	2.54351
843.00000000	2.54088
843.50000000	2.53810
844.00000000	2.53621
844.50000000	2.53364
845.00000000	2.53219
845.50000000	2.53087
846.00000000	2.53023
846.50000000	2.53019
847.00000000	2.52996
847.50000000	2.53137
848.00000000	2.53272
848.50000000	2.53517
849.00000000	2.53530
849.50000000	2.53438
850.00000000	2.53392
850.50000000	2.53265
851.00000000	2.52914
851.50000000	2.52665
852.00000000	2.52300
852.50000000	2.52046
853.00000000	2.52133
853.50000000	2.51945
854.00000000	2.51789
854.50000000	2.51840
855.00000000	2.52116
855.50000000	2.52202
856.00000000	2.52320
856.50000000	2.52296
857.00000000	2.52376
857.50000000	2.52640
858.00000000	2.52969
858.50000000	2.53190
859.00000000	2.53292
859.50000000	2.53449
860.00000000	2.53586
860.50000000	2.53461
861.00000000	2.53676
861.50000000	2.53866
862.00000000	2.54052
862.50000000	2.54057
863.00000000	2.53937
863.50000000	2.53895
864.00000000	2.54165
864.50000000	2.54653
865.00000000	2.54968
865.50000000	2.55320
866.00000000	2.55741
866.50000000	2.55962
867.00000000	2.56443
867.50000000	2.56611
868.00000000	2.56694
868.50000000	2.56785
869.00000000	2.56891
869.50000000	2.57131
870.00000000	2.57455
870.50000000	2.57559
871.00000000	2.57417
871.50000000	2.57419
872.00000000	2.57403
872.50000000	2.57204
873.00000000	2.56992
873.50000000	2.56849
874.00000000	2.56503
874.50000000	2.56377
875.00000000	2.56482
875.50000000	2.56537
876.00000000	2.56505
876.50000000	2.56191
877.00000000	2.55784
877.50000000	2.55289
878.00000000	2.54957
878.50000000	2.54725
879.00000000	2.54466
879.50000000	2.54264
880.00000000	2.54049
880.50000000	2.54012
881.00000000	2.54075
881.50000000	2.54033
882.00000000	2.53957
882.50000000	2.53955
883.00000000	2.53921
883.50000000	2.53735
884.00000000	2.53380
884.50000000	2.52880
885.00000000	2.52302
885.50000000	2.51885
886.00000000	2.51745
886.50000000	2.51595
887.00000000	2.51584
887.50000000	2.51652
888.00000000	2.51489
888.50000000	2.51460
889.00000000	2.51293
889.50000000	2.51154
890.00000000	2.50772
890.50000000	2.50245
891.00000000	2.49820
891.50000000	2.49324
892.00000000	2.48914
892.50000000	2.48481
893.00000000	2.48427
893.50000000	2.48407
894.00000000	2.48370
894.50000000	2.48303
895.00000000	2.48439
895.50000000	2.48555
896.00000000	2.48459
896.50000000	2.48396
897.00000000	2.48426
897.50000000	2.48420
898.00000000	2.48340
898.50000000	2.48368
899.00000000	2.48355
899.50000000	2.48472
900.00000000	2.48562
900.50000000	2.48611
901.00000000	2.48505
901.50000000	2.48531
902.00000000	2.48546
902.50000000	2.48625
903.00000000	2.48562
903.50000000	2.48310
904.00000000	2.48218
904.50000000	2.48286
905.00000000	2.48365
905.50000000	2.48279
906.00000000	2.48076
906.50000000	2.47878
907.00000000	2.47621
907.50000000	2.47143
908.00000000	2.46768
908.50000000	2.46314
909.00000000	2.46099
909.50000000	2.46015
910.00000000	2.45814
910.50000000	2.45737
911.00000000	2.45690
911.50000000	2.45797
912.00000000	2.46008
912.50000000	2.46139
913.00000000	2.46258
913.50000000	2.46209
914.00000000	2.46283
914.50000000	2.46355
915.00000000	2.46419
915.50000000	2.46367
916.00000000	2.46440
916.50000000	2.46459
917.00000000	2.46621
917.50000000	2.46668
918.00000000	2.46514
918.50000000	2.46286
919.00000000	2.46219
919.50000000	2.46267
920.00000000	2.46269
920.50000000	2.46429
921.00000000	2.46692
921.50000000	2.46958
922.00000000	2.46963
922.50000000	2.47010
923.00000000	2.47262
923.50000000	2.47425
924.00000000	2.47796
924.50000000	2.47848
925.00000000	2.47847
925.50000000	2.48079
926.00000000	2.48387
926.50000000	2.48749
927.00000000	2.48936
927.50000000	2.48852
928.00000000	2.48896
928.50000000	2.49094
929.00000000	2.49655
929.50000000	2.50196
930.00000000	2.50637
930.50000000	2.51165
931.00000000	2.51491
931.50000000	2.51752
932.00000000	2.51792
932.50000000	2.51897
933.00000000	2.51907
933.50000000	2.52004
934.00000000	2.52172
934.50000000	2.52315
935.00000000	2.52651
935.50000000	2.52850
936.00000000	2.53012
936.50000000	2.53423
937.00000000	2.53702
937.50000000	2.54152
938.00000000	2.54587
938.50000000	2.55060
939.00000000	2.55518
939.50000000	2.56070
940.00000000	2.56579
940.50000000	2.56858
941.00000000	2.56952
941.50000000	2.56989
942.00000000	2.57190
942.50000000	2.57278
943.00000000	2.57416
943.50000000	2.57617
944.00000000	2.57712
944.50000000	2.57959
945.00000000	2.58263
945.50000000	2.58577
946.00000000	2.58854
946.50000000	2.59289
947.00000000	2.59451
947.50000000	2.59642
948.00000000	2.59965
948.50000000	2.60314
949.00000000	2.60370
949.50000000	2.60446
950.00000000	2.60779
950.50000000	2.60789
951.00000000	2.60341
951.50000000	2.60024
952.00000000	2.59978
952.50000000	2.60279
953.00000000	2.60555
953.50000000	2.60642
954.00000000	2.60681
954.50000000	2.60628
955.00000000	2.60801
955.50000000	2.61058
956.00000000	2.61280
956.50000000	2.61603
957.00000000	2.61787
957.50000000	2.61651
958.00000000	2.61572
958.50000000	2.61494
959.00000000	2.61419
959.50000000	2.61377
960.00000000	2.61327
960.50000000	2.61336
961.00000000	2.61432
961.50000000	2.61699
962.00000000	2.62074
962.50000000	2.62520
963.00000000	2.62817
963.50000000	2.63113
964.00000000	2.63250
964.50000000	2.63330
965.00000000	2.63581
965.50000000	2.63966
966.00000000	2.64230
966.50000000	2.64470
967.00000000	2.64496
967.50000000	2.64702
968.00000000	2.65016
968.50000000	2.65312
969.00000000	2.65650
969.50000000	2.65697
970.00000000	2.65736
970.50000000	2.65824
971.00000000	2.65912
971.50000000	2.65833
972.00000000	2.66047
972.50000000	2.66310
973.00000000	2.66628
973.50000000	2.67015
974.00000000	2.67306
974.50000000	2.67470
975.00000000	2.67705
975.50000000	2.67866
976.00000000	2.68333
976.50000000	2.68645
977.00000000	2.68709
977.50000000	2.68874
978.00000000	2.69188
978.50000000	2.69427
979.00000000	2.69738
979.50000000	2.70161
980.00000000	2.70550
980.50000000	2.70916
981.00000000	2.71414
981.50000000	2.71548
982.00000000	2.71602
982.50000000	2.71847
983.00000000	2.71944
983.50000000	2.71998
984.00000000	2.71796
984.50000000	2.71670
985.00000000	2.71601
985.50000000	2.71472
986.00000000	2.71330
986.50000000	2.71128
987.00000000	2.71021
987.50000000	2.70945
988.00000000	2.70768
988.50000000	2.70617
989.00000000	2.70314
989.50000000	2.70122
990.00000000	2.69832
990.50000000	2.69638
991.00000000	2.69419
991.50000000	2.69428
992.00000000	2.69607
992.50000000	2.70034
993.00000000	2.70477
993.50000000	2.70785
994.00000000	2.71010
994.50000000	2.71258
995.00000000	2.71452
995.50000000	2.71624
996.00000000	2.71629
996.50000000	2.71445
997.00000000	2.71395
997.50000000	2.71308
998.00000000	2.71231
998.50000000	2.70942
999.00000000	2.70684
999.50000000	2.70694
1000.00000000	2.70699
1000.50000000	2.70688
1001.00000000	2.70608
1001.50000000	2.70587
1002.00000000	2.70476
1002.50000000	2.70450
1003.00000000	2.70334
1003.50000000	2.70019
1004.00000000	2.69717
1004.50000000	2.69405
1005.00000000	2.69020
1005.50000000	2.68654
1006.00000000	2.68169
1006.50000000	2.67749
1007.00000000	2.67301
1007.50000000	2.67233
1008.00000000	2.67189
1008.50000000	2.67129
1009.00000000	2.66977
1009.50000000	2.67043
1010.00000000	2.67352
1010.50000000	2.67547
1011.00000000	2.67493
1011.50000000	2.67320
1012.00000000	2.67084
1012.50000000	2.66594
1013.00000000	2.65930
1013.50000000	2.65310
1014.00000000	2.64746
1014.50000000	2.64341
1015.00000000	2.63755
1015.50000000	2.63609
1016.00000000	2.63860
1016.50000000	2.64119
1017.00000000	2.64205
1017.50000000	2.64237
1018.00000000	2.64200
1018.50000000	2.64043
1019.00000000	2.64079
1019.50000000	2.64156
1020.00000000	2.64325
1020.50000000	2.64376
1021.00000000	2.64382
1021.50000000	2.64466
1022.00000000	2.64513
1022.50000000	2.64491
1023.00000000	2.64484
1023.50000000	2.64304
1024.00000000	2.64064
1024.50000000	2.63916
1025.00000000	2.63793
1025.50000000	2.63802
1026.00000000	2.63910
1026.50000000	2.64289
1027.00000000	2.64839
1027.50000000	2.65215
1028.00000000	2.65649
1028.50000000	2.66009
1029.00000000	2.66389
1029.50000000	2.66703
1030.00000000	2.66980
1030.50000000	2.66891
1031.00000000	2.66848
1031.50000000	2.66736
1032.00000000	2.66599
1032.50000000	2.66453
1033.00000000	2.66245
1033.50000000	2.66362
1034.00000000	2.66488
1034.50000000	2.66706
1035.00000000	2.67207
1035.50000000	2.67408
1036.00000000	2.67901
1036.50000000	2.68253
1037.00000000	2.68738
1037.50000000	2.69062
1038.00000000	2.69097
1038.50000000	2.69124
1039.00000000	2.69147
1039.50000000	2.69151
1040.00000000	2.69120
1040.50000000	2.69154
1041.00000000	2.69173
1041.50000000	2.69444
1042.00000000	2.69888
1042.50000000	2.70184
1043.00000000	2.70412
1043.50000000	2.70451
1044.00000000	2.70605
1044.50000000	2.70703
1045.00000000	2.71096
1045.50000000	2.71698
1046.00000000	2.72205
1046.50000000	2.72479
1047.00000000	2.72634
1047.50000000	2.72874
1048.00000000	2.73182
1048.50000000	2.73536
1049.00000000	2.73754
1049.50000000	2.73932
1050.00000000	2.74169
1050.50000000	2.74445
1051.00000000	2.74647
1051.50000000	2.74887
1052.00000000	2.75167
1052.50000000	2.75025
1053.00000000	2.75010
1053.50000000	2.74995
1054.00000000	2.75007
1054.50000000	2.75184
1055.00000000	2.75562
1055.50000000	2.75938
1056.00000000	2.76386
1056.50000000	2.76598
1057.00000000	2.77148
1057.50000000	2.77555
1058.00000000	2.77882
1058.50000000	2.78409
1059.00000000	2.78843
1059.50000000	2.79139
1060.00000000	2.79477
1060.50000000	2.79719
1061.00000000	2.80062
1061.50000000	2.80466
1062.00000000	2.80921
1062.50000000	2.81301
1063.00000000	2.81706
1063.50000000	2.81898
1064.00000000	2.82227
1064.50000000	2.82664
1065.00000000	2.83075
1065.50000000	2.83364
1066.00000000	2.83504
1066.50000000	2.83674
1067.00000000	2.83991
1067.50000000	2.84314
1068.00000000	2.84670
1068.50000000	2.84875
1069.00000000	2.84902
1069.50000000	2.84961
1070.00000000	2.85118
1070.50000000	2.85536
1071.00000000	2.85822
1071.50000000	2.85910
1072.00000000	2.86194
1072.50000000	2.86663
1073.00000000	2.87166
1073.50000000	2.87570
1074.00000000	2.87943
1074.50000000	2.88414
1075.00000000	2.89052
1075.50000000	2.89480
1076.00000000	2.89863
1076.50000000	2.90136
1077.00000000	2.90311
1077.50000000	2.90599
1078.00000000	2.90865
1078.50000000	2.91202
1079.00000000	2.91411
1079.50000000	2.91412
1080.00000000	2.91409
1080.50000000	2.91111
1081.00000000	2.90879
1081.50000000	2.90605
1082.00000000	2.90111
1082.50000000	2.89769
1083.00000000	2.89511
1083.50000000	2.89104
1084.00000000	2.89053
1084.50000000	2.88896
1085.00000000	2.88562
1085.50000000	2.88260
1086.00000000	2.87992
1086.50000000	2.87653
1087.00000000	2.87251
1087.50000000	2.86895
1088.00000000	2.86520
1088.50000000	2.86061
1089.00000000	2.85814
1089.50000000	2.85495
1090.00000000	2.85285
1090.50000000	2.85388
1091.00000000	2.85628
1091.50000000	2.85773
1092.00000000	2.85995
1092.50000000	2.86095
1093.00000000	2.86058
1093.50000000	2.85722
1094.00000000	2.85542
1094.50000000	2.85257
1095.00000000	2.85090
1095.50000000	2.84944
1096.00000000	2.84799
1096.50000000	2.84664
1097.00000000	2.84552
1097.50000000	2.84551
1098.00000000	2.84585
1098.50000000	2.84730
1099.00000000	2.84709
1099.50000000	2.84584
1100.00000000	2.84292
1100.50000000	2.83777
1101.00000000	2.83280
1101.50000000	2.82590
1102.00000000	2.82047
1102.50000000	2.81514
1103.00000000	2.81005
1103.50000000	2.80607
1104.00000000	2.80556
1104.50000000	2.80699
1105.00000000	2.81090
1105.50000000	2.81485
1106.00000000	2.82021
1106.50000000	2.82283
1107.00000000	2.82494
1107.50000000	2.82597
1108.00000000	2.82813
1108.50000000	2.83003
1109.00000000	2.83192
1109.50000000	2.83267
1110.00000000	2.83299
1110.50000000	2.83519
1111.00000000	2.83809
1111.50000000	2.83901
1112.00000000	2.84225
1112.50000000	2.84470
1113.00000000	2.84567
1113.50000000	2.84628
1114.00000000	2.84572
1114.50000000	2.84577
1115.00000000	2.84643
1115.50000000	2.84704
1116.00000000	2.84653
1116.50000000	2.84474
1117.00000000	2.84321
1117.50000000	2.83934
1118.00000000	2.83691
1118.50000000	2.83449
1119.00000000	2.83549
1119.50000000	2.83562
1120.00000000	2.83807
1120.50000000	2.84016
1121.00000000	2.84329
1121.50000000	2.84555
1122.00000000	2.84661
1122.50000000	2.84511
1123.00000000	2.84246
1123.50000000	2.84084
1124.00000000	2.83920
1124.50000000	2.83755
1125.00000000	2.83742
1125.50000000	2.83462
1126.00000000	2.83184
1126.50000000	2.83250
1127.00000000	2.83095
1127.50000000	2.82928
1128.00000000	2.82809
1128.50000000	2.82824
1129.00000000	2.82645
1129.50000000	2.82323
1130.00000000	2.81875
1130.50000000	2.81123
1131.00000000	2.80554
1131.50000000	2.80043
1132.00000000	2.79561
1132.50000000	2.79136
1133.00000000	2.78981
1133.50000000	2.78849
1134.00000000	2.78671
1134.50000000	2.78347
1135.00000000	2.78120
1135.50000000	2.77716
1136.00000000	2.77331
1136.50000000	2.76863
1137.00000000	2.76469
1137.50000000	2.76161
1138.00000000	2.75916
1138.50000000	2.75877
1139.00000000	2.75813
1139.50000000	2.75556
1140.00000000	2.75334
1140.50000000	2.75100
1141.00000000	2.74873
1141.50000000	2.74603
1142.00000000	2.74400
1142.50000000	2.74089
1143.00000000	2.73907
1143.50000000	2.73879
1144.00000000	2.73883
1144.50000000	2.73828
1145.00000000	2.73851
1145.50000000	2.73805
1146.00000000	2.73658
1146.50000000	2.73499
1147.00000000	2.73360
1147.50000000	2.73121
1148.00000000	2.72870
1148.50000000	2.72568
1149.00000000	2.72651
1149.50000000	2.72764
1150.00000000	2.73084
1150.50000000	2.73298
1151.00000000	2.73664
1151.50000000	2.73853
1152.00000000	2.73863
1152.50000000	2.73529
1153.00000000	2.73403
1153.50000000	2.73147
1154.00000000	2.72984
1154.50000000	2.72931
1155.00000000	2.72875
1155.50000000	2.72710
1156.00000000	2.72474
1156.50000000	2.72255
1157.00000000	2.71821
1157.50000000	2.71246
1158.00000000	2.70752
1158.50000000	2.70406
1159.00000000	2.70052
1159.50000000	2.69806
1160.00000000	2.69738
1160.50000000	2.69786
1161.00000000	2.69710
1161.50000000	2.69622
1162.00000000	2.69433
1162.50000000	2.69419
1163.00000000	2.69530
1163.50000000	2.69641
1164.00000000	2.69590
1164.50000000	2.69599
1165.00000000	2.69705
1165.50000000	2.69535
1166.00000000	2.69327
1166.50000000	2.69305
1167.00000000	2.69179
1167.50000000	2.69058
1168.00000000	2.68948
1168.50000000	2.68965
1169.00000000	2.68584
1169.50000000	2.68179
1170.00000000	2.67810
1170.50000000	2.67524
1171.00000000	2.67353
1171.50000000	2.67343
1172.00000000	2.67053
1172.50000000	2.66570
1173.00000000	2.66180
1173.50000000	2.65711
1174.00000000	2.65519
1174.50000000	2.65437
1175.00000000	2.65461
1175.50000000	2.65167
1176.00000000	2.65085
1176.50000000	2.65213
1177.00000000	2.65259
1177.50000000	2.65397
1178.00000000	2.65522
1178.50000000	2.65745
1179.00000000	2.65993
1179.50000000	2.66118
1180.00000000	2.66033
1180.50000000	2.65857
1181.00000000	2.65733
1181.50000000	2.65380
1182.00000000	2.65182
1182.50000000	2.65019
1183.00000000	2.64793
1183.50000000	2.64696
1184.00000000	2.64608
1184.50000000	2.64566
1185.00000000	2.64657
1185.50000000	2.64509
1186.00000000	2.64474
1186.50000000	2.64552
1187.00000000	2.64980
1187.50000000	2.65383
1188.00000000	2.65641
1188.50000000	2.65728
1189.00000000	2.65755
1189.50000000	2.65933
1190.00000000	2.66228
1190.50000000	2.66591
1191.00000000	2.66956
1191.50000000	2.67148
1192.00000000	2.67080
1192.50000000	2.66841
1193.00000000	2.66263
1193.50000000	2.66005
1194.00000000	2.65571
1194.50000000	2.64972
1195.00000000	2.64476
1195.50000000	2.63967
1196.00000000	2.63798
1196.50000000	2.63632
1197.00000000	2.63440
1197.50000000	2.63158
1198.00000000	2.62852
1198.50000000	2.62593
1199.00000000	2.62398
1199.50000000	2.62302
1200.00000000	2.62199
1200.50000000	2.62064
1201.00000000	2.61975
1201.50000000	2.61828
1202.00000000	2.61407
1202.50000000	2.61010
1203.00000000	2.60893
1203.50000000	2.60982
1204.00000000	2.60956
1204.50000000	2.60655
1205.00000000	2.60298
1205.50000000	2.59894
1206.00000000	2.59251
1206.50000000	2.58425
1207.00000000	2.57781
1207.50000000	2.56989
1208.00000000	2.56205
1208.50000000	2.55307
1209.00000000	2.54625
1209.50000000	2.54131
1210.00000000	2.53481
1210.50000000	2.53071
1211.00000000	2.52711
1211.50000000	2.52317
1212.00000000	2.51884
1212.50000000	2.51534
1213.00000000	2.51025
1213.50000000	2.50741
1214.00000000	2.50212
1214.50000000	2.49855
1215.00000000	2.49685
1215.50000000	2.49384
1216.00000000	2.49375
1216.50000000	2.49175
1217.00000000	2.49291
1217.50000000	2.49328
1218.00000000	2.49190
1218.50000000	2.49237
1219.00000000	2.49456
1219.50000000	2.49552
1220.00000000	2.49760
1220.50000000	2.49868
1221.00000000	2.49967
1221.50000000	2.50267
1222.00000000	2.50591
1222.50000000	2.50915
1223.00000000	2.51241
1223.50000000	2.51518
1224.00000000	2.51445
1224.50000000	2.51174
1225.00000000	2.51021
1225.50000000	2.50701
1226.00000000	2.50348
1226.50000000	2.49994
1227.00000000	2.49735
1227.50000000	2.49537
1228.00000000	2.49324
1228.50000000	2.49015
1229.00000000	2.49001
1229.50000000	2.49028
1230.00000000	2.48832
1230.50000000	2.49086
1231.00000000	2.49288
1231.50000000	2.49227
1232.00000000	2.48947
1232.50000000	2.48722
1233.00000000	2.48575
1233.50000000	2.48270
1234.00000000	2.48044
1234.50000000	2.47737
1235.00000000	2.47564
1235.50000000	2.47596
1236.00000000	2.47659
1236.50000000	2.47764
1237.00000000	2.47811
1237.50000000	2.47977
1238.00000000	2.48299
1238.50000000	2.48586
1239.00000000	2.48968
1239.50000000	2.49350
1240.00000000	2.49956
1240.50000000	2.50534
1241.00000000	2.51057
1241.50000000	2.51690
1242.00000000	2.52238
1242.50000000	2.52629
1243.00000000	2.52909
1243.50000000	2.53243
1244.00000000	2.53643
1244.50000000	2.53867
1245.00000000	2.54088
1245.50000000	2.54290
1246.00000000	2.54675
1246.50000000	2.55203
1247.00000000	2.55789
1247.50000000	2.56450
1248.00000000	2.57228
1248.50000000	2.57789
1249.00000000	2.58323
1249.50000000	2.58804
1250.00000000	2.59069
1250.50000000	2.59506
1251.00000000	2.59985
1251.50000000	2.60289
1252.00000000	2.60450
1252.50000000	2.60560
1253.00000000	2.60891
1253.50000000	2.61083
1254.00000000	2.61341
1254.50000000	2.61787
1255.00000000	2.62297
1255.50000000	2.62907
1256.00000000	2.63327
1256.50000000	2.63603
1257.00000000	2.63765
1257.50000000	2.63621
1258.00000000	2.63466
1258.50000000	2.63450
1259.00000000	2.63389
1259.50000000	2.63440
1260.00000000	2.63441
1260.50000000	2.63476
1261.00000000	2.63365
1261.50000000	2.63359
1262.00000000	2.63187
1262.50000000	2.62810
1263.00000000	2.62503
1263.50000000	2.62226
1264.00000000	2.61997
1264.50000000	2.61547
1265.00000000	2.61012
1265.50000000	2.60502
1266.00000000	2.59761
1266.50000000	2.59290
1267.00000000	2.58814
1267.50000000	2.58358
1268.00000000	2.57683
1268.50000000	2.57030
1269.00000000	2.55986
1269.50000000	2.55106
1270.00000000	2.54303
1270.50000000	2.53704
1271.00000000	2.52977
1271.50000000	2.52379
1272.00000000	2.52024
1272.50000000	2.51463
1273.00000000	2.50908
1273.50000000	2.50501
1274.00000000	2.50138
1274.50000000	2.50078
1275.00000000	2.50027
1275.50000000	2.50160
1276.00000000	2.50085
1276.50000000	2.49995
1277.00000000	2.50040
1277.50000000	2.49790
1278.00000000	2.49476
1278.50000000	2.49062
1279.00000000	2.48841
1279.50000000	2.48457
1280.00000000	2.48029
1280.50000000	2.47447
1281.00000000	2.46806
1281.50000000	2.46466
1282.00000000	2.45983
1282.50000000	2.45371
1283.00000000	2.44814
1283.50000000	2.44289
1284.00000000	2.44044
1284.50000000	2.43780
1285.00000000	2.43365
1285.50000000	2.43029
1286.00000000	2.42654
1286.50000000	2.42359
1287.00000000	2.41920
1287.50000000	2.41601
1288.00000000	2.41222
1288.50000000	2.40429
1289.00000000	2.39552
1289.50000000	2.38785
1290.00000000	2.37996
1290.50000000	2.37162
1291.00000000	2.36791
1291.50000000	2.36724
1292.00000000	2.36553
1292.50000000	2.36150
1293.00000000	2.35647
1293.50000000	2.35229
1294.00000000	2.34821
1294.50000000	2.34542
1295.00000000	2.34305
1295.50000000	2.34257
1296.00000000	2.34363
1296.50000000	2.34372
1297.00000000	2.34352
1297.50000000	2.34116
1298.00000000	2.33823
1298.50000000	2.33440
1299.00000000	2.33197
1299.50000000	2.32831
1300.00000000	2.32504
1300.50000000	2.32223
1301.00000000	2.31828
1301.50000000	2.31496
1302.00000000	2.31046
1302.50000000	2.30684
1303.00000000	2.30339
1303.50000000	2.29871
1304.00000000	2.29221
1304.50000000	2.28803
1305.00000000	2.28433
1305.50000000	2.28119
1306.00000000	2.27915
1306.50000000	2.27754
1307.00000000	2.27576
1307.50000000	2.27283
1308.00000000	2.27353
1308.50000000	2.27479
1309.00000000	2.27806
1309.50000000	2.28035
1310.00000000	2.28245
1310.50000000	2.28386
1311.00000000	2.28637
1311.50000000	2.28740
1312.00000000	2.28823
1312.50000000	2.28796
1313.00000000	2.28740
1313.50000000	2.28765
1314.00000000	2.29082
1314.50000000	2.29336
1315.00000000	2.29610
1315.50000000	2.29654
1316.00000000	2.29695
1316.50000000	2.29759
1317.00000000	2.29874
1317.50000000	2.30013
1318.00000000	2.30258
1318.50000000	2.30661
1319.00000000	2.30938
1319.50000000	2.30914
1320.00000000	2.30834
1320.50000000	2.30743
1321.00000000	2.30524
1321.50000000	2.30171
1322.00000000	2.29822
1322.50000000	2.29411
1323.00000000	2.29134
1323.50000000	2.28942
1324.00000000	2.28694
1324.50000000	2.28538
1325.00000000	2.28423
1325.50000000	2.28354
1326.00000000	2.28432
1326.50000000	2.28516
1327.00000000	2.28665
1327.50000000	2.28834
1328.00000000	2.28882
1328.50000000	2.28946
1329.00000000	2.28739
1329.50000000	2.28898
1330.00000000	2.28969
1330.50000000	2.28927
1331.00000000	2.28984
1331.50000000	2.28996
1332.00000000	2.28859
1332.50000000	2.28793
1333.00000000	2.28512
1333.50000000	2.28385
1334.00000000	2.28162
1334.50000000	2.28083
1335.00000000	2.27763
1335.50000000	2.27601
1336.00000000	2.27346
1336.50000000	2.27090
1337.00000000	2.26926
1337.50000000	2.26708
1338.00000000	2.26539
1338.50000000	2.26496
1339.00000000	2.26464
1339.50000000	2.26473
1340.00000000	2.26512
1340.50000000	2.26426
1341.00000000	2.26452
1341.50000000	2.26393
1342.00000000	2.26466
1342.50000000	2.26465
1343.00000000	2.26406
1343.50000000	2.26324
1344.00000000	2.26171
1344.50000000	2.26088
1345.00000000	2.26304
1345.50000000	2.26525
1346.00000000	2.26634
1346.50000000	2.26542
1347.00000000	2.26404
1347.50000000	2.26188
1348.00000000	2.26046
1348.50000000	2.26051
1349.00000000	2.26020
1349.50000000	2.26022
1350.00000000	2.26076
1350.50000000	2.26015
1351.00000000	2.25890
1351.50000000	2.25790
1352.00000000	2.25759
1352.50000000	2.25564
1353.00000000	2.25301
1353.50000000	2.25180
1354.00000000	2.24985
1354.50000000	2.25065
1355.00000000	2.25044
1355.50000000	2.24999
1356.00000000	2.25163
1356.50000000	2.25515
1357.00000000	2.25735
1357.50000000	2.26077
1358.00000000	2.26611
1358.50000000	2.26987
1359.00000000	2.27251
1359.50000000	2.27422
1360.00000000	2.27562
1360.50000000	2.27576
1361.00000000	2.27569
1361.50000000	2.27627
1362.00000000	2.28045
1362.50000000	2.28321
1363.00000000	2.28291
1363.50000000	2.28335
1364.00000000	2.28275
1364.50000000	2.28272
1365.00000000	2.28454
1365.50000000	2.28910
1366.00000000	2.29229
1366.50000000	2.29396
1367.00000000	2.29522
1367.50000000	2.29499
1368.00000000	2.29397
1368.50000000	2.29125
1369.00000000	2.28938
1369.50000000	2.28856
1370.00000000	2.28739
1370.50000000	2.28644
1371.00000000	2.28237
1371.50000000	2.28165
1372.00000000	2.28204
1372.50000000	2.28052
1373.00000000	2.27782
1373.50000000	2.27390
1374.00000000	2.27036
1374.50000000	2.26602
1375.00000000	2.26423
1375.50000000	2.26203
1376.00000000	2.25860
1376.50000000	2.25907
1377.00000000	2.25709
1377.50000000	2.25380
1378.00000000	2.24890
1378.50000000	2.24484
1379.00000000	2.24238
1379.50000000	2.24182
1380.00000000	2.24192
1380.50000000	2.24255
1381.00000000	2.24385
1381.50000000	2.24260
1382.00000000	2.23924
1382.50000000	2.23620
1383.00000000	2.23555
1383.50000000	2.23785
1384.00000000	2.24164
1384.50000000	2.24348
1385.00000000	2.24403
1385.50000000	2.24404
1386.00000000	2.24355
1386.50000000	2.24115
1387.00000000	2.23884
1387.50000000	2.23834
1388.00000000	2.23790
1388.50000000	2.23589
1389.00000000	2.23634
1389.50000000	2.23853
1390.00000000	2.23997
1390.50000000	2.24049
1391.00000000	2.24233
1391.50000000	2.24321
1392.00000000	2.24259
1392.50000000	2.24280
1393.00000000	2.24022
1393.50000000	2.24056
1394.00000000	2.24167
1394.50000000	2.24197
1395.00000000	2.24100
1395.50000000	2.24080
1396.00000000	2.24154
1396.50000000	2.24282
1397.00000000	2.24341
1397.50000000	2.24437
1398.00000000	2.24455
1398.50000000	2.24489
1399.00000000	2.24492
1399.50000000	2.24476
1400.00000000	2.24500
1400.50000000	2.24427
1401.00000000	2.24315
1401.50000000	2.24517
1402.00000000	2.24348
1402.50000000	2.24252
1403.00000000	2.24023
1403.50000000	2.23919
1404.00000000	2.23877
1404.50000000	2.23904
1405.00000000	2.23657
1405.50000000	2.23429
1406.00000000	2.23192
1406.50000000	2.23101
1407.00000000	2.23193
1407.50000000	2.23157
1408.00000000	2.23039
1408.50000000	2.22983
1409.00000000	2.23157
1409.50000000	2.23174
1410.00000000	2.23307
1410.50000000	2.23466
1411.00000000	2.23504
1411.50000000	2.23611
1412.00000000	2.23716
1412.50000000	2.23919
1413.00000000	2.24065
1413.50000000	2.24167
1414.00000000	2.24201
1414.50000000	2.24281
1415.00000000	2.24409
1415.50000000	2.24610
1416.00000000	2.24876
1416.50000000	2.24708
1417.00000000	2.24511
1417.50000000	2.24361
1418.00000000	2.24456
1418.50000000	2.24762
1419.00000000	2.24816
1419.50000000	2.24718
1420.00000000	2.24613
1420.50000000	2.24340
1421.00000000	2.24147
1421.50000000	2.24137
1422.00000000	2.24049
1422.50000000	2.24009
1423.00000000	2.23918
1423.50000000	2.23837
1424.00000000	2.23660
1424.50000000	2.23523
1425.00000000	2.23469
1425.50000000	2.23492
1426.00000000	2.23512
1426.50000000	2.23702
1427.00000000	2.23762
1427.50000000	2.24141
1428.00000000	2.24420
1428.50000000	2.24698
1429.00000000	2.24988
1429.50000000	2.25441
1430.00000000	2.25901
1430.50000000	2.26469
1431.00000000	2.26863
1431.50000000	2.27520
1432.00000000	2.27863
1432.50000000	2.28101
1433.00000000	2.28339
1433.50000000	2.28673
1434.00000000	2.28982
1434.50000000	2.29396
1435.00000000	2.29873
1435.50000000	2.30715
1436.00000000	2.31388
1436.50000000	2.31883
1437.00000000	2.32469
1437.50000000	2.33102
1438.00000000	2.33588
1438.50000000	2.34084
1439.00000000	2.34624
1439.50000000	2.35047
1440.00000000	2.35264
1440.50000000	2.35470
1441.00000000	2.35735
1441.50000000	2.36299
1442.00000000	2.36659
1442.50000000	2.36988
1443.00000000	2.37303
1443.50000000	2.37624
1444.00000000	2.37971
1444.50000000	2.38266
1445.00000000	2.38500
1445.50000000	2.38814
1446.00000000	2.39120
1446.50000000	2.39364
1447.00000000	2.39262
1447.50000000	2.39143
1448.00000000	2.39232
1448.50000000	2.39089
1449.00000000	2.39022
1449.50000000	2.39000
1450.00000000	2.38771
1450.50000000	2.38344
1451.00000000	2.38075
1451.50000000	2.37771
1452.00000000	2.37442
1452.50000000	2.37032
1453.00000000	2.36728
1453.50000000	2.36444
1454.00000000	2.36185
1454.50000000	2.35941
1455.00000000	2.35809
1455.50000000	2.35936
1456.00000000	2.36083
1456.50000000	2.36170
1457.00000000	2.36193
1457.50000000	2.36338
1458.00000000	2.36410
1458.50000000	2.36275
1459.00000000	2.36237
1459.50000000	2.36185
1460.00000000	2.36078
1460.50000000	2.36091
1461.00000000	2.35967
1461.50000000	2.36012
1462.00000000	2.36326
1462.50000000	2.36381
1463.00000000	2.36352
1463.50000000	2.36192
1464.00000000	2.36046
1464.50000000	2.36222
1465.00000000	2.36713
1465.50000000	2.37094
1466.00000000	2.37366
1466.50000000	2.37790
1467.00000000	2.38142
1467.50000000	2.38589
1468.00000000	2.38767
1468.50000000	2.39059
1469.00000000	2.39234
1469.50000000	2.39430
1470.00000000	2.39810
1470.50000000	2.40119
1471.00000000	2.40243
1471.50000000	2.40169
1472.00000000	2.40196
1472.50000000	2.40242
1473.00000000	2.40447
1473.50000000	2.40613
1474.00000000	2.40460
1474.50000000	2.40110
1475.00000000	2.39979
1475.50000000	2.39689
1476.00000000	2.39485
1476.50000000	2.39283
1477.00000000	2.39128
1477.50000000	2.38945
1478.00000000	2.38798
1478.50000000	2.38714
1479.00000000	2.38582
1479.50000000	2.38684
1480.00000000	2.38860
1480.50000000	2.39096
1481.00000000	2.39507
1481.50000000	2.39695
1482.00000000	2.39634
1482.50000000	2.39490
1483.00000000	2.39255
1483.50000000	2.39105
1484.00000000	2.38756
1484.50000000	2.38504
1485.00000000	2.38259
1485.50000000	2.38115
1486.00000000	2.38060
1486.50000000	2.37945
1487.00000000	2.37953
1487.50000000	2.38171
1488.00000000	2.38425
1488.50000000	2.38821
1489.00000000	2.39317
1489.50000000	2.39755
1490.00000000	2.40099
1490.50000000	2.40427
1491.00000000	2.40798
1491.50000000	2.41288
1492.00000000	2.41634
1492.50000000	2.42032
1493.00000000	2.42566
1493.50000000	2.43209
1494.00000000	2.43798
1494.50000000	2.44475
1495.00000000	2.45229
1495.50000000	2.45829
1496.00000000	2.46362
1496.50000000	2.47202
1497.00000000	2.47769
1497.50000000	2.48231
1498.00000000	2.49009
1498.50000000	2.49871
1499.00000000	2.50733
1499.50000000	2.51546
1500.00000000	2.52370
1500.50000000	2.53113
1501.00000000	2.53620
1501.50000000	2.53977
1502.00000000	2.54410
1502.50000000	2.54799
1503.00000000	2.55155
1503.50000000	2.55607
1504.00000000	2.56002
1504.50000000	2.56374
1505.00000000	2.56519
1505.50000000	2.56775
1506.00000000	2.56722
1506.50000000	2.56619
1507.00000000	2.56641
1507.50000000	2.56840
1508.00000000	2.57163
1508.50000000	2.57584
1509.00000000	2.57959
1509.50000000	2.57868
1510.00000000	2.57961
1510.50000000	2.58110
1511.00000000	2.58316
1511.50000000	2.58456
1512.00000000	2.58625
1512.50000000	2.58731
1513.00000000	2.59059
1513.50000000	2.59430
1514.00000000	2.59963
1514.50000000	2.60102
1515.00000000	2.60161
1515.50000000	2.60219
1516.00000000	2.60077
1516.50000000	2.59515
1517.00000000	2.58832
1517.50000000	2.58421
1518.00000000	2.58164
1518.50000000	2.57945
1519.00000000	2.57715
1519.50000000	2.57699
1520.00000000	2.57446
1520.50000000	2.57312
1521.00000000	2.57385
1521.50000000	2.57558
1522.00000000	2.57882
1522.50000000	2.58170
1523.00000000	2.58353
1523.50000000	2.58617
1524.00000000	2.58788
1524.50000000	2.58845
1525.00000000	2.58716
1525.50000000	2.58546
1526.00000000	2.58392
1526.50000000	2.58242
1527.00000000	2.58027
1527.50000000	2.57755
1528.00000000	2.57563
1528.50000000	2.57386
1529.00000000	2.57308
1529.50000000	2.57175
1530.00000000	2.56885
1530.50000000	2.56678
1531.00000000	2.56330
1531.50000000	2.56075
1532.00000000	2.55772
1532.50000000	2.55416
1533.00000000	2.55292
1533.50000000	2.55485
1534.00000000	2.55710
1534.50000000	2.56019
1535.00000000	2.56533
1535.50000000	2.56873
1536.00000000	2.57444
1536.50000000	2.57877
1537.00000000	2.58158
1537.50000000	2.58319
1538.00000000	2.58433
1538.50000000	2.58610
1539.00000000	2.58796
1539.50000000	2.58870
1540.00000000	2.58899
1540.50000000	2.59131
1541.00000000	2.59077
1541.50000000	2.58862
1542.00000000	2.58622
1542.50000000	2.58481
1543.00000000	2.58070
1543.50000000	2.57888
1544.00000000	2.57546
1544.50000000	2.57192
1545.00000000	2.56843
1545.50000000	2.56477
1546.00000000	2.56330
1546.50000000	2.56241
1547.00000000	2.56041
1547.50000000	2.55811
1548.00000000	2.55648
1548.50000000	2.55560
1549.00000000	2.55659
1549.50000000	2.55521
1550.00000000	2.55274
1550.50000000	2.54987
1551.00000000	2.54524
1551.50000000	2.53815
1552.00000000	2.53259
1552.50000000	2.52711
1553.00000000	2.52452
1553.50000000	2.52323
1554.00000000	2.52188
1554.50000000	2.52242
1555.00000000	2.52141
1555.50000000	2.51983
1556.00000000	2.51759
1556.50000000	2.51623
1557.00000000	2.51545
1557.50000000	2.51638
1558.00000000	2.51764
1558.50000000	2.51783
1559.00000000	2.51762
1559.50000000	2.51641
1560.00000000	2.51438
1560.50000000	2.51336
1561.00000000	2.51365
1561.50000000	2.51437
1562.00000000	2.51508
1562.50000000	2.51768
1563.00000000	2.51906
1563.50000000	2.52012
1564.00000000	2.51954
1564.50000000	2.51660
1565.00000000	2.51260
1565.50000000	2.51206
1566.00000000	2.51268
1566.50000000	2.51156
1567.00000000	2.51048
1567.50000000	2.51098
1568.00000000	2.51166
1568.50000000	2.51187
1569.00000000	2.51234
1569.50000000	2.51257
1570.00000000	2.51349
1570.50000000	2.51409
1571.00000000	2.51507
1571.50000000	2.51661
1572.00000000	2.51817
1572.50000000	2.52040
1573.00000000	2.52167
1573.50000000	2.52320
1574.00000000	2.52385
1574.50000000	2.52625
1575.00000000	2.52993
1575.50000000	2.53444
1576.00000000	2.53883
1576.50000000	2.54271
1577.00000000	2.54625
1577.50000000	2.54788
1578.00000000	2.54698
1578.50000000	2.54447
1579.00000000	2.54341
1579.50000000	2.54256
1580.00000000	2.54364
1580.50000000	2.54402
1581.00000000	2.54442
1581.50000000	2.54544
1582.00000000	2.54679
1582.50000000	2.54538
1583.00000000	2.54640
1583.50000000	2.54791
1584.00000000	2.54741
1584.50000000	2.54712
1585.00000000	2.54742
1585.50000000	2.54780
1586.00000000	2.54936
1586.50000000	2.55088
1587.00000000	2.55138
1587.50000000	2.55016
1588.00000000	2.55008
1588.50000000	2.54951
1589.00000000	2.55046
1589.50000000	2.55274
1590.00000000	2.55311
1590.50000000	2.55234
1591.00000000	2.55151
1591.50000000	2.55172
1592.00000000	2.54887
1592.50000000	2.54728
1593.00000000	2.54608
1593.50000000	2.54571
1594.00000000	2.54787
1594.50000000	2.55056
1595.00000000	2.55398
1595.50000000	2.55714
1596.00000000	2.56013
1596.50000000	2.56281
1597.00000000	2.56519
1597.50000000	2.56737
1598.00000000	2.56923
1598.50000000	2.57160
1599.00000000	2.57468
1599.50000000	2.57659
1600.00000000	2.57696
1600.50000000	2.57853
1601.00000000	2.57943
1601.50000000	2.58070
1602.00000000	2.58174
1602.50000000	2.58101
1603.00000000	2.58139
1603.50000000	2.58392
1604.00000000	2.58726
1604.50000000	2.59215
1605.00000000	2.59561
1605.50000000	2.60070
1606.00000000	2.60478
1606.50000000	2.60731
1607.00000000	2.61039
1607.50000000	2.61429
1608.00000000	2.61716
1608.50000000	2.61756
1609.00000000	2.61741
1609.50000000	2.61721
1610.00000000	2.61827
1610.50000000	2.61856
1611.00000000	2.61780
1611.50000000	2.61604
1612.00000000	2.61653
1612.50000000	2.61790
1613.00000000	2.61935
1613.50000000	2.62166
1614.00000000	2.62356
1614.50000000	2.62529
1615.00000000	2.62629
1615.50000000	2.62770
1616.00000000	2.62862
1616.50000000	2.62877
1617.00000000	2.62940
1617.50000000	2.63065
1618.00000000	2.63188
1618.50000000	2.63422
1619.00000000	2.63720
1619.50000000	2.63986
1620.00000000	2.64429
1620.50000000	2.64587
1621.00000000	2.64797
1621.50000000	2.64993
1622.00000000	2.65295
1622.50000000	2.65515
1623.00000000	2.65834
1623.50000000	2.66161
1624.00000000	2.66546
1624.50000000	2.66930
1625.00000000	2.67344
1625.50000000	2.67787
1626.00000000	2.68000
1626.50000000	2.68080
1627.00000000	2.68384
1627.50000000	2.68499
1628.00000000	2.68719
1628.50000000	2.69092
1629.00000000	2.69577
1629.50000000	2.70210
1630.00000000	2.70733
1630.50000000	2.71129
1631.00000000	2.71492
1631.50000000	2.71784
1632.00000000	2.72190
1632.50000000	2.72497
1633.00000000	2.72996
1633.50000000	2.73440
1634.00000000	2.73797
1634.50000000	2.74178
1635.00000000	2.74524
1635.50000000	2.74989
1636.00000000	2.75628
1636.50000000	2.76308
1637.00000000	2.76695
1637.50000000	2.76943
1638.00000000	2.76963
1638.50000000	2.77010
1639.00000000	2.77136
1639.50000000	2.77249
1640.00000000	2.77206
1640.50000000	2.77171
1641.00000000	2.77164
1641.50000000	2.77087
1642.00000000	2.76996
1642.50000000	2.76721
1643.00000000	2.76536
1643.50000000	2.76400
1644.00000000	2.76159
1644.50000000	2.75893
1645.00000000	2.75639
1645.50000000	2.75421
1646.00000000	2.75449
1646.50000000	2.75326
1647.00000000	2.75142
1647.50000000	2.75107
1648.00000000	2.74924
1648.50000000	2.74763
1649.00000000	2.74800
1649.50000000	2.74928
1650.00000000	2.74861
1650.50000000	2.74970
1651.00000000	2.75414
1651.50000000	2.75899
1652.00000000	2.76315
1652.50000000	2.76893
1653.00000000	2.77259
1653.50000000	2.77547
1654.00000000	2.77907
1654.50000000	2.78170
1655.00000000	2.78437
1655.50000000	2.78632
1656.00000000	2.78805
1656.50000000	2.78854
1657.00000000	2.79196
1657.50000000	2.79214
1658.00000000	2.79322
1658.50000000	2.79578
1659.00000000	2.79826
1659.50000000	2.79923
1660.00000000	2.80057
1660.50000000	2.80279
1661.00000000	2.80452
1661.50000000	2.80433
1662.00000000	2.80578
1662.50000000	2.80497
1663.00000000	2.80385
1663.50000000	2.80026
1664.00000000	2.79523
1664.50000000	2.78924
1665.00000000	2.78383
1665.50000000	2.78033
1666.00000000	2.77418
1666.50000000	2.76961
1667.00000000	2.76238
1667.50000000	2.75687
1668.00000000	2.74834
1668.50000000	2.74031
1669.00000000	2.73709
1669.50000000	2.73361
1670.00000000	2.72975
1670.50000000	2.72498
