0.00000000	2.13738
0.50000000	2.13516
1.00000000	2.13440
1.50000000	2.13168
2.00000000	2.12766
2.50000000	2.12467
3.00000000	2.11872
3.50000000	2.11165
4.00000000	2.10352
4.50000000	2.09255
5.00000000	2.08334
5.50000000	2.07187
6.00000000	2.05927
6.50000000	2.04937
7.00000000	2.03889
7.50000000	2.02752
8.00000000	2.01895
8.50000000	2.01028
9.00000000	1.99943
9.50000000	1.98645
10.00000000	1.97835
10.50000000	1.97037
11.00000000	1.96406
11.50000000	1.95621
12.00000000	1.94753
12.50000000	1.93879
13.00000000	1.93426
13.50000000	1.93083
14.00000000	1.92706
14.50000000	1.92262
15.00000000	1.91720
15.50000000	1.91147
16.00000000	1.90625
16.50000000	1.90219
17.00000000	1.89846
17.50000000	1.89615
18.00000000	1.89465
18.50000000	1.89285
19.00000000	1.89313
19.50000000	1.89393
20.00000000	1.89147
20.50000000	1.89155
21.00000000	1.89132
21.50000000	1.88972
22.00000000	1.88884
22.50000000	1.88870
23.00000000	1.88746
23.50000000	1.88541
24.00000000	1.88117
24.50000000	1.87923
25.00000000	1.87671
25.50000000	1.87461
26.00000000	1.87409
26.50000000	1.87529
27.00000000	1.87705
27.50000000	1.87723
28.00000000	1.87664
28.50000000	1.87558
29.00000000	1.87482
29.50000000	1.87091
30.00000000	1.86878
30.50000000	1.86708
31.00000000	1.86509
31.50000000	1.86547
32.00000000	1.86322
32.50000000	1.85930
33.00000000	1.85335
33.50000000	1.84702
34.00000000	1.84141
34.50000000	1.83540
35.00000000	1.83079
35.50000000	1.82585
36.00000000	1.82331
36.50000000	1.82127
37.00000000	1.81880
37.50000000	1.81566
38.00000000	1.81522
38.50000000	1.81580
39.00000000	1.81712
39.50000000	1.81881
40.00000000	1.82146
40.50000000	1.82521
41.00000000	1.82661
41.50000000	1.82585
42.00000000	1.82349
42.50000000	1.82013
43.00000000	1.81798
43.50000000	1.81545
44.00000000	1.81479
44.50000000	1.81396
45.00000000	1.81441
45.50000000	1.81564
46.00000000	1.81721
46.50000000	1.81856
47.00000000	1.82162
47.50000000	1.82240
48.00000000	1.82159
48.50000000	1.82043
49.00000000	1.82109
49.50000000	1.82522
50.00000000	1.82913
50.50000000	1.83016
51.00000000	1.83135
51.50000000	1.83470
52.00000000	1.83913
52.50000000	1.84355
53.00000000	1.84720
53.50000000	1.85100
54.00000000	1.85622
54.50000000	1.86026
55.00000000	1.86600
55.50000000	1.87269
56.00000000	1.87659
56.50000000	1.87983
57.00000000	1.88369
57.50000000	1.88782
58.00000000	1.89104
58.50000000	1.89701
59.00000000	1.90437
59.50000000	1.91285
60.00000000	1.92183
60.50000000	1.92846
61.00000000	1.93486
61.50000000	1.94054
62.00000000	1.94872
62.50000000	1.95390
63.00000000	1.95813
63.50000000	1.96085
64.00000000	1.96599
64.50000000	1.97248
65.00000000	1.97807
65.50000000	1.98394
66.00000000	1.99134
66.50000000	1.99687
67.00000000	2.00181
67.50000000	2.00698
68.00000000	2.01308
68.50000000	2.01720
69.00000000	2.02227
69.50000000	2.02946
70.00000000	2.03656
70.50000000	2.04251
71.00000000	2.04619
71.50000000	2.04844
72.00000000	2.05297
72.50000000	2.05870
73.00000000	2.06441
73.50000000	2.06953
74.00000000	2.07565
74.50000000	2.07943
75.00000000	2.08583
75.50000000	2.09004
76.00000000	2.09431
76.50000000	2.09729
77.00000000	2.09860
77.50000000	2.09864
78.00000000	2.09999
78.50000000	2.10240
79.00000000	2.10510
79.50000000	2.10829
80.00000000	2.11095
80.50000000	2.11433
81.00000000	2.11814
81.50000000	2.12070
82.00000000	2.12474
82.50000000	2.12850
83.00000000	2.13188
83.50000000	2.13349
84.00000000	2.13365
84.50000000	2.13136
85.00000000	2.12755
85.50000000	2.12344
86.00000000	2.11872
86.50000000	2.11498
87.00000000	2.11118
87.50000000	2.10777
88.00000000	2.10443
88.50000000	2.10184
89.00000000	2.10246
89.50000000	2.10163
90.00000000	2.09936
90.50000000	2.09679
91.00000000	2.09180
91.50000000	2.08667
92.00000000	2.08044
92.50000000	2.07446
93.00000000	2.06738
93.50000000	2.06090
94.00000000	2.05694
94.50000000	2.05463
95.00000000	2.05288
95.50000000	2.05026
96.00000000	2.04772
96.50000000	2.04436
97.00000000	2.03881
97.50000000	2.03460
98.00000000	2.02933
98.50000000	2.02480
99.00000000	2.01898
99.50000000	2.01181
100.00000000	2.00425
100.50000000	1.99691
101.00000000	1.98841
101.50000000	1.97921
102.00000000	1.97082
102.50000000	1.96345
103.00000000	1.95258
103.50000000	1.94433
104.00000000	1.93713
104.50000000	1.92808
105.00000000	1.92024
105.50000000	1.91318
106.00000000	1.90713
106.50000000	1.89977
107.00000000	1.89210
107.50000000	1.88126
108.00000000	1.87228
108.50000000	1.86270
109.00000000	1.85106
109.50000000	1.84196
110.00000000	1.83174
110.50000000	1.82037
111.00000000	1.80983
111.50000000	1.79816
112.00000000	1.78733
112.50000000	1.77642
113.00000000	1.76585
113.50000000	1.75674
114.00000000	1.75091
114.50000000	1.74737
115.00000000	1.74471
115.50000000	1.74185
116.00000000	1.74053
116.50000000	1.73666
117.00000000	1.73238
117.50000000	1.72863
118.00000000	1.72379
118.50000000	1.71819
119.00000000	1.71382
119.50000000	1.70902
120.00000000	1.70412
120.50000000	1.70021
121.00000000	1.69755
121.50000000	1.69522
122.00000000	1.69412
122.50000000	1.69231
123.00000000	1.69019
123.50000000	1.69085
124.00000000	1.69393
124.50000000	1.70040
125.00000000	1.70841
125.50000000	1.71780
126.00000000	1.72580
126.50000000	1.73184
127.00000000	1.73797
127.50000000	1.74589
128.00000000	1.75541
128.50000000	1.76614
129.00000000	1.77950
129.50000000	1.79338
130.00000000	1.80693
130.50000000	1.82034
131.00000000	1.83281
131.50000000	1.84528
132.00000000	1.85717
132.50000000	1.87117
133.00000000	1.88104
133.50000000	1.89024
134.00000000	1.89955
134.50000000	1.90580
135.00000000	1.91322
135.50000000	1.91861
136.00000000	1.92500
136.50000000	1.93399
137.00000000	1.94431
137.50000000	1.95373
138.00000000	1.96355
138.50000000	1.97380
139.00000000	1.98360
139.50000000	1.99426
140.00000000	2.00501
140.50000000	2.01581
141.00000000	2.02549
141.50000000	2.03585
142.00000000	2.04476
142.50000000	2.05133
143.00000000	2.05601
143.50000000	2.06217
144.00000000	2.06898
144.50000000	2.07352
145.00000000	2.07976
145.50000000	2.09023
146.00000000	2.10176
146.50000000	2.11014
147.00000000	2.11664
147.50000000	2.12169
148.00000000	2.12880
148.50000000	2.13398
149.00000000	2.13782
149.50000000	2.14028
150.00000000	2.14216
150.50000000	2.14506
151.00000000	2.14879
151.50000000	2.15267
152.00000000	2.15580
152.50000000	2.15652
153.00000000	2.15678
153.50000000	2.15711
154.00000000	2.15682
154.50000000	2.15552
155.00000000	2.15423
155.50000000	2.15346
156.00000000	2.15551
156.50000000	2.15537
157.00000000	2.15672
157.50000000	2.15831
158.00000000	2.16103
158.50000000	2.16361
159.00000000	2.16584
159.50000000	2.16603
160.00000000	2.16443
160.50000000	2.16333
161.00000000	2.16297
161.50000000	2.16486
162.00000000	2.16505
162.50000000	2.16524
163.00000000	2.16540
163.50000000	2.16458
164.00000000	2.16247
164.50000000	2.16006
165.00000000	2.15751
165.50000000	2.15566
166.00000000	2.15208
166.50000000	2.15019
167.00000000	2.14910
167.50000000	2.14575
168.00000000	2.14432
168.50000000	2.14294
169.00000000	2.14282
169.50000000	2.14168
170.00000000	2.14071
170.50000000	2.13952
171.00000000	2.13898
171.50000000	2.13674
172.00000000	2.12964
172.50000000	2.12423
173.00000000	2.12085
173.50000000	2.11955
174.00000000	2.11733
174.50000000	2.11456
175.00000000	2.11489
175.50000000	2.11490
176.00000000	2.11318
176.50000000	2.11011
177.00000000	2.10604
177.50000000	2.10255
178.00000000	2.09953
178.50000000	2.09564
179.00000000	2.09399
179.50000000	2.09255
180.00000000	2.09050
180.50000000	2.08939
181.00000000	2.08918
181.50000000	2.08994
182.00000000	2.09031
182.50000000	2.09103
183.00000000	2.09428
183.50000000	2.09659
184.00000000	2.09894
184.50000000	2.10152
185.00000000	2.10355
185.50000000	2.10575
186.00000000	2.11067
186.50000000	2.11422
187.00000000	2.11743
187.50000000	2.11809
188.00000000	2.11833
188.50000000	2.11888
189.00000000	2.11798
189.50000000	2.11832
190.00000000	2.11830
190.50000000	2.11916
191.00000000	2.12158
191.50000000	2.12327
192.00000000	2.12310
192.50000000	2.12078
193.00000000	2.11785
193.50000000	2.11309
194.00000000	2.10788
194.50000000	2.10486
195.00000000	2.09947
195.50000000	2.09297
196.00000000	2.08610
196.50000000	2.08060
197.00000000	2.07534
197.50000000	2.07165
198.00000000	2.06947
198.50000000	2.06494
199.00000000	2.06133
199.50000000	2.05818
200.00000000	2.05609
200.50000000	2.05369
201.00000000	2.05001
201.50000000	2.04549
202.00000000	2.03851
202.50000000	2.03130
203.00000000	2.02600
203.50000000	2.02126
204.00000000	2.01916
204.50000000	2.01698
205.00000000	2.01366
205.50000000	2.01094
206.00000000	2.00766
206.50000000	2.00616
207.00000000	2.00599
207.50000000	2.00405
208.00000000	2.00284
208.50000000	2.00120
209.00000000	1.99954
209.50000000	1.99861
210.00000000	1.99905
210.50000000	1.99905
211.00000000	1.99754
211.50000000	1.99590
212.00000000	1.99277
212.50000000	1.98810
213.00000000	1.98540
213.50000000	1.98314
214.00000000	1.98116
214.50000000	1.98184
215.00000000	1.98014
215.50000000	1.97889
216.00000000	1.97706
216.50000000	1.97615
217.00000000	1.97468
217.50000000	1.97344
218.00000000	1.97005
218.50000000	1.96739
219.00000000	1.96554
219.50000000	1.96546
220.00000000	1.96659
220.50000000	1.96619
221.00000000	1.96453
221.50000000	1.96105
222.00000000	1.95834
222.50000000	1.95565
223.00000000	1.95545
223.50000000	1.95554
224.00000000	1.95446
224.50000000	1.95272
225.00000000	1.95177
225.50000000	1.95352
226.00000000	1.95240
226.50000000	1.95102
227.00000000	1.94860
227.50000000	1.94624
228.00000000	1.94651
228.50000000	1.94731
229.00000000	1.94782
229.50000000	1.94800
230.00000000	1.94879
230.50000000	1.95141
231.00000000	1.95432
231.50000000	1.95839
232.00000000	1.96279
232.50000000	1.96786
233.00000000	1.97048
233.50000000	1.97361
234.00000000	1.97676
234.50000000	1.97825
235.00000000	1.97823
235.50000000	1.97739
236.00000000	1.97947
236.50000000	1.98057
237.00000000	1.98247
237.50000000	1.98236
238.00000000	1.98176
238.50000000	1.98441
239.00000000	1.98611
239.50000000	1.98860
240.00000000	1.99112
240.50000000	1.99353
241.00000000	1.99698
241.50000000	1.99961
242.00000000	2.00113
242.50000000	2.00361
243.00000000	2.00491
243.50000000	2.00740
244.00000000	2.01056
244.50000000	2.01491
245.00000000	2.01774
245.50000000	2.02059
246.00000000	2.02130
246.50000000	2.02327
247.00000000	2.02587
247.50000000	2.02888
248.00000000	2.03324
248.50000000	2.03827
249.00000000	2.04310
249.50000000	2.04775
250.00000000	2.05311
250.50000000	2.05761
251.00000000	2.06093
251.50000000	2.06430
252.00000000	2.06601
252.50000000	2.06673
253.00000000	2.06722
253.50000000	2.06679
254.00000000	2.06519
254.50000000	2.06518
255.00000000	2.06598
255.50000000	2.06874
256.00000000	2.07086
256.50000000	2.07157
257.00000000	2.07174
257.50000000	2.07071
258.00000000	2.07029
258.50000000	2.06934
259.00000000	2.06929
259.50000000	2.07070
260.00000000	2.07123
260.50000000	2.07064
261.00000000	2.07305
261.50000000	2.07076
262.00000000	2.06863
262.50000000	2.06698
263.00000000	2.06761
263.50000000	2.06902
264.00000000	2.07161
264.50000000	2.07328
265.00000000	2.07640
265.50000000	2.08003
266.00000000	2.08503
266.50000000	2.08689
267.00000000	2.09191
267.50000000	2.09573
268.00000000	2.09848
268.50000000	2.10018
269.00000000	2.09995
269.50000000	2.10128
270.00000000	2.10022
270.50000000	2.09726
271.00000000	2.09470
271.50000000	2.09368
272.00000000	2.09243
272.50000000	2.09018
273.00000000	2.09174
273.50000000	2.09599
274.00000000	2.09765
274.50000000	2.09851
275.00000000	2.09961
275.50000000	2.10117
276.00000000	2.10114
276.50000000	2.10035
277.00000000	2.09909
277.50000000	2.09778
278.00000000	2.09795
278.50000000	2.09674
279.00000000	2.09488
279.50000000	2.09352
280.00000000	2.09124
280.50000000	2.08614
281.00000000	2.08301
281.50000000	2.07957
282.00000000	2.07824
282.50000000	2.07832
283.00000000	2.08046
283.50000000	2.08156
284.00000000	2.08062
284.50000000	2.07708
285.00000000	2.07339
285.50000000	2.07079
286.00000000	2.06735
286.50000000	2.06372
287.00000000	2.05996
287.50000000	2.05595
288.00000000	2.05092
288.50000000	2.04575
289.00000000	2.03958
289.50000000	2.03083
290.00000000	2.02437
290.50000000	2.01858
291.00000000	2.01320
291.50000000	2.00862
292.00000000	2.00335
292.50000000	1.99868
293.00000000	1.99486
293.50000000	1.99164
294.00000000	1.98723
294.50000000	1.98208
295.00000000	1.97646
295.50000000	1.97003
296.00000000	1.96390
296.50000000	1.96017
297.00000000	1.95599
297.50000000	1.95358
298.00000000	1.95311
298.50000000	1.95425
299.00000000	1.95532
299.50000000	1.95642
300.00000000	1.95423
300.50000000	1.94919
301.00000000	1.94343
301.50000000	1.93636
302.00000000	1.93185
302.50000000	1.92597
303.00000000	1.92176
303.50000000	1.91917
304.00000000	1.91831
304.50000000	1.91790
305.00000000	1.91878
305.50000000	1.92137
306.00000000	1.92325
306.50000000	1.92347
307.00000000	1.92179
307.50000000	1.91849
308.00000000	1.91419
308.50000000	1.90950
309.00000000	1.90528
309.50000000	1.90147
310.00000000	1.90153
310.50000000	1.90112
311.00000000	1.90217
311.50000000	1.90270
312.00000000	1.90152
312.50000000	1.90186
313.00000000	1.90491
313.50000000	1.90702
314.00000000	1.91181
314.50000000	1.91557
315.00000000	1.91979
315.50000000	1.92486
316.00000000	1.92949
316.50000000	1.93214
317.00000000	1.93226
317.50000000	1.93301
318.00000000	1.93205
318.50000000	1.93070
319.00000000	1.93157
319.50000000	1.93362
320.00000000	1.93392
320.50000000	1.93462
321.00000000	1.93500
321.50000000	1.93572
322.00000000	1.93560
322.50000000	1.93569
323.00000000	1.93460
323.50000000	1.93375
324.00000000	1.93662
324.50000000	1.94133
325.00000000	1.94544
325.50000000	1.94780
326.00000000	1.95118
326.50000000	1.95346
327.00000000	1.95486
327.50000000	1.95607
328.00000000	1.95534
328.50000000	1.95373
329.00000000	1.95349
329.50000000	1.95234
330.00000000	1.95186
330.50000000	1.95074
331.00000000	1.94964
331.50000000	1.94973
332.00000000	1.95005
332.50000000	1.94994
333.00000000	1.95183
333.50000000	1.95236
334.00000000	1.95057
334.50000000	1.95042
335.00000000	1.94929
335.50000000	1.94606
336.00000000	1.94314
336.50000000	1.93905
337.00000000	1.93731
337.50000000	1.93637
338.00000000	1.93711
338.50000000	1.93778
339.00000000	1.94054
339.50000000	1.94163
340.00000000	1.94185
340.50000000	1.94265
341.00000000	1.94385
341.50000000	1.94575
342.00000000	1.94963
342.50000000	1.95503
343.00000000	1.96144
343.50000000	1.97017
344.00000000	1.97884
344.50000000	1.98530
345.00000000	1.99304
345.50000000	2.00131
346.00000000	2.00941
346.50000000	2.01606
347.00000000	2.02224
347.50000000	2.02627
348.00000000	2.02917
348.50000000	2.03185
349.00000000	2.03472
349.50000000	2.03777
350.00000000	2.03886
350.50000000	2.03974
351.00000000	2.04026
351.50000000	2.03962
352.00000000	2.03848
352.50000000	2.03614
353.00000000	2.03580
353.50000000	2.03590
354.00000000	2.03518
354.50000000	2.03294
355.00000000	2.02974
355.50000000	2.02682
356.00000000	2.02502
356.50000000	2.02434
357.00000000	2.02455
357.50000000	2.02229
358.00000000	2.02033
358.50000000	2.01751
359.00000000	2.01404
359.50000000	2.00910
360.00000000	2.00546
360.50000000	2.00369
361.00000000	2.00147
361.50000000	2.00182
362.00000000	1.99849
362.50000000	1.99499
363.00000000	1.99356
363.50000000	1.99240
364.00000000	1.99184
364.50000000	1.99186
365.00000000	1.99161
365.50000000	1.99291
366.00000000	1.99482
366.50000000	1.99762
367.00000000	1.99948
367.50000000	2.00487
368.00000000	2.00850
368.50000000	2.01075
369.00000000	2.01133
369.50000000	2.01317
370.00000000	2.01559
370.50000000	2.01801
371.00000000	2.01794
371.50000000	2.01832
372.00000000	2.01968
372.50000000	2.02183
373.00000000	2.02469
373.50000000	2.02522
374.00000000	2.02463
374.50000000	2.02404
375.00000000	2.02308
375.50000000	2.02270
376.00000000	2.02103
376.50000000	2.01719
377.00000000	2.01141
377.50000000	2.00940
378.00000000	2.00819
378.50000000	2.00669
379.00000000	2.00570
379.50000000	2.00481
380.00000000	2.00540
380.50000000	2.00415
381.00000000	2.00164
381.50000000	2.00166
382.00000000	2.00210
382.50000000	2.00223
383.00000000	2.00022
383.50000000	1.99810
384.00000000	1.99632
384.50000000	1.99537
385.00000000	1.99479
385.50000000	1.99337
386.00000000	1.99294
386.50000000	1.99308
387.00000000	1.99053
387.50000000	1.98804
388.00000000	1.98774
388.50000000	1.98711
389.00000000	1.98804
389.50000000	1.98684
390.00000000	1.98465
390.50000000	1.98332
391.00000000	1.98224
391.50000000	1.98105
392.00000000	1.97912
392.50000000	1.97683
393.00000000	1.97213
393.50000000	1.96763
394.00000000	1.96497
394.50000000	1.96282
395.00000000	1.95853
395.50000000	1.95263
396.00000000	1.94677
396.50000000	1.94186
397.00000000	1.93615
397.50000000	1.93163
398.00000000	1.92524
398.50000000	1.92068
399.00000000	1.91429
399.50000000	1.91009
400.00000000	1.90442
400.50000000	1.89835
401.00000000	1.89403
401.50000000	1.88838
402.00000000	1.88449
402.50000000	1.87958
403.00000000	1.87538
403.50000000	1.87086
404.00000000	1.86805
404.50000000	1.86408
405.00000000	1.86287
405.50000000	1.85928
406.00000000	1.85578
406.50000000	1.85079
407.00000000	1.84859
407.50000000	1.84727
408.00000000	1.84581
408.50000000	1.84386
409.00000000	1.84228
409.50000000	1.83961
410.00000000	1.83997
410.50000000	1.84174
411.00000000	1.84267
411.50000000	1.84346
412.00000000	1.84514
412.50000000	1.84695
413.00000000	1.84983
413.50000000	1.85375
414.00000000	1.85818
414.50000000	1.85996
415.00000000	1.85947
415.50000000	1.85888
416.00000000	1.85955
416.50000000	1.85959
417.00000000	1.86050
417.50000000	1.85973
418.00000000	1.85997
418.50000000	1.86022
419.00000000	1.86312
419.50000000	1.86405
420.00000000	1.86350
420.50000000	1.85996
421.00000000	1.85629
421.50000000	1.85425
422.00000000	1.85473
422.50000000	1.85505
423.00000000	1.85551
423.50000000	1.85512
424.00000000	1.85519
424.50000000	1.85621
425.00000000	1.85608
425.50000000	1.85599
426.00000000	1.85649
426.50000000	1.85730
427.00000000	1.85632
427.50000000	1.85351
428.00000000	1.85263
428.50000000	1.85263
429.00000000	1.85052
429.50000000	1.84786
430.00000000	1.84480
430.50000000	1.84382
431.00000000	1.84572
431.50000000	1.84742
432.00000000	1.85005
432.50000000	1.85392
433.00000000	1.85902
433.50000000	1.86229
434.00000000	1.86657
434.50000000	1.86960
435.00000000	1.87068
435.50000000	1.87142
436.00000000	1.87231
436.50000000	1.87246
437.00000000	1.87316
437.50000000	1.87298
438.00000000	1.87368
438.50000000	1.87485
439.00000000	1.87809
439.50000000	1.88294
440.00000000	1.88852
440.50000000	1.89431
441.00000000	1.89921
441.50000000	1.90625
442.00000000	1.91517
442.50000000	1.92143
443.00000000	1.92766
443.50000000	1.93292
444.00000000	1.93865
444.50000000	1.94353
445.00000000	1.94714
445.50000000	1.95234
446.00000000	1.95570
446.50000000	1.95792
447.00000000	1.96155
447.50000000	1.96751
448.00000000	1.97408
448.50000000	1.98013
449.00000000	1.98514
449.50000000	1.99013
450.00000000	1.99694
450.50000000	2.00406
451.00000000	2.00962
451.50000000	2.01384
452.00000000	2.01892
452.50000000	2.02308
453.00000000	2.02874
453.50000000	2.03267
454.00000000	2.03375
454.50000000	2.03470
455.00000000	2.03755
455.50000000	2.04019
456.00000000	2.04037
456.50000000	2.04268
457.00000000	2.04310
457.50000000	2.04223
458.00000000	2.04143
458.50000000	2.03985
459.00000000	2.03973
459.50000000	2.03868
460.00000000	2.03896
460.50000000	2.03744
461.00000000	2.03760
461.50000000	2.03734
462.00000000	2.03519
462.50000000	2.03183
463.00000000	2.03022
463.50000000	2.03037
464.00000000	2.02927
464.50000000	2.02891
465.00000000	2.02988
465.50000000	2.03035
466.00000000	2.03065
466.50000000	2.02983
467.00000000	2.02794
467.50000000	2.02663
468.00000000	2.02378
468.50000000	2.02251
469.00000000	2.02308
469.50000000	2.02173
470.00000000	2.01977
470.50000000	2.01820
471.00000000	2.01488
471.50000000	2.01386
472.00000000	2.01124
472.50000000	2.00783
473.00000000	2.00736
473.50000000	2.00770
474.00000000	2.00902
474.50000000	2.01016
475.00000000	2.01327
475.50000000	2.01677
476.00000000	2.02244
476.50000000	2.02789
477.00000000	2.03108
477.50000000	2.03346
478.00000000	2.03533
478.50000000	2.03678
479.00000000	2.03881
479.50000000	2.04073
480.00000000	2.04019
480.50000000	2.03905
481.00000000	2.03886
481.50000000	2.03966
482.00000000	2.03980
482.50000000	2.04143
483.00000000	2.03988
483.50000000	2.03654
484.00000000	2.03390
484.50000000	2.03148
485.00000000	2.02852
485.50000000	2.02612
486.00000000	2.02514
486.50000000	2.02429
487.00000000	2.02387
487.50000000	2.02444
488.00000000	2.02389
488.50000000	2.02481
489.00000000	2.02576
489.50000000	2.02925
490.00000000	2.03294
490.50000000	2.03588
491.00000000	2.03965
491.50000000	2.04395
492.00000000	2.04585
492.50000000	2.04791
493.00000000	2.04842
493.50000000	2.04914
494.00000000	2.05086
494.50000000	2.05205
495.00000000	2.05440
495.50000000	2.05592
496.00000000	2.05778
496.50000000	2.06099
497.00000000	2.06466
497.50000000	2.06611
498.00000000	2.06923
498.50000000	2.07407
499.00000000	2.07791
499.50000000	2.08145
500.00000000	2.08663
500.50000000	2.08928
501.00000000	2.09216
501.50000000	2.09701
502.00000000	2.10221
502.50000000	2.10556
503.00000000	2.10812
503.50000000	2.11190
504.00000000	2.11467
504.50000000	2.11437
505.00000000	2.11114
505.50000000	2.10874
506.00000000	2.10599
506.50000000	2.10368
507.00000000	2.10113
507.50000000	2.10163
508.00000000	2.10411
508.50000000	2.10734
509.00000000	2.11097
509.50000000	2.11506
510.00000000	2.11732
510.50000000	2.11880
511.00000000	2.12104
511.50000000	2.12209
512.00000000	2.12077
512.50000000	2.11831
513.00000000	2.11423
513.50000000	2.11114
514.00000000	2.10726
514.50000000	2.10292
515.00000000	2.10149
515.50000000	2.10228
516.00000000	2.10085
516.50000000	2.10013
517.00000000	2.09876
517.50000000	2.09639
518.00000000	2.09294
518.50000000	2.08787
519.00000000	2.08006
519.50000000	2.07619
520.00000000	2.07448
520.50000000	2.07190
521.00000000	2.06811
521.50000000	2.06611
522.00000000	2.06286
522.50000000	2.05862
523.00000000	2.05408
523.50000000	2.04924
524.00000000	2.04634
524.50000000	2.04258
525.00000000	2.03943
525.50000000	2.03450
526.00000000	2.02816
526.50000000	2.02357
527.00000000	2.01936
527.50000000	2.01708
528.00000000	2.01209
528.50000000	2.00717
529.00000000	2.00269
529.50000000	1.99830
530.00000000	1.99354
530.50000000	1.98854
531.00000000	1.98297
531.50000000	1.98089
532.00000000	1.98060
532.50000000	1.97756
533.00000000	1.97107
533.50000000	1.96623
534.00000000	1.96270
534.50000000	1.95978
535.00000000	1.95525
535.50000000	1.95322
536.00000000	1.95025
536.50000000	1.94614
537.00000000	1.94251
537.50000000	1.94038
538.00000000	1.93927
538.50000000	1.93665
539.00000000	1.93463
539.50000000	1.92938
540.00000000	1.92315
540.50000000	1.91635
541.00000000	1.90807
541.50000000	1.90410
542.00000000	1.89833
542.50000000	1.89233
543.00000000	1.88887
543.50000000	1.88741
544.00000000	1.88711
544.50000000	1.88310
545.00000000	1.87929
545.50000000	1.87696
546.00000000	1.87422
546.50000000	1.86806
547.00000000	1.86438
547.50000000	1.86140
548.00000000	1.86149
548.50000000	1.86442
549.00000000	1.86676
549.50000000	1.86859
550.00000000	1.87058
550.50000000	1.87104
551.00000000	1.87137
551.50000000	1.87076
552.00000000	1.87082
552.50000000	1.87026
553.00000000	1.87139
553.50000000	1.87080
554.00000000	1.87065
554.50000000	1.86962
555.00000000	1.86708
555.50000000	1.86536
556.00000000	1.86493
556.50000000	1.86610
557.00000000	1.86672
557.50000000	1.86549
558.00000000	1.86227
558.50000000	1.85781
559.00000000	1.85266
559.50000000	1.84944
560.00000000	1.84712
560.50000000	1.84420
561.00000000	1.84109
561.50000000	1.83727
562.00000000	1.83591
562.50000000	1.83340
563.00000000	1.82779
563.50000000	1.82434
564.00000000	1.82096
564.50000000	1.82150
565.00000000	1.82019
565.50000000	1.81913
566.00000000	1.81501
566.50000000	1.81187
567.00000000	1.80650
567.50000000	1.80295
568.00000000	1.79916
568.50000000	1.79531
569.00000000	1.79449
569.50000000	1.79642
570.00000000	1.79725
570.50000000	1.79653
571.00000000	1.79716
571.50000000	1.79897
572.00000000	1.80145
572.50000000	1.80508
573.00000000	1.80950
573.50000000	1.81457
574.00000000	1.82013
574.50000000	1.82493
575.00000000	1.82724
575.50000000	1.83147
576.00000000	1.83542
576.50000000	1.84128
577.00000000	1.84972
577.50000000	1.85934
578.00000000	1.86815
578.50000000	1.87483
579.00000000	1.88335
579.50000000	1.89091
580.00000000	1.89877
580.50000000	1.90350
581.00000000	1.90925
581.50000000	1.91461
582.00000000	1.91979
582.50000000	1.92516
583.00000000	1.93195
583.50000000	1.93661
584.00000000	1.94007
584.50000000	1.94061
585.00000000	1.93981
585.50000000	1.93869
586.00000000	1.93841
586.50000000	1.93828
587.00000000	1.93441
587.50000000	1.93479
588.00000000	1.93437
588.50000000	1.93551
589.00000000	1.93753
589.50000000	1.93675
590.00000000	1.93497
590.50000000	1.93499
591.00000000	1.93836
591.50000000	1.94537
592.00000000	1.95142
592.50000000	1.95638
593.00000000	1.95768
593.50000000	1.95922
594.00000000	1.96172
594.50000000	1.96278
595.00000000	1.96383
595.50000000	1.96649
596.00000000	1.96836
596.50000000	1.97042
597.00000000	1.97246
597.50000000	1.97430
598.00000000	1.97707
598.50000000	1.98045
599.00000000	1.98509
599.50000000	1.98937
600.00000000	1.99063
600.50000000	1.99192
601.00000000	1.99203
601.50000000	1.99221
602.00000000	1.99373
602.50000000	1.99685
603.00000000	2.00044
603.50000000	2.00362
604.00000000	2.00619
604.50000000	2.00981
605.00000000	2.01541
605.50000000	2.01969
606.00000000	2.02259
606.50000000	2.02308
607.00000000	2.02335
607.50000000	2.02629
608.00000000	2.03294
608.50000000	2.03849
609.00000000	2.04557
609.50000000	2.05135
610.00000000	2.05577
610.50000000	2.06170
611.00000000	2.06829
611.50000000	2.07554
612.00000000	2.08200
612.50000000	2.08702
613.00000000	2.09155
613.50000000	2.09461
614.00000000	2.09735
614.50000000	2.09817
615.00000000	2.10125
615.50000000	2.10489
616.00000000	2.11102
616.50000000	2.11935
617.00000000	2.12540
617.50000000	2.13138
618.00000000	2.13514
618.50000000	2.13930
619.00000000	2.14344
619.50000000	2.14490
620.00000000	2.14911
620.50000000	2.15216
621.00000000	2.15575
621.50000000	2.15884
622.00000000	2.16221
622.50000000	2.16797
623.00000000	2.17647
623.50000000	2.18416
624.00000000	2.18967
624.50000000	2.19224
625.00000000	2.19306
625.50000000	2.19448
626.00000000	2.19737
626.50000000	2.20037
627.00000000	2.20296
627.50000000	2.20612
628.00000000	2.20636
628.50000000	2.20869
629.00000000	2.21018
629.50000000	2.21155
630.00000000	2.21307
630.50000000	2.21553
631.00000000	2.21783
631.50000000	2.21961
632.00000000	2.22128
632.50000000	2.22400
633.00000000	2.22661
633.50000000	2.22809
634.00000000	2.22585
634.50000000	2.22440
635.00000000	2.22227
635.50000000	2.21719
636.00000000	2.21228
636.50000000	2.20909
637.00000000	2.20650
637.50000000	2.20231
638.00000000	2.19705
638.50000000	2.19248
639.00000000	2.18877
639.50000000	2.18543
640.00000000	2.18171
640.50000000	2.18036
641.00000000	2.17958
641.50000000	2.17883
642.00000000	2.17853
642.50000000	2.17736
643.00000000	2.17827
643.50000000	2.17934
644.00000000	2.17781
644.50000000	2.17605
645.00000000	2.17385
645.50000000	2.17375
646.00000000	2.17419
646.50000000	2.17314
647.00000000	2.17401
647.50000000	2.17241
648.00000000	2.16977
648.50000000	2.16528
649.00000000	2.16035
649.50000000	2.15518
650.00000000	2.14978
650.50000000	2.14554
651.00000000	2.14026
651.50000000	2.13674
652.00000000	2.13263
652.50000000	2.12895
653.00000000	2.12907
653.50000000	2.12531
654.00000000	2.12099
654.50000000	2.11307
655.00000000	2.10597
655.50000000	2.09969
656.00000000	2.09265
656.50000000	2.08474
657.00000000	2.07839
657.50000000	2.07215
658.00000000	2.06476
658.50000000	2.05645
659.00000000	2.04968
659.50000000	2.04419
660.00000000	2.03807
660.50000000	2.03210
661.00000000	2.02529
661.50000000	2.01785
662.00000000	2.00978
662.50000000	2.00092
663.00000000	1.99236
663.50000000	1.98499
664.00000000	1.97553
664.50000000	1.96550
665.00000000	1.95855
665.50000000	1.95291
666.00000000	1.94757
666.50000000	1.94125
667.00000000	1.93509
667.50000000	1.92806
668.00000000	1.92101
668.50000000	1.91264
669.00000000	1.90421
669.50000000	1.89577
670.00000000	1.88600
670.50000000	1.87963
671.00000000	1.87151
671.50000000	1.86548
672.00000000	1.86028
672.50000000	1.85542
673.00000000	1.84962
673.50000000	1.84545
674.00000000	1.84121
674.50000000	1.83741
675.00000000	1.83497
675.50000000	1.83394
676.00000000	1.83199
676.50000000	1.83006
677.00000000	1.82908
677.50000000	1.82943
678.00000000	1.82764
678.50000000	1.82634
679.00000000	1.82632
679.50000000	1.82777
680.00000000	1.82894
680.50000000	1.83060
681.00000000	1.83190
681.50000000	1.83234
682.00000000	1.83393
682.50000000	1.83357
683.00000000	1.83636
683.50000000	1.83656
684.00000000	1.83541
684.50000000	1.83420
685.00000000	1.83563
685.50000000	1.83685
686.00000000	1.83832
686.50000000	1.84133
687.00000000	1.84795
687.50000000	1.85529
688.00000000	1.86022
688.50000000	1.86662
689.00000000	1.87356
689.50000000	1.87951
690.00000000	1.88462
690.50000000	1.88830
691.00000000	1.89120
691.50000000	1.89360
692.00000000	1.89420
692.50000000	1.89328
693.00000000	1.89491
693.50000000	1.89541
694.00000000	1.89458
694.50000000	1.89280
695.00000000	1.89225
695.50000000	1.89289
696.00000000	1.89364
696.50000000	1.89389
697.00000000	1.89609
697.50000000	1.90277
698.00000000	1.91021
698.50000000	1.91519
699.00000000	1.92335
699.50000000	1.93001
700.00000000	1.93670
700.50000000	1.94399
701.00000000	1.95207
701.50000000	1.95945
702.00000000	1.96667
702.50000000	1.97387
703.00000000	1.98180
703.50000000	1.99037
704.00000000	1.99791
704.50000000	2.00465
705.00000000	2.00996
705.50000000	2.01319
706.00000000	2.01473
706.50000000	2.01448
707.00000000	2.01359
707.50000000	2.01368
708.00000000	2.00904
708.50000000	2.00632
709.00000000	2.00432
709.50000000	2.00268
710.00000000	2.00199
710.50000000	2.00057
711.00000000	1.99916
711.50000000	1.99732
712.00000000	1.99584
712.50000000	1.99717
713.00000000	1.99963
713.50000000	2.00156
714.00000000	2.00433
714.50000000	2.00932
715.00000000	2.01402
715.50000000	2.01964
716.00000000	2.02636
716.50000000	2.03118
717.00000000	2.03457
717.50000000	2.03708
718.00000000	2.03926
718.50000000	2.04254
719.00000000	2.04624
719.50000000	2.05050
720.00000000	2.05421
720.50000000	2.05595
721.00000000	2.05709
721.50000000	2.05734
722.00000000	2.05792
722.50000000	2.06098
723.00000000	2.06355
723.50000000	2.06684
724.00000000	2.06882
724.50000000	2.07037
725.00000000	2.07353
725.50000000	2.07691
726.00000000	2.07981
726.50000000	2.08231
727.00000000	2.08375
727.50000000	2.08589
728.00000000	2.08811
728.50000000	2.09000
729.00000000	2.09137
729.50000000	2.09252
730.00000000	2.09536
730.50000000	2.09981
731.00000000	2.10157
731.50000000	2.10340
732.00000000	2.10434
732.50000000	2.10549
733.00000000	2.10461
733.50000000	2.10374
734.00000000	2.10224
734.50000000	2.09868
735.00000000	2.09216
735.50000000	2.08610
736.00000000	2.08104
736.50000000	2.07729
737.00000000	2.07481
737.50000000	2.07088
738.00000000	2.06717
738.50000000	2.06139
739.00000000	2.05410
739.50000000	2.04644
740.00000000	2.03965
740.50000000	2.03409
741.00000000	2.02773
741.50000000	2.02033
742.00000000	2.01291
742.50000000	2.00519
743.00000000	1.99702
743.50000000	1.98938
744.00000000	1.98202
744.50000000	1.97762
745.00000000	1.97204
745.50000000	1.96526
746.00000000	1.95861
746.50000000	1.94937
747.00000000	1.94137
747.50000000	1.93336
748.00000000	1.92764
748.50000000	1.92339
749.00000000	1.91857
749.50000000	1.91746
750.00000000	1.91406
750.50000000	1.91094
751.00000000	1.90814
751.50000000	1.90435
752.00000000	1.90050
752.50000000	1.89781
753.00000000	1.89731
753.50000000	1.89617
754.00000000	1.89576
754.50000000	1.89338
755.00000000	1.89034
755.50000000	1.88525
756.00000000	1.87964
756.50000000	1.87529
757.00000000	1.86953
757.50000000	1.86222
758.00000000	1.85638
758.50000000	1.85080
759.00000000	1.84465
759.50000000	1.83900
760.00000000	1.83500
760.50000000	1.83074
761.00000000	1.82552
761.50000000	1.82028
762.00000000	1.81418
762.50000000	1.80841
763.00000000	1.80325
763.50000000	1.79956
764.00000000	1.79574
764.50000000	1.79198
765.00000000	1.79218
765.50000000	1.78998
766.00000000	1.78743
766.50000000	1.78406
767.00000000	1.78287
767.50000000	1.78446
768.00000000	1.78462
768.50000000	1.78519
769.00000000	1.78791
769.50000000	1.79152
770.00000000	1.79500
770.50000000	1.79942
771.00000000	1.80241
771.50000000	1.80622
772.00000000	1.81146
772.50000000	1.81650
773.00000000	1.81895
773.50000000	1.82234
774.00000000	1.82598
774.50000000	1.83057
775.00000000	1.83359
775.50000000	1.83544
776.00000000	1.83865
776.50000000	1.84087
777.00000000	1.84209
777.50000000	1.84430
778.00000000	1.84881
778.50000000	1.85329
779.00000000	1.85743
779.50000000	1.86094
780.00000000	1.86390
780.50000000	1.86771
781.00000000	1.86956
781.50000000	1.87139
782.00000000	1.87377
782.50000000	1.87546
783.00000000	1.87703
783.50000000	1.87939
784.00000000	1.87996
784.50000000	1.88078
785.00000000	1.88286
785.50000000	1.88451
786.00000000	1.88591
786.50000000	1.88775
787.00000000	1.89192
787.50000000	1.89496
788.00000000	1.89654
788.50000000	1.89924
789.00000000	1.90011
789.50000000	1.89846
790.00000000	1.89846
790.50000000	1.89852
791.00000000	1.90000
791.50000000	1.89992
792.00000000	1.90129
792.50000000	1.89906
793.00000000	1.90032
793.50000000	1.90266
794.00000000	1.90552
794.50000000	1.90790
795.00000000	1.90841
795.50000000	1.90659
796.00000000	1.90722
796.50000000	1.90853
797.00000000	1.91145
797.50000000	1.91365
798.00000000	1.91580
798.50000000	1.91766
799.00000000	1.91730
799.50000000	1.91817
800.00000000	1.92061
800.50000000	1.92342
801.00000000	1.92607
801.50000000	1.92637
802.00000000	1.92918
802.50000000	1.93001
803.00000000	1.93136
803.50000000	1.93348
804.00000000	1.93662
804.50000000	1.93767
805.00000000	1.93866
805.50000000	1.93924
806.00000000	1.94059
806.50000000	1.94373
807.00000000	1.94828
807.50000000	1.95059
808.00000000	1.95356
808.50000000	1.95457
809.00000000	1.95608
809.50000000	1.95932
810.00000000	1.96221
810.50000000	1.96562
811.00000000	1.97010
811.50000000	1.97526
812.00000000	1.98123
812.50000000	1.98637
813.00000000	1.98942
813.50000000	1.99164
814.00000000	1.99111
814.50000000	1.98972
815.00000000	1.98760
815.50000000	1.98715
816.00000000	1.98804
816.50000000	1.98928
817.00000000	1.99129
817.50000000	1.99425
818.00000000	1.99537
818.50000000	1.99675
819.00000000	1.99936
819.50000000	2.00186
820.00000000	2.00419
820.50000000	2.00702
821.00000000	2.00913
821.50000000	2.00891
822.00000000	2.00869
822.50000000	2.00902
823.00000000	2.01107
823.50000000	2.01186
824.00000000	2.01332
824.50000000	2.01156
825.00000000	2.00924
825.50000000	2.00692
826.00000000	2.00609
826.50000000	2.00583
827.00000000	2.00511
827.50000000	2.00546
828.00000000	2.00554
828.50000000	2.00820
829.00000000	2.00939
829.50000000	2.01123
830.00000000	2.01159
830.50000000	2.01242
831.00000000	2.01305
831.50000000	2.01340
832.00000000	2.01421
832.50000000	2.01536
833.00000000	2.01531
833.50000000	2.01222
834.00000000	2.00802
834.50000000	2.00430
835.00000000	2.00180
835.50000000	2.00022
836.00000000	1.99551
836.50000000	1.99258
837.00000000	1.98934
837.50000000	1.98733
838.00000000	1.98560
838.50000000	1.98712
839.00000000	1.98881
839.50000000	1.99373
840.00000000	2.00021
840.50000000	2.00663
841.00000000	2.01217
841.50000000	2.01755
842.00000000	2.02324
842.50000000	2.02507
843.00000000	2.02737
843.50000000	2.02798
844.00000000	2.02755
844.50000000	2.02881
845.00000000	2.03196
845.50000000	2.03741
846.00000000	2.03811
846.50000000	2.03766
847.00000000	2.03869
847.50000000	2.03902
848.00000000	2.03822
848.50000000	2.03900
849.00000000	2.03815
849.50000000	2.03800
850.00000000	2.03924
850.50000000	2.03972
851.00000000	2.04036
851.50000000	2.03926
852.00000000	2.03836
852.50000000	2.03706
853.00000000	2.03635
853.50000000	2.03581
854.00000000	2.03547
854.50000000	2.03438
855.00000000	2.03225
855.50000000	2.03138
856.00000000	2.03038
856.50000000	2.02836
857.00000000	2.02793
857.50000000	2.02794
858.00000000	2.02728
858.50000000	2.02720
859.00000000	2.02843
859.50000000	2.03047
860.00000000	2.03324
860.50000000	2.03524
861.00000000	2.03672
861.50000000	2.03891
862.00000000	2.04078
862.50000000	2.04335
863.00000000	2.04607
863.50000000	2.04648
864.00000000	2.04826
864.50000000	2.04897
865.00000000	2.04905
865.50000000	2.04835
866.00000000	2.04930
866.50000000	2.05089
867.00000000	2.05572
867.50000000	2.05954
868.00000000	2.06035
868.50000000	2.06097
869.00000000	2.06065
869.50000000	2.05997
870.00000000	2.06046
870.50000000	2.06237
871.00000000	2.06504
871.50000000	2.06700
872.00000000	2.06825
872.50000000	2.06796
873.00000000	2.06958
873.50000000	2.07106
874.00000000	2.07212
874.50000000	2.07329
875.00000000	2.07109
875.50000000	2.06953
876.00000000	2.06649
876.50000000	2.06304
877.00000000	2.05789
877.50000000	2.05558
878.00000000	2.05114
878.50000000	2.04631
879.00000000	2.04289
879.50000000	2.04082
880.00000000	2.03934
880.50000000	2.03683
881.00000000	2.03628
881.50000000	2.03403
882.00000000	2.03191
882.50000000	2.03191
883.00000000	2.03298
883.50000000	2.03340
884.00000000	2.03201
884.50000000	2.03196
885.00000000	2.03234
885.50000000	2.03462
886.00000000	2.03725
886.50000000	2.03816
887.00000000	2.03670
887.50000000	2.03354
888.00000000	2.03296
888.50000000	2.03541
889.00000000	2.03700
889.50000000	2.03898
890.00000000	2.03773
890.50000000	2.03646
891.00000000	2.03627
891.50000000	2.03529
892.00000000	2.03305
892.50000000	2.03061
893.00000000	2.02888
893.50000000	2.02830
894.00000000	2.02734
894.50000000	2.02599
895.00000000	2.02495
895.50000000	2.02437
896.00000000	2.02562
896.50000000	2.02518
897.00000000	2.02544
897.50000000	2.02584
898.00000000	2.02680
898.50000000	2.02704
899.00000000	2.02877
899.50000000	2.03285
900.00000000	2.03676
900.50000000	2.04234
901.00000000	2.04706
901.50000000	2.05256
902.00000000	2.05610
902.50000000	2.05758
903.00000000	2.06040
903.50000000	2.06337
904.00000000	2.06471
904.50000000	2.06622
905.00000000	2.06836
905.50000000	2.07141
906.00000000	2.07505
906.50000000	2.07885
907.00000000	2.08123
907.50000000	2.08512
908.00000000	2.08824
908.50000000	2.09092
909.00000000	2.09240
909.50000000	2.09620
910.00000000	2.09916
910.50000000	2.10221
911.00000000	2.10597
911.50000000	2.11041
912.00000000	2.11372
912.50000000	2.12032
913.00000000	2.12343
913.50000000	2.12541
914.00000000	2.12649
914.50000000	2.12534
915.00000000	2.12473
915.50000000	2.12402
916.00000000	2.12582
916.50000000	2.12761
917.00000000	2.12849
917.50000000	2.12871
918.00000000	2.13119
918.50000000	2.13573
919.00000000	2.14066
919.50000000	2.14623
920.00000000	2.15288
920.50000000	2.15688
921.00000000	2.16021
921.50000000	2.16532
922.00000000	2.16749
922.50000000	2.16771
923.00000000	2.16807
923.50000000	2.16907
924.00000000	2.17057
924.50000000	2.17376
925.00000000	2.17663
925.50000000	2.17970
926.00000000	2.18235
926.50000000	2.18385
927.00000000	2.18568
927.50000000	2.18741
928.00000000	2.19173
928.50000000	2.19687
929.00000000	2.20230
929.50000000	2.20794
930.00000000	2.21315
930.50000000	2.21781
931.00000000	2.22257
931.50000000	2.22599
932.00000000	2.22746
932.50000000	2.22850
933.00000000	2.23070
933.50000000	2.23349
934.00000000	2.23443
934.50000000	2.23513
935.00000000	2.23489
935.50000000	2.23290
936.00000000	2.23083
936.50000000	2.22895
937.00000000	2.23075
937.50000000	2.23343
938.00000000	2.23695
938.50000000	2.23707
939.00000000	2.23776
939.50000000	2.23724
940.00000000	2.23640
940.50000000	2.23611
941.00000000	2.23508
941.50000000	2.23149
942.00000000	2.22689
942.50000000	2.22429
943.00000000	2.22187
943.50000000	2.22183
944.00000000	2.22102
944.50000000	2.22073
945.00000000	2.21872
945.50000000	2.21771
946.00000000	2.21509
946.50000000	2.21383
947.00000000	2.21178
947.50000000	2.21233
948.00000000	2.21211
948.50000000	2.21158
949.00000000	2.20952
949.50000000	2.20791
950.00000000	2.20468
950.50000000	2.19975
951.00000000	2.19394
951.50000000	2.18812
952.00000000	2.18473
952.50000000	2.17886
953.00000000	2.17313
953.50000000	2.16784
954.00000000	2.16265
954.50000000	2.15769
955.00000000	2.15252
955.50000000	2.14949
956.00000000	2.14782
956.50000000	2.14468
957.00000000	2.14257
957.50000000	2.14249
958.00000000	2.14181
958.50000000	2.14010
959.00000000	2.14003
959.50000000	2.13948
960.00000000	2.13636
960.50000000	2.13436
961.00000000	2.13336
961.50000000	2.13338
962.00000000	2.13146
962.50000000	2.12791
963.00000000	2.12460
963.50000000	2.11990
964.00000000	2.11490
964.50000000	2.10979
965.00000000	2.10667
965.50000000	2.10493
966.00000000	2.10433
966.50000000	2.10415
967.00000000	2.10384
967.50000000	2.10244
968.00000000	2.09989
968.50000000	2.09876
969.00000000	2.09763
969.50000000	2.09663
970.00000000	2.09548
970.50000000	2.09572
971.00000000	2.09671
971.50000000	2.09913
972.00000000	2.09836
972.50000000	2.09958
973.00000000	2.09828
973.50000000	2.09811
974.00000000	2.09501
974.50000000	2.09050
975.00000000	2.08603
975.50000000	2.08188
976.00000000	2.08022
976.50000000	2.07635
977.00000000	2.07432
977.50000000	2.07254
978.00000000	2.07087
978.50000000	2.06839
979.00000000	2.06586
979.50000000	2.06302
980.00000000	2.05957
980.50000000	2.05754
981.00000000	2.05298
981.50000000	2.04729
982.00000000	2.04191
982.50000000	2.03625
983.00000000	2.02986
983.50000000	2.02386
984.00000000	2.02028
984.50000000	2.01497
985.00000000	2.01129
985.50000000	2.00996
986.00000000	2.00980
986.50000000	2.00608
987.00000000	2.00051
987.50000000	1.99397
988.00000000	1.98825
988.50000000	1.98166
989.00000000	1.97642
989.50000000	1.97279
990.00000000	1.96982
990.50000000	1.96864
991.00000000	1.96615
991.50000000	1.96403
992.00000000	1.96177
992.50000000	1.95713
993.00000000	1.95463
993.50000000	1.95273
994.00000000	1.94867
994.50000000	1.94796
995.00000000	1.94956
995.50000000	1.94920
996.00000000	1.94781
996.50000000	1.94613
997.00000000	1.94198
997.50000000	1.94043
998.00000000	1.93681
998.50000000	1.93411
999.00000000	1.93368
999.50000000	1.93263
1000.00000000	1.93090
1000.50000000	1.92896
1001.00000000	1.92866
1001.50000000	1.92830
1002.00000000	1.92874
1002.50000000	1.92841
1003.00000000	1.92686
1003.50000000	1.92603
1004.00000000	1.92525
1004.50000000	1.92511
1005.00000000	1.92513
1005.50000000	1.92660
1006.00000000	1.93092
1006.50000000	1.93204
1007.00000000	1.93256
1007.50000000	1.93434
1008.00000000	1.93482
1008.50000000	1.93659
1009.00000000	1.94051
1009.50000000	1.94575
1010.00000000	1.95217
1010.50000000	1.95833
1011.00000000	1.96443
1011.50000000	1.97052
1012.00000000	1.97781
1012.50000000	1.98434
1013.00000000	1.98881
1013.50000000	1.99320
1014.00000000	1.99470
1014.50000000	1.99715
1015.00000000	2.00021
1015.50000000	2.00261
1016.00000000	2.00508
1016.50000000	2.00534
1017.00000000	2.00535
1017.50000000	2.00694
1018.00000000	2.00943
1018.50000000	2.01186
1019.00000000	2.01439
1019.50000000	2.01831
1020.00000000	2.02285
1020.50000000	2.02402
1021.00000000	2.02354
1021.50000000	2.02332
1022.00000000	2.02167
1022.50000000	2.02310
1023.00000000	2.02528
1023.50000000	2.02862
1024.00000000	2.03270
1024.50000000	2.03800
1025.00000000	2.04314
1025.50000000	2.04884
1026.00000000	2.05280
1026.50000000	2.05255
1027.00000000	2.05396
1027.50000000	2.05439
1028.00000000	2.05646
1028.50000000	2.06040
1029.00000000	2.06604
1029.50000000	2.07300
1030.00000000	2.08082
1030.50000000	2.08767
1031.00000000	2.09798
1031.50000000	2.10671
1032.00000000	2.11530
1032.50000000	2.12326
1033.00000000	2.13099
1033.50000000	2.13728
1034.00000000	2.14657
1034.50000000	2.15535
1035.00000000	2.16229
1035.50000000	2.16604
1036.00000000	2.17037
1036.50000000	2.17391
1037.00000000	2.17506
1037.50000000	2.17545
1038.00000000	2.17425
1038.50000000	2.17237
1039.00000000	2.17081
1039.50000000	2.17068
1040.00000000	2.16831
1040.50000000	2.16636
1041.00000000	2.16515
1041.50000000	2.16448
1042.00000000	2.16212
1042.50000000	2.15944
1043.00000000	2.15605
1043.50000000	2.15251
1044.00000000	2.14864
1044.50000000	2.14497
1045.00000000	2.14360
1045.50000000	2.14484
1046.00000000	2.14612
1046.50000000	2.14771
1047.00000000	2.15042
1047.50000000	2.15543
1048.00000000	2.15792
1048.50000000	2.15933
1049.00000000	2.16089
1049.50000000	2.16176
1050.00000000	2.16083
1050.50000000	2.15789
1051.00000000	2.15448
1051.50000000	2.14978
1052.00000000	2.14636
1052.50000000	2.14389
1053.00000000	2.14044
1053.50000000	2.13760
1054.00000000	2.13616
1054.50000000	2.13477
1055.00000000	2.13202
1055.50000000	2.12889
1056.00000000	2.12609
1056.50000000	2.12380
1057.00000000	2.12162
1057.50000000	2.11797
1058.00000000	2.11672
1058.50000000	2.11387
1059.00000000	2.11151
1059.50000000	2.11151
1060.00000000	2.11323
1060.50000000	2.11311
1061.00000000	2.11168
1061.50000000	2.11027
1062.00000000	2.10792
1062.50000000	2.10534
1063.00000000	2.10031
1063.50000000	2.09352
1064.00000000	2.08739
1064.50000000	2.07999
1065.00000000	2.07168
1065.50000000	2.06468
1066.00000000	2.05876
1066.50000000	2.05282
1067.00000000	2.04686
1067.50000000	2.04232
1068.00000000	2.03870
1068.50000000	2.03357
1069.00000000	2.03088
1069.50000000	2.02892
1070.00000000	2.02820
1070.50000000	2.02798
1071.00000000	2.02848
1071.50000000	2.03083
1072.00000000	2.03382
1072.50000000	2.03523
1073.00000000	2.03415
1073.50000000	2.03733
1074.00000000	2.03919
1074.50000000	2.04199
1075.00000000	2.04295
1075.50000000	2.04243
1076.00000000	2.04241
1076.50000000	2.04392
1077.00000000	2.04557
1077.50000000	2.04735
1078.00000000	2.05058
1078.50000000	2.05337
1079.00000000	2.05558
1079.50000000	2.05745
1080.00000000	2.05877
1080.50000000	2.05886
1081.00000000	2.05814
1081.50000000	2.05795
1082.00000000	2.05772
1082.50000000	2.05339
1083.00000000	2.04898
1083.50000000	2.04578
1084.00000000	2.04572
1084.50000000	2.04618
1085.00000000	2.04648
1085.50000000	2.04736
1086.00000000	2.04769
1086.50000000	2.04771
1087.00000000	2.04654
1087.50000000	2.04377
1088.00000000	2.04306
1088.50000000	2.04318
1089.00000000	2.04390
1089.50000000	2.04315
1090.00000000	2.04345
1090.50000000	2.04346
1091.00000000	2.04170
1091.50000000	2.04300
1092.00000000	2.04357
1092.50000000	2.04288
1093.00000000	2.04153
1093.50000000	2.04077
1094.00000000	2.03988
1094.50000000	2.04047
1095.00000000	2.04195
1095.50000000	2.04240
1096.00000000	2.04113
1096.50000000	2.04113
1097.00000000	2.04258
1097.50000000	2.04301
1098.00000000	2.04380
1098.50000000	2.04411
1099.00000000	2.04442
1099.50000000	2.04264
1100.00000000	2.04199
1100.50000000	2.04181
1101.00000000	2.04114
1101.50000000	2.04394
1102.00000000	2.04586
1102.50000000	2.04740
1103.00000000	2.04801
1103.50000000	2.05042
1104.00000000	2.05093
1104.50000000	2.05021
1105.00000000	2.05040
1105.50000000	2.05043
1106.00000000	2.04905
1106.50000000	2.04660
1107.00000000	2.04473
1107.50000000	2.04296
1108.00000000	2.04182
1108.50000000	2.04121
1109.00000000	2.04119
1109.50000000	2.03839
1110.00000000	2.03602
1110.50000000	2.03236
1111.00000000	2.02920
1111.50000000	2.02538
1112.00000000	2.02352
1112.50000000	2.02284
1113.00000000	2.02312
1113.50000000	2.02303
1114.00000000	2.02318
1114.50000000	2.02127
1115.00000000	2.01887
1115.50000000	2.01688
1116.00000000	2.01635
1116.50000000	2.01659
1117.00000000	2.01598
1117.50000000	2.01445
1118.00000000	2.01220
1118.50000000	2.00997
1119.00000000	2.00849
1119.50000000	2.00623
1120.00000000	2.00385
1120.50000000	2.00341
1121.00000000	2.00232
1121.50000000	2.00079
1122.00000000	1.99699
1122.50000000	1.99250
1123.00000000	1.98816
1123.50000000	1.98577
1124.00000000	1.98498
1124.50000000	1.98351
1125.00000000	1.98143
1125.50000000	1.97804
1126.00000000	1.97649
1126.50000000	1.97567
1127.00000000	1.97471
1127.50000000	1.97306
1128.00000000	1.97326
1128.50000000	1.97278
1129.00000000	1.97048
1129.50000000	1.97001
1130.00000000	1.96784
1130.50000000	1.96768
1131.00000000	1.96676
1131.50000000	1.96728
1132.00000000	1.96922
1132.50000000	1.96961
1133.00000000	1.96882
1133.50000000	1.96945
1134.00000000	1.96974
1134.50000000	1.97015
1135.00000000	1.96946
1135.50000000	1.96926
1136.00000000	1.96928
1136.50000000	1.96938
1137.00000000	1.96938
1137.50000000	1.96961
1138.00000000	1.96909
1138.50000000	1.96831
1139.00000000	1.97007
1139.50000000	1.97271
1140.00000000	1.97741
1140.50000000	1.98239
1141.00000000	1.98718
1141.50000000	1.99114
1142.00000000	1.99601
1142.50000000	2.00048
1143.00000000	2.00635
1143.50000000	2.01323
1144.00000000	2.01845
1144.50000000	2.02137
1145.00000000	2.02751
1145.50000000	2.03450
1146.00000000	2.04087
1146.50000000	2.04642
1147.00000000	2.05225
1147.50000000	2.05644
1148.00000000	2.06165
1148.50000000	2.06573
1149.00000000	2.07111
1149.50000000	2.07535
1150.00000000	2.07779
1150.50000000	2.08140
1151.00000000	2.08400
1151.50000000	2.08779
1152.00000000	2.08931
1152.50000000	2.09292
1153.00000000	2.09619
1153.50000000	2.09833
1154.00000000	2.09955
1154.50000000	2.09933
1155.00000000	2.09894
1155.50000000	2.09872
1156.00000000	2.09736
1156.50000000	2.09588
1157.00000000	2.09411
1157.50000000	2.09392
1158.00000000	2.09247
1158.50000000	2.09152
1159.00000000	2.08995
1159.50000000	2.08926
1160.00000000	2.08997
1160.50000000	2.09174
1161.00000000	2.09270
1161.50000000	2.09305
1162.00000000	2.09450
1162.50000000	2.09732
1163.00000000	2.10185
1163.50000000	2.10545
1164.00000000	2.10887
1164.50000000	2.11031
1165.00000000	2.10908
1165.50000000	2.10721
1166.00000000	2.10660
1166.50000000	2.10428
1167.00000000	2.10248
1167.50000000	2.10286
1168.00000000	2.10655
1168.50000000	2.11013
1169.00000000	2.11273
1169.50000000	2.11657
1170.00000000	2.12126
1170.50000000	2.12620
1171.00000000	2.13013
1171.50000000	2.13498
1172.00000000	2.13725
1172.50000000	2.13907
1173.00000000	2.14165
1173.50000000	2.14541
1174.00000000	2.14479
1174.50000000	2.14624
1175.00000000	2.14947
1175.50000000	2.15119
1176.00000000	2.15208
1176.50000000	2.14958
1177.00000000	2.14724
1177.50000000	2.14829
1178.00000000	2.14847
1178.50000000	2.14903
1179.00000000	2.14702
1179.50000000	2.14287
1180.00000000	2.13886
1180.50000000	2.13539
1181.00000000	2.13163
1181.50000000	2.12751
1182.00000000	2.12557
1182.50000000	2.12490
1183.00000000	2.12440
1183.50000000	2.12487
1184.00000000	2.12447
1184.50000000	2.12382
1185.00000000	2.12305
1185.50000000	2.12345
1186.00000000	2.12292
1186.50000000	2.12124
1187.00000000	2.11895
1187.50000000	2.11514
1188.00000000	2.11190
1188.50000000	2.11006
1189.00000000	2.10693
1189.50000000	2.10303
1190.00000000	2.10026
1190.50000000	2.09878
1191.00000000	2.09771
1191.50000000	2.09664
1192.00000000	2.09405
1192.50000000	2.09192
1193.00000000	2.08844
1193.50000000	2.08544
1194.00000000	2.08042
1194.50000000	2.07667
1195.00000000	2.07387
1195.50000000	2.07039
1196.00000000	2.06586
1196.50000000	2.06075
1197.00000000	2.05237
1197.50000000	2.04431
1198.00000000	2.03741
1198.50000000	2.03466
1199.00000000	2.03148
1199.50000000	2.02724
1200.00000000	2.02034
1200.50000000	2.01263
1201.00000000	2.00342
1201.50000000	1.99724
1202.00000000	1.99232
1202.50000000	1.98563
1203.00000000	1.97953
1203.50000000	1.97350
1204.00000000	1.96902
1204.50000000	1.96478
1205.00000000	1.96527
1205.50000000	1.96538
1206.00000000	1.96723
1206.50000000	1.96994
1207.00000000	1.97171
1207.50000000	1.97344
1208.00000000	1.97628
1208.50000000	1.98084
1209.00000000	1.98466
1209.50000000	1.98662
1210.00000000	1.98486
1210.50000000	1.98236
1211.00000000	1.97798
1211.50000000	1.97356
1212.00000000	1.96966
1212.50000000	1.96534
1213.00000000	1.96171
1213.50000000	1.95911
1214.00000000	1.95686
1214.50000000	1.95198
1215.00000000	1.94602
1215.50000000	1.94131
1216.00000000	1.93876
1216.50000000	1.93540
1217.00000000	1.93522
1217.50000000	1.93403
1218.00000000	1.93354
1218.50000000	1.93302
1219.00000000	1.93430
1219.50000000	1.93602
1220.00000000	1.93770
1220.50000000	1.93813
1221.00000000	1.93877
1221.50000000	1.93884
1222.00000000	1.94119
1222.50000000	1.94360
1223.00000000	1.94541
1223.50000000	1.94509
1224.00000000	1.94583
1224.50000000	1.94826
1225.00000000	1.94957
1225.50000000	1.95034
1226.00000000	1.95049
1226.50000000	1.94890
1227.00000000	1.94597
1227.50000000	1.94364
1228.00000000	1.94234
1228.50000000	1.94131
1229.00000000	1.94091
1229.50000000	1.93903
1230.00000000	1.93757
1230.50000000	1.93657
1231.00000000	1.93441
1231.50000000	1.93270
1232.00000000	1.92941
1232.50000000	1.92753
1233.00000000	1.92424
1233.50000000	1.92238
1234.00000000	1.91862
1234.50000000	1.91568
1235.00000000	1.91333
1235.50000000	1.91181
1236.00000000	1.90968
1236.50000000	1.90827
1237.00000000	1.90711
1237.50000000	1.90733
1238.00000000	1.90822
1238.50000000	1.90821
1239.00000000	1.90667
1239.50000000	1.90747
1240.00000000	1.90884
1240.50000000	1.91116
1241.00000000	1.91381
1241.50000000	1.91720
1242.00000000	1.92021
1242.50000000	1.92170
1243.00000000	1.92167
1243.50000000	1.92108
1244.00000000	1.92042
1244.50000000	1.91867
1245.00000000	1.91931
1245.50000000	1.92090
1246.00000000	1.92065
1246.50000000	1.92048
1247.00000000	1.91990
1247.50000000	1.92197
1248.00000000	1.92373
1248.50000000	1.92545
1249.00000000	1.92799
1249.50000000	1.93115
1250.00000000	1.93643
1250.50000000	1.93954
1251.00000000	1.94346
1251.50000000	1.94670
1252.00000000	1.94982
1252.50000000	1.95104
1253.00000000	1.95211
1253.50000000	1.95136
1254.00000000	1.94911
1254.50000000	1.94785
1255.00000000	1.94656
1255.50000000	1.94338
1256.00000000	1.93928
1256.50000000	1.93446
1257.00000000	1.93091
1257.50000000	1.92602
1258.00000000	1.92363
1258.50000000	1.92280
1259.00000000	1.92226
1259.50000000	1.92204
1260.00000000	1.92277
1260.50000000	1.92445
1261.00000000	1.92541
1261.50000000	1.92858
1262.00000000	1.92850
1262.50000000	1.92761
1263.00000000	1.92706
1263.50000000	1.92704
1264.00000000	1.92507
1264.50000000	1.92260
1265.00000000	1.92397
1265.50000000	1.92458
1266.00000000	1.92644
1266.50000000	1.92621
1267.00000000	1.92357
1267.50000000	1.92274
1268.00000000	1.92051
1268.50000000	1.91926
1269.00000000	1.91785
1269.50000000	1.91690
1270.00000000	1.91628
1270.50000000	1.91603
1271.00000000	1.91832
1271.50000000	1.92222
1272.00000000	1.92200
1272.50000000	1.92301
1273.00000000	1.92656
1273.50000000	1.92809
1274.00000000	1.92905
1274.50000000	1.92980
1275.00000000	1.93112
1275.50000000	1.93174
1276.00000000	1.93112
1276.50000000	1.93088
1277.00000000	1.92761
1277.50000000	1.92463
1278.00000000	1.92196
1278.50000000	1.91866
1279.00000000	1.91578
1279.50000000	1.91311
1280.00000000	1.90986
1280.50000000	1.90686
1281.00000000	1.90728
1281.50000000	1.90918
1282.00000000	1.91079
1282.50000000	1.91213
1283.00000000	1.91097
1283.50000000	1.91072
1284.00000000	1.91007
1284.50000000	1.91156
1285.00000000	1.91217
1285.50000000	1.91503
1286.00000000	1.91889
1286.50000000	1.92090
1287.00000000	1.92526
1287.50000000	1.92940
1288.00000000	1.93435
1288.50000000	1.93805
1289.00000000	1.94201
1289.50000000	1.94542
1290.00000000	1.94995
1290.50000000	1.95484
1291.00000000	1.95867
1291.50000000	1.96235
1292.00000000	1.96677
1292.50000000	1.97106
1293.00000000	1.97409
1293.50000000	1.97643
1294.00000000	1.97755
1294.50000000	1.97896
1295.00000000	1.98058
1295.50000000	1.98129
1296.00000000	1.98379
1296.50000000	1.98659
1297.00000000	1.98706
1297.50000000	1.98591
1298.00000000	1.98399
1298.50000000	1.98218
1299.00000000	1.97982
1299.50000000	1.97924
1300.00000000	1.98010
1300.50000000	1.98015
1301.00000000	1.97758
1301.50000000	1.97660
1302.00000000	1.97852
1302.50000000	1.98016
1303.00000000	1.98044
1303.50000000	1.98155
1304.00000000	1.98133
1304.50000000	1.97767
1305.00000000	1.97102
1305.50000000	1.96588
1306.00000000	1.96209
1306.50000000	1.96002
1307.00000000	1.95720
1307.50000000	1.95778
1308.00000000	1.95831
1308.50000000	1.95851
1309.00000000	1.95825
1309.50000000	1.95852
1310.00000000	1.95785
1310.50000000	1.95520
1311.00000000	1.95567
1311.50000000	1.95778
1312.00000000	1.95921
1312.50000000	1.96127
1313.00000000	1.96675
1313.50000000	1.96985
1314.00000000	1.97404
1314.50000000	1.97757
1315.00000000	1.98030
1315.50000000	1.98341
1316.00000000	1.98515
1316.50000000	1.98823
1317.00000000	1.99076
1317.50000000	1.99175
1318.00000000	1.99325
1318.50000000	1.99336
1319.00000000	1.99230
1319.50000000	1.98832
1320.00000000	1.98349
1320.50000000	1.97883
1321.00000000	1.97320
1321.50000000	1.96922
1322.00000000	1.96541
1322.50000000	1.96129
1323.00000000	1.95732
1323.50000000	1.95472
1324.00000000	1.95283
1324.50000000	1.95053
1325.00000000	1.94848
1325.50000000	1.94565
1326.00000000	1.94219
1326.50000000	1.93924
1327.00000000	1.93827
1327.50000000	1.93774
1328.00000000	1.93821
1328.50000000	1.93954
1329.00000000	1.94014
1329.50000000	1.94155
1330.00000000	1.94286
1330.50000000	1.94090
1331.00000000	1.93878
1331.50000000	1.93716
1332.00000000	1.93493
1332.50000000	1.93128
1333.00000000	1.92876
1333.50000000	1.92730
1334.00000000	1.92557
1334.50000000	1.92242
1335.00000000	1.92006
1335.50000000	1.91783
1336.00000000	1.91483
1336.50000000	1.91205
1337.00000000	1.90830
1337.50000000	1.90405
1338.00000000	1.90146
1338.50000000	1.89901
1339.00000000	1.89740
1339.50000000	1.89803
1340.00000000	1.89869
1340.50000000	1.89806
1341.00000000	1.89501
1341.50000000	1.89259
1342.00000000	1.88889
1342.50000000	1.88637
1343.00000000	1.88163
1343.50000000	1.87664
1344.00000000	1.87185
1344.50000000	1.86847
1345.00000000	1.86754
1345.50000000	1.86653
1346.00000000	1.86689
1346.50000000	1.86798
1347.00000000	1.86767
1347.50000000	1.86813
1348.00000000	1.86843
1348.50000000	1.86717
1349.00000000	1.86536
1349.50000000	1.86196
1350.00000000	1.85876
1350.50000000	1.85456
1351.00000000	1.85315
1351.50000000	1.85394
1352.00000000	1.85407
1352.50000000	1.85176
1353.00000000	1.85274
1353.50000000	1.85242
1354.00000000	1.85305
1354.50000000	1.85301
1355.00000000	1.85327
1355.50000000	1.85220
1356.00000000	1.85197
1356.50000000	1.85234
1357.00000000	1.84975
1357.50000000	1.84782
1358.00000000	1.84410
1358.50000000	1.84234
1359.00000000	1.84318
1359.50000000	1.84479
1360.00000000	1.84910
1360.50000000	1.85529
1361.00000000	1.86111
1361.50000000	1.86568
1362.00000000	1.87101
1362.50000000	1.87472
1363.00000000	1.87683
1363.50000000	1.88067
1364.00000000	1.88344
1364.50000000	1.88773
1365.00000000	1.89193
1365.50000000	1.89819
1366.00000000	1.90357
1366.50000000	1.90842
1367.00000000	1.91418
1367.50000000	1.92041
1368.00000000	1.92808
1368.50000000	1.93643
1369.00000000	1.94225
1369.50000000	1.94831
1370.00000000	1.95338
1370.50000000	1.95907
1371.00000000	1.96649
1371.50000000	1.97584
1372.00000000	1.98602
1372.50000000	1.99427
1373.00000000	2.00418
1373.50000000	2.01372
1374.00000000	2.02187
1374.50000000	2.02890
1375.00000000	2.03533
1375.50000000	2.04082
1376.00000000	2.04441
1376.50000000	2.04782
1377.00000000	2.04981
1377.50000000	2.04855
1378.00000000	2.04840
1378.50000000	2.05159
1379.00000000	2.05437
1379.50000000	2.05623
1380.00000000	2.05962
1380.50000000	2.06221
1381.00000000	2.06461
1381.50000000	2.06832
1382.00000000	2.07190
1382.50000000	2.07480
1383.00000000	2.07841
1383.50000000	2.08291
1384.00000000	2.08715
1384.50000000	2.09147
1385.00000000	2.09711
1385.50000000	2.10202
1386.00000000	2.10494
1386.50000000	2.10489
1387.00000000	2.10593
1387.50000000	2.10729
1388.00000000	2.10612
1388.50000000	2.10730
1389.00000000	2.10616
1389.50000000	2.10536
1390.00000000	2.10585
1390.50000000	2.10575
1391.00000000	2.10651
1391.50000000	2.10623
1392.00000000	2.10589
1392.50000000	2.10386
1393.00000000	2.10161
1393.50000000	2.10030
1394.00000000	2.09762
1394.50000000	2.09659
1395.00000000	2.09685
1395.50000000	2.09780
1396.00000000	2.09765
1396.50000000	2.09877
1397.00000000	2.10194
1397.50000000	2.10436
1398.00000000	2.10420
1398.50000000	2.10373
1399.00000000	2.10355
1399.50000000	2.10309
1400.00000000	2.10149
1400.50000000	2.09914
1401.00000000	2.09712
1401.50000000	2.09735
1402.00000000	2.09704
1402.50000000	2.09874
1403.00000000	2.09984
1403.50000000	2.09943
1404.00000000	2.10110
1404.50000000	2.10192
1405.00000000	2.10288
1405.50000000	2.10271
1406.00000000	2.10053
1406.50000000	2.09949
1407.00000000	2.09933
1407.50000000	2.09954
1408.00000000	2.10099
1408.50000000	2.10230
1409.00000000	2.10420
1409.50000000	2.10356
1410.00000000	2.10320
1410.50000000	2.09969
1411.00000000	2.09368
1411.50000000	2.08732
1412.00000000	2.08375
1412.50000000	2.08117
1413.00000000	2.08054
1413.50000000	2.07899
1414.00000000	2.07556
1414.50000000	2.07323
1415.00000000	2.06834
1415.50000000	2.06225
1416.00000000	2.05697
1416.50000000	2.05080
1417.00000000	2.04807
1417.50000000	2.04458
1418.00000000	2.04215
1418.50000000	2.04188
1419.00000000	2.04034
1419.50000000	2.03778
1420.00000000	2.03356
1420.50000000	2.02830
1421.00000000	2.02473
1421.50000000	2.02164
1422.00000000	2.01978
1422.50000000	2.01960
1423.00000000	2.01919
1423.50000000	2.01946
1424.00000000	2.01993
1424.50000000	2.01985
1425.00000000	2.01925
1425.50000000	2.01778
1426.00000000	2.01650
1426.50000000	2.01629
1427.00000000	2.01695
1427.50000000	2.01787
1428.00000000	2.01798
1428.50000000	2.01829
1429.00000000	2.01665
1429.50000000	2.01465
1430.00000000	2.01249
1430.50000000	2.01121
1431.00000000	2.01097
1431.50000000	2.01347
1432.00000000	2.01683
1432.50000000	2.01943
1433.00000000	2.02282
1433.50000000	2.02893
1434.00000000	2.03530
1434.50000000	2.04363
1435.00000000	2.04812
1435.50000000	2.05336
1436.00000000	2.05623
1436.50000000	2.05902
1437.00000000	2.06251
1437.50000000	2.06717
1438.00000000	2.06882
1438.50000000	2.06811
1439.00000000	2.06803
1439.50000000	2.07076
1440.00000000	2.07098
1440.50000000	2.07069
1441.00000000	2.07027
1441.50000000	2.06948
1442.00000000	2.06939
1442.50000000	2.06993
1443.00000000	2.06956
1443.50000000	2.06887
1444.00000000	2.06699
1444.50000000	2.06553
1445.00000000	2.06267
1445.50000000	2.06157
1446.00000000	2.06108
1446.50000000	2.06225
1447.00000000	2.06565
1447.50000000	2.06889
1448.00000000	2.07348
1448.50000000	2.07721
1449.00000000	2.08056
1449.50000000	2.08459
1450.00000000	2.08688
1450.50000000	2.08743
1451.00000000	2.08860
1451.50000000	2.08828
1452.00000000	2.08683
1452.50000000	2.08429
1453.00000000	2.08108
1453.50000000	2.07917
1454.00000000	2.07753
1454.50000000	2.07682
1455.00000000	2.07486
1455.50000000	2.07383
1456.00000000	2.07331
1456.50000000	2.07358
1457.00000000	2.07239
1457.50000000	2.06994
1458.00000000	2.06866
1458.50000000	2.06767
1459.00000000	2.06800
1459.50000000	2.07057
1460.00000000	2.07219
1460.50000000	2.07177
1461.00000000	2.07413
1461.50000000	2.07473
1462.00000000	2.07484
1462.50000000	2.07501
1463.00000000	2.07329
1463.50000000	2.06913
1464.00000000	2.06585
1464.50000000	2.06123
1465.00000000	2.05534
1465.50000000	2.04871
1466.00000000	2.04345
1466.50000000	2.03782
1467.00000000	2.03076
1467.50000000	2.02353
1468.00000000	2.01718
1468.50000000	2.01167
1469.00000000	2.00619
1469.50000000	1.99983
1470.00000000	1.99419
1470.50000000	1.99010
1471.00000000	1.98662
1471.50000000	1.98187
1472.00000000	1.97770
1472.50000000	1.97137
1473.00000000	1.96602
1473.50000000	1.96170
1474.00000000	1.95884
1474.50000000	1.95657
1475.00000000	1.95642
1475.50000000	1.95446
1476.00000000	1.95164
1476.50000000	1.94842
1477.00000000	1.94492
1477.50000000	1.94286
1478.00000000	1.94160
1478.50000000	1.94100
1479.00000000	1.93891
1479.50000000	1.93831
1480.00000000	1.93717
1480.50000000	1.93515
1481.00000000	1.93723
1481.50000000	1.93928
1482.00000000	1.94117
1482.50000000	1.94148
1483.00000000	1.94001
1483.50000000	1.93673
1484.00000000	1.93591
1484.50000000	1.93858
1485.00000000	1.93795
1485.50000000	1.93775
1486.00000000	1.93700
1486.50000000	1.93524
1487.00000000	1.93531
1487.50000000	1.93645
1488.00000000	1.93745
1488.50000000	1.93883
1489.00000000	1.93956
1489.50000000	1.93981
1490.00000000	1.93808
1490.50000000	1.93891
1491.00000000	1.94127
1491.50000000	1.94095
1492.00000000	1.94102
1492.50000000	1.94072
1493.00000000	1.94024
1493.50000000	1.94003
1494.00000000	1.94020
1494.50000000	1.93952
1495.00000000	1.93859
1495.50000000	1.93690
1496.00000000	1.93461
1496.50000000	1.93177
1497.00000000	1.93085
1497.50000000	1.92974
1498.00000000	1.92849
1498.50000000	1.92720
1499.00000000	1.92592
1499.50000000	1.92698
1500.00000000	1.92707
1500.50000000	1.92648
1501.00000000	1.92614
1501.50000000	1.92728
1502.00000000	1.92527
1502.50000000	1.92400
1503.00000000	1.92421
1503.50000000	1.92430
1504.00000000	1.92438
1504.50000000	1.92306
1505.00000000	1.92050
1505.50000000	1.91826
1506.00000000	1.91690
1506.50000000	1.91581
1507.00000000	1.91620
1507.50000000	1.91643
1508.00000000	1.91654
1508.50000000	1.91583
1509.00000000	1.91317
1509.50000000	1.90902
1510.00000000	1.90501
1510.50000000	1.90226
1511.00000000	1.89987
1511.50000000	1.89944
1512.00000000	1.89844
1512.50000000	1.89470
1513.00000000	1.89229
1513.50000000	1.89098
1514.00000000	1.89078
1514.50000000	1.89047
1515.00000000	1.89042
1515.50000000	1.88963
1516.00000000	1.88507
1516.50000000	1.88262
1517.00000000	1.87939
1517.50000000	1.87469
1518.00000000	1.87168
1518.50000000	1.86936
1519.00000000	1.86815
1519.50000000	1.86888
1520.00000000	1.87103
1520.50000000	1.87730
1521.00000000	1.88555
1521.50000000	1.89178
1522.00000000	1.89709
1522.50000000	1.90319
1523.00000000	1.90698
1523.50000000	1.91315
1524.00000000	1.91766
1524.50000000	1.92169
1525.00000000	1.92408
1525.50000000	1.92780
1526.00000000	1.93189
1526.50000000	1.93928
1527.00000000	1.94601
1527.50000000	1.95259
1528.00000000	1.95858
1528.50000000	1.96461
1529.00000000	1.97159
1529.50000000	1.97702
1530.00000000	1.98182
1530.50000000	1.98406
1531.00000000	1.98602
1531.50000000	1.98962
1532.00000000	1.99113
1532.50000000	1.99198
1533.00000000	1.99364
1533.50000000	1.99525
1534.00000000	1.99606
1534.50000000	1.99927
1535.00000000	2.00390
1535.50000000	2.00985
1536.00000000	2.01227
1536.50000000	2.01539
1537.00000000	2.01847
1537.50000000	2.02238
1538.00000000	2.02497
1538.50000000	2.02770
1539.00000000	2.02795
1539.50000000	2.02747
1540.00000000	2.02743
1540.50000000	2.03070
1541.00000000	2.03222
1541.50000000	2.03346
1542.00000000	2.03399
1542.50000000	2.03623
1543.00000000	2.03556
1543.50000000	2.03368
1544.00000000	2.03273
1544.50000000	2.03041
1545.00000000	2.02942
1545.50000000	2.02764
1546.00000000	2.02478
1546.50000000	2.02177
1547.00000000	2.01703
1547.50000000	2.01559
1548.00000000	2.01077
1548.50000000	2.00664
1549.00000000	1.99971
1549.50000000	1.99199
1550.00000000	1.98620
1550.50000000	1.98225
1551.00000000	1.97834
1551.50000000	1.97223
1552.00000000	1.96528
1552.50000000	1.95834
1553.00000000	1.95162
1553.50000000	1.94522
1554.00000000	1.94028
1554.50000000	1.93494
1555.00000000	1.92760
1555.50000000	1.92466
1556.00000000	1.92317
1556.50000000	1.92091
1557.00000000	1.91929
1557.50000000	1.91839
1558.00000000	1.91882
1558.50000000	1.91736
1559.00000000	1.91495
1559.50000000	1.91297
1560.00000000	1.91004
1560.50000000	1.90599
1561.00000000	1.90414
1561.50000000	1.90549
1562.00000000	1.90483
1562.50000000	1.90350
1563.00000000	1.89934
1563.50000000	1.89679
1564.00000000	1.89274
1564.50000000	1.88812
1565.00000000	1.88723
1565.50000000	1.88539
1566.00000000	1.88464
1566.50000000	1.88510
1567.00000000	1.88587
1567.50000000	1.88512
1568.00000000	1.88420
1568.50000000	1.88169
1569.00000000	1.87943
1569.50000000	1.87945
1570.00000000	1.87792
1570.50000000	1.87833
1571.00000000	1.87921
1571.50000000	1.87978
1572.00000000	1.87981
1572.50000000	1.88154
1573.00000000	1.88617
1573.50000000	1.89100
1574.00000000	1.89578
1574.50000000	1.90089
1575.00000000	1.90528
1575.50000000	1.90954
1576.00000000	1.91472
1576.50000000	1.91950
1577.00000000	1.92241
1577.50000000	1.92542
1578.00000000	1.92935
1578.50000000	1.93279
1579.00000000	1.93932
1579.50000000	1.94636
1580.00000000	1.95287
1580.50000000	1.96129
1581.00000000	1.96988
1581.50000000	1.97901
1582.00000000	1.98841
1582.50000000	1.99616
1583.00000000	2.00135
1583.50000000	2.00740
1584.00000000	2.01177
1584.50000000	2.01576
1585.00000000	2.01817
1585.50000000	2.02089
1586.00000000	2.02489
1586.50000000	2.02591
1587.00000000	2.02829
1587.50000000	2.03171
1588.00000000	2.03589
1588.50000000	2.04090
1589.00000000	2.04618
1589.50000000	2.04959
1590.00000000	2.05383
1590.50000000	2.05863
1591.00000000	2.06477
1591.50000000	2.07154
1592.00000000	2.07717
1592.50000000	2.08031
1593.00000000	2.08268
1593.50000000	2.08441
1594.00000000	2.08528
1594.50000000	2.08736
1595.00000000	2.08903
1595.50000000	2.09161
1596.00000000	2.09337
1596.50000000	2.09495
1597.00000000	2.09598
1597.50000000	2.09676
1598.00000000	2.09869
1598.50000000	2.10215
1599.00000000	2.10415
1599.50000000	2.10465
1600.00000000	2.10416
1600.50000000	2.10280
1601.00000000	2.10151
1601.50000000	2.09852
1602.00000000	2.09510
1602.50000000	2.09124
1603.00000000	2.08695
1603.50000000	2.08591
1604.00000000	2.08469
1604.50000000	2.08313
1605.00000000	2.08144
1605.50000000	2.08154
1606.00000000	2.08146
1606.50000000	2.08068
1607.00000000	2.07869
1607.50000000	2.07782
1608.00000000	2.07819
1608.50000000	2.07878
1609.00000000	2.07820
1609.50000000	2.07471
1610.00000000	2.07359
1610.50000000	2.07199
1611.00000000	2.07480
1611.50000000	2.07789
1612.00000000	2.08205
1612.50000000	2.08657
1613.00000000	2.08904
1613.50000000	2.09221
1614.00000000	2.09484
1614.50000000	2.09885
1615.00000000	2.10186
1615.50000000	2.10411
1616.00000000	2.10294
1616.50000000	2.10064
1617.00000000	2.10019
1617.50000000	2.09922
1618.00000000	2.09819
1618.50000000	2.09779
1619.00000000	2.09922
1619.50000000	2.09747
1620.00000000	2.09636
1620.50000000	2.09534
1621.00000000	2.09522
1621.50000000	2.09518
1622.00000000	2.09428
1622.50000000	2.09296
1623.00000000	2.09018
1623.50000000	2.08836
1624.00000000	2.08782
1624.50000000	2.08787
1625.00000000	2.08760
1625.50000000	2.08788
1626.00000000	2.08500
1626.50000000	2.08055
1627.00000000	2.07729
1627.50000000	2.07561
1628.00000000	2.07518
1628.50000000	2.07613
1629.00000000	2.07895
1629.50000000	2.08206
1630.00000000	2.08405
1630.50000000	2.08803
1631.00000000	2.09118
1631.50000000	2.09491
1632.00000000	2.09869
1632.50000000	2.10282
1633.00000000	2.10800
1633.50000000	2.11110
1634.00000000	2.11221
1634.50000000	2.11155
1635.00000000	2.11268
1635.50000000	2.11373
1636.00000000	2.11464
1636.50000000	2.11459
1637.00000000	2.11508
1637.50000000	2.11569
1638.00000000	2.11835
1638.50000000	2.11947
1639.00000000	2.12107
1639.50000000	2.12251
1640.00000000	2.12404
1640.50000000	2.12611
1641.00000000	2.12885
1641.50000000	2.13155
1642.00000000	2.13211
1642.50000000	2.13239
1643.00000000	2.13144
1643.50000000	2.12835
1644.00000000	2.12742
1644.50000000	2.12616
1645.00000000	2.12875
1645.50000000	2.13576
1646.00000000	2.13950
1646.50000000	2.14219
1647.00000000	2.14376
1647.50000000	2.14439
1648.00000000	2.14496
1648.50000000	2.14601
1649.00000000	2.14637
1649.50000000	2.14679
1650.00000000	2.14650
1650.50000000	2.14826
1651.00000000	2.14891
1651.50000000	2.15289
1652.00000000	2.15727
1652.50000000	2.16071
1653.00000000	2.16483
1653.50000000	2.17000
1654.00000000	2.17476
1654.50000000	2.17989
1655.00000000	2.18345
1655.50000000	2.18643
1656.00000000	2.18771
1656.50000000	2.19043
1657.00000000	2.19463
1657.50000000	2.19898
1658.00000000	2.20057
1658.50000000	2.19895
1659.00000000	2.19801
1659.50000000	2.19810
1660.00000000	2.19656
1660.50000000	2.19475
1661.00000000	2.19371
1661.50000000	2.18953
1662.00000000	2.18633
1662.50000000	2.18446
1663.00000000	2.18055
1663.50000000	2.17883
1664.00000000	2.17695
1664.50000000	2.17460
1665.00000000	2.17417
1665.50000000	2.17235
1666.00000000	2.16982
1666.50000000	2.16760
1667.00000000	2.16434
1667.50000000	2.16303
1668.00000000	2.15932
1668.50000000	2.15548
1669.00000000	2.15017
1669.50000000	2.14397
1670.00000000	2.14044
1670.50000000	2.13653
1671.00000000	2.13271
1671.50000000	2.13055
1672.00000000	2.12774
1672.50000000	2.12341
1673.00000000	2.12116
1673.50000000	2.12013
1674.00000000	2.11929
1674.50000000	2.11610
1675.00000000	2.11299
1675.50000000	2.11215
1676.00000000	2.11098
1676.50000000	2.10834
1677.00000000	2.10658
1677.50000000	2.10413
1678.00000000	2.10014
1678.50000000	2.09678
1679.00000000	2.09547
1679.50000000	2.09457
1680.00000000	2.09459
1680.50000000	2.09319
1681.00000000	2.09246
1681.50000000	2.09060
1682.00000000	2.09109
1682.50000000	2.09412
1683.00000000	2.09683
1683.50000000	2.10295
1684.00000000	2.10935
1684.50000000	2.11539
1685.00000000	2.12237
1685.50000000	2.12850
1686.00000000	2.13165
1686.50000000	2.13480
1687.00000000	2.13744
1687.50000000	2.13793
1688.00000000	2.13735
1688.50000000	2.13550
1689.00000000	2.13349
1689.50000000	2.13119
1690.00000000	2.13102
1690.50000000	2.13353
1691.00000000	2.13439
1691.50000000	2.13338
1692.00000000	2.13230
1692.50000000	2.13039
1693.00000000	2.12680
1693.50000000	2.12449
1694.00000000	2.12186
1694.50000000	2.11848
1695.00000000	2.11372
1695.50000000	2.10805
1696.00000000	2.10522
1696.50000000	2.10138
1697.00000000	2.10029
1697.50000000	2.09939
1698.00000000	2.09772
1698.50000000	2.09787
1699.00000000	2.09792
1699.50000000	2.09891
1700.00000000	2.09877
1700.50000000	2.09925
1701.00000000	2.09898
1701.50000000	2.09898
1702.00000000	2.09820
1702.50000000	2.09821
1703.00000000	2.09572
1703.50000000	2.09425
1704.00000000	2.09147
1704.50000000	2.09161
1705.00000000	2.09120
1705.50000000	2.08969
1706.00000000	2.08784
1706.50000000	2.08407
1707.00000000	2.07981
1707.50000000	2.07548
1708.00000000	2.07261
1708.50000000	2.07088
1709.00000000	2.06754
1709.50000000	2.06500
1710.00000000	2.06317
1710.50000000	2.05868
1711.00000000	2.05347
1711.50000000	2.05024
1712.00000000	2.04549
1712.50000000	2.04182
1713.00000000	2.03865
1713.50000000	2.03788
1714.00000000	2.03859
1714.50000000	2.03682
1715.00000000	2.03398
1715.50000000	2.03119
1716.00000000	2.02678
1716.50000000	2.02339
1717.00000000	2.01986
1717.50000000	2.01768
1718.00000000	2.01637
1718.50000000	2.01476
1719.00000000	2.01474
1719.50000000	2.01525
1720.00000000	2.01632
1720.50000000	2.01321
1721.00000000	2.01138
1721.50000000	2.00891
1722.00000000	2.00760
1722.50000000	2.00603
1723.00000000	2.00348
1723.50000000	1.99990
1724.00000000	1.99999
1724.50000000	2.00095
1725.00000000	2.00015
1725.50000000	1.99996
1726.00000000	1.99776
1726.50000000	1.99373
1727.00000000	1.99075
1727.50000000	1.98893
1728.00000000	1.98614
1728.50000000	1.98485
1729.00000000	1.98227
1729.50000000	1.97991
1730.00000000	1.97940
1730.50000000	1.97680
1731.00000000	1.97517
1731.50000000	1.97330
1732.00000000	1.97098
1732.50000000	1.96908
1733.00000000	1.96605
1733.50000000	1.96715
1734.00000000	1.96709
1734.50000000	1.96636
1735.00000000	1.96597
1735.50000000	1.96663
1736.00000000	1.96946
1736.50000000	1.97170
1737.00000000	1.96979
1737.50000000	1.96800
1738.00000000	1.96704
1738.50000000	1.96654
1739.00000000	1.96459
1739.50000000	1.96378
1740.00000000	1.96205
1740.50000000	1.95719
1741.00000000	1.95394
1741.50000000	1.95057
1742.00000000	1.94845
1742.50000000	1.94510
1743.00000000	1.93983
1743.50000000	1.93652
1744.00000000	1.93192
1744.50000000	1.92824
1745.00000000	1.92634
1745.50000000	1.92361
1746.00000000	1.92063
1746.50000000	1.91840
1747.00000000	1.91625
1747.50000000	1.91379
1748.00000000	1.91190
1748.50000000	1.91184
1749.00000000	1.91092
1749.50000000	1.91032
1750.00000000	1.90779
1750.50000000	1.90689
1751.00000000	1.90724
1751.50000000	1.90568
1752.00000000	1.90265
1752.50000000	1.89976
1753.00000000	1.89607
1753.50000000	1.89006
1754.00000000	1.88330
1754.50000000	1.87586
1755.00000000	1.86901
1755.50000000	1.86045
1756.00000000	1.85196
1756.50000000	1.84296
1757.00000000	1.83369
1757.50000000	1.82560
1758.00000000	1.81802
1758.50000000	1.81182
1759.00000000	1.80867
1759.50000000	1.80574
1760.00000000	1.80220
1760.50000000	1.79846
1761.00000000	1.79441
1761.50000000	1.79069
1762.00000000	1.78748
1762.50000000	1.78481
1763.00000000	1.78438
1763.50000000	1.78500
1764.00000000	1.78513
1764.50000000	1.78678
1765.00000000	1.78710
1765.50000000	1.78589
1766.00000000	1.78583
1766.50000000	1.78740
1767.00000000	1.78944
1767.50000000	1.78797
1768.00000000	1.78573
1768.50000000	1.78579
1769.00000000	1.78699
1769.50000000	1.78776
1770.00000000	1.78878
1770.50000000	1.78791
1771.00000000	1.78826
1771.50000000	1.78733
1772.00000000	1.78685
1772.50000000	1.78658
1773.00000000	1.78617
1773.50000000	1.78623
1774.00000000	1.78608
1774.50000000	1.78554
1775.00000000	1.78487
1775.50000000	1.78401
1776.00000000	1.78280
1776.50000000	1.78230
1777.00000000	1.78288
1777.50000000	1.78544
1778.00000000	1.78830
1778.50000000	1.79209
1779.00000000	1.79519
1779.50000000	1.79950
1780.00000000	1.80323
1780.50000000	1.80768
1781.00000000	1.81089
1781.50000000	1.81747
1782.00000000	1.82407
1782.50000000	1.83119
1783.00000000	1.83584
1783.50000000	1.84193
1784.00000000	1.84790
1784.50000000	1.85509
1785.00000000	1.86179
1785.50000000	1.86572
1786.00000000	1.87057
1786.50000000	1.87477
1787.00000000	1.87972
1787.50000000	1.88674
1788.00000000	1.89264
1788.50000000	1.89971
1789.00000000	1.90656
1789.50000000	1.91275
1790.00000000	1.92109
1790.50000000	1.93133
1791.00000000	1.93846
1791.50000000	1.94627
1792.00000000	1.95426
1792.50000000	1.96148
1793.00000000	1.96892
1793.50000000	1.97716
1794.00000000	1.98561
1794.50000000	1.99588
1795.00000000	2.00609
1795.50000000	2.01564
1796.00000000	2.02328
1796.50000000	2.03181
1797.00000000	2.03863
1797.50000000	2.04436
1798.00000000	2.05094
1798.50000000	2.05642
1799.00000000	2.06283
1799.50000000	2.06649
1800.00000000	2.06969
1800.50000000	2.07353
1801.00000000	2.07625
1801.50000000	2.07922
1802.00000000	2.08489
1802.50000000	2.09063
1803.00000000	2.09659
1803.50000000	2.10209
1804.00000000	2.10644
1804.50000000	2.10996
1805.00000000	2.11602
1805.50000000	2.11961
1806.00000000	2.12428
1806.50000000	2.12958
1807.00000000	2.13470
1807.50000000	2.13921
1808.00000000	2.14076
1808.50000000	2.14182
1809.00000000	2.14519
1809.50000000	2.14831
1810.00000000	2.15147
1810.50000000	2.15538
1811.00000000	2.15967
1811.50000000	2.16267
1812.00000000	2.16504
1812.50000000	2.16544
1813.00000000	2.16565
1813.50000000	2.16562
1814.00000000	2.16611
1814.50000000	2.16681
1815.00000000	2.16782
1815.50000000	2.16863
1816.00000000	2.16830
1816.50000000	2.16601
1817.00000000	2.16494
1817.50000000	2.16114
1818.00000000	2.15759
1818.50000000	2.15217
1819.00000000	2.14741
1819.50000000	2.14411
1820.00000000	2.14026
1820.50000000	2.13732
1821.00000000	2.13446
1821.50000000	2.12798
1822.00000000	2.12207
1822.50000000	2.11676
1823.00000000	2.11245
1823.50000000	2.11060
1824.00000000	2.10495
1824.50000000	2.10105
1825.00000000	2.09600
1825.50000000	2.09124
1826.00000000	2.08715
1826.50000000	2.08342
1827.00000000	2.07937
1827.50000000	2.07409
1828.00000000	2.06697
1828.50000000	2.06126
1829.00000000	2.05642
1829.50000000	2.05118
1830.00000000	2.04580
1830.50000000	2.04237
1831.00000000	2.04055
1831.50000000	2.03963
1832.00000000	2.03816
1832.50000000	2.03439
1833.00000000	2.02917
1833.50000000	2.02279
1834.00000000	2.01720
1834.50000000	2.01137
1835.00000000	2.00788
1835.50000000	2.00491
1836.00000000	2.00162
1836.50000000	1.99906
1837.00000000	1.99483
1837.50000000	1.98968
1838.00000000	1.98583
1838.50000000	1.98169
1839.00000000	1.97688
1839.50000000	1.97152
1840.00000000	1.96388
1840.50000000	1.95674
1841.00000000	1.94898
1841.50000000	1.94223
1842.00000000	1.93467
1842.50000000	1.92588
1843.00000000	1.91608
1843.50000000	1.90795
1844.00000000	1.90006
1844.50000000	1.89180
1845.00000000	1.88439
1845.50000000	1.87835
1846.00000000	1.87438
1846.50000000	1.87237
1847.00000000	1.86943
1847.50000000	1.86730
1848.00000000	1.86558
1848.50000000	1.86392
1849.00000000	1.86337
1849.50000000	1.85927
1850.00000000	1.85694
1850.50000000	1.85398
1851.00000000	1.84870
1851.50000000	1.84370
1852.00000000	1.84082
1852.50000000	1.83737
1853.00000000	1.83427
1853.50000000	1.83082
1854.00000000	1.82844
1854.50000000	1.82593
1855.00000000	1.82384
1855.50000000	1.82376
1856.00000000	1.82405
1856.50000000	1.82815
1857.00000000	1.83264
1857.50000000	1.83783
1858.00000000	1.84209
1858.50000000	1.84471
1859.00000000	1.84666
1859.50000000	1.84707
1860.00000000	1.84839
1860.50000000	1.84988
1861.00000000	1.84879
1861.50000000	1.84813
1862.00000000	1.84805
1862.50000000	1.84706
1863.00000000	1.84411
1863.50000000	1.84086
1864.00000000	1.84206
1864.50000000	1.84399
1865.00000000	1.84704
1865.50000000	1.85030
1866.00000000	1.85481
1866.50000000	1.85805
1867.00000000	1.85919
1867.50000000	1.86122
1868.00000000	1.86103
1868.50000000	1.86076
1869.00000000	1.86198
1869.50000000	1.86262
1870.00000000	1.86247
1870.50000000	1.86078
1871.00000000	1.85902
1871.50000000	1.85819
1872.00000000	1.85853
1872.50000000	1.85888
1873.00000000	1.85903
1873.50000000	1.85922
1874.00000000	1.85796
1874.50000000	1.85680
1875.00000000	1.85542
1875.50000000	1.85534
1876.00000000	1.85586
1876.50000000	1.85816
1877.00000000	1.86214
1877.50000000	1.86471
1878.00000000	1.86840
1878.50000000	1.86999
1879.00000000	1.87043
1879.50000000	1.86867
1880.00000000	1.86817
1880.50000000	1.86823
1881.00000000	1.86827
1881.50000000	1.86659
1882.00000000	1.86293
1882.50000000	1.85856
1883.00000000	1.85677
1883.50000000	1.85577
1884.00000000	1.85399
1884.50000000	1.85348
1885.00000000	1.85099
1885.50000000	1.84872
1886.00000000	1.84742
1886.50000000	1.84689
1887.00000000	1.84664
1887.50000000	1.84411
1888.00000000	1.84328
1888.50000000	1.84396
1889.00000000	1.84645
1889.50000000	1.84686
1890.00000000	1.85016
1890.50000000	1.85368
1891.00000000	1.85810
1891.50000000	1.86515
1892.00000000	1.87258
1892.50000000	1.87954
1893.00000000	1.88334
1893.50000000	1.88680
1894.00000000	1.89125
1894.50000000	1.89495
1895.00000000	1.89650
1895.50000000	1.89692
1896.00000000	1.89884
1896.50000000	1.90313
1897.00000000	1.90724
1897.50000000	1.91017
1898.00000000	1.91137
1898.50000000	1.91350
1899.00000000	1.91445
1899.50000000	1.91460
1900.00000000	1.91674
1900.50000000	1.91812
1901.00000000	1.92077
1901.50000000	1.92437
1902.00000000	1.92697
1902.50000000	1.92704
1903.00000000	1.92540
1903.50000000	1.92598
1904.00000000	1.92384
1904.50000000	1.92119
1905.00000000	1.92030
1905.50000000	1.91947
1906.00000000	1.91850
1906.50000000	1.91713
1907.00000000	1.91537
1907.50000000	1.91577
1908.00000000	1.91603
1908.50000000	1.91685
1909.00000000	1.91457
1909.50000000	1.91401
1910.00000000	1.91458
1910.50000000	1.91685
1911.00000000	1.91971
1911.50000000	1.92106
1912.00000000	1.92598
1912.50000000	1.92933
1913.00000000	1.93462
1913.50000000	1.93904
1914.00000000	1.94141
1914.50000000	1.94056
1915.00000000	1.93988
1915.50000000	1.93832
1916.00000000	1.93871
1916.50000000	1.93851
1917.00000000	1.93867
1917.50000000	1.94078
1918.00000000	1.94203
1918.50000000	1.94103
1919.00000000	1.94223
1919.50000000	1.94431
1920.00000000	1.94736
1920.50000000	1.94894
1921.00000000	1.95193
1921.50000000	1.95711
1922.00000000	1.96117
1922.50000000	1.96466
1923.00000000	1.96851
1923.50000000	1.97199
1924.00000000	1.97405
1924.50000000	1.97678
1925.00000000	1.97836
1925.50000000	1.97758
1926.00000000	1.97728
1926.50000000	1.97941
1927.00000000	1.98408
1927.50000000	1.98630
1928.00000000	1.98961
1928.50000000	1.99397
1929.00000000	1.99854
1929.50000000	2.00435
1930.00000000	2.00914
1930.50000000	2.01421
1931.00000000	2.01803
1931.50000000	2.02355
1932.00000000	2.02899
1932.50000000	2.03314
1933.00000000	2.03780
1933.50000000	2.04285
1934.00000000	2.04833
1934.50000000	2.05088
1935.00000000	2.05234
1935.50000000	2.05533
1936.00000000	2.06031
1936.50000000	2.06390
1937.00000000	2.06722
1937.50000000	2.06870
1938.00000000	2.07024
1938.50000000	2.07209
1939.00000000	2.07402
1939.50000000	2.07551
1940.00000000	2.07737
1940.50000000	2.07875
1941.00000000	2.08097
1941.50000000	2.08359
1942.00000000	2.08471
1942.50000000	2.08604
1943.00000000	2.08674
1943.50000000	2.08544
1944.00000000	2.08356
1944.50000000	2.08249
1945.00000000	2.08424
1945.50000000	2.08590
1946.00000000	2.08567
1946.50000000	2.08590
1947.00000000	2.08558
1947.50000000	2.08525
1948.00000000	2.08606
1948.50000000	2.08711
1949.00000000	2.08842
1949.50000000	2.08946
1950.00000000	2.08895
1950.50000000	2.08519
1951.00000000	2.08071
1951.50000000	2.07375
1952.00000000	2.06724
1952.50000000	2.05893
1953.00000000	2.05048
1953.50000000	2.04323
1954.00000000	2.03741
1954.50000000	2.03560
1955.00000000	2.03455
1955.50000000	2.03342
1956.00000000	2.03470
1956.50000000	2.03428
1957.00000000	2.03030
1957.50000000	2.02711
1958.00000000	2.02240
1958.50000000	2.02023
1959.00000000	2.01630
1959.50000000	2.01005
1960.00000000	2.00202
1960.50000000	1.99380
1961.00000000	1.98640
1961.50000000	1.97785
1962.00000000	1.97112
1962.50000000	1.96271
1963.00000000	1.95433
1963.50000000	1.94638
1964.00000000	1.94001
1964.50000000	1.93419
1965.00000000	1.92817
1965.50000000	1.92229
1966.00000000	1.91617
1966.50000000	1.90943
1967.00000000	1.90327
1967.50000000	1.89750
1968.00000000	1.89241
1968.50000000	1.88619
1969.00000000	1.88217
1969.50000000	1.87878
1970.00000000	1.87628
1970.50000000	1.87505
1971.00000000	1.87473
1971.50000000	1.87546
1972.00000000	1.87846
1972.50000000	1.87955
1973.00000000	1.88213
1973.50000000	1.88500
1974.00000000	1.88867
1974.50000000	1.89067
1975.00000000	1.89209
1975.50000000	1.89650
1976.00000000	1.89957
1976.50000000	1.90346
1977.00000000	1.90676
1977.50000000	1.91140
1978.00000000	1.91357
1978.50000000	1.91460
1979.00000000	1.91476
1979.50000000	1.91785
1980.00000000	1.92164
1980.50000000	1.92517
1981.00000000	1.92660
1981.50000000	1.93093
1982.00000000	1.93439
1982.50000000	1.93702
1983.00000000	1.93843
1983.50000000	1.93839
1984.00000000	1.93849
1984.50000000	1.94056
1985.00000000	1.94459
1985.50000000	1.94825
1986.00000000	1.95285
1986.50000000	1.95779
1987.00000000	1.96093
1987.50000000	1.96254
1988.00000000	1.96545
1988.50000000	1.96766
1989.00000000	1.96932
1989.50000000	1.97017
1990.00000000	1.97159
1990.50000000	1.97398
1991.00000000	1.97762
1991.50000000	1.98279
1992.00000000	1.98672
1992.50000000	1.98990
1993.00000000	1.99270
1993.50000000	1.99588
1994.00000000	2.00062
1994.50000000	2.00464
1995.00000000	2.01036
1995.50000000	2.01696
1996.00000000	2.02184
1996.50000000	2.02568
1997.00000000	2.02893
1997.50000000	2.03318
1998.00000000	2.03609
1998.50000000	2.03617
1999.00000000	2.03540
1999.50000000	2.03628
2000.00000000	2.03573
2000.50000000	2.03516
2001.00000000	2.03545
2001.50000000	2.03691
2002.00000000	2.03749
2002.50000000	2.03909
2003.00000000	2.04206
2003.50000000	2.04469
2004.00000000	2.04672
2004.50000000	2.04898
2005.00000000	2.05270
2005.50000000	2.05747
2006.00000000	2.06293
2006.50000000	2.06816
2007.00000000	2.07398
2007.50000000	2.07930
2008.00000000	2.08318
2008.50000000	2.08551
2009.00000000	2.08898
2009.50000000	2.09144
2010.00000000	2.09322
2010.50000000	2.09800
2011.00000000	2.10216
2011.50000000	2.10583
2012.00000000	2.10856
2012.50000000	2.11156
2013.00000000	2.11515
2013.50000000	2.12006
2014.00000000	2.12224
2014.50000000	2.12672
2015.00000000	2.13073
2015.50000000	2.13296
2016.00000000	2.13440
2016.50000000	2.13444
2017.00000000	2.13595
2017.50000000	2.13743
2018.00000000	2.13775
2018.50000000	2.14063
2019.00000000	2.14173
2019.50000000	2.14512
2020.00000000	2.14693
2020.50000000	2.14720
2021.00000000	2.14837
2021.50000000	2.14714
2022.00000000	2.14494
2022.50000000	2.14279
2023.00000000	2.14003
2023.50000000	2.13756
2024.00000000	2.13621
2024.50000000	2.13345
2025.00000000	2.13153
2025.50000000	2.12811
2026.00000000	2.12441
2026.50000000	2.12260
2027.00000000	2.12042
2027.50000000	2.11648
2028.00000000	2.11066
2028.50000000	2.10677
2029.00000000	2.10402
2029.50000000	2.10057
2030.00000000	2.09883
2030.50000000	2.09668
2031.00000000	2.09540
2031.50000000	2.09241
2032.00000000	2.08777
2032.50000000	2.08396
2033.00000000	2.08151
2033.50000000	2.07913
2034.00000000	2.07328
2034.50000000	2.06892
2035.00000000	2.06483
2035.50000000	2.06199
2036.00000000	2.05737
2036.50000000	2.05391
2037.00000000	2.05273
2037.50000000	2.05079
2038.00000000	2.04719
2038.50000000	2.04422
2039.00000000	2.04081
2039.50000000	2.03758
2040.00000000	2.03593
2040.50000000	2.03650
2041.00000000	2.03671
2041.50000000	2.03668
2042.00000000	2.03463
2042.50000000	2.03301
2043.00000000	2.03116
2043.50000000	2.03081
2044.00000000	2.03027
2044.50000000	2.02950
2045.00000000	2.02847
2045.50000000	2.02408
2046.00000000	2.02013
2046.50000000	2.01716
2047.00000000	2.01406
2047.50000000	2.01202
2048.00000000	2.00832
2048.50000000	2.00572
2049.00000000	2.00378
2049.50000000	2.00155
2050.00000000	2.00020
2050.50000000	1.99977
2051.00000000	2.00213
2051.50000000	2.00226
2052.00000000	2.00374
2052.50000000	2.00541
2053.00000000	2.00652
2053.50000000	2.00869
2054.00000000	2.01115
2054.50000000	2.01440
2055.00000000	2.01741
2055.50000000	2.02075
2056.00000000	2.02313
2056.50000000	2.02294
2057.00000000	2.02441
2057.50000000	2.02523
2058.00000000	2.02904
2058.50000000	2.03182
2059.00000000	2.03335
2059.50000000	2.03232
2060.00000000	2.02984
2060.50000000	2.02545
2061.00000000	2.02111
2061.50000000	2.01665
2062.00000000	2.01345
2062.50000000	2.00978
2063.00000000	2.00431
2063.50000000	1.99727
2064.00000000	1.99107
2064.50000000	1.98420
2065.00000000	1.97659
2065.50000000	1.97113
2066.00000000	1.96868
2066.50000000	1.96631
2067.00000000	1.96103
2067.50000000	1.95722
2068.00000000	1.95285
2068.50000000	1.94626
2069.00000000	1.93774
2069.50000000	1.92886
2070.00000000	1.92124
2070.50000000	1.91483
2071.00000000	1.90862
2071.50000000	1.90191
2072.00000000	1.89530
2072.50000000	1.88683
2073.00000000	1.88017
2073.50000000	1.87113
2074.00000000	1.86380
2074.50000000	1.85341
2075.00000000	1.84575
2075.50000000	1.83706
2076.00000000	1.82978
2076.50000000	1.82201
2077.00000000	1.81778
2077.50000000	1.81451
2078.00000000	1.81286
2078.50000000	1.81161
2079.00000000	1.80937
2079.50000000	1.80771
2080.00000000	1.80789
2080.50000000	1.80937
2081.00000000	1.81301
2081.50000000	1.81563
2082.00000000	1.81906
2082.50000000	1.82234
2083.00000000	1.82582
2083.50000000	1.83284
2084.00000000	1.83977
2084.50000000	1.84937
2085.00000000	1.85887
2085.50000000	1.86848
2086.00000000	1.87769
2086.50000000	1.88611
2087.00000000	1.89567
2087.50000000	1.90437
2088.00000000	1.91257
2088.50000000	1.91923
2089.00000000	1.92442
2089.50000000	1.93032
2090.00000000	1.93684
2090.50000000	1.94131
2091.00000000	1.94368
2091.50000000	1.94477
2092.00000000	1.94797
2092.50000000	1.95196
2093.00000000	1.95308
2093.50000000	1.95346
2094.00000000	1.95466
2094.50000000	1.95713
2095.00000000	1.96058
2095.50000000	1.96365
2096.00000000	1.96711
2096.50000000	1.97047
2097.00000000	1.97444
2097.50000000	1.97933
2098.00000000	1.98719
2098.50000000	1.99131
2099.00000000	1.99537
2099.50000000	1.99781
2100.00000000	1.99829
2100.50000000	1.99754
2101.00000000	1.99682
2101.50000000	1.99816
2102.00000000	2.00090
2102.50000000	2.00438
2103.00000000	2.00714
2103.50000000	2.00717
2104.00000000	2.00677
2104.50000000	2.00756
2105.00000000	2.00874
2105.50000000	2.00910
2106.00000000	2.01031
2106.50000000	2.00990
2107.00000000	2.01162
2107.50000000	2.01422
2108.00000000	2.01630
2108.50000000	2.01807
2109.00000000	2.01939
2109.50000000	2.02231
2110.00000000	2.02684
2110.50000000	2.03252
2111.00000000	2.03592
2111.50000000	2.03782
2112.00000000	2.03956
2112.50000000	2.03899
2113.00000000	2.03827
2113.50000000	2.03952
2114.00000000	2.04248
2114.50000000	2.04757
2115.00000000	2.05012
2115.50000000	2.05145
2116.00000000	2.05160
2116.50000000	2.05005
2117.00000000	2.04729
2117.50000000	2.04095
2118.00000000	2.03374
2118.50000000	2.02810
2119.00000000	2.02361
2119.50000000	2.01824
2120.00000000	2.01554
2120.50000000	2.01312
2121.00000000	2.01304
2121.50000000	2.01102
2122.00000000	2.00849
2122.50000000	2.00654
2123.00000000	2.00611
2123.50000000	2.00545
2124.00000000	2.00473
2124.50000000	2.00252
2125.00000000	1.99885
2125.50000000	1.99727
2126.00000000	1.99396
2126.50000000	1.99056
2127.00000000	1.98809
2127.50000000	1.98611
2128.00000000	1.98392
2128.50000000	1.98343
2129.00000000	1.98164
2129.50000000	1.98073
2130.00000000	1.97822
2130.50000000	1.97629
2131.00000000	1.97533
2131.50000000	1.97271
2132.00000000	1.96905
2132.50000000	1.96490
2133.00000000	1.96219
2133.50000000	1.95737
2134.00000000	1.95565
2134.50000000	1.95470
2135.00000000	1.95463
2135.50000000	1.95410
2136.00000000	1.95181
2136.50000000	1.94995
2137.00000000	1.94688
2137.50000000	1.94367
2138.00000000	1.93957
2138.50000000	1.93648
2139.00000000	1.93519
2139.50000000	1.93468
2140.00000000	1.93246
2140.50000000	1.93091
2141.00000000	1.92950
2141.50000000	1.93005
2142.00000000	1.93208
2142.50000000	1.93409
2143.00000000	1.93318
2143.50000000	1.93506
2144.00000000	1.93621
2144.50000000	1.93556
2145.00000000	1.93391
2145.50000000	1.93361
2146.00000000	1.93387
2146.50000000	1.93405
2147.00000000	1.93418
2147.50000000	1.93302
2148.00000000	1.93183
2148.50000000	1.93112
2149.00000000	1.93086
2149.50000000	1.93055
2150.00000000	1.93011
2150.50000000	1.93173
2151.00000000	1.93371
2151.50000000	1.93670
2152.00000000	1.93751
2152.50000000	1.93884
2153.00000000	1.93996
2153.50000000	1.94060
2154.00000000	1.94192
2154.50000000	1.94442
2155.00000000	1.94574
2155.50000000	1.94553
2156.00000000	1.94656
2156.50000000	1.94606
2157.00000000	1.94517
2157.50000000	1.94564
2158.00000000	1.94626
2158.50000000	1.94711
2159.00000000	1.94854
2159.50000000	1.94869
2160.00000000	1.94760
2160.50000000	1.94743
2161.00000000	1.94761
2161.50000000	1.94935
2162.00000000	1.94715
2162.50000000	1.94549
2163.00000000	1.94458
2163.50000000	1.94378
2164.00000000	1.94445
2164.50000000	1.94501
2165.00000000	1.94552
2165.50000000	1.94765
2166.00000000	1.94980
2166.50000000	1.95182
2167.00000000	1.95380
2167.50000000	1.95571
2168.00000000	1.95806
2168.50000000	1.95973
2169.00000000	1.95857
2169.50000000	1.95846
2170.00000000	1.95859
2170.50000000	1.95648
2171.00000000	1.95516
2171.50000000	1.95537
2172.00000000	1.95526
2172.50000000	1.95598
2173.00000000	1.95767
2173.50000000	1.96029
2174.00000000	1.96178
2174.50000000	1.96369
2175.00000000	1.96911
2175.50000000	1.97330
2176.00000000	1.97741
2176.50000000	1.98323
2177.00000000	1.98745
2177.50000000	1.99130
2178.00000000	1.99706
2178.50000000	2.00405
2179.00000000	2.01089
2179.50000000	2.02027
2180.00000000	2.02746
2180.50000000	2.03475
2181.00000000	2.04079
