520.00000000	3.68447
520.50000000	3.68252
521.00000000	3.68031
521.50000000	3.68154
522.00000000	3.67945
522.50000000	3.67767
523.00000000	3.67505
523.50000000	3.67428
524.00000000	3.67404
524.50000000	3.67465
525.00000000	3.67294
525.50000000	3.67130
526.00000000	3.66920
526.50000000	3.66833
527.00000000	3.66871
527.50000000	3.66795
528.00000000	3.66629
528.50000000	3.66556
529.00000000	3.66714
529.50000000	3.66718
530.00000000	3.66785
530.50000000	3.66800
531.00000000	3.66681
531.50000000	3.66678
532.00000000	3.66674
532.50000000	3.66818
533.00000000	3.66872
533.50000000	3.66894
534.00000000	3.66848
534.50000000	3.66801
535.00000000	3.66834
535.50000000	3.66935
536.00000000	3.67062
536.50000000	3.66749
537.00000000	3.66424
537.50000000	3.66134
538.00000000	3.66102
538.50000000	3.66249
539.00000000	3.66122
539.50000000	3.65865
540.00000000	3.65553
540.50000000	3.65063
541.00000000	3.64653
541.50000000	3.64422
542.00000000	3.64140
542.50000000	3.63922
543.00000000	3.63657
543.50000000	3.63339
544.00000000	3.62973
544.50000000	3.62650
545.00000000	3.62451
545.50000000	3.62343
546.00000000	3.62228
546.50000000	3.62294
547.00000000	3.62238
547.50000000	3.62482
548.00000000	3.62596
548.50000000	3.62682
549.00000000	3.62783
549.50000000	3.63090
550.00000000	3.63392
550.50000000	3.63779
551.00000000	3.63986
551.50000000	3.64445
552.00000000	3.64645
552.50000000	3.64727
553.00000000	3.64854
553.50000000	3.65113
554.00000000	3.65386
554.50000000	3.65718
555.00000000	3.66143
555.50000000	3.66941
556.00000000	3.67608
556.50000000	3.68050
557.00000000	3.68643
557.50000000	3.69258
558.00000000	3.69761
558.50000000	3.70282
559.00000000	3.70844
559.50000000	3.71297
560.00000000	3.71598
560.50000000	3.71893
561.00000000	3.72254
561.50000000	3.72873
562.00000000	3.73243
562.50000000	3.73640
563.00000000	3.73976
563.50000000	3.74342
564.00000000	3.74702
564.50000000	3.74998
565.00000000	3.75181
565.50000000	3.75442
566.00000000	3.75715
566.50000000	3.75896
567.00000000	3.75736
567.50000000	3.75539
568.00000000	3.75501
568.50000000	3.75198
569.00000000	3.74992
569.50000000	3.74897
570.00000000	3.74599
570.50000000	3.74072
571.00000000	3.73659
571.50000000	3.73202
572.00000000	3.72728
572.50000000	3.72157
573.00000000	3.71650
573.50000000	3.71138
574.00000000	3.70689
574.50000000	3.70296
575.00000000	3.70067
575.50000000	3.70084
576.00000000	3.70110
576.50000000	3.70093
577.00000000	3.70034
577.50000000	3.70066
578.00000000	3.70058
578.50000000	3.69894
579.00000000	3.69838
579.50000000	3.69776
580.00000000	3.69687
580.50000000	3.69742
581.00000000	3.69641
581.50000000	3.69703
582.00000000	3.69996
582.50000000	3.70041
583.00000000	3.69991
583.50000000	3.69843
584.00000000	3.69683
584.50000000	3.69842
585.00000000	3.70306
585.50000000	3.70654
586.00000000	3.70879
586.50000000	3.71264
587.00000000	3.71597
587.50000000	3.72021
588.00000000	3.72155
588.50000000	3.72407
589.00000000	3.72562
589.50000000	3.72732
590.00000000	3.73047
590.50000000	3.73311
591.00000000	3.73381
591.50000000	3.73253
592.00000000	3.73216
592.50000000	3.73177
593.00000000	3.73257
593.50000000	3.73293
594.00000000	3.72985
594.50000000	3.72485
595.00000000	3.72171
595.50000000	3.71732
596.00000000	3.71363
596.50000000	3.71003
597.00000000	3.70692
597.50000000	3.70329
598.00000000	3.69993
598.50000000	3.69729
599.00000000	3.69435
599.50000000	3.69359
600.00000000	3.69352
600.50000000	3.69413
601.00000000	3.69638
601.50000000	3.69652
602.00000000	3.69395
602.50000000	3.69041
603.00000000	3.68598
603.50000000	3.68228
604.00000000	3.67655
604.50000000	3.67185
605.00000000	3.66715
605.50000000	3.66341
606.00000000	3.66040
606.50000000	3.65674
607.00000000	3.65421
607.50000000	3.65374
608.00000000	3.65350
608.50000000	3.65468
609.00000000	3.65674
609.50000000	3.65819
610.00000000	3.65860
610.50000000	3.65876
611.00000000	3.65928
611.50000000	3.66097
612.00000000	3.66126
612.50000000	3.66195
613.00000000	3.66400
613.50000000	3.66712
614.00000000	3.66969
614.50000000	3.67309
615.00000000	3.67720
615.50000000	3.67975
616.00000000	3.68161
616.50000000	3.68654
617.00000000	3.68872
617.50000000	3.68986
618.00000000	3.69417
618.50000000	3.69937
619.00000000	3.70460
619.50000000	3.70939
620.00000000	3.71437
620.50000000	3.71860
621.00000000	3.72047
621.50000000	3.72091
622.00000000	3.72210
622.50000000	3.72288
623.00000000	3.72341
623.50000000	3.72495
624.00000000	3.72589
624.50000000	3.72667
625.00000000	3.72516
625.50000000	3.72484
626.00000000	3.72150
626.50000000	3.71773
627.00000000	3.71524
627.50000000	3.71458
628.00000000	3.71527
628.50000000	3.71693
629.00000000	3.71827
629.50000000	3.71495
630.00000000	3.71361
630.50000000	3.71284
631.00000000	3.71275
631.50000000	3.71192
632.00000000	3.71135
632.50000000	3.71014
633.00000000	3.71106
633.50000000	3.71245
634.00000000	3.71543
634.50000000	3.71455
635.00000000	3.71286
635.50000000	3.71118
636.00000000	3.70768
636.50000000	3.70006
637.00000000	3.69139
637.50000000	3.68541
638.00000000	3.68088
638.50000000	3.67684
639.00000000	3.67264
639.50000000	3.67062
640.00000000	3.66631
640.50000000	3.66310
641.00000000	3.66198
641.50000000	3.66185
642.00000000	3.66339
642.50000000	3.66455
643.00000000	3.66471
643.50000000	3.66569
644.00000000	3.66586
644.50000000	3.66501
645.00000000	3.66242
645.50000000	3.65951
646.00000000	3.65692
646.50000000	3.65449
647.00000000	3.65166
647.50000000	3.64834
648.00000000	3.64584
648.50000000	3.64367
649.00000000	3.64248
649.50000000	3.64084
650.00000000	3.63775
650.50000000	3.63558
651.00000000	3.63212
651.50000000	3.62958
652.00000000	3.62662
652.50000000	3.62312
653.00000000	3.62196
653.50000000	3.62390
654.00000000	3.62614
654.50000000	3.62922
655.00000000	3.63423
655.50000000	3.63751
656.00000000	3.64309
656.50000000	3.64721
657.00000000	3.64981
657.50000000	3.65109
658.00000000	3.65189
658.50000000	3.65326
659.00000000	3.65473
659.50000000	3.65510
660.00000000	3.65490
660.50000000	3.65673
661.00000000	3.65563
661.50000000	3.65282
662.00000000	3.64966
662.50000000	3.64736
663.00000000	3.64230
663.50000000	3.63940
664.00000000	3.63485
664.50000000	3.63016
665.00000000	3.62550
665.50000000	3.62067
666.00000000	3.61801
666.50000000	3.61591
667.00000000	3.61268
667.50000000	3.60909
668.00000000	3.60616
668.50000000	3.60401
669.00000000	3.60371
669.50000000	3.60100
670.00000000	3.59723
670.50000000	3.59306
671.00000000	3.58714
671.50000000	3.57882
672.00000000	3.57198
672.50000000	3.56522
673.00000000	3.56140
673.50000000	3.55885
674.00000000	3.55621
674.50000000	3.55540
675.00000000	3.55307
675.50000000	3.55024
676.00000000	3.54671
676.50000000	3.54396
677.00000000	3.54187
677.50000000	3.54149
678.00000000	3.54141
678.50000000	3.54022
679.00000000	3.53870
679.50000000	3.53636
680.00000000	3.53327
680.50000000	3.53122
681.00000000	3.53059
681.50000000	3.53041
682.00000000	3.53026
682.50000000	3.53176
683.00000000	3.53217
683.50000000	3.53224
684.00000000	3.53066
684.50000000	3.52689
685.00000000	3.52220
685.50000000	3.52108
686.00000000	3.52113
686.50000000	3.51961
687.00000000	3.51832
687.50000000	3.51822
688.00000000	3.51847
688.50000000	3.51827
689.00000000	3.51833
689.50000000	3.51835
690.00000000	3.51913
690.50000000	3.51932
691.00000000	3.51989
691.50000000	3.52123
692.00000000	3.52287
692.50000000	3.52495
693.00000000	3.52601
693.50000000	3.52734
694.00000000	3.52776
694.50000000	3.53022
695.00000000	3.53416
695.50000000	3.53936
696.00000000	3.54450
696.50000000	3.54920
697.00000000	3.55365
697.50000000	3.55611
698.00000000	3.55597
698.50000000	3.55433
699.00000000	3.55417
699.50000000	3.55440
700.00000000	3.55660
700.50000000	3.55829
701.00000000	3.55999
701.50000000	3.56215
702.00000000	3.56475
702.50000000	3.56472
703.00000000	3.56722
703.50000000	3.57006
704.00000000	3.57085
704.50000000	3.57185
705.00000000	3.57363
705.50000000	3.57561
706.00000000	3.57835
706.50000000	3.58144
707.00000000	3.58386
707.50000000	3.58434
708.00000000	3.58587
708.50000000	3.58699
709.00000000	3.58942
709.50000000	3.59307
710.00000000	3.59506
710.50000000	3.59566
711.00000000	3.59610
711.50000000	3.59723
712.00000000	3.59527
712.50000000	3.59469
713.00000000	3.59458
713.50000000	3.59514
714.00000000	3.59793
714.50000000	3.60137
715.00000000	3.60534
715.50000000	3.60933
716.00000000	3.61304
716.50000000	3.61665
717.00000000	3.61978
717.50000000	3.62297
718.00000000	3.62522
718.50000000	3.62779
719.00000000	3.63104
719.50000000	3.63306
720.00000000	3.63345
720.50000000	3.63467
721.00000000	3.63544
721.50000000	3.63668
722.00000000	3.63757
722.50000000	3.63645
723.00000000	3.63641
723.50000000	3.63835
724.00000000	3.64129
724.50000000	3.64557
725.00000000	3.64814
725.50000000	3.65227
726.00000000	3.65541
726.50000000	3.65712
727.00000000	3.65926
727.50000000	3.66234
728.00000000	3.66471
728.50000000	3.66497
729.00000000	3.66455
729.50000000	3.66436
730.00000000	3.66547
730.50000000	3.66547
731.00000000	3.66437
731.50000000	3.66240
732.00000000	3.66258
732.50000000	3.66356
733.00000000	3.66449
733.50000000	3.66627
734.00000000	3.66740
734.50000000	3.66829
735.00000000	3.66849
735.50000000	3.66852
736.00000000	3.66805
736.50000000	3.66671
737.00000000	3.66588
737.50000000	3.66584
738.00000000	3.66547
738.50000000	3.66591
739.00000000	3.66705
739.50000000	3.66828
740.00000000	3.67106
740.50000000	3.67068
741.00000000	3.67072
741.50000000	3.67046
742.00000000	3.67139
742.50000000	3.67104
743.00000000	3.67184
743.50000000	3.67260
744.00000000	3.67351
744.50000000	3.67440
745.00000000	3.67612
745.50000000	3.67792
746.00000000	3.67724
746.50000000	3.67549
747.00000000	3.67546
747.50000000	3.67387
748.00000000	3.67350
748.50000000	3.67485
749.00000000	3.67734
749.50000000	3.68133
750.00000000	3.68389
750.50000000	3.68473
751.00000000	3.68571
751.50000000	3.68619
752.00000000	3.68804
752.50000000	3.68918
753.00000000	3.69235
753.50000000	3.69526
754.00000000	3.69748
754.50000000	3.70002
755.00000000	3.70225
755.50000000	3.70570
756.00000000	3.71118
756.50000000	3.71715
757.00000000	3.72022
757.50000000	3.72195
758.00000000	3.72120
758.50000000	3.72081
759.00000000	3.72124
759.50000000	3.72155
760.00000000	3.72019
760.50000000	3.71877
761.00000000	3.71728
761.50000000	3.71507
762.00000000	3.71325
762.50000000	3.70946
763.00000000	3.70651
763.50000000	3.70391
764.00000000	3.69995
764.50000000	3.69529
765.00000000	3.69050
765.50000000	3.68577
766.00000000	3.68354
766.50000000	3.67976
767.00000000	3.67514
767.50000000	3.67181
768.00000000	3.66680
768.50000000	3.66206
769.00000000	3.65934
769.50000000	3.65768
770.00000000	3.65419
770.50000000	3.65258
771.00000000	3.65406
771.50000000	3.65607
772.00000000	3.65747
772.50000000	3.66027
773.00000000	3.66120
773.50000000	3.66134
774.00000000	3.66239
774.50000000	3.66270
775.00000000	3.66312
775.50000000	3.66293
776.00000000	3.66237
776.50000000	3.66034
777.00000000	3.66103
777.50000000	3.65835
778.00000000	3.65663
778.50000000	3.65647
779.00000000	3.65633
779.50000000	3.65471
780.00000000	3.65334
780.50000000	3.65281
781.00000000	3.65229
781.50000000	3.65024
782.00000000	3.64968
782.50000000	3.64736
783.00000000	3.64492
783.50000000	3.64065
784.00000000	3.63512
784.50000000	3.62894
785.00000000	3.62345
785.50000000	3.62036
786.00000000	3.61459
786.50000000	3.61026
787.00000000	3.60340
787.50000000	3.59824
788.00000000	3.59044
788.50000000	3.58270
789.00000000	3.57947
789.50000000	3.57611
790.00000000	3.57242
790.50000000	3.56819
791.00000000	3.56612
791.50000000	3.56465
792.00000000	3.56267
792.50000000	3.56212
793.00000000	3.56090
793.50000000	3.56086
794.00000000	3.56079
794.50000000	3.55853
795.00000000	3.55502
795.50000000	3.55428
796.00000000	3.55307
796.50000000	3.55169
797.00000000	3.55228
797.50000000	3.55233
798.00000000	3.55424
798.50000000	3.55771
799.00000000	3.56223
799.50000000	3.56687
800.00000000	3.56888
800.50000000	3.57185
801.00000000	3.57337
801.50000000	3.57460
802.00000000	3.57223
802.50000000	3.57041
803.00000000	3.56957
803.50000000	3.57069
804.00000000	3.57106
804.50000000	3.57311
805.00000000	3.57475
805.50000000	3.57239
806.00000000	3.57090
806.50000000	3.56988
807.00000000	3.56965
807.50000000	3.56889
808.00000000	3.56746
808.50000000	3.56581
809.00000000	3.56287
809.50000000	3.56137
810.00000000	3.56229
810.50000000	3.56254
811.00000000	3.56404
811.50000000	3.56337
812.00000000	3.56472
812.50000000	3.56579
813.00000000	3.56826
813.50000000	3.57079
814.00000000	3.57379
814.50000000	3.57524
815.00000000	3.57695
815.50000000	3.57916
816.00000000	3.58039
816.50000000	3.58182
817.00000000	3.58340
817.50000000	3.58394
818.00000000	3.58387
818.50000000	3.58649
819.00000000	3.58853
819.50000000	3.59011
820.00000000	3.59221
820.50000000	3.59447
821.00000000	3.59827
821.50000000	3.60089
822.00000000	3.60463
822.50000000	3.60802
823.00000000	3.60943
823.50000000	3.61011
824.00000000	3.61115
824.50000000	3.61039
825.00000000	3.60762
825.50000000	3.60596
826.00000000	3.60623
826.50000000	3.60711
827.00000000	3.60657
827.50000000	3.60701
828.00000000	3.60756
828.50000000	3.60810
829.00000000	3.60941
829.50000000	3.60983
830.00000000	3.60935
830.50000000	3.60999
831.00000000	3.61201
831.50000000	3.61218
832.00000000	3.61253
832.50000000	3.61106
833.00000000	3.61228
833.50000000	3.61253
834.00000000	3.61128
834.50000000	3.60823
835.00000000	3.60642
835.50000000	3.60543
836.00000000	3.60428
836.50000000	3.60209
837.00000000	3.60172
837.50000000	3.60104
838.00000000	3.59773
838.50000000	3.59627
839.00000000	3.59323
839.50000000	3.59103
840.00000000	3.58927
840.50000000	3.58704
841.00000000	3.58579
841.50000000	3.58464
842.00000000	3.58381
842.50000000	3.58133
843.00000000	3.57744
843.50000000	3.57631
844.00000000	3.57611
844.50000000	3.57611
845.00000000	3.57574
845.50000000	3.57699
846.00000000	3.57989
846.50000000	3.58214
847.00000000	3.58321
847.50000000	3.58688
848.00000000	3.58841
848.50000000	3.59093
849.00000000	3.59075
849.50000000	3.59148
850.00000000	3.59221
850.50000000	3.59231
851.00000000	3.59174
851.50000000	3.59187
852.00000000	3.59048
852.50000000	3.59071
853.00000000	3.58968
853.50000000	3.58683
854.00000000	3.58356
854.50000000	3.57942
855.00000000	3.57732
855.50000000	3.57608
856.00000000	3.57425
856.50000000	3.57215
857.00000000	3.56825
857.50000000	3.56512
858.00000000	3.56114
858.50000000	3.55611
859.00000000	3.55085
859.50000000	3.54495
860.00000000	3.54036
860.50000000	3.53717
861.00000000	3.53664
861.50000000	3.53619
862.00000000	3.53706
862.50000000	3.53923
863.00000000	3.53986
863.50000000	3.54165
864.00000000	3.54336
864.50000000	3.54612
865.00000000	3.54900
865.50000000	3.54791
866.00000000	3.54408
866.50000000	3.54258
867.00000000	3.54238
867.50000000	3.54251
868.00000000	3.54197
868.50000000	3.54092
869.00000000	3.54098
869.50000000	3.54127
870.00000000	3.54106
870.50000000	3.54125
871.00000000	3.54217
871.50000000	3.54119
872.00000000	3.54126
872.50000000	3.54242
873.00000000	3.54506
873.50000000	3.54755
874.00000000	3.55158
874.50000000	3.55495
875.00000000	3.55516
875.50000000	3.55715
876.00000000	3.56017
876.50000000	3.56174
877.00000000	3.56307
877.50000000	3.56454
878.00000000	3.56756
878.50000000	3.57013
879.00000000	3.57017
879.50000000	3.57015
880.00000000	3.57132
880.50000000	3.57115
881.00000000	3.57051
881.50000000	3.57292
882.00000000	3.57553
882.50000000	3.57757
883.00000000	3.58009
883.50000000	3.58461
884.00000000	3.58961
884.50000000	3.59460
885.00000000	3.59980
885.50000000	3.60718
886.00000000	3.61236
886.50000000	3.61662
887.00000000	3.62408
887.50000000	3.62831
888.00000000	3.63397
888.50000000	3.63833
889.00000000	3.64203
889.50000000	3.64641
890.00000000	3.64970
890.50000000	3.65173
891.00000000	3.65464
891.50000000	3.65796
892.00000000	3.66219
892.50000000	3.66652
893.00000000	3.67022
893.50000000	3.67303
894.00000000	3.67618
894.50000000	3.67816
895.00000000	3.67898
895.50000000	3.67885
896.00000000	3.67927
896.50000000	3.67901
897.00000000	3.67672
897.50000000	3.67505
898.00000000	3.67536
898.50000000	3.67639
899.00000000	3.67608
899.50000000	3.67347
900.00000000	3.67150
900.50000000	3.67023
901.00000000	3.66662
901.50000000	3.66126
902.00000000	3.65438
902.50000000	3.64919
903.00000000	3.64530
903.50000000	3.64148
904.00000000	3.63934
904.50000000	3.63610
905.00000000	3.63555
905.50000000	3.63431
906.00000000	3.63377
906.50000000	3.63260
907.00000000	3.63006
907.50000000	3.62510
908.00000000	3.61849
908.50000000	3.61556
909.00000000	3.61098
909.50000000	3.60579
910.00000000	3.60122
910.50000000	3.59848
911.00000000	3.59475
911.50000000	3.59115
912.00000000	3.58796
912.50000000	3.58448
913.00000000	3.58044
913.50000000	3.57761
914.00000000	3.57598
914.50000000	3.57377
915.00000000	3.57235
915.50000000	3.56999
916.00000000	3.56483
916.50000000	3.56076
917.00000000	3.55658
917.50000000	3.55152
918.00000000	3.54646
918.50000000	3.54563
919.00000000	3.54522
919.50000000	3.54496
920.00000000	3.54422
920.50000000	3.54250
921.00000000	3.54122
921.50000000	3.54174
922.00000000	3.54223
922.50000000	3.54189
923.00000000	3.54145
923.50000000	3.54168
924.00000000	3.54178
924.50000000	3.54095
925.00000000	3.53981
925.50000000	3.53753
926.00000000	3.53700
926.50000000	3.53606
927.00000000	3.53633
927.50000000	3.53630
928.00000000	3.53697
928.50000000	3.54007
929.00000000	3.54248
929.50000000	3.54500
930.00000000	3.54993
930.50000000	3.55267
931.00000000	3.55602
931.50000000	3.55777
932.00000000	3.55863
932.50000000	3.55765
933.00000000	3.55516
933.50000000	3.55174
934.00000000	3.54664
934.50000000	3.54139
935.00000000	3.53855
935.50000000	3.53586
936.00000000	3.53562
936.50000000	3.53460
937.00000000	3.53213
937.50000000	3.53020
938.00000000	3.52676
938.50000000	3.52499
939.00000000	3.52272
939.50000000	3.52095
940.00000000	3.52118
940.50000000	3.52069
941.00000000	3.51934
941.50000000	3.51853
942.00000000	3.51861
942.50000000	3.51846
943.00000000	3.51801
943.50000000	3.51685
944.00000000	3.51406
944.50000000	3.51147
945.00000000	3.51113
945.50000000	3.50996
946.00000000	3.50748
946.50000000	3.50447
947.00000000	3.50167
947.50000000	3.49737
948.00000000	3.49116
948.50000000	3.48625
949.00000000	3.48189
949.50000000	3.47977
950.00000000	3.47936
950.50000000	3.47734
951.00000000	3.47629
951.50000000	3.47628
952.00000000	3.47812
952.50000000	3.48022
953.00000000	3.48041
953.50000000	3.47947
954.00000000	3.47663
954.50000000	3.47740
955.00000000	3.47897
955.50000000	3.47792
956.00000000	3.47735
956.50000000	3.47863
957.00000000	3.47920
957.50000000	3.47670
958.00000000	3.47493
958.50000000	3.47517
959.00000000	3.47819
959.50000000	3.48096
960.00000000	3.48460
960.50000000	3.48559
961.00000000	3.48733
961.50000000	3.49014
962.00000000	3.49339
962.50000000	3.49552
963.00000000	3.49745
963.50000000	3.49784
964.00000000	3.49731
964.50000000	3.49635
965.00000000	3.49623
965.50000000	3.49644
966.00000000	3.49719
966.50000000	3.49760
967.00000000	3.49798
967.50000000	3.50056
968.00000000	3.50484
968.50000000	3.50810
969.00000000	3.51258
969.50000000	3.51630
970.00000000	3.52038
970.50000000	3.52267
971.00000000	3.52302
971.50000000	3.52541
972.00000000	3.53036
972.50000000	3.53265
973.00000000	3.53668
973.50000000	3.53974
974.00000000	3.54263
974.50000000	3.54640
975.00000000	3.55019
975.50000000	3.55338
976.00000000	3.55495
976.50000000	3.55693
977.00000000	3.55968
977.50000000	3.56280
978.00000000	3.56390
978.50000000	3.56365
979.00000000	3.56403
979.50000000	3.56532
980.00000000	3.56758
980.50000000	3.56908
981.00000000	3.57131
981.50000000	3.57368
982.00000000	3.57537
982.50000000	3.57556
983.00000000	3.57576
983.50000000	3.57589
984.00000000	3.57631
984.50000000	3.57844
985.00000000	3.58041
985.50000000	3.58050
986.00000000	3.58097
986.50000000	3.58392
987.00000000	3.58684
987.50000000	3.58962
988.00000000	3.59047
988.50000000	3.59265
989.00000000	3.59371
989.50000000	3.59418
990.00000000	3.59481
990.50000000	3.59518
991.00000000	3.59511
991.50000000	3.59545
992.00000000	3.59690
992.50000000	3.59883
993.00000000	3.59932
993.50000000	3.60249
994.00000000	3.60400
994.50000000	3.60543
995.00000000	3.60556
995.50000000	3.60540
996.00000000	3.60648
996.50000000	3.60910
997.00000000	3.61110
997.50000000	3.61135
998.00000000	3.61185
998.50000000	3.61186
999.00000000	3.61109
999.50000000	3.61026
1000.00000000	3.60900
1000.50000000	3.60875
1001.00000000	3.60990
1001.50000000	3.61346
1002.00000000	3.61657
1002.50000000	3.61853
1003.00000000	3.62021
1003.50000000	3.62223
1004.00000000	3.62512
1004.50000000	3.62550
1005.00000000	3.63007
1005.50000000	3.63594
1006.00000000	3.64194
1006.50000000	3.64755
1007.00000000	3.65370
1007.50000000	3.65829
1008.00000000	3.66280
1008.50000000	3.66774
1009.00000000	3.67410
1009.50000000	3.68070
1010.00000000	3.68870
1010.50000000	3.69617
1011.00000000	3.70223
1011.50000000	3.70465
1012.00000000	3.70919
1012.50000000	3.71348
1013.00000000	3.71709
1013.50000000	3.72127
1014.00000000	3.72277
1014.50000000	3.72498
1015.00000000	3.72651
1015.50000000	3.72970
1016.00000000	3.73200
1016.50000000	3.73404
1017.00000000	3.73357
1017.50000000	3.73272
1018.00000000	3.73199
1018.50000000	3.73190
1019.00000000	3.73399
1019.50000000	3.73142
1020.00000000	3.73214
1020.50000000	3.73369
1021.00000000	3.73357
1021.50000000	3.73342
1022.00000000	3.73415
1022.50000000	3.73825
1023.00000000	3.74199
1023.50000000	3.74570
1024.00000000	3.74814
1024.50000000	3.74934
1025.00000000	3.74985
1025.50000000	3.74753
1026.00000000	3.74938
1026.50000000	3.75240
1027.00000000	3.75438
1027.50000000	3.75607
1028.00000000	3.75854
1028.50000000	3.76274
1029.00000000	3.76463
1029.50000000	3.76686
1030.00000000	3.76892
1030.50000000	3.76804
1031.00000000	3.76700
1031.50000000	3.76604
1032.00000000	3.76373
1032.50000000	3.75953
1033.00000000	3.75634
1033.50000000	3.75494
1034.00000000	3.75363
1034.50000000	3.75056
1035.00000000	3.74758
1035.50000000	3.74482
1036.00000000	3.74385
1036.50000000	3.74282
1037.00000000	3.74118
1037.50000000	3.73956
1038.00000000	3.73641
1038.50000000	3.73391
1039.00000000	3.73065
1039.50000000	3.72754
1040.00000000	3.72702
1040.50000000	3.72787
1041.00000000	3.72908
1041.50000000	3.72762
1042.00000000	3.72457
1042.50000000	3.72184
1043.00000000	3.72020
1043.50000000	3.71575
1044.00000000	3.71146
1044.50000000	3.71029
1045.00000000	3.70867
1045.50000000	3.70760
1046.00000000	3.70660
1046.50000000	3.70493
1047.00000000	3.70499
1047.50000000	3.70540
1048.00000000	3.70318
1048.50000000	3.70156
1049.00000000	3.70159
1049.50000000	3.70180
1050.00000000	3.70111
1050.50000000	3.70123
1051.00000000	3.70047
1051.50000000	3.69840
1052.00000000	3.69630
1052.50000000	3.69262
1053.00000000	3.68925
1053.50000000	3.68665
1054.00000000	3.68326
1054.50000000	3.68156
1055.00000000	3.68054
1055.50000000	3.67896
1056.00000000	3.68128
1056.50000000	3.68283
1057.00000000	3.68390
1057.50000000	3.68459
1058.00000000	3.68717
1058.50000000	3.68816
1059.00000000	3.69231
1059.50000000	3.69540
1060.00000000	3.69832
1060.50000000	3.70167
1061.00000000	3.70380
1061.50000000	3.70723
1062.00000000	3.70946
1062.50000000	3.71118
1063.00000000	3.71291
1063.50000000	3.71484
1064.00000000	3.71936
1064.50000000	3.72415
1065.00000000	3.72687
1065.50000000	3.72841
1066.00000000	3.73040
1066.50000000	3.73326
1067.00000000	3.73710
1067.50000000	3.73997
1068.00000000	3.74572
1068.50000000	3.75181
1069.00000000	3.75890
1069.50000000	3.76607
1070.00000000	3.77289
1070.50000000	3.77756
1071.00000000	3.78285
1071.50000000	3.78676
1072.00000000	3.78986
1072.50000000	3.79322
1073.00000000	3.79526
1073.50000000	3.79827
1074.00000000	3.79918
1074.50000000	3.80311
1075.00000000	3.80735
1075.50000000	3.80979
1076.00000000	3.81346
1076.50000000	3.81708
1077.00000000	3.81921
1077.50000000	3.82031
1078.00000000	3.82277
1078.50000000	3.82494
1079.00000000	3.82637
1079.50000000	3.82927
1080.00000000	3.82835
1080.50000000	3.82631
1081.00000000	3.82682
1081.50000000	3.83125
1082.00000000	3.83379
1082.50000000	3.83693
1083.00000000	3.84024
1083.50000000	3.84383
1084.00000000	3.84810
1084.50000000	3.85150
1085.00000000	3.85367
1085.50000000	3.85520
1086.00000000	3.85334
1086.50000000	3.85311
1087.00000000	3.85465
1087.50000000	3.85498
1088.00000000	3.85804
1088.50000000	3.85898
1089.00000000	3.86004
1089.50000000	3.86158
1090.00000000	3.86171
1090.50000000	3.86184
1091.00000000	3.86251
1091.50000000	3.86223
1092.00000000	3.86383
1092.50000000	3.86610
1093.00000000	3.86797
1093.50000000	3.87129
1094.00000000	3.87288
1094.50000000	3.87435
1095.00000000	3.87736
1095.50000000	3.87876
1096.00000000	3.87777
1096.50000000	3.87722
1097.00000000	3.87888
1097.50000000	3.88129
1098.00000000	3.88327
1098.50000000	3.88575
1099.00000000	3.88836
1099.50000000	3.89244
1100.00000000	3.89485
1100.50000000	3.89900
1101.00000000	3.90227
1101.50000000	3.90532
1102.00000000	3.90775
1102.50000000	3.91049
1103.00000000	3.91404
1103.50000000	3.91646
1104.00000000	3.92032
1104.50000000	3.92456
1105.00000000	3.92690
1105.50000000	3.92996
1106.00000000	3.92836
1106.50000000	3.92908
1107.00000000	3.92937
1107.50000000	3.93248
1108.00000000	3.93519
1108.50000000	3.93766
1109.00000000	3.93934
1109.50000000	3.94065
1110.00000000	3.94250
1110.50000000	3.94299
1111.00000000	3.94617
1111.50000000	3.94967
1112.00000000	3.95486
1112.50000000	3.95878
1113.00000000	3.96120
1113.50000000	3.96283
1114.00000000	3.96567
1114.50000000	3.96956
1115.00000000	3.97362
1115.50000000	3.97895
1116.00000000	3.98326
1116.50000000	3.98607
1117.00000000	3.98820
1117.50000000	3.99086
1118.00000000	3.99279
1118.50000000	3.99476
1119.00000000	3.99528
1119.50000000	3.99238
1120.00000000	3.98840
1120.50000000	3.98782
1121.00000000	3.98716
1121.50000000	3.98456
1122.00000000	3.98059
1122.50000000	3.97467
1123.00000000	3.96918
1123.50000000	3.96390
1124.00000000	3.95792
1124.50000000	3.95176
1125.00000000	3.94707
1125.50000000	3.94213
1126.00000000	3.94010
1126.50000000	3.93673
1127.00000000	3.93313
1127.50000000	3.92957
1128.00000000	3.92504
1128.50000000	3.92128
1129.00000000	3.91935
1129.50000000	3.91791
1130.00000000	3.91634
1130.50000000	3.91411
1131.00000000	3.91122
1131.50000000	3.90933
1132.00000000	3.90672
1132.50000000	3.90279
1133.00000000	3.90114
1133.50000000	3.89849
1134.00000000	3.89595
1134.50000000	3.89163
1135.00000000	3.88804
1135.50000000	3.88345
1136.00000000	3.87834
1136.50000000	3.87190
1137.00000000	3.86574
1137.50000000	3.85991
1138.00000000	3.85480
1138.50000000	3.84943
1139.00000000	3.84469
1139.50000000	3.84045
1140.00000000	3.83655
1140.50000000	3.83247
1141.00000000	3.83132
1141.50000000	3.83118
1142.00000000	3.82994
1142.50000000	3.82787
1143.00000000	3.82615
1143.50000000	3.82559
1144.00000000	3.82523
1144.50000000	3.82569
1145.00000000	3.82574
1145.50000000	3.82227
1146.00000000	3.82086
1146.50000000	3.81814
1147.00000000	3.81704
1147.50000000	3.81633
1148.00000000	3.81554
1148.50000000	3.81539
1149.00000000	3.81591
1149.50000000	3.81672
1150.00000000	3.81783
1150.50000000	3.81867
1151.00000000	3.82041
1151.50000000	3.82389
1152.00000000	3.82730
1152.50000000	3.82794
1153.00000000	3.82792
1153.50000000	3.83078
1154.00000000	3.83331
1154.50000000	3.83703
1155.00000000	3.84080
1155.50000000	3.84267
1156.00000000	3.84490
1156.50000000	3.84768
1157.00000000	3.85218
1157.50000000	3.85783
1158.00000000	3.86046
1158.50000000	3.86293
1159.00000000	3.86620
1159.50000000	3.86855
1160.00000000	3.87270
1160.50000000	3.87832
1161.00000000	3.88330
1161.50000000	3.88708
1162.00000000	3.89121
1162.50000000	3.89444
1163.00000000	3.89740
1163.50000000	3.89881
1164.00000000	3.90130
1164.50000000	3.90317
1165.00000000	3.90538
1165.50000000	3.91005
1166.00000000	3.91555
1166.50000000	3.92086
1167.00000000	3.92403
1167.50000000	3.92312
1168.00000000	3.92167
1168.50000000	3.92006
1169.00000000	3.91932
1169.50000000	3.92050
1170.00000000	3.92339
1170.50000000	3.92594
1171.00000000	3.93033
1171.50000000	3.93643
1172.00000000	3.94314
1172.50000000	3.94795
1173.00000000	3.95307
1173.50000000	3.95664
1174.00000000	3.96055
1174.50000000	3.96543
1175.00000000	3.97131
1175.50000000	3.97623
1176.00000000	3.97937
1176.50000000	3.98311
1177.00000000	3.98786
1177.50000000	3.99193
1178.00000000	3.99537
1178.50000000	3.99743
1179.00000000	3.99852
1179.50000000	3.99929
1180.00000000	4.00049
1180.50000000	4.00049
1181.00000000	3.99997
1181.50000000	3.99828
1182.00000000	3.99837
1182.50000000	3.99996
1183.00000000	4.00193
1183.50000000	4.00525
1184.00000000	4.01005
1184.50000000	4.01435
1185.00000000	4.01597
1185.50000000	4.01889
1186.00000000	4.02116
1186.50000000	4.02413
1187.00000000	4.02762
1187.50000000	4.02965
1188.00000000	4.03098
1188.50000000	4.03195
1189.00000000	4.03205
1189.50000000	4.03412
1190.00000000	4.03946
1190.50000000	4.04411
1191.00000000	4.04630
1191.50000000	4.04504
1192.00000000	4.04490
1192.50000000	4.04397
1193.00000000	4.04282
1193.50000000	4.04452
1194.00000000	4.04539
1194.50000000	4.04547
1195.00000000	4.04779
1195.50000000	4.04986
1196.00000000	4.05164
1196.50000000	4.05247
1197.00000000	4.05376
1197.50000000	4.05160
1198.00000000	4.04956
1198.50000000	4.04767
1199.00000000	4.04507
1199.50000000	4.04405
1200.00000000	4.04407
1200.50000000	4.04540
1201.00000000	4.04568
1201.50000000	4.04377
1202.00000000	4.04381
1202.50000000	4.04644
1203.00000000	4.04874
1203.50000000	4.05327
1204.00000000	4.05838
1204.50000000	4.06283
1205.00000000	4.06430
1205.50000000	4.06697
1206.00000000	4.06714
1206.50000000	4.06673
1207.00000000	4.06496
1207.50000000	4.06450
1208.00000000	4.06294
1208.50000000	4.05975
1209.00000000	4.05890
1209.50000000	4.05618
1210.00000000	4.05745
1210.50000000	4.05799
1211.00000000	4.05690
1211.50000000	4.05366
1212.00000000	4.05187
1212.50000000	4.05089
1213.00000000	4.05052
1213.50000000	4.05099
1214.00000000	4.05144
1214.50000000	4.05128
1215.00000000	4.05028
1215.50000000	4.04883
1216.00000000	4.04835
1216.50000000	4.04573
1217.00000000	4.04426
1217.50000000	4.04166
1218.00000000	4.04118
1218.50000000	4.03745
1219.00000000	4.03339
1219.50000000	4.02730
1220.00000000	4.02203
1220.50000000	4.01772
1221.00000000	4.01360
1221.50000000	4.01021
1222.00000000	4.00903
1222.50000000	4.00676
1223.00000000	4.00443
1223.50000000	4.00297
1224.00000000	4.00216
1224.50000000	4.00002
1225.00000000	3.99615
1225.50000000	3.99452
1226.00000000	3.99527
1226.50000000	3.99788
1227.00000000	3.99903
1227.50000000	3.99814
1228.00000000	3.99916
1228.50000000	3.99989
1229.00000000	3.99990
1229.50000000	3.99792
1230.00000000	3.99783
1230.50000000	3.99622
1231.00000000	3.99358
1231.50000000	3.99407
1232.00000000	3.99375
1232.50000000	3.99312
1233.00000000	3.99167
1233.50000000	3.98953
1234.00000000	3.98740
1234.50000000	3.98400
1235.00000000	3.98098
1235.50000000	3.97651
1236.00000000	3.97285
