6840.00000000	2.25092
6841.00000000	2.24754
6842.00000000	2.24352
6843.00000000	2.23758
6844.00000000	2.24123
6845.00000000	2.23887
6846.00000000	2.23310
6847.00000000	2.23035
6848.00000000	2.22559
6849.00000000	2.22532
6850.00000000	2.22621
6851.00000000	2.22614
6852.00000000	2.23261
6853.00000000	2.23924
6854.00000000	2.24189
6855.00000000	2.24231
6856.00000000	2.24245
6857.00000000	2.24359
6858.00000000	2.24919
6859.00000000	2.25085
6860.00000000	2.24543
6861.00000000	2.24466
6862.00000000	2.23972
6863.00000000	2.23398
6864.00000000	2.23152
6865.00000000	2.23688
6866.00000000	2.24265
6867.00000000	2.24935
6868.00000000	2.24968
6869.00000000	2.25216
6870.00000000	2.25636
6871.00000000	2.25814
6872.00000000	2.26078
6873.00000000	2.26580
6874.00000000	2.27547
6875.00000000	2.28384
6876.00000000	2.28990
6877.00000000	2.29423
6878.00000000	2.30203
6879.00000000	2.30540
6880.00000000	2.30811
6881.00000000	2.31240
6882.00000000	2.31605
6883.00000000	2.31686
6884.00000000	2.31288
6885.00000000	2.31283
6886.00000000	2.31245
6887.00000000	2.31211
6888.00000000	2.30917
6889.00000000	2.30755
6890.00000000	2.30184
6891.00000000	2.29121
6892.00000000	2.28736
6893.00000000	2.27877
6894.00000000	2.27339
6895.00000000	2.26294
6896.00000000	2.25251
6897.00000000	2.24843
6898.00000000	2.24959
6899.00000000	2.24690
6900.00000000	2.24458
6901.00000000	2.23842
6902.00000000	2.23502
6903.00000000	2.23268
6904.00000000	2.22078
6905.00000000	2.20821
6906.00000000	2.20296
6907.00000000	2.19537
6908.00000000	2.19095
6909.00000000	2.18917
6910.00000000	2.18685
6911.00000000	2.18216
6912.00000000	2.18035
6913.00000000	2.17811
6914.00000000	2.18214
6915.00000000	2.18563
6916.00000000	2.18350
6917.00000000	2.18435
6918.00000000	2.18797
6919.00000000	2.18890
6920.00000000	2.18345
6921.00000000	2.17797
6922.00000000	2.17634
6923.00000000	2.18058
6924.00000000	2.18635
6925.00000000	2.18832
6926.00000000	2.18706
6927.00000000	2.18764
6928.00000000	2.19255
6929.00000000	2.19400
6930.00000000	2.20098
6931.00000000	2.20537
6932.00000000	2.21845
6933.00000000	2.23027
6934.00000000	2.24168
6935.00000000	2.25070
6936.00000000	2.25990
6937.00000000	2.26651
6938.00000000	2.27845
6939.00000000	2.29470
6940.00000000	2.31210
6941.00000000	2.32424
6942.00000000	2.34228
6943.00000000	2.35972
6944.00000000	2.37461
6945.00000000	2.37988
6946.00000000	2.38560
6947.00000000	2.39581
6948.00000000	2.40362
6949.00000000	2.41632
6950.00000000	2.42524
6951.00000000	2.43310
6952.00000000	2.43992
6953.00000000	2.44928
6954.00000000	2.45469
6955.00000000	2.45979
6956.00000000	2.46752
6957.00000000	2.47702
6958.00000000	2.48651
6959.00000000	2.49413
6960.00000000	2.49493
6961.00000000	2.49138
6962.00000000	2.49052
6963.00000000	2.49135
6964.00000000	2.49338
6965.00000000	2.49371
6966.00000000	2.50035
6967.00000000	2.50174
6968.00000000	2.50176
6969.00000000	2.50505
6970.00000000	2.51234
6971.00000000	2.51537
6972.00000000	2.51543
6973.00000000	2.51126
6974.00000000	2.50751
6975.00000000	2.50315
6976.00000000	2.49764
6977.00000000	2.49694
6978.00000000	2.49822
6979.00000000	2.50343
6980.00000000	2.50649
6981.00000000	2.50720
6982.00000000	2.51534
6983.00000000	2.52223
6984.00000000	2.52321
6985.00000000	2.52741
6986.00000000	2.53318
6987.00000000	2.54064
6988.00000000	2.54314
6989.00000000	2.54288
6990.00000000	2.54684
6991.00000000	2.54773
6992.00000000	2.54738
6993.00000000	2.54166
6994.00000000	2.53689
6995.00000000	2.52941
6996.00000000	2.52723
6997.00000000	2.52686
6998.00000000	2.52844
6999.00000000	2.53143
7000.00000000	2.53142
7001.00000000	2.53376
7002.00000000	2.53570
7003.00000000	2.53363
7004.00000000	2.53426
7005.00000000	2.53606
7006.00000000	2.54419
7007.00000000	2.54681
7008.00000000	2.54990
7009.00000000	2.55947
7010.00000000	2.56566
7011.00000000	2.56950
7012.00000000	2.57175
7013.00000000	2.57127
7014.00000000	2.56984
7015.00000000	2.56935
7016.00000000	2.56751
7017.00000000	2.57006
7018.00000000	2.56789
7019.00000000	2.57103
7020.00000000	2.57411
7021.00000000	2.57839
7022.00000000	2.58060
7023.00000000	2.57526
7024.00000000	2.57653
7025.00000000	2.57634
7026.00000000	2.58300
7027.00000000	2.58631
7028.00000000	2.59077
7029.00000000	2.59637
7030.00000000	2.60497
7031.00000000	2.60830
7032.00000000	2.61376
7033.00000000	2.61797
7034.00000000	2.63079
7035.00000000	2.64470
7036.00000000	2.65558
7037.00000000	2.66541
7038.00000000	2.68123
7039.00000000	2.69520
7040.00000000	2.70103
7041.00000000	2.70626
7042.00000000	2.71354
7043.00000000	2.71709
7044.00000000	2.72636
7045.00000000	2.73284
7046.00000000	2.73791
7047.00000000	2.74130
7048.00000000	2.74619
7049.00000000	2.75028
7050.00000000	2.74967
7051.00000000	2.74679
7052.00000000	2.74264
7053.00000000	2.74097
7054.00000000	2.73866
7055.00000000	2.72892
7056.00000000	2.72562
7057.00000000	2.72689
7058.00000000	2.73244
7059.00000000	2.73364
7060.00000000	2.73255
7061.00000000	2.73737
7062.00000000	2.74009
7063.00000000	2.74778
7064.00000000	2.75747
7065.00000000	2.75419
7066.00000000	2.75312
7067.00000000	2.74878
7068.00000000	2.75215
7069.00000000	2.75578
7070.00000000	2.76194
7071.00000000	2.76073
7072.00000000	2.76412
7073.00000000	2.76877
7074.00000000	2.77557
7075.00000000	2.78306
7076.00000000	2.78442
7077.00000000	2.78661
7078.00000000	2.78084
7079.00000000	2.77717
7080.00000000	2.77204
7081.00000000	2.76975
7082.00000000	2.76822
7083.00000000	2.76109
7084.00000000	2.75302
7085.00000000	2.74779
7086.00000000	2.73799
7087.00000000	2.73351
7088.00000000	2.72529
7089.00000000	2.72176
7090.00000000	2.71687
7091.00000000	2.70960
7092.00000000	2.69722
7093.00000000	2.68866
7094.00000000	2.67837
7095.00000000	2.66763
7096.00000000	2.65752
7097.00000000	2.65041
7098.00000000	2.64903
7099.00000000	2.64645
7100.00000000	2.63550
7101.00000000	2.63130
7102.00000000	2.62400
7103.00000000	2.61531
7104.00000000	2.60496
7105.00000000	2.59522
7106.00000000	2.59212
7107.00000000	2.59277
7108.00000000	2.59417
7109.00000000	2.59540
7110.00000000	2.59426
7111.00000000	2.59287
7112.00000000	2.59027
7113.00000000	2.58400
7114.00000000	2.58120
7115.00000000	2.58027
7116.00000000	2.58349
7117.00000000	2.58967
7118.00000000	2.58913
7119.00000000	2.58750
7120.00000000	2.58807
7121.00000000	2.58446
7122.00000000	2.58418
7123.00000000	2.58131
7124.00000000	2.58009
7125.00000000	2.58479
7126.00000000	2.58918
7127.00000000	2.59083
7128.00000000	2.59221
7129.00000000	2.59517
7130.00000000	2.59895
7131.00000000	2.60055
7132.00000000	2.60396
7133.00000000	2.60639
7134.00000000	2.61545
7135.00000000	2.62236
7136.00000000	2.62988
7137.00000000	2.63211
7138.00000000	2.63956
7139.00000000	2.64345
7140.00000000	2.64988
7141.00000000	2.65335
7142.00000000	2.65286
7143.00000000	2.64965
7144.00000000	2.65021
7145.00000000	2.65424
7146.00000000	2.65977
7147.00000000	2.66617
7148.00000000	2.67102
7149.00000000	2.68163
7150.00000000	2.68845
7151.00000000	2.69961
7152.00000000	2.70511
7153.00000000	2.71301
7154.00000000	2.71740
7155.00000000	2.71167
7156.00000000	2.70411
7157.00000000	2.70440
7158.00000000	2.71506
7159.00000000	2.72672
7160.00000000	2.74042
7161.00000000	2.75430
7162.00000000	2.76216
7163.00000000	2.76860
7164.00000000	2.78188
7165.00000000	2.79099
7166.00000000	2.80026
7167.00000000	2.80594
7168.00000000	2.81261
7169.00000000	2.82186
7170.00000000	2.83699
7171.00000000	2.84991
7172.00000000	2.85773
7173.00000000	2.85977
7174.00000000	2.85957
7175.00000000	2.85633
7176.00000000	2.85443
7177.00000000	2.84999
7178.00000000	2.85313
7179.00000000	2.85043
7180.00000000	2.84869
7181.00000000	2.84245
7182.00000000	2.83432
7183.00000000	2.82491
7184.00000000	2.81597
7185.00000000	2.81237
7186.00000000	2.81295
7187.00000000	2.81133
7188.00000000	2.79753
7189.00000000	2.78839
7190.00000000	2.78181
7191.00000000	2.77235
7192.00000000	2.76846
7193.00000000	2.76592
7194.00000000	2.76327
7195.00000000	2.76282
7196.00000000	2.76158
7197.00000000	2.76345
7198.00000000	2.76694
7199.00000000	2.76811
7200.00000000	2.76762
7201.00000000	2.77253
7202.00000000	2.77017
7203.00000000	2.77474
7204.00000000	2.78042
7205.00000000	2.78696
7206.00000000	2.78941
7207.00000000	2.79100
7208.00000000	2.79428
7209.00000000	2.79632
7210.00000000	2.79329
7211.00000000	2.78801
7212.00000000	2.77150
7213.00000000	2.76402
7214.00000000	2.76277
7215.00000000	2.75907
7216.00000000	2.75093
7217.00000000	2.74448
7218.00000000	2.74126
7219.00000000	2.73128
7220.00000000	2.71670
7221.00000000	2.70520
7222.00000000	2.69920
7223.00000000	2.69003
7224.00000000	2.68179
7225.00000000	2.67540
7226.00000000	2.66827
7227.00000000	2.65941
7228.00000000	2.64879
7229.00000000	2.63577
7230.00000000	2.63130
7231.00000000	2.62631
7232.00000000	2.62146
7233.00000000	2.61985
7234.00000000	2.61801
7235.00000000	2.61410
7236.00000000	2.61521
7237.00000000	2.61744
7238.00000000	2.61710
7239.00000000	2.61140
7240.00000000	2.61080
7241.00000000	2.60833
7242.00000000	2.60786
7243.00000000	2.60392
7244.00000000	2.60338
7245.00000000	2.60482
7246.00000000	2.59990
7247.00000000	2.59562
7248.00000000	2.59703
7249.00000000	2.59838
7250.00000000	2.59881
7251.00000000	2.60100
7252.00000000	2.60349
7253.00000000	2.60813
7254.00000000	2.60953
7255.00000000	2.61471
7256.00000000	2.62200
7257.00000000	2.63020
7258.00000000	2.63320
7259.00000000	2.64546
7260.00000000	2.65321
7261.00000000	2.65925
7262.00000000	2.66677
7263.00000000	2.67277
7264.00000000	2.67787
7265.00000000	2.68047
7266.00000000	2.68368
7267.00000000	2.68383
7268.00000000	2.68934
7269.00000000	2.69722
7270.00000000	2.70409
7271.00000000	2.71436
7272.00000000	2.73033
7273.00000000	2.74273
7274.00000000	2.75490
7275.00000000	2.76707
7276.00000000	2.77129
7277.00000000	2.77588
7278.00000000	2.78759
7279.00000000	2.80121
7280.00000000	2.80944
7281.00000000	2.81522
7282.00000000	2.81830
7283.00000000	2.82051
7284.00000000	2.82393
7285.00000000	2.83055
7286.00000000	2.83435
7287.00000000	2.84175
7288.00000000	2.84467
7289.00000000	2.85115
7290.00000000	2.85799
7291.00000000	2.86460
7292.00000000	2.87536
7293.00000000	2.87819
7294.00000000	2.87967
7295.00000000	2.88117
7296.00000000	2.88010
7297.00000000	2.87796
7298.00000000	2.87705
7299.00000000	2.87789
7300.00000000	2.88546
7301.00000000	2.89756
7302.00000000	2.91040
7303.00000000	2.92474
7304.00000000	2.93601
7305.00000000	2.94498
7306.00000000	2.95131
7307.00000000	2.95218
7308.00000000	2.95810
7309.00000000	2.96133
7310.00000000	2.96846
7311.00000000	2.97227
7312.00000000	2.97700
7313.00000000	2.97399
7314.00000000	2.97011
7315.00000000	2.97015
7316.00000000	2.96504
7317.00000000	2.96081
7318.00000000	2.95851
7319.00000000	2.95546
7320.00000000	2.96202
7321.00000000	2.96554
7322.00000000	2.96320
7323.00000000	2.95910
7324.00000000	2.95484
7325.00000000	2.95029
7326.00000000	2.94573
7327.00000000	2.94236
7328.00000000	2.93647
7329.00000000	2.93560
7330.00000000	2.93454
7331.00000000	2.93150
7332.00000000	2.93315
7333.00000000	2.93490
7334.00000000	2.93297
7335.00000000	2.93564
7336.00000000	2.93164
7337.00000000	2.92407
7338.00000000	2.91970
7339.00000000	2.92102
7340.00000000	2.91933
7341.00000000	2.91984
7342.00000000	2.91997
7343.00000000	2.91863
7344.00000000	2.91140
7345.00000000	2.90453
7346.00000000	2.89611
7347.00000000	2.89450
7348.00000000	2.88653
7349.00000000	2.88704
7350.00000000	2.88557
7351.00000000	2.88285
7352.00000000	2.88641
7353.00000000	2.89068
7354.00000000	2.89398
7355.00000000	2.89938
7356.00000000	2.90224
7357.00000000	2.90190
7358.00000000	2.89631
7359.00000000	2.89083
7360.00000000	2.88767
7361.00000000	2.88407
7362.00000000	2.88720
7363.00000000	2.88616
7364.00000000	2.89174
7365.00000000	2.90193
7366.00000000	2.90912
7367.00000000	2.91075
7368.00000000	2.90966
7369.00000000	2.90721
7370.00000000	2.90529
7371.00000000	2.90161
7372.00000000	2.90254
7373.00000000	2.89904
7374.00000000	2.89649
7375.00000000	2.89425
7376.00000000	2.88768
7377.00000000	2.88242
7378.00000000	2.88402
7379.00000000	2.88704
7380.00000000	2.88297
7381.00000000	2.87852
7382.00000000	2.87566
7383.00000000	2.87031
7384.00000000	2.85965
7385.00000000	2.84858
7386.00000000	2.83634
7387.00000000	2.83000
7388.00000000	2.82873
7389.00000000	2.82918
7390.00000000	2.82711
7391.00000000	2.82228
7392.00000000	2.81110
7393.00000000	2.80154
7394.00000000	2.79292
7395.00000000	2.78344
7396.00000000	2.77498
7397.00000000	2.76515
7398.00000000	2.76321
7399.00000000	2.76120
7400.00000000	2.75665
7401.00000000	2.75029
7402.00000000	2.74616
7403.00000000	2.74519
7404.00000000	2.73711
7405.00000000	2.73048
7406.00000000	2.72660
7407.00000000	2.72129
7408.00000000	2.71992
7409.00000000	2.72192
7410.00000000	2.72318
7411.00000000	2.72350
7412.00000000	2.73059
7413.00000000	2.74262
7414.00000000	2.74586
7415.00000000	2.75332
7416.00000000	2.76430
7417.00000000	2.77114
7418.00000000	2.77912
7419.00000000	2.78225
7420.00000000	2.78670
7421.00000000	2.79054
7422.00000000	2.79663
7423.00000000	2.80923
7424.00000000	2.81722
7425.00000000	2.82659
7426.00000000	2.83397
7427.00000000	2.83929
7428.00000000	2.83989
7429.00000000	2.83815
7430.00000000	2.84266
7431.00000000	2.84567
7432.00000000	2.84786
7433.00000000	2.85295
7434.00000000	2.85912
7435.00000000	2.86108
7436.00000000	2.86349
7437.00000000	2.86484
7438.00000000	2.86885
7439.00000000	2.87425
7440.00000000	2.87850
7441.00000000	2.88521
7442.00000000	2.89374
7443.00000000	2.90079
7444.00000000	2.90271
7445.00000000	2.89714
7446.00000000	2.89894
7447.00000000	2.89605
7448.00000000	2.89624
7449.00000000	2.90200
7450.00000000	2.90617
7451.00000000	2.91176
7452.00000000	2.91923
7453.00000000	2.92762
7454.00000000	2.94062
7455.00000000	2.95068
7456.00000000	2.96336
7457.00000000	2.97287
7458.00000000	2.98213
7459.00000000	2.98922
7460.00000000	2.99630
7461.00000000	3.00199
7462.00000000	3.00399
7463.00000000	3.00792
7464.00000000	3.01130
7465.00000000	3.01334
7466.00000000	3.01649
7467.00000000	3.02369
7468.00000000	3.03024
7469.00000000	3.03950
7470.00000000	3.04623
7471.00000000	3.05108
7472.00000000	3.05826
7473.00000000	3.06229
7474.00000000	3.06688
7475.00000000	3.08051
7476.00000000	3.09065
7477.00000000	3.09694
7478.00000000	3.10449
7479.00000000	3.11725
7480.00000000	3.12546
7481.00000000	3.13430
7482.00000000	3.14372
7483.00000000	3.15132
7484.00000000	3.16202
7485.00000000	3.17934
7486.00000000	3.19620
7487.00000000	3.20856
7488.00000000	3.22194
7489.00000000	3.23897
7490.00000000	3.25699
7491.00000000	3.27398
7492.00000000	3.28459
7493.00000000	3.28849
7494.00000000	3.29325
7495.00000000	3.29828
7496.00000000	3.30179
7497.00000000	3.30856
7498.00000000	3.31452
7499.00000000	3.32104
7500.00000000	3.32202
7501.00000000	3.31991
7502.00000000	3.31972
7503.00000000	3.32227
7504.00000000	3.32176
7505.00000000	3.31636
7506.00000000	3.30944
7507.00000000	3.30636
7508.00000000	3.30722
7509.00000000	3.30350
7510.00000000	3.30007
7511.00000000	3.29507
7512.00000000	3.29425
7513.00000000	3.28522
7514.00000000	3.26959
7515.00000000	3.26332
7516.00000000	3.25237
7517.00000000	3.25133
7518.00000000	3.25028
7519.00000000	3.24680
7520.00000000	3.24215
7521.00000000	3.23963
7522.00000000	3.24340
7523.00000000	3.24016
7524.00000000	3.23814
7525.00000000	3.24027
7526.00000000	3.23913
7527.00000000	3.23386
7528.00000000	3.22903
7529.00000000	3.22575
7530.00000000	3.22086
7531.00000000	3.22131
7532.00000000	3.21904
7533.00000000	3.21768
7534.00000000	3.21803
7535.00000000	3.22059
7536.00000000	3.22512
7537.00000000	3.23721
7538.00000000	3.24268
7539.00000000	3.24716
7540.00000000	3.24402
7541.00000000	3.24550
7542.00000000	3.24902
7543.00000000	3.24970
7544.00000000	3.25026
7545.00000000	3.25223
7546.00000000	3.24954
7547.00000000	3.24859
7548.00000000	3.24491
7549.00000000	3.24465
7550.00000000	3.24564
7551.00000000	3.24291
7552.00000000	3.24081
7553.00000000	3.24271
7554.00000000	3.25025
7555.00000000	3.25786
7556.00000000	3.25850
7557.00000000	3.26132
7558.00000000	3.26690
7559.00000000	3.27318
7560.00000000	3.28442
7561.00000000	3.29130
7562.00000000	3.29770
7563.00000000	3.30434
7564.00000000	3.30648
7565.00000000	3.31090
7566.00000000	3.30585
7567.00000000	3.30073
7568.00000000	3.29940
7569.00000000	3.30484
7570.00000000	3.30881
7571.00000000	3.31297
7572.00000000	3.31688
7573.00000000	3.31641
7574.00000000	3.32265
7575.00000000	3.31931
7576.00000000	3.32249
7577.00000000	3.32419
7578.00000000	3.32169
7579.00000000	3.32167
7580.00000000	3.31974
7581.00000000	3.31118
7582.00000000	3.30437
7583.00000000	3.29350
7584.00000000	3.28460
7585.00000000	3.27773
7586.00000000	3.27710
7587.00000000	3.27561
7588.00000000	3.27343
7589.00000000	3.27057
7590.00000000	3.26810
7591.00000000	3.27190
7592.00000000	3.27311
7593.00000000	3.27038
7594.00000000	3.26476
7595.00000000	3.25744
7596.00000000	3.25948
7597.00000000	3.25071
7598.00000000	3.24231
7599.00000000	3.23347
7600.00000000	3.23035
7601.00000000	3.21579
7602.00000000	3.20209
7603.00000000	3.18911
7604.00000000	3.17925
7605.00000000	3.17596
7606.00000000	3.16899
7607.00000000	3.16387
7608.00000000	3.15140
7609.00000000	3.14594
7610.00000000	3.14287
7611.00000000	3.14457
7612.00000000	3.15025
7613.00000000	3.15766
7614.00000000	3.16350
7615.00000000	3.16493
7616.00000000	3.16467
7617.00000000	3.16824
7618.00000000	3.17324
7619.00000000	3.18045
7620.00000000	3.18964
7621.00000000	3.19767
7622.00000000	3.20031
7623.00000000	3.20036
7624.00000000	3.19395
7625.00000000	3.18744
7626.00000000	3.18413
7627.00000000	3.17534
7628.00000000	3.16702
7629.00000000	3.15731
7630.00000000	3.14629
7631.00000000	3.13972
7632.00000000	3.13430
7633.00000000	3.11839
7634.00000000	3.10822
7635.00000000	3.09861
7636.00000000	3.08828
7637.00000000	3.07745
7638.00000000	3.06384
7639.00000000	3.05157
7640.00000000	3.04344
7641.00000000	3.04034
7642.00000000	3.03215
7643.00000000	3.02307
7644.00000000	3.01450
7645.00000000	3.00596
7646.00000000	2.99436
7647.00000000	2.98248
7648.00000000	2.96545
7649.00000000	2.95527
7650.00000000	2.94731
7651.00000000	2.94235
7652.00000000	2.93761
7653.00000000	2.92800
7654.00000000	2.91988
7655.00000000	2.90736
7656.00000000	2.89361
7657.00000000	2.87738
7658.00000000	2.86450
7659.00000000	2.84925
7660.00000000	2.83571
7661.00000000	2.82643
7662.00000000	2.81417
7663.00000000	2.80391
7664.00000000	2.79351
7665.00000000	2.78390
7666.00000000	2.77993
7667.00000000	2.77422
7668.00000000	2.77145
7669.00000000	2.77269
7670.00000000	2.77072
7671.00000000	2.77213
7672.00000000	2.77200
7673.00000000	2.77463
7674.00000000	2.78419
7675.00000000	2.79345
7676.00000000	2.80260
7677.00000000	2.81439
7678.00000000	2.82306
7679.00000000	2.82800
7680.00000000	2.83860
7681.00000000	2.83889
7682.00000000	2.83996
7683.00000000	2.83931
7684.00000000	2.84014
7685.00000000	2.84971
7686.00000000	2.85769
7687.00000000	2.85816
7688.00000000	2.85524
7689.00000000	2.85063
7690.00000000	2.85763
7691.00000000	2.86306
7692.00000000	2.86842
7693.00000000	2.87279
7694.00000000	2.87779
7695.00000000	2.88075
7696.00000000	2.87728
7697.00000000	2.87412
7698.00000000	2.87172
7699.00000000	2.87544
7700.00000000	2.87058
7701.00000000	2.86683
7702.00000000	2.86730
7703.00000000	2.87941
7704.00000000	2.89020
7705.00000000	2.89809
7706.00000000	2.90790
7707.00000000	2.91793
7708.00000000	2.93162
7709.00000000	2.94244
7710.00000000	2.95189
7711.00000000	2.96616
7712.00000000	2.97865
7713.00000000	2.98233
7714.00000000	2.98914
7715.00000000	2.99978
7716.00000000	3.00335
7717.00000000	3.00758
7718.00000000	3.01023
7719.00000000	3.01633
7720.00000000	3.01638
7721.00000000	3.01693
7722.00000000	3.02074
7723.00000000	3.03047
7724.00000000	3.03406
7725.00000000	3.03875
7726.00000000	3.03994
7727.00000000	3.03925
7728.00000000	3.03996
7729.00000000	3.04175
7730.00000000	3.04208
7731.00000000	3.04351
7732.00000000	3.04495
7733.00000000	3.04774
7734.00000000	3.05272
7735.00000000	3.06270
7736.00000000	3.07335
7737.00000000	3.08553
7738.00000000	3.08991
7739.00000000	3.09420
7740.00000000	3.09306
7741.00000000	3.09486
7742.00000000	3.09584
7743.00000000	3.09272
7744.00000000	3.09391
7745.00000000	3.09668
7746.00000000	3.09474
7747.00000000	3.08648
7748.00000000	3.08298
7749.00000000	3.07683
7750.00000000	3.06459
7751.00000000	3.05168
7752.00000000	3.03990
7753.00000000	3.03578
7754.00000000	3.02451
7755.00000000	3.01226
7756.00000000	3.00207
7757.00000000	2.98793
7758.00000000	2.97518
7759.00000000	2.95709
7760.00000000	2.93783
7761.00000000	2.92078
7762.00000000	2.90599
7763.00000000	2.89828
7764.00000000	2.89409
7765.00000000	2.88649
7766.00000000	2.87585
7767.00000000	2.86609
7768.00000000	2.85403
7769.00000000	2.84681
7770.00000000	2.84243
7771.00000000	2.84097
7772.00000000	2.83548
7773.00000000	2.83330
7774.00000000	2.83250
7775.00000000	2.83398
7776.00000000	2.83239
7777.00000000	2.82991
7778.00000000	2.82742
7779.00000000	2.82792
7780.00000000	2.82928
7781.00000000	2.83041
7782.00000000	2.83186
7783.00000000	2.83051
7784.00000000	2.82821
7785.00000000	2.82929
7786.00000000	2.83452
7787.00000000	2.83621
7788.00000000	2.84302
7789.00000000	2.84758
7790.00000000	2.84748
7791.00000000	2.85218
7792.00000000	2.85611
7793.00000000	2.86288
7794.00000000	2.86625
7795.00000000	2.85752
7796.00000000	2.85159
7797.00000000	2.84813
7798.00000000	2.84229
7799.00000000	2.83147
7800.00000000	2.82215
7801.00000000	2.82297
7802.00000000	2.82900
7803.00000000	2.83656
7804.00000000	2.84713
7805.00000000	2.85206
7806.00000000	2.85374
7807.00000000	2.86097
7808.00000000	2.87070
7809.00000000	2.87650
7810.00000000	2.88523
7811.00000000	2.88802
7812.00000000	2.89252
7813.00000000	2.89838
7814.00000000	2.90291
7815.00000000	2.90814
7816.00000000	2.92119
7817.00000000	2.93068
7818.00000000	2.93569
7819.00000000	2.94951
7820.00000000	2.95588
7821.00000000	2.96214
7822.00000000	2.96964
7823.00000000	2.97581
7824.00000000	2.97908
7825.00000000	2.98370
7826.00000000	2.98364
7827.00000000	2.98573
7828.00000000	2.98453
7829.00000000	2.98457
7830.00000000	2.98799
7831.00000000	2.99797
7832.00000000	3.01115
7833.00000000	3.01962
7834.00000000	3.02677
7835.00000000	3.03322
7836.00000000	3.04632
7837.00000000	3.04980
7838.00000000	3.04310
7839.00000000	3.04413
7840.00000000	3.04945
7841.00000000	3.05386
7842.00000000	3.05343
7843.00000000	3.06107
7844.00000000	3.07019
7845.00000000	3.07970
7846.00000000	3.08284
7847.00000000	3.08384
7848.00000000	3.08964
7849.00000000	3.09275
7850.00000000	3.09744
7851.00000000	3.10159
7852.00000000	3.10607
7853.00000000	3.10853
7854.00000000	3.11352
7855.00000000	3.11947
7856.00000000	3.13031
7857.00000000	3.13356
7858.00000000	3.13385
7859.00000000	3.13335
7860.00000000	3.13087
7861.00000000	3.11999
7862.00000000	3.10940
7863.00000000	3.09034
7864.00000000	3.07216
7865.00000000	3.05301
7866.00000000	3.03647
7867.00000000	3.02528
7868.00000000	3.00950
7869.00000000	2.99321
7870.00000000	2.98180
7871.00000000	2.96229
7872.00000000	2.94691
7873.00000000	2.92971
7874.00000000	2.91734
7875.00000000	2.89968
7876.00000000	2.88268
7877.00000000	2.87097
7878.00000000	2.86368
7879.00000000	2.85592
7880.00000000	2.84959
7881.00000000	2.84117
7882.00000000	2.82977
7883.00000000	2.81627
7884.00000000	2.79836
7885.00000000	2.77744
7886.00000000	2.76595
7887.00000000	2.75176
7888.00000000	2.73908
7889.00000000	2.72873
7890.00000000	2.71611
7891.00000000	2.70424
7892.00000000	2.69580
7893.00000000	2.68333
7894.00000000	2.66904
7895.00000000	2.65707
7896.00000000	2.64581
7897.00000000	2.63113
7898.00000000	2.61640
7899.00000000	2.60098
7900.00000000	2.59966
7901.00000000	2.59893
7902.00000000	2.59610
7903.00000000	2.59521
7904.00000000	2.59418
7905.00000000	2.59497
7906.00000000	2.60318
7907.00000000	2.60357
7908.00000000	2.60053
7909.00000000	2.60367
7910.00000000	2.61134
7911.00000000	2.61806
7912.00000000	2.63053
7913.00000000	2.63856
7914.00000000	2.64600
7915.00000000	2.64674
7916.00000000	2.64782
7917.00000000	2.64922
7918.00000000	2.65221
7919.00000000	2.65783
7920.00000000	2.66419
7921.00000000	2.67595
7922.00000000	2.68792
7923.00000000	2.69419
7924.00000000	2.69420
7925.00000000	2.70130
7926.00000000	2.69914
7927.00000000	2.69862
7928.00000000	2.69934
7929.00000000	2.70088
7930.00000000	2.70064
7931.00000000	2.70278
7932.00000000	2.70566
7933.00000000	2.69738
7934.00000000	2.69172
7935.00000000	2.69515
7936.00000000	2.70298
7937.00000000	2.70536
7938.00000000	2.70852
7939.00000000	2.70787
7940.00000000	2.71055
7941.00000000	2.71513
7942.00000000	2.72388
7943.00000000	2.73527
7944.00000000	2.74896
7945.00000000	2.75658
7946.00000000	2.76119
7947.00000000	2.76126
7948.00000000	2.76007
7949.00000000	2.76243
7950.00000000	2.76689
7951.00000000	2.77040
7952.00000000	2.76945
7953.00000000	2.76230
7954.00000000	2.75333
7955.00000000	2.74412
7956.00000000	2.73701
7957.00000000	2.73031
7958.00000000	2.72948
7959.00000000	2.72515
7960.00000000	2.71750
7961.00000000	2.70620
7962.00000000	2.69744
7963.00000000	2.69473
7964.00000000	2.68763
7965.00000000	2.67356
7966.00000000	2.66352
7967.00000000	2.65111
7968.00000000	2.63970
7969.00000000	2.63044
7970.00000000	2.62330
7971.00000000	2.62061
7972.00000000	2.61581
7973.00000000	2.61603
7974.00000000	2.61550
7975.00000000	2.62216
7976.00000000	2.63384
7977.00000000	2.64987
7978.00000000	2.65622
7979.00000000	2.66060
7980.00000000	2.66381
7981.00000000	2.66115
7982.00000000	2.65588
7983.00000000	2.65908
7984.00000000	2.65883
7985.00000000	2.65953
7986.00000000	2.66334
7987.00000000	2.67469
7988.00000000	2.68821
7989.00000000	2.69860
7990.00000000	2.70551
7991.00000000	2.70928
7992.00000000	2.71553
7993.00000000	2.71510
7994.00000000	2.71658
7995.00000000	2.72120
7996.00000000	2.72487
7997.00000000	2.72495
7998.00000000	2.72366
7999.00000000	2.72284
8000.00000000	2.72987
8001.00000000	2.73851
8002.00000000	2.74563
8003.00000000	2.75438
8004.00000000	2.76919
8005.00000000	2.79287
8006.00000000	2.81065
8007.00000000	2.82145
8008.00000000	2.82808
8009.00000000	2.83184
8010.00000000	2.83434
8011.00000000	2.84000
8012.00000000	2.84230
8013.00000000	2.84794
8014.00000000	2.84371
8015.00000000	2.84135
8016.00000000	2.83467
8017.00000000	2.82496
8018.00000000	2.81760
8019.00000000	2.81445
8020.00000000	2.80980
8021.00000000	2.79749
8022.00000000	2.78483
8023.00000000	2.77454
8024.00000000	2.76267
8025.00000000	2.74997
8026.00000000	2.73851
8027.00000000	2.72778
8028.00000000	2.71527
8029.00000000	2.70089
8030.00000000	2.68638
8031.00000000	2.67149
8032.00000000	2.65263
8033.00000000	2.63986
8034.00000000	2.63102
8035.00000000	2.62547
8036.00000000	2.61848
8037.00000000	2.60676
8038.00000000	2.60688
8039.00000000	2.60240
8040.00000000	2.59935
8041.00000000	2.58728
8042.00000000	2.57265
8043.00000000	2.55736
8044.00000000	2.54195
8045.00000000	2.53390
8046.00000000	2.52224
8047.00000000	2.51050
8048.00000000	2.49611
8049.00000000	2.48170
8050.00000000	2.47027
8051.00000000	2.46030
8052.00000000	2.45825
8053.00000000	2.45233
8054.00000000	2.44187
8055.00000000	2.42720
8056.00000000	2.41142
8057.00000000	2.39937
8058.00000000	2.39361
8059.00000000	2.38616
8060.00000000	2.37511
8061.00000000	2.36749
8062.00000000	2.35753
8063.00000000	2.34857
8064.00000000	2.33822
8065.00000000	2.33258
8066.00000000	2.32560
8067.00000000	2.32930
8068.00000000	2.32662
8069.00000000	2.32500
8070.00000000	2.32199
8071.00000000	2.32579
8072.00000000	2.33162
8073.00000000	2.33034
8074.00000000	2.32664
8075.00000000	2.32007
8076.00000000	2.31092
8077.00000000	2.30925
8078.00000000	2.31000
8079.00000000	2.30967
8080.00000000	2.31577
8081.00000000	2.33325
8082.00000000	2.34580
8083.00000000	2.36134
8084.00000000	2.37656
8085.00000000	2.38584
8086.00000000	2.39757
8087.00000000	2.40980
8088.00000000	2.42634
8089.00000000	2.43788
8090.00000000	2.44210
8091.00000000	2.44030
8092.00000000	2.44236
8093.00000000	2.44301
8094.00000000	2.44420
8095.00000000	2.44826
8096.00000000	2.44828
8097.00000000	2.44594
8098.00000000	2.44607
8099.00000000	2.45132
8100.00000000	2.45688
8101.00000000	2.45273
8102.00000000	2.44862
8103.00000000	2.45259
8104.00000000	2.45839
8105.00000000	2.46333
8106.00000000	2.46673
8107.00000000	2.47458
8108.00000000	2.48559
8109.00000000	2.49518
8110.00000000	2.50364
8111.00000000	2.50822
8112.00000000	2.51150
8113.00000000	2.51057
8114.00000000	2.50836
8115.00000000	2.50893
8116.00000000	2.50727
8117.00000000	2.49844
8118.00000000	2.49132
8119.00000000	2.49357
8120.00000000	2.49244
8121.00000000	2.49461
8122.00000000	2.49848
8123.00000000	2.49673
8124.00000000	2.49814
8125.00000000	2.50273
8126.00000000	2.50096
8127.00000000	2.49697
8128.00000000	2.49138
8129.00000000	2.48549
8130.00000000	2.47598
8131.00000000	2.46722
8132.00000000	2.46403
8133.00000000	2.46010
8134.00000000	2.45377
8135.00000000	2.44723
8136.00000000	2.44465
8137.00000000	2.44449
8138.00000000	2.44881
8139.00000000	2.45012
8140.00000000	2.45268
8141.00000000	2.45837
8142.00000000	2.46484
8143.00000000	2.46936
8144.00000000	2.46754
8145.00000000	2.46835
8146.00000000	2.47047
8147.00000000	2.47332
8148.00000000	2.48324
8149.00000000	2.48766
8150.00000000	2.49270
8151.00000000	2.48796
8152.00000000	2.48985
8153.00000000	2.49419
8154.00000000	2.49712
8155.00000000	2.49645
8156.00000000	2.49646
8157.00000000	2.49751
8158.00000000	2.49674
8159.00000000	2.49257
8160.00000000	2.49329
8161.00000000	2.49904
8162.00000000	2.50704
8163.00000000	2.50570
8164.00000000	2.50462
8165.00000000	2.50150
8166.00000000	2.49706
8167.00000000	2.49456
8168.00000000	2.49519
8169.00000000	2.49284
8170.00000000	2.49536
8171.00000000	2.50444
8172.00000000	2.50905
8173.00000000	2.51296
8174.00000000	2.51735
8175.00000000	2.51679
8176.00000000	2.51327
8177.00000000	2.51062
8178.00000000	2.51243
8179.00000000	2.51477
8180.00000000	2.52096
8181.00000000	2.52421
8182.00000000	2.53241
8183.00000000	2.54014
8184.00000000	2.54847
8185.00000000	2.55884
8186.00000000	2.57301
8187.00000000	2.58463
8188.00000000	2.59564
8189.00000000	2.60623
8190.00000000	2.61484
8191.00000000	2.62181
8192.00000000	2.63283
8193.00000000	2.64334
8194.00000000	2.65199
8195.00000000	2.66029
8196.00000000	2.66824
8197.00000000	2.68090
8198.00000000	2.69088
8199.00000000	2.69627
8200.00000000	2.70104
8201.00000000	2.70958
8202.00000000	2.71935
8203.00000000	2.72763
8204.00000000	2.73369
8205.00000000	2.73566
8206.00000000	2.74437
8207.00000000	2.75042
8208.00000000	2.75359
8209.00000000	2.75567
8210.00000000	2.75680
8211.00000000	2.76140
8212.00000000	2.77619
8213.00000000	2.78426
8214.00000000	2.79175
8215.00000000	2.79509
8216.00000000	2.79345
8217.00000000	2.80052
8218.00000000	2.80920
8219.00000000	2.81580
8220.00000000	2.82411
8221.00000000	2.83851
8222.00000000	2.84614
8223.00000000	2.85238
8224.00000000	2.86123
8225.00000000	2.86624
8226.00000000	2.86563
8227.00000000	2.86920
8228.00000000	2.87248
8229.00000000	2.87648
8230.00000000	2.88143
8231.00000000	2.88707
8232.00000000	2.89449
8233.00000000	2.90246
8234.00000000	2.90809
8235.00000000	2.91292
8236.00000000	2.91635
8237.00000000	2.92219
8238.00000000	2.92880
8239.00000000	2.93616
8240.00000000	2.94286
8241.00000000	2.94953
8242.00000000	2.95196
8243.00000000	2.95750
8244.00000000	2.96590
8245.00000000	2.97141
8246.00000000	2.97086
8247.00000000	2.96556
8248.00000000	2.96150
8249.00000000	2.95915
8250.00000000	2.95365
8251.00000000	2.94446
8252.00000000	2.94041
8253.00000000	2.94543
8254.00000000	2.94880
8255.00000000	2.94872
8256.00000000	2.95219
8257.00000000	2.95331
8258.00000000	2.95349
8259.00000000	2.95611
8260.00000000	2.95190
8261.00000000	2.94623
8262.00000000	2.94746
8263.00000000	2.95289
8264.00000000	2.95538
8265.00000000	2.95597
8266.00000000	2.95521
8267.00000000	2.95884
8268.00000000	2.96243
8269.00000000	2.95333
8270.00000000	2.94782
8271.00000000	2.93782
8272.00000000	2.92829
8273.00000000	2.91981
8274.00000000	2.91416
8275.00000000	2.90748
8276.00000000	2.90763
8277.00000000	2.90086
8278.00000000	2.89736
8279.00000000	2.90286
8280.00000000	2.90881
8281.00000000	2.91304
8282.00000000	2.91504
8283.00000000	2.91926
8284.00000000	2.92248
8285.00000000	2.92469
8286.00000000	2.93364
8287.00000000	2.93819
8288.00000000	2.94390
8289.00000000	2.95452
8290.00000000	2.96498
8291.00000000	2.97500
8292.00000000	2.98191
8293.00000000	2.98911
8294.00000000	2.98969
8295.00000000	2.99122
8296.00000000	2.99034
8297.00000000	2.98567
8298.00000000	2.98362
8299.00000000	2.98280
8300.00000000	2.97973
8301.00000000	2.97991
8302.00000000	2.97459
8303.00000000	2.97007
8304.00000000	2.96623
8305.00000000	2.95805
8306.00000000	2.95219
8307.00000000	2.94032
8308.00000000	2.92920
8309.00000000	2.91701
8310.00000000	2.91251
8311.00000000	2.90540
8312.00000000	2.89751
8313.00000000	2.89835
8314.00000000	2.89734
8315.00000000	2.89794
8316.00000000	2.89582
8317.00000000	2.90008
8318.00000000	2.90446
8319.00000000	2.90097
8320.00000000	2.89991
8321.00000000	2.89678
8322.00000000	2.89347
8323.00000000	2.88817
8324.00000000	2.88574
8325.00000000	2.88247
8326.00000000	2.87632
8327.00000000	2.86960
8328.00000000	2.86564
8329.00000000	2.85320
8330.00000000	2.84388
8331.00000000	2.83821
8332.00000000	2.83350
8333.00000000	2.83538
8334.00000000	2.83452
8335.00000000	2.82922
8336.00000000	2.82951
8337.00000000	2.82488
8338.00000000	2.82337
8339.00000000	2.82368
8340.00000000	2.82446
8341.00000000	2.82762
8342.00000000	2.82975
8343.00000000	2.83641
8344.00000000	2.84295
8345.00000000	2.84538
8346.00000000	2.84700
8347.00000000	2.84372
8348.00000000	2.85037
8349.00000000	2.85817
8350.00000000	2.86125
8351.00000000	2.86847
8352.00000000	2.86909
8353.00000000	2.86932
8354.00000000	2.86918
8355.00000000	2.86174
8356.00000000	2.85350
8357.00000000	2.84942
8358.00000000	2.84694
8359.00000000	2.84541
8360.00000000	2.84525
8361.00000000	2.83531
8362.00000000	2.82465
8363.00000000	2.81937
8364.00000000	2.81887
8365.00000000	2.82526
8366.00000000	2.82693
8367.00000000	2.82728
8368.00000000	2.82339
8369.00000000	2.82338
8370.00000000	2.81835
8371.00000000	2.80985
8372.00000000	2.79813
8373.00000000	2.79008
8374.00000000	2.77976
8375.00000000	2.77467
8376.00000000	2.77726
8377.00000000	2.77558
8378.00000000	2.77424
8379.00000000	2.77284
8380.00000000	2.77809
8381.00000000	2.77976
8382.00000000	2.78295
8383.00000000	2.78184
8384.00000000	2.77975
8385.00000000	2.78424
8386.00000000	2.78544
8387.00000000	2.79440
8388.00000000	2.79806
8389.00000000	2.79619
8390.00000000	2.79863
8391.00000000	2.80044
8392.00000000	2.79485
8393.00000000	2.78611
8394.00000000	2.77839
8395.00000000	2.77199
8396.00000000	2.76737
8397.00000000	2.77103
8398.00000000	2.77096
8399.00000000	2.77623
8400.00000000	2.77593
8401.00000000	2.77900
8402.00000000	2.78336
8403.00000000	2.78668
8404.00000000	2.79115
8405.00000000	2.79647
8406.00000000	2.79852
8407.00000000	2.80115
8408.00000000	2.80602
8409.00000000	2.80606
8410.00000000	2.80781
8411.00000000	2.80881
8412.00000000	2.81168
8413.00000000	2.81390
8414.00000000	2.81985
8415.00000000	2.81802
8416.00000000	2.81744
8417.00000000	2.81353
8418.00000000	2.81158
8419.00000000	2.81149
8420.00000000	2.80900
8421.00000000	2.81182
8422.00000000	2.81529
8423.00000000	2.82201
8424.00000000	2.82739
8425.00000000	2.83470
8426.00000000	2.84329
8427.00000000	2.85543
8428.00000000	2.86569
8429.00000000	2.87846
8430.00000000	2.89603
8431.00000000	2.91379
8432.00000000	2.93118
8433.00000000	2.93969
8434.00000000	2.95192
8435.00000000	2.96122
8436.00000000	2.97302
8437.00000000	2.98036
8438.00000000	2.98322
8439.00000000	2.98965
8440.00000000	2.99809
8441.00000000	3.00701
8442.00000000	3.01733
8443.00000000	3.02480
8444.00000000	3.02793
8445.00000000	3.03650
8446.00000000	3.04606
8447.00000000	3.05041
8448.00000000	3.05211
8449.00000000	3.04889
8450.00000000	3.04413
8451.00000000	3.04646
8452.00000000	3.04532
8453.00000000	3.04695
8454.00000000	3.05058
8455.00000000	3.05972
8456.00000000	3.06184
8457.00000000	3.06383
8458.00000000	3.05787
8459.00000000	3.05450
8460.00000000	3.05393
8461.00000000	3.05393
8462.00000000	3.06017
8463.00000000	3.06695
8464.00000000	3.06919
8465.00000000	3.06201
8466.00000000	3.05053
8467.00000000	3.04187
8468.00000000	3.03629
8469.00000000	3.03142
8470.00000000	3.02681
8471.00000000	3.02167
8472.00000000	3.02419
8473.00000000	3.02574
8474.00000000	3.02270
8475.00000000	3.02009
8476.00000000	3.01939
8477.00000000	3.01747
8478.00000000	3.01564
8479.00000000	3.01122
8480.00000000	3.00598
8481.00000000	3.00115
8482.00000000	2.99409
8483.00000000	2.98653
8484.00000000	2.97872
8485.00000000	2.97358
8486.00000000	2.96884
8487.00000000	2.96286
8488.00000000	2.95324
8489.00000000	2.94545
8490.00000000	2.93833
8491.00000000	2.93213
8492.00000000	2.92513
8493.00000000	2.92310
8494.00000000	2.92217
8495.00000000	2.92291
8496.00000000	2.92088
8497.00000000	2.91800
8498.00000000	2.91968
8499.00000000	2.91987
8500.00000000	2.91466
8501.00000000	2.91053
8502.00000000	2.91249
8503.00000000	2.90846
8504.00000000	2.90495
8505.00000000	2.90206
8506.00000000	2.89709
8507.00000000	2.89224
8508.00000000	2.89249
8509.00000000	2.88654
8510.00000000	2.87525
8511.00000000	2.85846
8512.00000000	2.84886
8513.00000000	2.83652
8514.00000000	2.83020
8515.00000000	2.82350
8516.00000000	2.81300
8517.00000000	2.80315
8518.00000000	2.79302
8519.00000000	2.77863
8520.00000000	2.76380
8521.00000000	2.74976
8522.00000000	2.73726
8523.00000000	2.72538
8524.00000000	2.71438
8525.00000000	2.70343
8526.00000000	2.69070
8527.00000000	2.68416
8528.00000000	2.66517
8529.00000000	2.64912
8530.00000000	2.64038
8531.00000000	2.63150
8532.00000000	2.62399
8533.00000000	2.60794
8534.00000000	2.59788
8535.00000000	2.58880
8536.00000000	2.58414
8537.00000000	2.57782
8538.00000000	2.57639
8539.00000000	2.56824
8540.00000000	2.56733
8541.00000000	2.56385
8542.00000000	2.55817
8543.00000000	2.55197
8544.00000000	2.54589
8545.00000000	2.54946
8546.00000000	2.54852
8547.00000000	2.54669
8548.00000000	2.55331
8549.00000000	2.55395
8550.00000000	2.55404
8551.00000000	2.55369
8552.00000000	2.55172
8553.00000000	2.55256
8554.00000000	2.55383
8555.00000000	2.54900
8556.00000000	2.55051
8557.00000000	2.55486
8558.00000000	2.55971
8559.00000000	2.56035
8560.00000000	2.56771
8561.00000000	2.56713
8562.00000000	2.57478
8563.00000000	2.57647
8564.00000000	2.58378
8565.00000000	2.58319
8566.00000000	2.58374
8567.00000000	2.58837
8568.00000000	2.58872
8569.00000000	2.58961
8570.00000000	2.60716
8571.00000000	2.62043
8572.00000000	2.62815
8573.00000000	2.64043
8574.00000000	2.64728
8575.00000000	2.65867
8576.00000000	2.66734
8577.00000000	2.67165
8578.00000000	2.67759
8579.00000000	2.68301
8580.00000000	2.68162
8581.00000000	2.68036
8582.00000000	2.67994
8583.00000000	2.67969
8584.00000000	2.67482
8585.00000000	2.67362
8586.00000000	2.67368
8587.00000000	2.67266
8588.00000000	2.67757
8589.00000000	2.68048
8590.00000000	2.68491
8591.00000000	2.68953
8592.00000000	2.68763
8593.00000000	2.68766
8594.00000000	2.69514
8595.00000000	2.70173
8596.00000000	2.70588
8597.00000000	2.71235
8598.00000000	2.71704
8599.00000000	2.71647
8600.00000000	2.71291
8601.00000000	2.70643
8602.00000000	2.70101
8603.00000000	2.69784
8604.00000000	2.69827
8605.00000000	2.69820
8606.00000000	2.69748
8607.00000000	2.69427
8608.00000000	2.69095
8609.00000000	2.69221
8610.00000000	2.69654
8611.00000000	2.70163
8612.00000000	2.71057
8613.00000000	2.71719
8614.00000000	2.72281
8615.00000000	2.72410
8616.00000000	2.71914
8617.00000000	2.71888
8618.00000000	2.70853
8619.00000000	2.69642
8620.00000000	2.68858
8621.00000000	2.67968
8622.00000000	2.67202
8623.00000000	2.66452
8624.00000000	2.65517
8625.00000000	2.65097
8626.00000000	2.64449
8627.00000000	2.63949
8628.00000000	2.64450
8629.00000000	2.64092
8630.00000000	2.63753
8631.00000000	2.63231
8632.00000000	2.62774
8633.00000000	2.61740
8634.00000000	2.60767
8635.00000000	2.59745
8636.00000000	2.58954
8637.00000000	2.58262
8638.00000000	2.57219
8639.00000000	2.55688
8640.00000000	2.54265
8641.00000000	2.53139
8642.00000000	2.52637
8643.00000000	2.52277
8644.00000000	2.51353
8645.00000000	2.50773
8646.00000000	2.50465
8647.00000000	2.50538
8648.00000000	2.50466
8649.00000000	2.50545
8650.00000000	2.50357
8651.00000000	2.50475
8652.00000000	2.50834
8653.00000000	2.50353
8654.00000000	2.49397
8655.00000000	2.49010
8656.00000000	2.49400
8657.00000000	2.49545
8658.00000000	2.49296
8659.00000000	2.49083
8660.00000000	2.48657
8661.00000000	2.48023
8662.00000000	2.47189
8663.00000000	2.46356
8664.00000000	2.46222
8665.00000000	2.45707
8666.00000000	2.45489
8667.00000000	2.44870
8668.00000000	2.44286
8669.00000000	2.44253
8670.00000000	2.43842
8671.00000000	2.43567
8672.00000000	2.43332
8673.00000000	2.42860
8674.00000000	2.42214
8675.00000000	2.41019
8676.00000000	2.40205
8677.00000000	2.39248
8678.00000000	2.38274
8679.00000000	2.37838
8680.00000000	2.37423
8681.00000000	2.36302
8682.00000000	2.35810
8683.00000000	2.35548
8684.00000000	2.35229
8685.00000000	2.34501
8686.00000000	2.33373
8687.00000000	2.32563
8688.00000000	2.31679
8689.00000000	2.30131
8690.00000000	2.28573
8691.00000000	2.26815
8692.00000000	2.25994
8693.00000000	2.24626
8694.00000000	2.23438
8695.00000000	2.21514
8696.00000000	2.19216
8697.00000000	2.16756
8698.00000000	2.14666
8699.00000000	2.12577
8700.00000000	2.10966
8701.00000000	2.09396
8702.00000000	2.08044
8703.00000000	2.06622
8704.00000000	2.05169
8705.00000000	2.04550
8706.00000000	2.03924
8707.00000000	2.02928
8708.00000000	2.02490
8709.00000000	2.02074
8710.00000000	2.02020
8711.00000000	2.02286
8712.00000000	2.02382
8713.00000000	2.03004
8714.00000000	2.04167
8715.00000000	2.05775
8716.00000000	2.06529
8717.00000000	2.07157
8718.00000000	2.07813
8719.00000000	2.08281
8720.00000000	2.08631
8721.00000000	2.08999
8722.00000000	2.09027
8723.00000000	2.09514
8724.00000000	2.09941
8725.00000000	2.09781
8726.00000000	2.09497
8727.00000000	2.09945
8728.00000000	2.10941
8729.00000000	2.12026
8730.00000000	2.12946
8731.00000000	2.13960
8732.00000000	2.14817
8733.00000000	2.14881
8734.00000000	2.15268
8735.00000000	2.15941
8736.00000000	2.16600
8737.00000000	2.17770
8738.00000000	2.19380
8739.00000000	2.20780
8740.00000000	2.22010
8741.00000000	2.22902
8742.00000000	2.23680
8743.00000000	2.24818
8744.00000000	2.25962
8745.00000000	2.27062
8746.00000000	2.28265
8747.00000000	2.29229
8748.00000000	2.29468
8749.00000000	2.29987
8750.00000000	2.30608
8751.00000000	2.31127
8752.00000000	2.31701
8753.00000000	2.32720
8754.00000000	2.33437
8755.00000000	2.33483
8756.00000000	2.33222
8757.00000000	2.33358
8758.00000000	2.33424
8759.00000000	2.33509
8760.00000000	2.33913
8761.00000000	2.35059
8762.00000000	2.35545
8763.00000000	2.35791
8764.00000000	2.35950
8765.00000000	2.36147
8766.00000000	2.36036
8767.00000000	2.36008
8768.00000000	2.36370
8769.00000000	2.36450
8770.00000000	2.36090
8771.00000000	2.36129
8772.00000000	2.35654
8773.00000000	2.35330
8774.00000000	2.34649
8775.00000000	2.34133
8776.00000000	2.33336
8777.00000000	2.32645
8778.00000000	2.32400
8779.00000000	2.32401
8780.00000000	2.31975
8781.00000000	2.31339
8782.00000000	2.30862
8783.00000000	2.30368
8784.00000000	2.30201
8785.00000000	2.29521
8786.00000000	2.29762
8787.00000000	2.29719
8788.00000000	2.30388
8789.00000000	2.30817
8790.00000000	2.31125
8791.00000000	2.30871
8792.00000000	2.30853
8793.00000000	2.30625
8794.00000000	2.29771
8795.00000000	2.28999
8796.00000000	2.28064
8797.00000000	2.27694
8798.00000000	2.27226
8799.00000000	2.27519
8800.00000000	2.27239
8801.00000000	2.26863
8802.00000000	2.26449
8803.00000000	2.26397
8804.00000000	2.27157
8805.00000000	2.27861
8806.00000000	2.28227
8807.00000000	2.27247
8808.00000000	2.27142
8809.00000000	2.27031
8810.00000000	2.27105
8811.00000000	2.27143
8812.00000000	2.27061
8813.00000000	2.26562
8814.00000000	2.26209
8815.00000000	2.26457
8816.00000000	2.26923
8817.00000000	2.27730
8818.00000000	2.28548
8819.00000000	2.29295
8820.00000000	2.29600
8821.00000000	2.29798
8822.00000000	2.30067
8823.00000000	2.30523
8824.00000000	2.30340
8825.00000000	2.30873
8826.00000000	2.31209
8827.00000000	2.31716
8828.00000000	2.32462
8829.00000000	2.33008
8830.00000000	2.32851
8831.00000000	2.33710
8832.00000000	2.34434
8833.00000000	2.34522
8834.00000000	2.33980
8835.00000000	2.33774
8836.00000000	2.34076
8837.00000000	2.33748
8838.00000000	2.33804
8839.00000000	2.34410
8840.00000000	2.35654
8841.00000000	2.36516
8842.00000000	2.37580
8843.00000000	2.38115
8844.00000000	2.38778
8845.00000000	2.39543
8846.00000000	2.40463
8847.00000000	2.41457
8848.00000000	2.42848
8849.00000000	2.43867
8850.00000000	2.45004
8851.00000000	2.46037
8852.00000000	2.47318
8853.00000000	2.48396
8854.00000000	2.49189
8855.00000000	2.49463
8856.00000000	2.49613
8857.00000000	2.50033
8858.00000000	2.51012
8859.00000000	2.51616
8860.00000000	2.52808
8861.00000000	2.54010
8862.00000000	2.55262
8863.00000000	2.56057
8864.00000000	2.57195
8865.00000000	2.58187
8866.00000000	2.58154
8867.00000000	2.58275
8868.00000000	2.58537
8869.00000000	2.58693
8870.00000000	2.58504
8871.00000000	2.58023
8872.00000000	2.57149
8873.00000000	2.56316
8874.00000000	2.55592
8875.00000000	2.54872
8876.00000000	2.54381
8877.00000000	2.53393
8878.00000000	2.52737
8879.00000000	2.51852
8880.00000000	2.50618
8881.00000000	2.49427
8882.00000000	2.48061
8883.00000000	2.46323
8884.00000000	2.45038
8885.00000000	2.43866
8886.00000000	2.42528
8887.00000000	2.40777
8888.00000000	2.39361
8889.00000000	2.38367
8890.00000000	2.37800
8891.00000000	2.37818
8892.00000000	2.37570
8893.00000000	2.37524
8894.00000000	2.37391
8895.00000000	2.37230
8896.00000000	2.37547
8897.00000000	2.37544
8898.00000000	2.36648
8899.00000000	2.35547
8900.00000000	2.34755
8901.00000000	2.33797
8902.00000000	2.32886
8903.00000000	2.32394
8904.00000000	2.31639
8905.00000000	2.30979
8906.00000000	2.30663
8907.00000000	2.30093
8908.00000000	2.29412
8909.00000000	2.28347
8910.00000000	2.27504
8911.00000000	2.26718
8912.00000000	2.25740
8913.00000000	2.24605
8914.00000000	2.23579
8915.00000000	2.22895
8916.00000000	2.22331
8917.00000000	2.22375
8918.00000000	2.22395
8919.00000000	2.22555
8920.00000000	2.22532
8921.00000000	2.22657
8922.00000000	2.22859
8923.00000000	2.22422
8924.00000000	2.22514
8925.00000000	2.22564
8926.00000000	2.21947
8927.00000000	2.21635
8928.00000000	2.21139
8929.00000000	2.21373
8930.00000000	2.21820
8931.00000000	2.21997
8932.00000000	2.22345
8933.00000000	2.23076
8934.00000000	2.23879
8935.00000000	2.23811
8936.00000000	2.24038
8937.00000000	2.23976
8938.00000000	2.23533
8939.00000000	2.22833
8940.00000000	2.22178
8941.00000000	2.22327
8942.00000000	2.22689
8943.00000000	2.23351
8944.00000000	2.24305
8945.00000000	2.25008
8946.00000000	2.25482
8947.00000000	2.26366
8948.00000000	2.27503
8949.00000000	2.28518
8950.00000000	2.29749
8951.00000000	2.30267
8952.00000000	2.30962
8953.00000000	2.31299
8954.00000000	2.31812
8955.00000000	2.32395
8956.00000000	2.33123
8957.00000000	2.34186
8958.00000000	2.35351
8959.00000000	2.36065
8960.00000000	2.37125
8961.00000000	2.38506
8962.00000000	2.39897
8963.00000000	2.41182
8964.00000000	2.43030
8965.00000000	2.44300
8966.00000000	2.45104
8967.00000000	2.46046
8968.00000000	2.46608
8969.00000000	2.47490
8970.00000000	2.48312
8971.00000000	2.49182
8972.00000000	2.50125
8973.00000000	2.50651
8974.00000000	2.51538
8975.00000000	2.51961
8976.00000000	2.52489
8977.00000000	2.53210
8978.00000000	2.53637
8979.00000000	2.54144
8980.00000000	2.54950
8981.00000000	2.55704
8982.00000000	2.56220
8983.00000000	2.56910
8984.00000000	2.58083
8985.00000000	2.59728
8986.00000000	2.61679
8987.00000000	2.63158
8988.00000000	2.64535
8989.00000000	2.65761
8990.00000000	2.66910
8991.00000000	2.67610
8992.00000000	2.68583
8993.00000000	2.70112
8994.00000000	2.71627
8995.00000000	2.73133
8996.00000000	2.73972
8997.00000000	2.74743
8998.00000000	2.75432
8999.00000000	2.75604
9000.00000000	2.76391
9001.00000000	2.76947
9002.00000000	2.77512
9003.00000000	2.77968
9004.00000000	2.77868
9005.00000000	2.77238
9006.00000000	2.77011
9007.00000000	2.76156
9008.00000000	2.75237
9009.00000000	2.74946
9010.00000000	2.74846
9011.00000000	2.74958
9012.00000000	2.74522
9013.00000000	2.74879
9014.00000000	2.75139
9015.00000000	2.75414
9016.00000000	2.75756
9017.00000000	2.76234
9018.00000000	2.76103
9019.00000000	2.75854
9020.00000000	2.75962
9021.00000000	2.76177
9022.00000000	2.76120
9023.00000000	2.75444
9024.00000000	2.75161
9025.00000000	2.75001
9026.00000000	2.74193
9027.00000000	2.73697
9028.00000000	2.73001
9029.00000000	2.72354
9030.00000000	2.71688
9031.00000000	2.71187
9032.00000000	2.70755
9033.00000000	2.70639
9034.00000000	2.70726
9035.00000000	2.70951
9036.00000000	2.71173
9037.00000000	2.71406
9038.00000000	2.71493
9039.00000000	2.71296
9040.00000000	2.71380
9041.00000000	2.71791
9042.00000000	2.72086
9043.00000000	2.72743
9044.00000000	2.73688
9045.00000000	2.74606
9046.00000000	2.75420
9047.00000000	2.75539
9048.00000000	2.75945
9049.00000000	2.76360
9050.00000000	2.77013
9051.00000000	2.77173
9052.00000000	2.76411
9053.00000000	2.75912
9054.00000000	2.75663
9055.00000000	2.75351
9056.00000000	2.74743
9057.00000000	2.74251
9058.00000000	2.73771
9059.00000000	2.73406
9060.00000000	2.73019
9061.00000000	2.73018
9062.00000000	2.72808
9063.00000000	2.72731
9064.00000000	2.72820
9065.00000000	2.72924
9066.00000000	2.72978
9067.00000000	2.73187
9068.00000000	2.73369
9069.00000000	2.73662
9070.00000000	2.73904
9071.00000000	2.73764
9072.00000000	2.74456
9073.00000000	2.75270
9074.00000000	2.76490
9075.00000000	2.78198
9076.00000000	2.79641
9077.00000000	2.81131
9078.00000000	2.82899
9079.00000000	2.84862
9080.00000000	2.86696
9081.00000000	2.87999
9082.00000000	2.89201
9083.00000000	2.90141
9084.00000000	2.91090
9085.00000000	2.92203
9086.00000000	2.93531
9087.00000000	2.94567
9088.00000000	2.95301
9089.00000000	2.95978
9090.00000000	2.96681
9091.00000000	2.97654
9092.00000000	2.98359
9093.00000000	2.99755
9094.00000000	3.00506
9095.00000000	3.00312
9096.00000000	3.00024
9097.00000000	2.99697
9098.00000000	2.99851
9099.00000000	3.00132
9100.00000000	2.99912
9101.00000000	2.99840
9102.00000000	2.99173
9103.00000000	2.98738
9104.00000000	2.98834
9105.00000000	2.98566
9106.00000000	2.98390
9107.00000000	2.98417
9108.00000000	2.98615
9109.00000000	2.98611
9110.00000000	2.98265
9111.00000000	2.97960
9112.00000000	2.97603
9113.00000000	2.97490
9114.00000000	2.97709
9115.00000000	2.97804
9116.00000000	2.98222
9117.00000000	2.98630
9118.00000000	2.98905
9119.00000000	2.99691
9120.00000000	3.00371
9121.00000000	3.00743
9122.00000000	3.01151
9123.00000000	3.01652
9124.00000000	3.01997
9125.00000000	3.01985
9126.00000000	3.01868
9127.00000000	3.01919
9128.00000000	3.01906
9129.00000000	3.02234
9130.00000000	3.02845
9131.00000000	3.03819
9132.00000000	3.04879
9133.00000000	3.06415
9134.00000000	3.07759
9135.00000000	3.08904
9136.00000000	3.10017
9137.00000000	3.11232
9138.00000000	3.12147
9139.00000000	3.12497
9140.00000000	3.13309
9141.00000000	3.14191
9142.00000000	3.14651
9143.00000000	3.14878
9144.00000000	3.15144
9145.00000000	3.15176
9146.00000000	3.15286
9147.00000000	3.15258
9148.00000000	3.15558
9149.00000000	3.16561
9150.00000000	3.17262
9151.00000000	3.17806
9152.00000000	3.17706
9153.00000000	3.17646
9154.00000000	3.17249
9155.00000000	3.16485
9156.00000000	3.16292
9157.00000000	3.16316
9158.00000000	3.16364
9159.00000000	3.16891
9160.00000000	3.16675
9161.00000000	3.17204
9162.00000000	3.17796
9163.00000000	3.18215
9164.00000000	3.17890
9165.00000000	3.18214
9166.00000000	3.17878
9167.00000000	3.17549
9168.00000000	3.17480
9169.00000000	3.17219
9170.00000000	3.16788
9171.00000000	3.17169
9172.00000000	3.17247
9173.00000000	3.17583
9174.00000000	3.17544
9175.00000000	3.18044
9176.00000000	3.17817
9177.00000000	3.18393
9178.00000000	3.19287
9179.00000000	3.20054
9180.00000000	3.20623
9181.00000000	3.21081
9182.00000000	3.22152
9183.00000000	3.23429
9184.00000000	3.24372
9185.00000000	3.25315
9186.00000000	3.25657
9187.00000000	3.25499
9188.00000000	3.25709
9189.00000000	3.25854
9190.00000000	3.26254
9191.00000000	3.26545
9192.00000000	3.26431
9193.00000000	3.26159
9194.00000000	3.25851
9195.00000000	3.25608
9196.00000000	3.25657
9197.00000000	3.26051
9198.00000000	3.25498
9199.00000000	3.25027
9200.00000000	3.24938
9201.00000000	3.24950
9202.00000000	3.24589
9203.00000000	3.24509
9204.00000000	3.24697
9205.00000000	3.24873
9206.00000000	3.24597
9207.00000000	3.24336
9208.00000000	3.24903
9209.00000000	3.26287
9210.00000000	3.27136
9211.00000000	3.27613
9212.00000000	3.27845
9213.00000000	3.28153
9214.00000000	3.28797
9215.00000000	3.29970
9216.00000000	3.30670
9217.00000000	3.30776
9218.00000000	3.31057
9219.00000000	3.30912
9220.00000000	3.30716
9221.00000000	3.30167
9222.00000000	3.29593
9223.00000000	3.29028
9224.00000000	3.28397
9225.00000000	3.28537
9226.00000000	3.29193
9227.00000000	3.29460
9228.00000000	3.29420
9229.00000000	3.29411
9230.00000000	3.29112
9231.00000000	3.28943
9232.00000000	3.28444
9233.00000000	3.27912
9234.00000000	3.27227
9235.00000000	3.27146
9236.00000000	3.26674
9237.00000000	3.26287
9238.00000000	3.25964
9239.00000000	3.25006
9240.00000000	3.24443
9241.00000000	3.24750
9242.00000000	3.24892
9243.00000000	3.24759
9244.00000000	3.24435
9245.00000000	3.24193
9246.00000000	3.24247
9247.00000000	3.24099
9248.00000000	3.24239
9249.00000000	3.23866
9250.00000000	3.23396
9251.00000000	3.23207
9252.00000000	3.23180
9253.00000000	3.23346
9254.00000000	3.22788
9255.00000000	3.22659
9256.00000000	3.22863
9257.00000000	3.23703
9258.00000000	3.24653
9259.00000000	3.25608
9260.00000000	3.25978
9261.00000000	3.26074
9262.00000000	3.26432
9263.00000000	3.26980
9264.00000000	3.27257
9265.00000000	3.27534
9266.00000000	3.28608
9267.00000000	3.29831
9268.00000000	3.30621
9269.00000000	3.30902
9270.00000000	3.30936
9271.00000000	3.30905
9272.00000000	3.31036
9273.00000000	3.31072
9274.00000000	3.31323
9275.00000000	3.31515
9276.00000000	3.31250
9277.00000000	3.31014
9278.00000000	3.31207
9279.00000000	3.30978
9280.00000000	3.30638
9281.00000000	3.30308
9282.00000000	3.30539
9283.00000000	3.30294
9284.00000000	3.30040
9285.00000000	3.29938
9286.00000000	3.29301
9287.00000000	3.28916
9288.00000000	3.29544
9289.00000000	3.30082
9290.00000000	3.30508
9291.00000000	3.30506
9292.00000000	3.30308
9293.00000000	3.29947
9294.00000000	3.29478
9295.00000000	3.29278
9296.00000000	3.29330
9297.00000000	3.28521
9298.00000000	3.27366
9299.00000000	3.26501
9300.00000000	3.25399
9301.00000000	3.24954
9302.00000000	3.23924
9303.00000000	3.23852
9304.00000000	3.23590
9305.00000000	3.23221
9306.00000000	3.22676
9307.00000000	3.22520
9308.00000000	3.22821
9309.00000000	3.22665
9310.00000000	3.22156
9311.00000000	3.21433
9312.00000000	3.21378
9313.00000000	3.21061
9314.00000000	3.20260
9315.00000000	3.19662
9316.00000000	3.18751
9317.00000000	3.18507
9318.00000000	3.17952
9319.00000000	3.18000
9320.00000000	3.18326
9321.00000000	3.18677
9322.00000000	3.18527
9323.00000000	3.18408
9324.00000000	3.18640
9325.00000000	3.18897
9326.00000000	3.18931
9327.00000000	3.19629
9328.00000000	3.19791
9329.00000000	3.19780
9330.00000000	3.20038
9331.00000000	3.20216
9332.00000000	3.20282
9333.00000000	3.19878
9334.00000000	3.19653
9335.00000000	3.19467
9336.00000000	3.19358
9337.00000000	3.19301
9338.00000000	3.17888
9339.00000000	3.17488
9340.00000000	3.16878
9341.00000000	3.16310
9342.00000000	3.15339
9343.00000000	3.14382
9344.00000000	3.14022
9345.00000000	3.13190
9346.00000000	3.12409
9347.00000000	3.12141
9348.00000000	3.11966
9349.00000000	3.12070
9350.00000000	3.11683
9351.00000000	3.11415
9352.00000000	3.10724
9353.00000000	3.10379
9354.00000000	3.09858
9355.00000000	3.09433
9356.00000000	3.09562
9357.00000000	3.09661
9358.00000000	3.09534
9359.00000000	3.08730
9360.00000000	3.07283
9361.00000000	3.06197
9362.00000000	3.04949
9363.00000000	3.04026
9364.00000000	3.02858
9365.00000000	3.01890
9366.00000000	3.01056
9367.00000000	2.99887
9368.00000000	2.98635
9369.00000000	2.97721
9370.00000000	2.97148
9371.00000000	2.96921
9372.00000000	2.96962
9373.00000000	2.96890
9374.00000000	2.96748
9375.00000000	2.96293
9376.00000000	2.95674
9377.00000000	2.95978
9378.00000000	2.96059
9379.00000000	2.96127
9380.00000000	2.96046
9381.00000000	2.95286
9382.00000000	2.94141
9383.00000000	2.93097
9384.00000000	2.92441
9385.00000000	2.92054
9386.00000000	2.91568
9387.00000000	2.91200
9388.00000000	2.90553
9389.00000000	2.89918
9390.00000000	2.89251
9391.00000000	2.89261
9392.00000000	2.89228
9393.00000000	2.89458
9394.00000000	2.89556
9395.00000000	2.89077
9396.00000000	2.88784
9397.00000000	2.88532
9398.00000000	2.87928
9399.00000000	2.87834
9400.00000000	2.87452
9401.00000000	2.86625
9402.00000000	2.85815
9403.00000000	2.84991
9404.00000000	2.84971
9405.00000000	2.84951
9406.00000000	2.85448
9407.00000000	2.86000
9408.00000000	2.86959
9409.00000000	2.88323
9410.00000000	2.90192
9411.00000000	2.92255
9412.00000000	2.93946
9413.00000000	2.94975
9414.00000000	2.95969
9415.00000000	2.96664
9416.00000000	2.97300
9417.00000000	2.97749
9418.00000000	2.98085
9419.00000000	2.98171
9420.00000000	2.98476
9421.00000000	2.99287
9422.00000000	2.99828
9423.00000000	3.00223
9424.00000000	3.00298
9425.00000000	3.00664
9426.00000000	3.01468
9427.00000000	3.02568
9428.00000000	3.03157
9429.00000000	3.03184
9430.00000000	3.03580
9431.00000000	3.04560
9432.00000000	3.05498
9433.00000000	3.06309
9434.00000000	3.07201
9435.00000000	3.07352
9436.00000000	3.07412
9437.00000000	3.07844
9438.00000000	3.07887
9439.00000000	3.07984
9440.00000000	3.08313
9441.00000000	3.08773
9442.00000000	3.08638
9443.00000000	3.09022
9444.00000000	3.09322
9445.00000000	3.09584
9446.00000000	3.09656
9447.00000000	3.09212
9448.00000000	3.08346
9449.00000000	3.07337
9450.00000000	3.06005
9451.00000000	3.04788
9452.00000000	3.03943
9453.00000000	3.02723
9454.00000000	3.01668
9455.00000000	3.00723
9456.00000000	2.99853
9457.00000000	2.99394
9458.00000000	2.99114
9459.00000000	2.99228
9460.00000000	2.98833
9461.00000000	2.98493
9462.00000000	2.98361
9463.00000000	2.98101
9464.00000000	2.98170
9465.00000000	2.97629
9466.00000000	2.97138
9467.00000000	2.96416
9468.00000000	2.95699
9469.00000000	2.95198
9470.00000000	2.95272
9471.00000000	2.95711
9472.00000000	2.96052
9473.00000000	2.96296
9474.00000000	2.96711
9475.00000000	2.96813
9476.00000000	2.97256
9477.00000000	2.97526
9478.00000000	2.98010
9479.00000000	2.98294
9480.00000000	2.98610
9481.00000000	2.99200
9482.00000000	3.00065
9483.00000000	3.00393
9484.00000000	3.00326
9485.00000000	3.00399
9486.00000000	3.00882
9487.00000000	3.01308
9488.00000000	3.01854
9489.00000000	3.02283
9490.00000000	3.03069
9491.00000000	3.03738
9492.00000000	3.04832
9493.00000000	3.05680
9494.00000000	3.06069
9495.00000000	3.06427
9496.00000000	3.06603
9497.00000000	3.06815
9498.00000000	3.07459
9499.00000000	3.08171
9500.00000000	3.09090
9501.00000000	3.10585
9502.00000000	3.12132
9503.00000000	3.14005
9504.00000000	3.14570
9505.00000000	3.14892
9506.00000000	3.15050
9507.00000000	3.14894
9508.00000000	3.15418
9509.00000000	3.16429
9510.00000000	3.17808
9511.00000000	3.18647
9512.00000000	3.19472
9513.00000000	3.19547
9514.00000000	3.19696
9515.00000000	3.19655
9516.00000000	3.19178
9517.00000000	3.18644
9518.00000000	3.18052
9519.00000000	3.17370
9520.00000000	3.16238
9521.00000000	3.15756
9522.00000000	3.15455
9523.00000000	3.15460
9524.00000000	3.15754
9525.00000000	3.16066
9526.00000000	3.16911
9527.00000000	3.17541
9528.00000000	3.17785
9529.00000000	3.18444
9530.00000000	3.19042
9531.00000000	3.19750
9532.00000000	3.20762
9533.00000000	3.21652
9534.00000000	3.22539
9535.00000000	3.23035
9536.00000000	3.22712
9537.00000000	3.23040
9538.00000000	3.24143
9539.00000000	3.24884
9540.00000000	3.26337
9541.00000000	3.27656
9542.00000000	3.28563
9543.00000000	3.30177
9544.00000000	3.31926
9545.00000000	3.33904
9546.00000000	3.35818
9547.00000000	3.37949
9548.00000000	3.39574
9549.00000000	3.41090
9550.00000000	3.42490
9551.00000000	3.43653
9552.00000000	3.44829
9553.00000000	3.45913
9554.00000000	3.46590
9555.00000000	3.47526
9556.00000000	3.49201
9557.00000000	3.50942
9558.00000000	3.51920
9559.00000000	3.52444
9560.00000000	3.52600
9561.00000000	3.52511
9562.00000000	3.51968
9563.00000000	3.52094
9564.00000000	3.52376
9565.00000000	3.52841
9566.00000000	3.53260
9567.00000000	3.53490
9568.00000000	3.53576
9569.00000000	3.52783
9570.00000000	3.52910
9571.00000000	3.52345
9572.00000000	3.52024
9573.00000000	3.51843
9574.00000000	3.51025
9575.00000000	3.50527
9576.00000000	3.49947
9577.00000000	3.49500
9578.00000000	3.49382
9579.00000000	3.48757
9580.00000000	3.48188
9581.00000000	3.47380
9582.00000000	3.46365
9583.00000000	3.45876
9584.00000000	3.44937
9585.00000000	3.44106
9586.00000000	3.43497
9587.00000000	3.43720
9588.00000000	3.44222
9589.00000000	3.44197
9590.00000000	3.44946
9591.00000000	3.45719
9592.00000000	3.46304
9593.00000000	3.46959
9594.00000000	3.47535
9595.00000000	3.48078
9596.00000000	3.48204
9597.00000000	3.48699
9598.00000000	3.48661
9599.00000000	3.48152
9600.00000000	3.48015
9601.00000000	3.48439
9602.00000000	3.48421
9603.00000000	3.48449
9604.00000000	3.48388
9605.00000000	3.49051
9606.00000000	3.49438
9607.00000000	3.49796
9608.00000000	3.49451
9609.00000000	3.49458
9610.00000000	3.49575
9611.00000000	3.49147
9612.00000000	3.49136
9613.00000000	3.49401
9614.00000000	3.49563
9615.00000000	3.50317
9616.00000000	3.50955
9617.00000000	3.52168
9618.00000000	3.53068
9619.00000000	3.53597
9620.00000000	3.53974
9621.00000000	3.54633
9622.00000000	3.55779
9623.00000000	3.56972
9624.00000000	3.57780
9625.00000000	3.58141
9626.00000000	3.58530
9627.00000000	3.59177
9628.00000000	3.59718
9629.00000000	3.60708
9630.00000000	3.61913
9631.00000000	3.62463
9632.00000000	3.63140
9633.00000000	3.62853
9634.00000000	3.62397
9635.00000000	3.62442
9636.00000000	3.62301
9637.00000000	3.62369
9638.00000000	3.62255
9639.00000000	3.62379
9640.00000000	3.62266
9641.00000000	3.62102
9642.00000000	3.60694
9643.00000000	3.60064
9644.00000000	3.59092
9645.00000000	3.58207
9646.00000000	3.57445
9647.00000000	3.56979
9648.00000000	3.56716
9649.00000000	3.55824
9650.00000000	3.54723
9651.00000000	3.53329
9652.00000000	3.51738
9653.00000000	3.50421
9654.00000000	3.49898
9655.00000000	3.48995
9656.00000000	3.47752
9657.00000000	3.46389
9658.00000000	3.45551
9659.00000000	3.44695
9660.00000000	3.43787
9661.00000000	3.42492
9662.00000000	3.40271
9663.00000000	3.38426
9664.00000000	3.36088
9665.00000000	3.34224
9666.00000000	3.32382
9667.00000000	3.30973
9668.00000000	3.29492
9669.00000000	3.28276
9670.00000000	3.27677
9671.00000000	3.27657
9672.00000000	3.27435
9673.00000000	3.27145
9674.00000000	3.26393
9675.00000000	3.25525
9676.00000000	3.24323
9677.00000000	3.23210
9678.00000000	3.22141
9679.00000000	3.21374
9680.00000000	3.21014
9681.00000000	3.20638
9682.00000000	3.20370
9683.00000000	3.20206
9684.00000000	3.19958
9685.00000000	3.20091
9686.00000000	3.19811
9687.00000000	3.19983
9688.00000000	3.20005
9689.00000000	3.19913
9690.00000000	3.20569
9691.00000000	3.21054
9692.00000000	3.21449
9693.00000000	3.21823
9694.00000000	3.22017
9695.00000000	3.22400
9696.00000000	3.22119
9697.00000000	3.21640
9698.00000000	3.20965
9699.00000000	3.19954
9700.00000000	3.19247
9701.00000000	3.18279
9702.00000000	3.17417
9703.00000000	3.17307
9704.00000000	3.17290
9705.00000000	3.17651
9706.00000000	3.18279
9707.00000000	3.18803
9708.00000000	3.19553
9709.00000000	3.19891
9710.00000000	3.19683
9711.00000000	3.19412
9712.00000000	3.19600
9713.00000000	3.19908
9714.00000000	3.20086
9715.00000000	3.20397
9716.00000000	3.20842
9717.00000000	3.21740
9718.00000000	3.22509
9719.00000000	3.23164
9720.00000000	3.24568
9721.00000000	3.25560
9722.00000000	3.26196
9723.00000000	3.26859
9724.00000000	3.27296
9725.00000000	3.27498
9726.00000000	3.27564
9727.00000000	3.27296
9728.00000000	3.27566
9729.00000000	3.27491
9730.00000000	3.26934
9731.00000000	3.26493
9732.00000000	3.26536
9733.00000000	3.26485
9734.00000000	3.25757
9735.00000000	3.25444
9736.00000000	3.24982
9737.00000000	3.23748
9738.00000000	3.22163
9739.00000000	3.20565
9740.00000000	3.19452
9741.00000000	3.18165
9742.00000000	3.17321
9743.00000000	3.16039
9744.00000000	3.15219
9745.00000000	3.14852
9746.00000000	3.14555
9747.00000000	3.14360
9748.00000000	3.14447
9749.00000000	3.14014
9750.00000000	3.14049
9751.00000000	3.14254
9752.00000000	3.14885
9753.00000000	3.15575
9754.00000000	3.15515
9755.00000000	3.15527
9756.00000000	3.15546
9757.00000000	3.15730
9758.00000000	3.15826
9759.00000000	3.15921
9760.00000000	3.15956
9761.00000000	3.15990
9762.00000000	3.16109
9763.00000000	3.17197
9764.00000000	3.17690
9765.00000000	3.18202
9766.00000000	3.18929
9767.00000000	3.19038
9768.00000000	3.18777
9769.00000000	3.18607
9770.00000000	3.18540
9771.00000000	3.18156
9772.00000000	3.18668
9773.00000000	3.19030
9774.00000000	3.19365
9775.00000000	3.19810
9776.00000000	3.20019
9777.00000000	3.19737
9778.00000000	3.18980
9779.00000000	3.18996
9780.00000000	3.19272
9781.00000000	3.19649
9782.00000000	3.19979
9783.00000000	3.19852
9784.00000000	3.18542
9785.00000000	3.17580
9786.00000000	3.16543
9787.00000000	3.15417
9788.00000000	3.14906
9789.00000000	3.14660
9790.00000000	3.14369
9791.00000000	3.13789
9792.00000000	3.13661
9793.00000000	3.13246
9794.00000000	3.12853
9795.00000000	3.12842
9796.00000000	3.13230
9797.00000000	3.13461
9798.00000000	3.13275
9799.00000000	3.13162
9800.00000000	3.13418
9801.00000000	3.14021
9802.00000000	3.14815
9803.00000000	3.14907
9804.00000000	3.14663
9805.00000000	3.14375
9806.00000000	3.13915
9807.00000000	3.13331
9808.00000000	3.12329
9809.00000000	3.11371
9810.00000000	3.11583
9811.00000000	3.11945
9812.00000000	3.11928
9813.00000000	3.12019
9814.00000000	3.11800
9815.00000000	3.10933
9816.00000000	3.10136
9817.00000000	3.09874
9818.00000000	3.09872
9819.00000000	3.09524
9820.00000000	3.08917
9821.00000000	3.08991
9822.00000000	3.08565
9823.00000000	3.08543
9824.00000000	3.07823
9825.00000000	3.07386
9826.00000000	3.06975
9827.00000000	3.06223
9828.00000000	3.05693
9829.00000000	3.04895
9830.00000000	3.03436
9831.00000000	3.02385
9832.00000000	3.01522
9833.00000000	3.01119
9834.00000000	3.00963
9835.00000000	2.99651
9836.00000000	2.98969
9837.00000000	2.97902
9838.00000000	2.96658
9839.00000000	2.96390
9840.00000000	2.96612
9841.00000000	2.96930
9842.00000000	2.97209
9843.00000000	2.96541
9844.00000000	2.95961
9845.00000000	2.95456
9846.00000000	2.94840
9847.00000000	2.94383
9848.00000000	2.94743
9849.00000000	2.94653
9850.00000000	2.94703
9851.00000000	2.94643
9852.00000000	2.94420
9853.00000000	2.94066
9854.00000000	2.93899
9855.00000000	2.93397
9856.00000000	2.93078
9857.00000000	2.92905
9858.00000000	2.92523
9859.00000000	2.91841
9860.00000000	2.92278
9861.00000000	2.92019
9862.00000000	2.91609
9863.00000000	2.91386
9864.00000000	2.91829
9865.00000000	2.91917
9866.00000000	2.92668
9867.00000000	2.92695
9868.00000000	2.92450
9869.00000000	2.92421
9870.00000000	2.92350
9871.00000000	2.91690
9872.00000000	2.91310
9873.00000000	2.90704
9874.00000000	2.90127
9875.00000000	2.89688
9876.00000000	2.89187
9877.00000000	2.88766
9878.00000000	2.89201
9879.00000000	2.89895
9880.00000000	2.90910
9881.00000000	2.91403
9882.00000000	2.91536
9883.00000000	2.91528
9884.00000000	2.91394
9885.00000000	2.91355
9886.00000000	2.91616
9887.00000000	2.91393
9888.00000000	2.91287
9889.00000000	2.91023
9890.00000000	2.90649
9891.00000000	2.90047
9892.00000000	2.90342
9893.00000000	2.90701
9894.00000000	2.90710
9895.00000000	2.90768
9896.00000000	2.91675
9897.00000000	2.92864
9898.00000000	2.93055
9899.00000000	2.93139
9900.00000000	2.93350
9901.00000000	2.93694
9902.00000000	2.93840
9903.00000000	2.94686
9904.00000000	2.95131
9905.00000000	2.95121
9906.00000000	2.94903
9907.00000000	2.95154
9908.00000000	2.95191
9909.00000000	2.94967
9910.00000000	2.94638
9911.00000000	2.94383
9912.00000000	2.94699
9913.00000000	2.94431
9914.00000000	2.93649
9915.00000000	2.93004
9916.00000000	2.92882
9917.00000000	2.92969
9918.00000000	2.93377
9919.00000000	2.94281
9920.00000000	2.95441
9921.00000000	2.95999
9922.00000000	2.95594
9923.00000000	2.95761
9924.00000000	2.96262
9925.00000000	2.96631
9926.00000000	2.96769
9927.00000000	2.97242
9928.00000000	2.97618
9929.00000000	2.96825
9930.00000000	2.96440
9931.00000000	2.96193
9932.00000000	2.95483
9933.00000000	2.95093
9934.00000000	2.94598
9935.00000000	2.93956
9936.00000000	2.93557
9937.00000000	2.93871
9938.00000000	2.94188
9939.00000000	2.94100
9940.00000000	2.93920
9941.00000000	2.93692
9942.00000000	2.93744
9943.00000000	2.93412
9944.00000000	2.93213
9945.00000000	2.93443
9946.00000000	2.93487
9947.00000000	2.93920
9948.00000000	2.93884
9949.00000000	2.94009
9950.00000000	2.93617
9951.00000000	2.93657
9952.00000000	2.93983
9953.00000000	2.93965
9954.00000000	2.93733
9955.00000000	2.93377
9956.00000000	2.92678
9957.00000000	2.92097
9958.00000000	2.91463
9959.00000000	2.91097
9960.00000000	2.91016
9961.00000000	2.91311
9962.00000000	2.91738
9963.00000000	2.92016
9964.00000000	2.91847
9965.00000000	2.91889
9966.00000000	2.91863
9967.00000000	2.91158
9968.00000000	2.90695
9969.00000000	2.90405
9970.00000000	2.90729
9971.00000000	2.90977
9972.00000000	2.91007
9973.00000000	2.91016
9974.00000000	2.90521
9975.00000000	2.89988
9976.00000000	2.88963
9977.00000000	2.87447
9978.00000000	2.86556
9979.00000000	2.85801
9980.00000000	2.85616
9981.00000000	2.85289
9982.00000000	2.84606
9983.00000000	2.84186
9984.00000000	2.84106
9985.00000000	2.83697
9986.00000000	2.82830
9987.00000000	2.82609
9988.00000000	2.82886
9989.00000000	2.83268
9990.00000000	2.83449
9991.00000000	2.82927
9992.00000000	2.82442
9993.00000000	2.82683
9994.00000000	2.82542
9995.00000000	2.82833
9996.00000000	2.83219
9997.00000000	2.83331
9998.00000000	2.83384
9999.00000000	2.83445
10000.00000000	2.83526
10001.00000000	2.84529
10002.00000000	2.85377
10003.00000000	2.86365
10004.00000000	2.87245
10005.00000000	2.87874
10006.00000000	2.88359
10007.00000000	2.88866
10008.00000000	2.89321
10009.00000000	2.90056
10010.00000000	2.90670
10011.00000000	2.90926
10012.00000000	2.91339
10013.00000000	2.91512
10014.00000000	2.91444
10015.00000000	2.91663
10016.00000000	2.91739
10017.00000000	2.91641
10018.00000000	2.91402
10019.00000000	2.91549
10020.00000000	2.91534
10021.00000000	2.91892
10022.00000000	2.91850
10023.00000000	2.91592
10024.00000000	2.90850
10025.00000000	2.90845
10026.00000000	2.90602
10027.00000000	2.90733
10028.00000000	2.90774
10029.00000000	2.90958
10030.00000000	2.90950
10031.00000000	2.91151
10032.00000000	2.91454
10033.00000000	2.91900
10034.00000000	2.92565
10035.00000000	2.93173
10036.00000000	2.94322
10037.00000000	2.94966
10038.00000000	2.96385
10039.00000000	2.97716
10040.00000000	2.98621
10041.00000000	2.99314
10042.00000000	2.99831
10043.00000000	3.00438
10044.00000000	3.01075
10045.00000000	3.00954
10046.00000000	3.00609
10047.00000000	3.00588
10048.00000000	3.01397
10049.00000000	3.02413
10050.00000000	3.03261
10051.00000000	3.03986
10052.00000000	3.04581
10053.00000000	3.05176
10054.00000000	3.04746
10055.00000000	3.04576
10056.00000000	3.04799
