0.00000000	4.23816
0.50000000	4.23983
1.00000000	4.24250
1.50000000	4.24423
2.00000000	4.24523
2.50000000	4.24742
3.00000000	4.24891
3.50000000	4.24889
4.00000000	4.24709
4.50000000	4.24488
5.00000000	4.24179
5.50000000	4.24079
6.00000000	4.24182
6.50000000	4.24263
7.00000000	4.24433
7.50000000	4.24679
8.00000000	4.24720
8.50000000	4.24939
9.00000000	4.24980
9.50000000	4.25076
10.00000000	4.24969
10.50000000	4.24775
11.00000000	4.24672
11.50000000	4.24515
12.00000000	4.24470
12.50000000	4.24360
13.00000000	4.24606
13.50000000	4.24892
14.00000000	4.25097
14.50000000	4.25311
15.00000000	4.25730
15.50000000	4.26239
16.00000000	4.26551
16.50000000	4.26826
17.00000000	4.27217
17.50000000	4.27519
18.00000000	4.27740
18.50000000	4.28067
19.00000000	4.28306
19.50000000	4.28633
20.00000000	4.29020
20.50000000	4.29282
21.00000000	4.29375
21.50000000	4.29595
22.00000000	4.29805
22.50000000	4.30139
23.00000000	4.30266
23.50000000	4.30166
24.00000000	4.30202
24.50000000	4.30433
25.00000000	4.30723
25.50000000	4.30835
26.00000000	4.30881
26.50000000	4.30949
27.00000000	4.30867
27.50000000	4.30544
28.00000000	4.30372
28.50000000	4.30031
29.00000000	4.29912
29.50000000	4.29957
30.00000000	4.29858
30.50000000	4.29859
31.00000000	4.29895
31.50000000	4.30052
32.00000000	4.30350
32.50000000	4.30542
33.00000000	4.30748
33.50000000	4.30846
34.00000000	4.31081
34.50000000	4.31288
35.00000000	4.31478
35.50000000	4.31536
36.00000000	4.31710
36.50000000	4.31847
37.00000000	4.32151
37.50000000	4.32398
38.00000000	4.32441
38.50000000	4.32388
39.00000000	4.32485
39.50000000	4.32626
40.00000000	4.32680
40.50000000	4.32914
41.00000000	4.33209
41.50000000	4.33514
42.00000000	4.33570
42.50000000	4.33634
43.00000000	4.33939
43.50000000	4.34153
44.00000000	4.34623
44.50000000	4.34737
45.00000000	4.34767
45.50000000	4.35039
46.00000000	4.35367
46.50000000	4.35689
47.00000000	4.35868
47.50000000	4.35804
48.00000000	4.35871
48.50000000	4.36096
49.00000000	4.36672
49.50000000	4.37221
50.00000000	4.37651
50.50000000	4.38180
51.00000000	4.38446
51.50000000	4.38619
52.00000000	4.38577
52.50000000	4.38565
53.00000000	4.38534
53.50000000	4.38646
54.00000000	4.38807
54.50000000	4.38917
55.00000000	4.39213
55.50000000	4.39363
56.00000000	4.39462
56.50000000	4.39786
57.00000000	4.39965
57.50000000	4.40318
58.00000000	4.40631
58.50000000	4.41009
59.00000000	4.41389
59.50000000	4.41844
60.00000000	4.42246
60.50000000	4.42359
61.00000000	4.42299
61.50000000	4.42176
62.00000000	4.42226
62.50000000	4.42135
63.00000000	4.42035
63.50000000	4.41947
64.00000000	4.41758
64.50000000	4.41675
65.00000000	4.41685
65.50000000	4.41631
66.00000000	4.41534
66.50000000	4.41576
67.00000000	4.41357
67.50000000	4.41194
68.00000000	4.41197
68.50000000	4.41187
69.00000000	4.40862
69.50000000	4.40543
70.00000000	4.40456
70.50000000	4.39990
71.00000000	4.39070
71.50000000	4.38239
72.00000000	4.37682
72.50000000	4.37481
73.00000000	4.37225
73.50000000	4.36785
74.00000000	4.36354
74.50000000	4.35819
75.00000000	4.35504
75.50000000	4.35262
76.00000000	4.34964
76.50000000	4.34737
77.00000000	4.34384
77.50000000	4.33672
78.00000000	4.33030
78.50000000	4.32401
79.00000000	4.31764
79.50000000	4.31137
80.00000000	4.30524
80.50000000	4.29964
81.00000000	4.29505
81.50000000	4.29200
82.00000000	4.29007
82.50000000	4.28895
83.00000000	4.28643
83.50000000	4.28390
84.00000000	4.28006
84.50000000	4.27589
85.00000000	4.27358
85.50000000	4.27225
86.00000000	4.26911
86.50000000	4.26578
87.00000000	4.26005
87.50000000	4.25588
88.00000000	4.25283
88.50000000	4.24965
89.00000000	4.24728
89.50000000	4.24199
90.00000000	4.23684
90.50000000	4.23222
91.00000000	4.22779
91.50000000	4.22147
92.00000000	4.21832
92.50000000	4.21576
93.00000000	4.21443
93.50000000	4.21381
94.00000000	4.21227
94.50000000	4.20950
95.00000000	4.20750
95.50000000	4.20519
96.00000000	4.20606
96.50000000	4.20537
97.00000000	4.20228
97.50000000	4.20056
98.00000000	4.20009
98.50000000	4.19929
99.00000000	4.19965
99.50000000	4.20163
100.00000000	4.20305
100.50000000	4.20418
101.00000000	4.20725
101.50000000	4.20703
102.00000000	4.20629
102.50000000	4.20742
103.00000000	4.20736
103.50000000	4.20717
104.00000000	4.20413
104.50000000	4.20248
105.00000000	4.20155
105.50000000	4.20013
106.00000000	4.19867
106.50000000	4.19641
107.00000000	4.19561
107.50000000	4.19453
108.00000000	4.19293
108.50000000	4.19137
109.00000000	4.18845
109.50000000	4.18672
110.00000000	4.18421
110.50000000	4.18278
111.00000000	4.18105
111.50000000	4.18129
112.00000000	4.18315
112.50000000	4.18753
113.00000000	4.19193
113.50000000	4.19510
114.00000000	4.19697
114.50000000	4.19897
115.00000000	4.20025
115.50000000	4.20140
116.00000000	4.20073
116.50000000	4.19808
117.00000000	4.19710
117.50000000	4.19596
118.00000000	4.19495
118.50000000	4.19166
119.00000000	4.18878
119.50000000	4.18837
120.00000000	4.18802
120.50000000	4.18735
121.00000000	4.18594
121.50000000	4.18506
122.00000000	4.18311
122.50000000	4.18187
123.00000000	4.17979
123.50000000	4.17562
124.00000000	4.17137
124.50000000	4.16707
125.00000000	4.16144
125.50000000	4.15553
126.00000000	4.14882
126.50000000	4.14300
127.00000000	4.13673
127.50000000	4.13429
128.00000000	4.13209
128.50000000	4.12994
129.00000000	4.12665
129.50000000	4.12547
130.00000000	4.12702
130.50000000	4.12752
131.00000000	4.12542
131.50000000	4.12171
132.00000000	4.11749
132.50000000	4.11028
133.00000000	4.10129
133.50000000	4.09246
134.00000000	4.08411
134.50000000	4.07747
135.00000000	4.06907
135.50000000	4.06525
136.00000000	4.06587
136.50000000	4.06638
137.00000000	4.06569
137.50000000	4.06475
138.00000000	4.06321
138.50000000	4.06087
139.00000000	4.06022
139.50000000	4.05965
140.00000000	4.06014
140.50000000	4.05934
141.00000000	4.05853
141.50000000	4.05883
142.00000000	4.05945
142.50000000	4.05960
143.00000000	4.05978
143.50000000	4.05816
144.00000000	4.05620
144.50000000	4.05505
145.00000000	4.05400
145.50000000	4.05423
146.00000000	4.05521
146.50000000	4.05899
147.00000000	4.06425
147.50000000	4.06770
148.00000000	4.07200
148.50000000	4.07539
149.00000000	4.07906
149.50000000	4.08203
150.00000000	4.08497
150.50000000	4.08433
151.00000000	4.08438
151.50000000	4.08369
152.00000000	4.08247
152.50000000	4.08117
153.00000000	4.07911
153.50000000	4.08044
154.00000000	4.08216
154.50000000	4.08450
155.00000000	4.08967
155.50000000	4.09180
156.00000000	4.09661
156.50000000	4.09985
157.00000000	4.10433
157.50000000	4.10731
158.00000000	4.10757
158.50000000	4.10769
159.00000000	4.10756
159.50000000	4.10721
160.00000000	4.10634
160.50000000	4.10600
161.00000000	4.10551
161.50000000	4.10745
162.00000000	4.11095
162.50000000	4.11301
163.00000000	4.11427
163.50000000	4.11377
164.00000000	4.11459
164.50000000	4.11472
165.00000000	4.11790
165.50000000	4.12297
166.00000000	4.12699
166.50000000	4.12903
167.00000000	4.12998
167.50000000	4.13150
168.00000000	4.13351
168.50000000	4.13574
169.00000000	4.13652
169.50000000	4.13647
170.00000000	4.13689
170.50000000	4.13759
171.00000000	4.13714
171.50000000	4.13719
172.00000000	4.13757
172.50000000	4.13377
173.00000000	4.13113
173.50000000	4.12881
174.00000000	4.12669
174.50000000	4.12614
175.00000000	4.12735
175.50000000	4.12831
176.00000000	4.13029
176.50000000	4.12988
177.00000000	4.13286
177.50000000	4.13455
178.00000000	4.13599
178.50000000	4.13940
179.00000000	4.14171
179.50000000	4.14252
180.00000000	4.14403
180.50000000	4.14414
181.00000000	4.14524
181.50000000	4.14669
182.00000000	4.14922
182.50000000	4.15092
183.00000000	4.15339
183.50000000	4.15384
184.00000000	4.15537
184.50000000	4.15780
185.00000000	4.16000
185.50000000	4.16083
186.00000000	4.16032
186.50000000	4.16036
187.00000000	4.16201
187.50000000	4.16382
188.00000000	4.16599
188.50000000	4.16680
189.00000000	4.16594
189.50000000	4.16528
190.00000000	4.16538
190.50000000	4.16827
191.00000000	4.16996
191.50000000	4.16941
192.00000000	4.17053
192.50000000	4.17341
193.00000000	4.17636
193.50000000	4.17838
194.00000000	4.18020
194.50000000	4.18323
195.00000000	4.18773
195.50000000	4.19030
196.00000000	4.19288
196.50000000	4.19420
197.00000000	4.19428
197.50000000	4.19566
198.00000000	4.19715
198.50000000	4.19972
199.00000000	4.20120
199.50000000	4.20083
200.00000000	4.20014
200.50000000	4.19692
201.00000000	4.19439
201.50000000	4.19152
202.00000000	4.18630
202.50000000	4.18245
203.00000000	4.17959
203.50000000	4.17531
204.00000000	4.17493
204.50000000	4.17393
205.00000000	4.17127
205.50000000	4.16843
206.00000000	4.16603
206.50000000	4.16309
207.00000000	4.15925
207.50000000	4.15596
208.00000000	4.15252
208.50000000	4.14819
209.00000000	4.14574
209.50000000	4.14266
210.00000000	4.14052
210.50000000	4.14141
211.00000000	4.14415
211.50000000	4.14597
212.00000000	4.14878
212.50000000	4.15037
213.00000000	4.15081
213.50000000	4.14812
214.00000000	4.14706
214.50000000	4.14496
215.00000000	4.14394
215.50000000	4.14341
216.00000000	4.14296
216.50000000	4.14227
217.00000000	4.14169
217.50000000	4.14230
218.00000000	4.14298
218.50000000	4.14504
219.00000000	4.14523
219.50000000	4.14471
220.00000000	4.14246
220.50000000	4.13792
221.00000000	4.13335
221.50000000	4.12676
222.00000000	4.12142
222.50000000	4.11617
223.00000000	4.11146
223.50000000	4.10775
224.00000000	4.10721
224.50000000	4.10834
225.00000000	4.11164
225.50000000	4.11518
226.00000000	4.12001
226.50000000	4.12219
227.00000000	4.12375
227.50000000	4.12411
228.00000000	4.12565
228.50000000	4.12706
229.00000000	4.12841
229.50000000	4.12862
230.00000000	4.12840
230.50000000	4.13036
231.00000000	4.13249
231.50000000	4.13262
232.00000000	4.13489
232.50000000	4.13632
233.00000000	4.13597
233.50000000	4.13502
234.00000000	4.13264
234.50000000	4.13059
235.00000000	4.12914
235.50000000	4.12738
236.00000000	4.12410
236.50000000	4.11947
237.00000000	4.11511
237.50000000	4.10866
238.00000000	4.10315
238.50000000	4.09719
239.00000000	4.09450
239.50000000	4.09082
240.00000000	4.08967
240.50000000	4.08816
241.00000000	4.08794
241.50000000	4.08659
242.00000000	4.08433
242.50000000	4.07969
243.00000000	4.07411
243.50000000	4.06955
244.00000000	4.06489
244.50000000	4.06064
245.00000000	4.05818
245.50000000	4.05379
246.00000000	4.04919
246.50000000	4.04841
247.00000000	4.04566
247.50000000	4.04341
248.00000000	4.04185
248.50000000	4.04232
249.00000000	4.04123
249.50000000	4.03921
250.00000000	4.03625
250.50000000	4.03055
251.00000000	4.02701
251.50000000	4.02416
252.00000000	4.02162
252.50000000	4.02030
253.00000000	4.02182
253.50000000	4.02332
254.00000000	4.02446
254.50000000	4.02410
255.00000000	4.02513
255.50000000	4.02443
256.00000000	4.02387
256.50000000	4.02267
257.00000000	4.02197
257.50000000	4.02203
258.00000000	4.02225
258.50000000	4.02463
259.00000000	4.02723
259.50000000	4.02760
260.00000000	4.02819
260.50000000	4.02844
261.00000000	4.02898
261.50000000	4.02922
262.00000000	4.03010
262.50000000	4.02975
263.00000000	4.03064
263.50000000	4.03279
264.00000000	4.03581
264.50000000	4.03798
265.00000000	4.04078
265.50000000	4.04354
266.00000000	4.04489
266.50000000	4.04646
267.00000000	4.04826
267.50000000	4.04930
268.00000000	4.05020
268.50000000	4.05009
269.00000000	4.05347
269.50000000	4.05732
270.00000000	4.06306
270.50000000	4.06765
271.00000000	4.07356
271.50000000	4.07766
272.00000000	4.08014
272.50000000	4.07907
273.00000000	4.07994
273.50000000	4.07943
274.00000000	4.07998
274.50000000	4.08161
275.00000000	4.08319
275.50000000	4.08348
276.00000000	4.08309
276.50000000	4.08272
277.00000000	4.07999
277.50000000	4.07578
278.00000000	4.07248
278.50000000	4.07047
279.00000000	4.06840
279.50000000	4.06744
280.00000000	4.06822
280.50000000	4.06973
281.00000000	4.06991
281.50000000	4.06974
282.00000000	4.06845
282.50000000	4.06900
283.00000000	4.07087
283.50000000	4.07251
284.00000000	4.07223
284.50000000	4.07266
285.00000000	4.07380
285.50000000	4.07199
286.00000000	4.06972
286.50000000	4.06892
287.00000000	4.06693
287.50000000	4.06492
288.00000000	4.06279
288.50000000	4.06222
289.00000000	4.05750
289.50000000	4.05260
290.00000000	4.04760
290.50000000	4.04308
291.00000000	4.03951
291.50000000	4.03748
292.00000000	4.03266
292.50000000	4.02574
293.00000000	4.01936
293.50000000	4.01190
294.00000000	4.00730
294.50000000	4.00364
295.00000000	4.00109
295.50000000	3.99531
296.00000000	3.99149
296.50000000	3.98976
297.00000000	3.98724
297.50000000	3.98573
298.00000000	3.98383
298.50000000	3.98250
299.00000000	3.98157
299.50000000	3.97916
300.00000000	3.97460
300.50000000	3.96897
301.00000000	3.96395
301.50000000	3.95639
302.00000000	3.95032
302.50000000	3.94450
303.00000000	3.93806
303.50000000	3.93292
304.00000000	3.92778
304.50000000	3.92302
305.00000000	3.91992
305.50000000	3.91428
306.00000000	3.90969
306.50000000	3.90608
307.00000000	3.90610
307.50000000	3.90626
308.00000000	3.90516
308.50000000	3.90239
309.00000000	3.89915
309.50000000	3.89767
310.00000000	3.89758
310.50000000	3.89852
311.00000000	3.89963
311.50000000	3.89921
312.00000000	3.89631
312.50000000	3.89172
313.00000000	3.88373
313.50000000	3.87858
314.00000000	3.87179
314.50000000	3.86329
315.00000000	3.85575
315.50000000	3.84800
316.00000000	3.84375
316.50000000	3.83937
317.00000000	3.83483
317.50000000	3.82937
318.00000000	3.82343
318.50000000	3.81798
319.00000000	3.81325
319.50000000	3.80932
320.00000000	3.80552
320.50000000	3.80149
321.00000000	3.79788
321.50000000	3.79391
322.00000000	3.78732
322.50000000	3.78109
323.00000000	3.77758
323.50000000	3.77637
324.00000000	3.77412
324.50000000	3.76929
325.00000000	3.76398
325.50000000	3.75847
326.00000000	3.75056
326.50000000	3.74105
327.00000000	3.73334
327.50000000	3.72423
328.00000000	3.71536
328.50000000	3.70534
329.00000000	3.69776
329.50000000	3.69217
330.00000000	3.68545
330.50000000	3.68162
331.00000000	3.67837
331.50000000	3.67486
332.00000000	3.67083
332.50000000	3.66762
333.00000000	3.66298
333.50000000	3.66072
334.00000000	3.65613
334.50000000	3.65346
335.00000000	3.65265
335.50000000	3.65074
336.00000000	3.65191
336.50000000	3.65125
337.00000000	3.65385
337.50000000	3.65572
338.00000000	3.65599
338.50000000	3.65818
339.00000000	3.66215
339.50000000	3.66493
340.00000000	3.66901
340.50000000	3.67213
341.00000000	3.67530
341.50000000	3.68063
342.00000000	3.68626
342.50000000	3.69198
343.00000000	3.69785
343.50000000	3.70341
344.00000000	3.70566
344.50000000	3.70610
345.00000000	3.70802
345.50000000	3.70832
346.00000000	3.70836
346.50000000	3.70854
347.00000000	3.70971
347.50000000	3.71181
348.00000000	3.71381
348.50000000	3.71492
349.00000000	3.71906
349.50000000	3.72369
350.00000000	3.72624
350.50000000	3.73316
351.00000000	3.73956
351.50000000	3.74349
352.00000000	3.74514
352.50000000	3.74730
353.00000000	3.75024
353.50000000	3.75171
354.00000000	3.75389
354.50000000	3.75533
355.00000000	3.75799
355.50000000	3.76255
356.00000000	3.76731
356.50000000	3.77234
357.00000000	3.77676
357.50000000	3.78219
358.00000000	3.78916
358.50000000	3.79563
359.00000000	3.80298
359.50000000	3.81023
360.00000000	3.81953
360.50000000	3.82845
361.00000000	3.83668
361.50000000	3.84586
362.00000000	3.85395
362.50000000	3.86026
363.00000000	3.86525
363.50000000	3.87060
364.00000000	3.87647
364.50000000	3.88042
365.00000000	3.88411
365.50000000	3.88746
366.00000000	3.89240
366.50000000	3.89863
367.00000000	3.90528
367.50000000	3.91243
368.00000000	3.92052
368.50000000	3.92613
369.00000000	3.93114
369.50000000	3.93538
370.00000000	3.93711
370.50000000	3.94037
371.00000000	3.94390
371.50000000	3.94540
372.00000000	3.94533
372.50000000	3.94459
373.00000000	3.94596
373.50000000	3.94579
374.00000000	3.94600
374.50000000	3.94812
375.00000000	3.95083
375.50000000	3.95458
376.00000000	3.95651
376.50000000	3.95704
377.00000000	3.95630
377.50000000	3.95266
378.00000000	3.94903
378.50000000	3.94681
379.00000000	3.94427
379.50000000	3.94304
380.00000000	3.94128
380.50000000	3.94012
381.00000000	3.93768
381.50000000	3.93649
382.00000000	3.93371
382.50000000	3.92864
383.00000000	3.92450
383.50000000	3.92086
384.00000000	3.91809
384.50000000	3.91350
385.00000000	3.90804
385.50000000	3.90284
386.00000000	3.89563
386.50000000	3.89140
387.00000000	3.88775
387.50000000	3.88466
388.00000000	3.87913
388.50000000	3.87397
389.00000000	3.86525
389.50000000	3.85865
390.00000000	3.85301
390.50000000	3.84961
391.00000000	3.84465
391.50000000	3.84102
392.00000000	3.83972
392.50000000	3.83639
393.00000000	3.83319
393.50000000	3.83139
394.00000000	3.83003
394.50000000	3.83175
395.00000000	3.83374
395.50000000	3.83804
396.00000000	3.84054
396.50000000	3.84300
397.00000000	3.84722
397.50000000	3.84857
398.00000000	3.84937
398.50000000	3.84951
399.00000000	3.85170
399.50000000	3.85232
400.00000000	3.85248
400.50000000	3.85145
401.00000000	3.84977
401.50000000	3.85111
402.00000000	3.85124
402.50000000	3.85025
403.00000000	3.84943
403.50000000	3.84893
404.00000000	3.85156
404.50000000	3.85381
405.00000000	3.85458
405.50000000	3.85620
406.00000000	3.85750
406.50000000	3.85956
407.00000000	3.86024
407.50000000	3.86220
408.00000000	3.86367
408.50000000	3.86121
409.00000000	3.85790
409.50000000	3.85589
410.00000000	3.85361
410.50000000	3.85090
411.00000000	3.85296
411.50000000	3.85846
412.00000000	3.86284
412.50000000	3.86481
413.00000000	3.86623
413.50000000	3.86792
414.00000000	3.86992
414.50000000	3.87313
415.00000000	3.87652
415.50000000	3.88218
416.00000000	3.88917
416.50000000	3.89508
417.00000000	3.90061
417.50000000	3.90383
418.00000000	3.90630
418.50000000	3.90768
419.00000000	3.91031
419.50000000	3.91133
420.00000000	3.91272
420.50000000	3.91436
421.00000000	3.91506
421.50000000	3.91629
422.00000000	3.91639
422.50000000	3.91706
423.00000000	3.91772
423.50000000	3.91690
424.00000000	3.91406
424.50000000	3.91323
425.00000000	3.91268
425.50000000	3.91253
426.00000000	3.91329
426.50000000	3.91430
427.00000000	3.91510
427.50000000	3.91460
428.00000000	3.91761
428.50000000	3.92118
429.00000000	3.92645
429.50000000	3.93066
430.00000000	3.93467
430.50000000	3.93787
431.00000000	3.94196
431.50000000	3.94452
432.00000000	3.94674
432.50000000	3.94774
433.00000000	3.94819
433.50000000	3.94909
434.00000000	3.95292
434.50000000	3.95606
435.00000000	3.95930
435.50000000	3.96028
436.00000000	3.96118
436.50000000	3.96235
437.00000000	3.96402
437.50000000	3.96592
438.00000000	3.96883
438.50000000	3.97326
439.00000000	3.97638
439.50000000	3.97629
440.00000000	3.97566
440.50000000	3.97487
441.00000000	3.97278
441.50000000	3.96931
442.00000000	3.96584
442.50000000	3.96158
443.00000000	3.95862
443.50000000	3.95653
444.00000000	3.95378
444.50000000	3.95189
445.00000000	3.95031
445.50000000	3.94910
446.00000000	3.94932
446.50000000	3.94943
447.00000000	3.95010
447.50000000	3.95083
448.00000000	3.95024
448.50000000	3.94968
449.00000000	3.94628
449.50000000	3.94640
450.00000000	3.94559
450.50000000	3.94353
451.00000000	3.94231
451.50000000	3.94041
452.00000000	3.93696
452.50000000	3.93410
453.00000000	3.92905
453.50000000	3.92543
454.00000000	3.92071
454.50000000	3.91741
455.00000000	3.91164
455.50000000	3.90734
456.00000000	3.90205
456.50000000	3.89667
457.00000000	3.89225
457.50000000	3.88729
458.00000000	3.88291
458.50000000	3.87978
459.00000000	3.87670
459.50000000	3.87410
460.00000000	3.87186
460.50000000	3.86839
461.00000000	3.86616
461.50000000	3.86330
462.00000000	3.86192
462.50000000	3.86000
463.00000000	3.85763
463.50000000	3.85506
464.00000000	3.85190
464.50000000	3.84964
465.00000000	3.85056
465.50000000	3.85167
466.00000000	3.85173
466.50000000	3.84977
467.00000000	3.84743
467.50000000	3.84438
468.00000000	3.84204
468.50000000	3.84099
469.00000000	3.83967
469.50000000	3.83882
470.00000000	3.83840
470.50000000	3.83688
471.00000000	3.83474
471.50000000	3.83290
472.00000000	3.83190
472.50000000	3.82942
473.00000000	3.82627
473.50000000	3.82456
474.00000000	3.82228
474.50000000	3.82270
475.00000000	3.82230
475.50000000	3.82165
476.00000000	3.82321
476.50000000	3.82688
477.00000000	3.82932
477.50000000	3.83315
478.00000000	3.83900
478.50000000	3.84356
479.00000000	3.84724
479.50000000	3.84984
480.00000000	3.85219
480.50000000	3.85331
481.00000000	3.85420
481.50000000	3.85563
482.00000000	3.86064
482.50000000	3.86433
483.00000000	3.86488
483.50000000	3.86608
484.00000000	3.86615
484.50000000	3.86698
485.00000000	3.86972
485.50000000	3.87508
486.00000000	3.87916
486.50000000	3.88174
487.00000000	3.88381
487.50000000	3.88446
488.00000000	3.88441
488.50000000	3.88265
489.00000000	3.88154
489.50000000	3.88129
490.00000000	3.88080
490.50000000	3.88065
491.00000000	3.87751
491.50000000	3.87767
492.00000000	3.87904
492.50000000	3.87840
493.00000000	3.87639
493.50000000	3.87307
494.00000000	3.87018
494.50000000	3.86629
495.00000000	3.86479
495.50000000	3.86271
496.00000000	3.85959
496.50000000	3.86032
497.00000000	3.85864
497.50000000	3.85537
498.00000000	3.85059
498.50000000	3.84661
499.00000000	3.84412
499.50000000	3.84339
500.00000000	3.84311
500.50000000	3.84325
501.00000000	3.84447
501.50000000	3.84280
502.00000000	3.83903
502.50000000	3.83586
503.00000000	3.83487
503.50000000	3.83682
504.00000000	3.84035
504.50000000	3.84171
505.00000000	3.84178
505.50000000	3.84102
506.00000000	3.83960
506.50000000	3.83607
507.00000000	3.83282
507.50000000	3.83130
508.00000000	3.82993
508.50000000	3.82703
509.00000000	3.82628
509.50000000	3.82669
510.00000000	3.82638
510.50000000	3.82550
511.00000000	3.82597
511.50000000	3.82492
512.00000000	3.82232
512.50000000	3.82078
513.00000000	3.81599
513.50000000	3.81371
514.00000000	3.81247
514.50000000	3.81088
515.00000000	3.80807
515.50000000	3.80589
516.00000000	3.80470
516.50000000	3.80428
517.00000000	3.80306
517.50000000	3.80228
518.00000000	3.80086
518.50000000	3.80005
519.00000000	3.79898
519.50000000	3.79800
520.00000000	3.79702
520.50000000	3.79500
521.00000000	3.79268
521.50000000	3.79381
522.00000000	3.79169
522.50000000	3.78982
523.00000000	3.78715
523.50000000	3.78640
524.00000000	3.78625
524.50000000	3.78689
525.00000000	3.78526
525.50000000	3.78376
526.00000000	3.78180
526.50000000	3.78100
527.00000000	3.78149
527.50000000	3.78078
528.00000000	3.77916
528.50000000	3.77841
529.00000000	3.77998
529.50000000	3.78001
530.00000000	3.78067
530.50000000	3.78078
531.00000000	3.77952
531.50000000	3.77937
532.00000000	3.77922
532.50000000	3.78047
533.00000000	3.78083
533.50000000	3.78085
534.00000000	3.78012
534.50000000	3.77938
535.00000000	3.77942
535.50000000	3.78010
536.00000000	3.78102
536.50000000	3.77756
537.00000000	3.77394
537.50000000	3.77065
538.00000000	3.76989
538.50000000	3.77089
539.00000000	3.76908
539.50000000	3.76595
540.00000000	3.76227
540.50000000	3.75681
541.00000000	3.75211
541.50000000	3.74923
542.00000000	3.74586
542.50000000	3.74314
543.00000000	3.73998
543.50000000	3.73630
544.00000000	3.73217
544.50000000	3.72853
545.00000000	3.72617
545.50000000	3.72480
546.00000000	3.72342
546.50000000	3.72395
547.00000000	3.72332
547.50000000	3.72579
548.00000000	3.72699
548.50000000	3.72797
549.00000000	3.72918
549.50000000	3.73250
550.00000000	3.73579
550.50000000	3.73997
551.00000000	3.74242
551.50000000	3.74740
552.00000000	3.74982
552.50000000	3.75111
553.00000000	3.75285
553.50000000	3.75592
554.00000000	3.75915
554.50000000	3.76299
555.00000000	3.76778
555.50000000	3.77633
556.00000000	3.78359
556.50000000	3.78864
557.00000000	3.79524
557.50000000	3.80206
558.00000000	3.80780
558.50000000	3.81378
559.00000000	3.82021
559.50000000	3.82562
560.00000000	3.82957
560.50000000	3.83354
561.00000000	3.83825
561.50000000	3.84562
562.00000000	3.85058
562.50000000	3.85586
563.00000000	3.86059
563.50000000	3.86569
564.00000000	3.87076
564.50000000	3.87525
565.00000000	3.87867
565.50000000	3.88290
566.00000000	3.88730
566.50000000	3.89081
567.00000000	3.89094
567.50000000	3.89073
568.00000000	3.89217
568.50000000	3.89097
569.00000000	3.89078
569.50000000	3.89171
570.00000000	3.89064
570.50000000	3.88730
571.00000000	3.88515
571.50000000	3.88259
572.00000000	3.87988
572.50000000	3.87622
573.00000000	3.87322
573.50000000	3.87020
574.00000000	3.86778
574.50000000	3.86590
575.00000000	3.86562
575.50000000	3.86777
576.00000000	3.86998
576.50000000	3.87172
577.00000000	3.87298
577.50000000	3.87510
578.00000000	3.87675
578.50000000	3.87672
579.00000000	3.87771
579.50000000	3.87856
580.00000000	3.87903
580.50000000	3.88086
581.00000000	3.88104
581.50000000	3.88278
582.00000000	3.88678
582.50000000	3.88822
583.00000000	3.88866
583.50000000	3.88805
584.00000000	3.88727
584.50000000	3.88963
585.00000000	3.89500
585.50000000	3.89914
586.00000000	3.90200
586.50000000	3.90637
587.00000000	3.91012
587.50000000	3.91471
588.00000000	3.91635
588.50000000	3.91911
589.00000000	3.92082
589.50000000	3.92265
590.00000000	3.92594
590.50000000	3.92866
591.00000000	3.92939
591.50000000	3.92813
592.00000000	3.92777
592.50000000	3.92740
593.00000000	3.92821
593.50000000	3.92858
594.00000000	3.92554
594.50000000	3.92054
595.00000000	3.91741
595.50000000	3.91296
596.00000000	3.90919
596.50000000	3.90551
597.00000000	3.90232
597.50000000	3.89862
598.00000000	3.89520
598.50000000	3.89253
599.00000000	3.88955
599.50000000	3.88874
600.00000000	3.88861
600.50000000	3.88917
601.00000000	3.89136
601.50000000	3.89142
602.00000000	3.88872
602.50000000	3.88501
603.00000000	3.88037
603.50000000	3.87643
604.00000000	3.87047
604.50000000	3.86548
605.00000000	3.86049
605.50000000	3.85645
606.00000000	3.85317
606.50000000	3.84921
607.00000000	3.84642
607.50000000	3.84567
608.00000000	3.84511
608.50000000	3.84597
609.00000000	3.84777
609.50000000	3.84896
610.00000000	3.84920
610.50000000	3.84923
611.00000000	3.84964
611.50000000	3.85126
612.00000000	3.85156
612.50000000	3.85229
613.00000000	3.85433
613.50000000	3.85744
614.00000000	3.86012
614.50000000	3.86369
615.00000000	3.86800
615.50000000	3.87081
616.00000000	3.87294
616.50000000	3.87818
617.00000000	3.88074
617.50000000	3.88226
618.00000000	3.88702
618.50000000	3.89263
619.00000000	3.89830
619.50000000	3.90348
620.00000000	3.90883
620.50000000	3.91344
621.00000000	3.91579
621.50000000	3.91674
622.00000000	3.91849
622.50000000	3.91986
623.00000000	3.92094
623.50000000	3.92305
624.00000000	3.92461
624.50000000	3.92599
625.00000000	3.92512
625.50000000	3.92538
626.00000000	3.92259
626.50000000	3.91935
627.00000000	3.91739
627.50000000	3.91723
628.00000000	3.91840
628.50000000	3.92051
629.00000000	3.92227
629.50000000	3.91942
630.00000000	3.91853
630.50000000	3.91824
631.00000000	3.91864
631.50000000	3.91833
632.00000000	3.91828
632.50000000	3.91755
633.00000000	3.91900
633.50000000	3.92091
634.00000000	3.92440
634.50000000	3.92403
635.00000000	3.92281
635.50000000	3.92166
636.00000000	3.91870
636.50000000	3.91162
637.00000000	3.90344
637.50000000	3.89795
638.00000000	3.89392
638.50000000	3.89040
639.00000000	3.88672
639.50000000	3.88521
640.00000000	3.88139
640.50000000	3.87865
641.00000000	3.87799
641.50000000	3.87831
642.00000000	3.88029
642.50000000	3.88189
643.00000000	3.88249
643.50000000	3.88388
644.00000000	3.88441
644.50000000	3.88394
645.00000000	3.88169
645.50000000	3.87913
646.00000000	3.87690
646.50000000	3.87486
647.00000000	3.87242
647.50000000	3.86949
648.00000000	3.86735
648.50000000	3.86556
649.00000000	3.86472
649.50000000	3.86345
650.00000000	3.86074
650.50000000	3.85897
651.00000000	3.85593
651.50000000	3.85380
652.00000000	3.85125
652.50000000	3.84813
653.00000000	3.84734
653.50000000	3.84966
654.00000000	3.85229
654.50000000	3.85575
655.00000000	3.86113
655.50000000	3.86479
656.00000000	3.87078
656.50000000	3.87531
657.00000000	3.87836
657.50000000	3.88008
658.00000000	3.88137
658.50000000	3.88324
659.00000000	3.88529
659.50000000	3.88626
660.00000000	3.88658
660.50000000	3.88899
661.00000000	3.88846
661.50000000	3.88625
662.00000000	3.88380
662.50000000	3.88226
663.00000000	3.87801
663.50000000	3.87588
664.00000000	3.87211
664.50000000	3.86822
665.00000000	3.86441
665.50000000	3.86048
666.00000000	3.85879
666.50000000	3.85764
667.00000000	3.85535
667.50000000	3.85274
668.00000000	3.85081
668.50000000	3.84966
669.00000000	3.85032
669.50000000	3.84862
670.00000000	3.84586
670.50000000	3.84272
671.00000000	3.83785
671.50000000	3.83056
672.00000000	3.82480
672.50000000	3.81907
673.00000000	3.81632
673.50000000	3.81489
674.00000000	3.81338
674.50000000	3.81374
675.00000000	3.81261
675.50000000	3.81095
676.00000000	3.80867
676.50000000	3.80715
677.00000000	3.80629
677.50000000	3.80715
678.00000000	3.80827
678.50000000	3.80823
679.00000000	3.80785
679.50000000	3.80662
680.00000000	3.80460
680.50000000	3.80363
681.00000000	3.80397
681.50000000	3.80471
682.00000000	3.80543
682.50000000	3.80780
683.00000000	3.80905
683.50000000	3.80996
684.00000000	3.80927
684.50000000	3.80631
685.00000000	3.80237
685.50000000	3.80203
686.00000000	3.80287
686.50000000	3.80207
687.00000000	3.80132
687.50000000	3.80186
688.00000000	3.80267
688.50000000	3.80300
689.00000000	3.80361
689.50000000	3.80408
690.00000000	3.80516
690.50000000	3.80569
691.00000000	3.80657
691.50000000	3.80817
692.00000000	3.81005
692.50000000	3.81246
693.00000000	3.81393
693.50000000	3.81574
694.00000000	3.81668
694.50000000	3.81968
695.00000000	3.82407
695.50000000	3.82958
696.00000000	3.83507
696.50000000	3.84022
697.00000000	3.84520
697.50000000	3.84828
698.00000000	3.84875
698.50000000	3.84770
699.00000000	3.84814
699.50000000	3.84892
700.00000000	3.85166
700.50000000	3.85381
701.00000000	3.85597
701.50000000	3.85861
702.00000000	3.86161
702.50000000	3.86197
703.00000000	3.86473
703.50000000	3.86779
704.00000000	3.86879
704.50000000	3.86997
705.00000000	3.87189
705.50000000	3.87392
706.00000000	3.87677
706.50000000	3.87985
707.00000000	3.88216
707.50000000	3.88257
708.00000000	3.88407
708.50000000	3.88513
709.00000000	3.88759
709.50000000	3.89120
710.00000000	3.89313
710.50000000	3.89386
711.00000000	3.89448
711.50000000	3.89588
712.00000000	3.89419
712.50000000	3.89380
713.00000000	3.89387
713.50000000	3.89464
714.00000000	3.89765
714.50000000	3.90130
715.00000000	3.90545
715.50000000	3.90948
716.00000000	3.91316
716.50000000	3.91667
717.00000000	3.91969
717.50000000	3.92274
718.00000000	3.92496
718.50000000	3.92761
719.00000000	3.93092
719.50000000	3.93299
720.00000000	3.93346
720.50000000	3.93488
721.00000000	3.93583
721.50000000	3.93733
722.00000000	3.93859
722.50000000	3.93782
723.00000000	3.93808
723.50000000	3.94036
724.00000000	3.94352
724.50000000	3.94806
725.00000000	3.95092
725.50000000	3.95530
726.00000000	3.95863
726.50000000	3.96048
727.00000000	3.96276
727.50000000	3.96596
728.00000000	3.96837
728.50000000	3.96858
729.00000000	3.96816
729.50000000	3.96793
730.00000000	3.96903
730.50000000	3.96909
731.00000000	3.96803
731.50000000	3.96606
732.00000000	3.96611
732.50000000	3.96690
733.00000000	3.96767
733.50000000	3.96928
734.00000000	3.97028
734.50000000	3.97103
735.00000000	3.97103
735.50000000	3.97095
736.00000000	3.97042
736.50000000	3.96903
737.00000000	3.96807
737.50000000	3.96787
738.00000000	3.96740
738.50000000	3.96794
739.00000000	3.96917
739.50000000	3.97042
740.00000000	3.97320
740.50000000	3.97282
741.00000000	3.97296
741.50000000	3.97298
742.00000000	3.97410
742.50000000	3.97407
743.00000000	3.97524
743.50000000	3.97634
744.00000000	3.97774
744.50000000	3.97919
745.00000000	3.98146
745.50000000	3.98392
746.00000000	3.98394
746.50000000	3.98294
747.00000000	3.98373
747.50000000	3.98298
748.00000000	3.98344
748.50000000	3.98560
749.00000000	3.98890
749.50000000	3.99375
750.00000000	3.99722
750.50000000	3.99912
751.00000000	4.00110
751.50000000	4.00248
752.00000000	4.00521
752.50000000	4.00731
753.00000000	4.01145
753.50000000	4.01532
754.00000000	4.01853
754.50000000	4.02212
755.00000000	4.02544
755.50000000	4.03006
756.00000000	4.03664
756.50000000	4.04367
757.00000000	4.04783
757.50000000	4.05073
758.00000000	4.05127
758.50000000	4.05206
759.00000000	4.05382
759.50000000	4.05556
760.00000000	4.05557
760.50000000	4.05564
761.00000000	4.05563
761.50000000	4.05488
762.00000000	4.05448
762.50000000	4.05209
763.00000000	4.05053
763.50000000	4.04938
764.00000000	4.04695
764.50000000	4.04379
765.00000000	4.04050
765.50000000	4.03722
766.00000000	4.03664
766.50000000	4.03445
767.00000000	4.03148
767.50000000	4.02970
768.00000000	4.02634
768.50000000	4.02328
769.00000000	4.02224
769.50000000	4.02218
770.00000000	4.02028
770.50000000	4.02017
771.00000000	4.02319
771.50000000	4.02680
772.00000000	4.02986
772.50000000	4.03445
773.00000000	4.03703
773.50000000	4.03893
774.00000000	4.04187
774.50000000	4.04395
775.00000000	4.04624
775.50000000	4.04798
776.00000000	4.04935
776.50000000	4.04933
777.00000000	4.05212
777.50000000	4.05165
778.00000000	4.05213
778.50000000	4.05423
779.00000000	4.05641
779.50000000	4.05713
780.00000000	4.05821
780.50000000	4.06026
781.00000000	4.06224
781.50000000	4.06261
782.00000000	4.06459
782.50000000	4.06490
783.00000000	4.06501
783.50000000	4.06317
784.00000000	4.05990
784.50000000	4.05599
785.00000000	4.05263
785.50000000	4.05158
786.00000000	4.04785
786.50000000	4.04551
787.00000000	4.04058
787.50000000	4.03727
788.00000000	4.03123
788.50000000	4.02523
789.00000000	4.02368
789.50000000	4.02191
790.00000000	4.01973
790.50000000	4.01686
791.00000000	4.01604
791.50000000	4.01577
792.00000000	4.01496
792.50000000	4.01549
793.00000000	4.01540
793.50000000	4.01635
794.00000000	4.01724
794.50000000	4.01583
795.00000000	4.01309
795.50000000	4.01310
796.00000000	4.01264
796.50000000	4.01202
797.00000000	4.01330
797.50000000	4.01408
798.00000000	4.01680
798.50000000	4.02106
799.00000000	4.02639
799.50000000	4.03177
800.00000000	4.03456
800.50000000	4.03831
801.00000000	4.04065
801.50000000	4.04273
802.00000000	4.04132
802.50000000	4.04053
803.00000000	4.04073
803.50000000	4.04289
804.00000000	4.04425
804.50000000	4.04721
805.00000000	4.04977
805.50000000	4.04828
806.00000000	4.04760
806.50000000	4.04748
807.00000000	4.04830
807.50000000	4.04863
808.00000000	4.04821
808.50000000	4.04753
809.00000000	4.04553
809.50000000	4.04498
810.00000000	4.04669
810.50000000	4.04771
811.00000000	4.04999
811.50000000	4.05026
812.00000000	4.05252
812.50000000	4.05446
813.00000000	4.05787
813.50000000	4.06146
814.00000000	4.06555
814.50000000	4.06811
815.00000000	4.07086
815.50000000	4.07408
816.00000000	4.07620
816.50000000	4.07857
817.00000000	4.08108
817.50000000	4.08243
818.00000000	4.08324
818.50000000	4.08677
819.00000000	4.08974
819.50000000	4.09223
820.00000000	4.09519
820.50000000	4.09822
821.00000000	4.10274
821.50000000	4.10605
822.00000000	4.11048
822.50000000	4.11450
823.00000000	4.11657
823.50000000	4.11780
824.00000000	4.11931
824.50000000	4.11903
825.00000000	4.11668
825.50000000	4.11541
826.00000000	4.11616
826.50000000	4.11744
827.00000000	4.11730
827.50000000	4.11812
828.00000000	4.11895
828.50000000	4.11971
829.00000000	4.12120
829.50000000	4.12182
830.00000000	4.12164
830.50000000	4.12239
831.00000000	4.12462
831.50000000	4.12491
832.00000000	4.12535
832.50000000	4.12403
833.00000000	4.12534
833.50000000	4.12564
834.00000000	4.12443
834.50000000	4.12140
835.00000000	4.11963
835.50000000	4.11876
836.00000000	4.11782
836.50000000	4.11582
837.00000000	4.11573
837.50000000	4.11545
838.00000000	4.11256
838.50000000	4.11159
839.00000000	4.10914
839.50000000	4.10751
840.00000000	4.10625
840.50000000	4.10443
841.00000000	4.10365
841.50000000	4.10302
842.00000000	4.10264
842.50000000	4.10060
843.00000000	4.09708
843.50000000	4.09631
844.00000000	4.09649
844.50000000	4.09677
845.00000000	4.09670
845.50000000	4.09829
846.00000000	4.10140
846.50000000	4.10380
847.00000000	4.10502
847.50000000	4.10879
848.00000000	4.11030
848.50000000	4.11291
849.00000000	4.11278
849.50000000	4.11356
850.00000000	4.11434
850.50000000	4.11452
851.00000000	4.11400
851.50000000	4.11413
852.00000000	4.11276
852.50000000	4.11298
853.00000000	4.11188
853.50000000	4.10882
854.00000000	4.10523
854.50000000	4.10062
855.00000000	4.09793
855.50000000	4.09602
856.00000000	4.09340
856.50000000	4.09044
857.00000000	4.08564
857.50000000	4.08157
858.00000000	4.07653
858.50000000	4.07037
859.00000000	4.06386
859.50000000	4.05660
860.00000000	4.05060
860.50000000	4.04594
861.00000000	4.04385
861.50000000	4.04181
862.00000000	4.04104
862.50000000	4.04143
863.00000000	4.04025
863.50000000	4.04012
864.00000000	4.03982
864.50000000	4.04049
865.00000000	4.04124
865.50000000	4.03791
866.00000000	4.03182
866.50000000	4.02804
867.00000000	4.02552
867.50000000	4.02326
868.00000000	4.02034
868.50000000	4.01695
869.00000000	4.01467
869.50000000	4.01261
870.00000000	4.01008
870.50000000	4.00797
871.00000000	4.00656
871.50000000	4.00320
872.00000000	4.00090
872.50000000	3.99967
873.00000000	3.99991
873.50000000	3.99990
874.00000000	4.00131
874.50000000	4.00203
875.00000000	3.99950
875.50000000	3.99863
876.00000000	3.99877
876.50000000	3.99737
877.00000000	3.99565
877.50000000	3.99400
878.00000000	3.99397
878.50000000	3.99346
879.00000000	3.99038
879.50000000	3.98722
880.00000000	3.98514
880.50000000	3.98169
881.00000000	3.97775
881.50000000	3.97689
882.00000000	3.97624
882.50000000	3.97505
883.00000000	3.97443
883.50000000	3.97591
884.00000000	3.97807
884.50000000	3.98027
885.00000000	3.98270
885.50000000	3.98736
886.00000000	3.98986
886.50000000	3.99147
887.00000000	3.99631
887.50000000	3.99799
888.00000000	4.00112
888.50000000	4.00305
889.00000000	4.00438
889.50000000	4.00643
890.00000000	4.00756
890.50000000	4.00740
891.00000000	4.00820
891.50000000	4.00935
892.00000000	4.01136
892.50000000	4.01353
893.00000000	4.01513
893.50000000	4.01599
894.00000000	4.01718
894.50000000	4.01728
895.00000000	4.01622
895.50000000	4.01430
896.00000000	4.01294
896.50000000	4.01098
897.00000000	4.00701
897.50000000	4.00375
898.00000000	4.00259
898.50000000	4.00225
899.00000000	4.00064
899.50000000	3.99690
900.00000000	3.99391
900.50000000	3.99185
901.00000000	3.98768
901.50000000	3.98196
902.00000000	3.97485
902.50000000	3.96954
903.00000000	3.96557
903.50000000	3.96177
904.00000000	3.95973
904.50000000	3.95671
905.00000000	3.95639
905.50000000	3.95533
906.00000000	3.95501
906.50000000	3.95417
907.00000000	3.95214
907.50000000	3.94772
908.00000000	3.94163
908.50000000	3.93930
909.00000000	3.93537
909.50000000	3.93086
910.00000000	3.92703
910.50000000	3.92500
911.00000000	3.92205
911.50000000	3.91916
912.00000000	3.91662
912.50000000	3.91375
913.00000000	3.91038
913.50000000	3.90816
914.00000000	3.90705
914.50000000	3.90536
915.00000000	3.90438
915.50000000	3.90244
916.00000000	3.89765
916.50000000	3.89394
917.00000000	3.89006
917.50000000	3.88536
918.00000000	3.88063
918.50000000	3.87999
919.00000000	3.87969
919.50000000	3.87954
920.00000000	3.87898
920.50000000	3.87753
921.00000000	3.87645
921.50000000	3.87712
922.00000000	3.87771
922.50000000	3.87748
923.00000000	3.87707
923.50000000	3.87722
924.00000000	3.87721
924.50000000	3.87637
925.00000000	3.87526
925.50000000	3.87303
926.00000000	3.87242
926.50000000	3.87147
927.00000000	3.87173
927.50000000	3.87164
928.00000000	3.87209
928.50000000	3.87491
929.00000000	3.87700
929.50000000	3.87912
930.00000000	3.88363
930.50000000	3.88591
931.00000000	3.88883
931.50000000	3.89010
932.00000000	3.89035
932.50000000	3.88868
933.00000000	3.88557
933.50000000	3.88146
934.00000000	3.87568
934.50000000	3.86976
935.00000000	3.86630
935.50000000	3.86286
936.00000000	3.86184
936.50000000	3.86001
937.00000000	3.85677
937.50000000	3.85403
938.00000000	3.84987
938.50000000	3.84746
939.00000000	3.84454
939.50000000	3.84218
940.00000000	3.84181
940.50000000	3.84060
941.00000000	3.83843
941.50000000	3.83680
942.00000000	3.83611
942.50000000	3.83525
943.00000000	3.83417
943.50000000	3.83249
944.00000000	3.82922
944.50000000	3.82603
945.00000000	3.82519
945.50000000	3.82354
946.00000000	3.82061
946.50000000	3.81730
947.00000000	3.81409
947.50000000	3.80955
948.00000000	3.80298
948.50000000	3.79765
949.00000000	3.79278
949.50000000	3.79026
950.00000000	3.78958
950.50000000	3.78740
951.00000000	3.78615
951.50000000	3.78585
952.00000000	3.78746
952.50000000	3.78946
953.00000000	3.78961
953.50000000	3.78852
954.00000000	3.78558
954.50000000	3.78630
955.00000000	3.78780
955.50000000	3.78655
956.00000000	3.78577
956.50000000	3.78685
957.00000000	3.78726
957.50000000	3.78460
958.00000000	3.78267
958.50000000	3.78276
959.00000000	3.78557
959.50000000	3.78806
960.00000000	3.79145
960.50000000	3.79216
961.00000000	3.79367
961.50000000	3.79616
962.00000000	3.79898
962.50000000	3.80057
963.00000000	3.80193
963.50000000	3.80181
964.00000000	3.80076
964.50000000	3.79915
965.00000000	3.79831
965.50000000	3.79791
966.00000000	3.79796
966.50000000	3.79761
967.00000000	3.79726
967.50000000	3.79916
968.00000000	3.80278
968.50000000	3.80541
969.00000000	3.80931
969.50000000	3.81231
970.00000000	3.81573
970.50000000	3.81729
971.00000000	3.81700
971.50000000	3.81885
972.00000000	3.82318
972.50000000	3.82475
973.00000000	3.82793
973.50000000	3.83003
974.00000000	3.83188
974.50000000	3.83463
975.00000000	3.83730
975.50000000	3.83946
976.00000000	3.84002
976.50000000	3.84093
977.00000000	3.84258
977.50000000	3.84464
978.00000000	3.84468
978.50000000	3.84345
979.00000000	3.84292
979.50000000	3.84332
980.00000000	3.84469
980.50000000	3.84535
981.00000000	3.84674
981.50000000	3.84804
982.00000000	3.84880
982.50000000	3.84797
983.00000000	3.84711
983.50000000	3.84617
984.00000000	3.84554
984.50000000	3.84653
985.00000000	3.84737
985.50000000	3.84642
986.00000000	3.84584
986.50000000	3.84773
987.00000000	3.84965
987.50000000	3.85140
988.00000000	3.85128
988.50000000	3.85257
989.00000000	3.85278
989.50000000	3.85233
990.00000000	3.85206
990.50000000	3.85154
991.00000000	3.85058
991.50000000	3.85006
992.00000000	3.85064
992.50000000	3.85172
993.00000000	3.85133
993.50000000	3.85368
994.00000000	3.85443
994.50000000	3.85507
995.00000000	3.85441
995.50000000	3.85350
996.00000000	3.85388
996.50000000	3.85574
997.00000000	3.85709
997.50000000	3.85680
998.00000000	3.85685
998.50000000	3.85654
999.00000000	3.85539
999.50000000	3.85442
1000.00000000	3.85314
1000.50000000	3.85305
1001.00000000	3.85439
1001.50000000	3.85813
1002.00000000	3.86142
1002.50000000	3.86363
1003.00000000	3.86537
1003.50000000	3.86756
1004.00000000	3.87051
1004.50000000	3.87088
1005.00000000	3.87540
1005.50000000	3.88128
1006.00000000	3.88727
1006.50000000	3.89285
1007.00000000	3.89909
1007.50000000	3.90379
1008.00000000	3.90829
1008.50000000	3.91319
1009.00000000	3.91949
1009.50000000	3.92605
1010.00000000	3.93401
1010.50000000	3.94146
1011.00000000	3.94750
1011.50000000	3.94987
1012.00000000	3.95440
1012.50000000	3.95863
1013.00000000	3.96226
1013.50000000	3.96634
1014.00000000	3.96769
1014.50000000	3.96990
1015.00000000	3.97154
1015.50000000	3.97493
1016.00000000	3.97739
1016.50000000	3.97957
1017.00000000	3.97923
1017.50000000	3.97836
1018.00000000	3.97755
1018.50000000	3.97754
1019.00000000	3.97961
1019.50000000	3.97699
1020.00000000	3.97767
1020.50000000	3.97906
1021.00000000	3.97865
1021.50000000	3.97835
1022.00000000	3.97890
1022.50000000	3.98281
1023.00000000	3.98633
1023.50000000	3.98967
1024.00000000	3.99174
1024.50000000	3.99243
1025.00000000	3.99232
1025.50000000	3.98959
1026.00000000	3.99093
1026.50000000	3.99340
1027.00000000	3.99482
1027.50000000	3.99585
1028.00000000	3.99776
1028.50000000	4.00146
1029.00000000	4.00282
1029.50000000	4.00455
1030.00000000	4.00616
1030.50000000	4.00480
1031.00000000	4.00310
1031.50000000	4.00136
1032.00000000	3.99831
1032.50000000	3.99346
1033.00000000	3.98971
1033.50000000	3.98768
1034.00000000	3.98565
1034.50000000	3.98197
1035.00000000	3.97844
1035.50000000	3.97516
1036.00000000	3.97362
1036.50000000	3.97215
1037.00000000	3.97009
1037.50000000	3.96800
1038.00000000	3.96455
1038.50000000	3.96174
1039.00000000	3.95809
1039.50000000	3.95468
1040.00000000	3.95382
1040.50000000	3.95430
1041.00000000	3.95516
1041.50000000	3.95337
1042.00000000	3.94996
1042.50000000	3.94694
1043.00000000	3.94509
1043.50000000	3.94035
1044.00000000	3.93577
1044.50000000	3.93428
1045.00000000	3.93240
1045.50000000	3.93102
1046.00000000	3.92966
1046.50000000	3.92750
1047.00000000	3.92701
1047.50000000	3.92677
1048.00000000	3.92396
1048.50000000	3.92183
1049.00000000	3.92139
1049.50000000	3.92097
1050.00000000	3.91965
1050.50000000	3.91903
1051.00000000	3.91738
1051.50000000	3.91439
1052.00000000	3.91134
1052.50000000	3.90673
1053.00000000	3.90240
1053.50000000	3.89871
1054.00000000	3.89437
1054.50000000	3.89158
1055.00000000	3.88955
1055.50000000	3.88702
1056.00000000	3.88819
1056.50000000	3.88875
1057.00000000	3.88886
1057.50000000	3.88843
1058.00000000	3.88994
1058.50000000	3.88983
1059.00000000	3.89273
1059.50000000	3.89436
1060.00000000	3.89567
1060.50000000	3.89736
1061.00000000	3.89781
1061.50000000	3.89960
1062.00000000	3.90010
1062.50000000	3.90008
1063.00000000	3.90009
1063.50000000	3.90031
1064.00000000	3.90301
1064.50000000	3.90590
1065.00000000	3.90672
1065.50000000	3.90630
1066.00000000	3.90630
1066.50000000	3.90711
1067.00000000	3.90878
1067.50000000	3.90949
1068.00000000	3.91302
1068.50000000	3.91691
1069.00000000	3.92179
1069.50000000	3.92677
1070.00000000	3.93139
1070.50000000	3.93380
1071.00000000	3.93683
1071.50000000	3.93839
1072.00000000	3.93926
1072.50000000	3.94048
1073.00000000	3.94033
1073.50000000	3.94125
1074.00000000	3.94017
1074.50000000	3.94221
1075.00000000	3.94454
1075.50000000	3.94513
1076.00000000	3.94690
1076.50000000	3.94869
1077.00000000	3.94899
1077.50000000	3.94828
1078.00000000	3.94889
1078.50000000	3.94915
1079.00000000	3.94873
1079.50000000	3.94980
1080.00000000	3.94708
1080.50000000	3.94333
1081.00000000	3.94217
1081.50000000	3.94499
1082.00000000	3.94590
1082.50000000	3.94734
1083.00000000	3.94895
1083.50000000	3.95097
1084.00000000	3.95374
1084.50000000	3.95569
1085.00000000	3.95646
1085.50000000	3.95666
1086.00000000	3.95353
1086.50000000	3.95209
1087.00000000	3.95255
1087.50000000	3.95192
1088.00000000	3.95411
1088.50000000	3.95421
1089.00000000	3.95447
1089.50000000	3.95520
1090.00000000	3.95458
1090.50000000	3.95407
1091.00000000	3.95425
1091.50000000	3.95363
1092.00000000	3.95495
1092.50000000	3.95703
1093.00000000	3.95888
1093.50000000	3.96232
1094.00000000	3.96412
1094.50000000	3.96583
1095.00000000	3.96919
1095.50000000	3.97107
1096.00000000	3.97057
1096.50000000	3.97065
1097.00000000	3.97308
1097.50000000	3.97634
1098.00000000	3.97924
1098.50000000	3.98269
1099.00000000	3.98632
1099.50000000	3.99146
1100.00000000	3.99498
1100.50000000	4.00030
1101.00000000	4.00477
1101.50000000	4.00910
1102.00000000	4.01281
1102.50000000	4.01683
1103.00000000	4.02171
1103.50000000	4.02538
1104.00000000	4.03044
1104.50000000	4.03589
1105.00000000	4.03947
1105.50000000	4.04380
1106.00000000	4.04341
1106.50000000	4.04533
1107.00000000	4.04674
1107.50000000	4.05097
1108.00000000	4.05479
1108.50000000	4.05840
1109.00000000	4.06118
1109.50000000	4.06358
1110.00000000	4.06651
1110.50000000	4.06803
1111.00000000	4.07222
1111.50000000	4.07669
1112.00000000	4.08279
1112.50000000	4.08761
1113.00000000	4.09087
1113.50000000	4.09327
1114.00000000	4.09686
1114.50000000	4.10141
1115.00000000	4.10609
1115.50000000	4.11199
1116.00000000	4.11681
1116.50000000	4.12011
1117.00000000	4.12269
1117.50000000	4.12580
1118.00000000	4.12815
1118.50000000	4.13051
1119.00000000	4.13143
1119.50000000	4.12892
1120.00000000	4.12534
1120.50000000	4.12518
1121.00000000	4.12491
1121.50000000	4.12270
1122.00000000	4.11912
1122.50000000	4.11357
1123.00000000	4.10846
1123.50000000	4.10355
1124.00000000	4.09793
1124.50000000	4.09209
1125.00000000	4.08773
1125.50000000	4.08312
1126.00000000	4.08142
1126.50000000	4.07836
1127.00000000	4.07508
1127.50000000	4.07185
1128.00000000	4.06766
1128.50000000	4.06424
1129.00000000	4.06267
1129.50000000	4.06157
1130.00000000	4.06033
1130.50000000	4.05842
1131.00000000	4.05584
1131.50000000	4.05424
1132.00000000	4.05192
1132.50000000	4.04826
1133.00000000	4.04688
1133.50000000	4.04448
1134.00000000	4.04218
1134.50000000	4.03807
1135.00000000	4.03469
1135.50000000	4.03029
1136.00000000	4.02538
1136.50000000	4.01910
1137.00000000	4.01312
1137.50000000	4.00747
1138.00000000	4.00256
1138.50000000	3.99742
1139.00000000	3.99294
1139.50000000	3.98898
1140.00000000	3.98540
1140.50000000	3.98167
1141.00000000	3.98086
1141.50000000	3.98109
1142.00000000	3.98023
1142.50000000	3.97852
1143.00000000	3.97716
1143.50000000	3.97696
1144.00000000	3.97695
1144.50000000	3.97780
1145.00000000	3.97825
1145.50000000	3.97517
1146.00000000	3.97418
1146.50000000	3.97188
1147.00000000	3.97124
1147.50000000	3.97097
1148.00000000	3.97064
1148.50000000	3.97097
1149.00000000	3.97198
1149.50000000	3.97322
1150.00000000	3.97480
1150.50000000	3.97609
1151.00000000	3.97832
1151.50000000	3.98230
1152.00000000	3.98618
1152.50000000	3.98731
1153.00000000	3.98779
1153.50000000	3.99112
1154.00000000	3.99411
1154.50000000	3.99834
1155.00000000	4.00262
1155.50000000	4.00495
1156.00000000	4.00765
1156.50000000	4.01091
1157.00000000	4.01588
1157.50000000	4.02196
1158.00000000	4.02499
1158.50000000	4.02784
1159.00000000	4.03146
1159.50000000	4.03408
1160.00000000	4.03846
1160.50000000	4.04422
1161.00000000	4.04935
1161.50000000	4.05322
1162.00000000	4.05737
1162.50000000	4.06056
1163.00000000	4.06343
1163.50000000	4.06465
1164.00000000	4.06691
1164.50000000	4.06851
1165.00000000	4.07043
1165.50000000	4.07471
1166.00000000	4.07977
1166.50000000	4.08463
1167.00000000	4.08733
1167.50000000	4.08592
1168.00000000	4.08387
1168.50000000	4.08161
1169.00000000	4.08013
1169.50000000	4.08057
1170.00000000	4.08264
1170.50000000	4.08435
1171.00000000	4.08786
1171.50000000	4.09303
1172.00000000	4.09878
1172.50000000	4.10256
1173.00000000	4.10666
1173.50000000	4.10918
1174.00000000	4.11198
1174.50000000	4.11565
1175.00000000	4.12034
1175.50000000	4.12398
1176.00000000	4.12577
1176.50000000	4.12807
1177.00000000	4.13132
1177.50000000	4.13384
1178.00000000	4.13566
1178.50000000	4.13606
1179.00000000	4.13544
1179.50000000	4.13445
1180.00000000	4.13383
1180.50000000	4.13198
1181.00000000	4.12954
1181.50000000	4.12591
1182.00000000	4.12401
1182.50000000	4.12359
1183.00000000	4.12351
1183.50000000	4.12480
1184.00000000	4.12759
1184.50000000	4.12985
1185.00000000	4.12945
1185.50000000	4.13030
1186.00000000	4.13048
1186.50000000	4.13134
1187.00000000	4.13275
1187.50000000	4.13267
1188.00000000	4.13192
1188.50000000	4.13082
1189.00000000	4.12887
1189.50000000	4.12887
1190.00000000	4.13212
1190.50000000	4.13466
1191.00000000	4.13475
1191.50000000	4.13137
1192.00000000	4.12916
1192.50000000	4.12611
1193.00000000	4.12290
1193.50000000	4.12263
1194.00000000	4.12154
1194.50000000	4.11966
1195.00000000	4.12005
1195.50000000	4.12033
1196.00000000	4.12034
1196.50000000	4.11943
1197.00000000	4.11900
1197.50000000	4.11511
1198.00000000	4.11127
1198.50000000	4.10754
1199.00000000	4.10312
1199.50000000	4.10030
1200.00000000	4.09840
1200.50000000	4.09782
1201.00000000	4.09621
1201.50000000	4.09240
1202.00000000	4.09050
1202.50000000	4.09117
1203.00000000	4.09151
1203.50000000	4.09414
1204.00000000	4.09742
1204.50000000	4.09996
1205.00000000	4.09957
1205.50000000	4.10034
1206.00000000	4.09858
1206.50000000	4.09617
1207.00000000	4.09246
1207.50000000	4.09018
1208.00000000	4.08684
1208.50000000	4.08184
1209.00000000	4.07917
1209.50000000	4.07454
1210.00000000	4.07400
1210.50000000	4.07283
1211.00000000	4.06989
1211.50000000	4.06492
1212.00000000	4.06145
1212.50000000	4.05891
1213.00000000	4.05691
1213.50000000	4.05591
1214.00000000	4.05482
1214.50000000	4.05323
1215.00000000	4.05068
1215.50000000	4.04771
1216.00000000	4.04576
1216.50000000	4.04175
1217.00000000	4.03898
1217.50000000	4.03519
1218.00000000	4.03349
1218.50000000	4.02845
1219.00000000	4.02306
1219.50000000	4.01573
1220.00000000	4.00914
1220.50000000	4.00358
1221.00000000	3.99830
1221.50000000	3.99368
1222.00000000	3.99134
1222.50000000	3.98796
1223.00000000	3.98457
1223.50000000	3.98214
1224.00000000	3.98047
1224.50000000	3.97757
1225.00000000	3.97300
1225.50000000	3.97082
1226.00000000	3.97121
1226.50000000	3.97348
1227.00000000	3.97437
1227.50000000	3.97318
1228.00000000	3.97390
1228.50000000	3.97451
1229.00000000	3.97438
1229.50000000	3.97228
1230.00000000	3.97211
1230.50000000	3.97037
1231.00000000	3.96763
1231.50000000	3.96802
1232.00000000	3.96759
1232.50000000	3.96690
1233.00000000	3.96552
1233.50000000	3.96348
1234.00000000	3.96165
1234.50000000	3.95860
1235.00000000	3.95586
1235.50000000	3.95170
1236.00000000	3.94837
1236.50000000	3.94422
1237.00000000	3.94199
1237.50000000	3.93937
1238.00000000	3.93644
1238.50000000	3.93477
1239.00000000	3.93598
1239.50000000	3.93602
1240.00000000	3.93550
1240.50000000	3.93721
1241.00000000	3.93793
1241.50000000	3.93857
1242.00000000	3.93848
1242.50000000	3.93804
1243.00000000	3.93716
1243.50000000	3.93545
1244.00000000	3.93212
1244.50000000	3.93035
1245.00000000	3.92775
1245.50000000	3.92404
1246.00000000	3.92144
1246.50000000	3.92241
1247.00000000	3.92236
1247.50000000	3.92100
1248.00000000	3.91767
1248.50000000	3.91304
1249.00000000	3.91048
1249.50000000	3.91037
1250.00000000	3.90819
1250.50000000	3.90887
1251.00000000	3.90742
1251.50000000	3.90566
1252.00000000	3.90352
1252.50000000	3.89955
1253.00000000	3.89380
1253.50000000	3.88448
1254.00000000	3.87660
1254.50000000	3.86927
1255.00000000	3.86247
1255.50000000	3.85826
1256.00000000	3.85694
1256.50000000	3.85758
1257.00000000	3.85905
1257.50000000	3.85863
1258.00000000	3.85847
1258.50000000	3.85908
1259.00000000	3.86143
1259.50000000	3.86337
1260.00000000	3.86707
1260.50000000	3.86875
1261.00000000	3.86766
1261.50000000	3.86363
1262.00000000	3.85748
1262.50000000	3.85206
1263.00000000	3.84823
1263.50000000	3.84541
1264.00000000	3.84326
1264.50000000	3.83951
1265.00000000	3.83449
1265.50000000	3.83341
1266.00000000	3.83154
1266.50000000	3.83097
1267.00000000	3.83111
1267.50000000	3.83187
1268.00000000	3.83274
1268.50000000	3.83432
1269.00000000	3.83563
1269.50000000	3.83620
1270.00000000	3.83591
1270.50000000	3.83651
1271.00000000	3.83568
1271.50000000	3.83464
1272.00000000	3.83469
1272.50000000	3.83424
1273.00000000	3.83359
1273.50000000	3.83437
1274.00000000	3.83388
1274.50000000	3.83393
1275.00000000	3.83371
1275.50000000	3.83485
1276.00000000	3.83427
1276.50000000	3.83362
1277.00000000	3.83177
1277.50000000	3.83088
1278.00000000	3.82880
1278.50000000	3.82716
1279.00000000	3.82660
1279.50000000	3.82891
1280.00000000	3.82856
1280.50000000	3.82808
1281.00000000	3.82725
1281.50000000	3.82743
1282.00000000	3.82643
1282.50000000	3.82243
1283.00000000	3.82122
1283.50000000	3.81795
1284.00000000	3.81516
1284.50000000	3.81506
1285.00000000	3.81593
1285.50000000	3.81614
1286.00000000	3.81940
1286.50000000	3.81997
1287.00000000	3.81964
1287.50000000	3.81824
1288.00000000	3.81621
1288.50000000	3.81363
1289.00000000	3.81005
1289.50000000	3.80871
1290.00000000	3.80774
1290.50000000	3.80624
1291.00000000	3.80448
1291.50000000	3.80486
1292.00000000	3.80441
1292.50000000	3.80435
1293.00000000	3.80720
1293.50000000	3.80955
1294.00000000	3.81102
1294.50000000	3.81292
1295.00000000	3.81468
1295.50000000	3.81665
1296.00000000	3.81876
1296.50000000	3.82208
1297.00000000	3.82505
1297.50000000	3.82592
1298.00000000	3.82657
1298.50000000	3.82806
1299.00000000	3.83022
1299.50000000	3.83122
1300.00000000	3.83110
1300.50000000	3.83159
1301.00000000	3.83118
1301.50000000	3.83265
1302.00000000	3.83658
1302.50000000	3.84087
1303.00000000	3.84105
1303.50000000	3.83875
1304.00000000	3.83713
1304.50000000	3.83416
1305.00000000	3.82835
1305.50000000	3.82330
1306.00000000	3.81727
1306.50000000	3.81122
1307.00000000	3.80680
1307.50000000	3.80011
1308.00000000	3.79431
1308.50000000	3.78909
1309.00000000	3.78590
1309.50000000	3.78265
1310.00000000	3.77974
1310.50000000	3.77754
1311.00000000	3.77503
1311.50000000	3.77451
1312.00000000	3.77386
1312.50000000	3.77461
1313.00000000	3.77592
1313.50000000	3.77771
1314.00000000	3.77651
1314.50000000	3.77423
1315.00000000	3.77511
1315.50000000	3.77649
1316.00000000	3.77691
1316.50000000	3.77635
1317.00000000	3.77466
1317.50000000	3.77233
1318.00000000	3.76987
1318.50000000	3.77048
1319.00000000	3.77209
1319.50000000	3.77479
1320.00000000	3.77830
1320.50000000	3.78109
1321.00000000	3.78314
1321.50000000	3.78375
1322.00000000	3.78668
1322.50000000	3.79307
1323.00000000	3.79874
1323.50000000	3.80295
1324.00000000	3.80825
1324.50000000	3.81242
1325.00000000	3.81667
1325.50000000	3.81966
1326.00000000	3.82290
1326.50000000	3.82873
1327.00000000	3.83484
1327.50000000	3.84191
1328.00000000	3.84858
1328.50000000	3.85640
1329.00000000	3.86458
1329.50000000	3.87476
1330.00000000	3.88360
1330.50000000	3.88941
1331.00000000	3.89583
1331.50000000	3.90366
1332.00000000	3.90777
1332.50000000	3.91058
1333.00000000	3.91393
1333.50000000	3.91658
1334.00000000	3.91997
1334.50000000	3.92234
1335.00000000	3.92540
1335.50000000	3.92810
1336.00000000	3.93275
1336.50000000	3.93726
1337.00000000	3.94329
1337.50000000	3.94734
1338.00000000	3.95014
1338.50000000	3.95562
1339.00000000	3.96164
1339.50000000	3.96852
1340.00000000	3.97663
1340.50000000	3.98398
1341.00000000	3.99250
1341.50000000	4.00036
1342.00000000	4.00876
1342.50000000	4.01827
1343.00000000	4.02783
1343.50000000	4.03727
1344.00000000	4.04653
1344.50000000	4.05298
1345.00000000	4.05748
1345.50000000	4.06286
1346.00000000	4.06649
1346.50000000	4.07203
1347.00000000	4.07710
1347.50000000	4.08167
1348.00000000	4.08589
1348.50000000	4.08959
1349.00000000	4.09373
1349.50000000	4.09717
1350.00000000	4.09958
1350.50000000	4.09925
1351.00000000	4.09930
1351.50000000	4.09904
1352.00000000	4.09829
1352.50000000	4.10027
1353.00000000	4.10220
1353.50000000	4.10355
1354.00000000	4.10497
1354.50000000	4.10716
1355.00000000	4.10964
1355.50000000	4.11149
1356.00000000	4.11325
1356.50000000	4.11650
1357.00000000	4.12158
1357.50000000	4.12651
1358.00000000	4.13010
1358.50000000	4.13387
1359.00000000	4.13753
1359.50000000	4.14210
1360.00000000	4.14523
1360.50000000	4.14611
1361.00000000	4.14597
1361.50000000	4.14515
1362.00000000	4.14364
1362.50000000	4.14084
1363.00000000	4.13631
1363.50000000	4.12931
1364.00000000	4.12246
1364.50000000	4.11648
1365.00000000	4.10879
1365.50000000	4.10095
1366.00000000	4.09341
1366.50000000	4.08783
1367.00000000	4.08125
1367.50000000	4.07577
1368.00000000	4.07167
1368.50000000	4.06861
1369.00000000	4.06466
1369.50000000	4.05719
1370.00000000	4.04902
1370.50000000	4.04085
1371.00000000	4.03283
1371.50000000	4.02556
1372.00000000	4.01960
1372.50000000	4.01394
1373.00000000	4.00945
1373.50000000	4.00251
1374.00000000	3.99617
1374.50000000	3.99166
1375.00000000	3.98779
1375.50000000	3.98259
1376.00000000	3.97876
1376.50000000	3.97711
1377.00000000	3.97464
1377.50000000	3.97075
1378.00000000	3.96628
1378.50000000	3.96269
1379.00000000	3.95931
1379.50000000	3.95585
1380.00000000	3.95405
1380.50000000	3.95145
1381.00000000	3.94744
1381.50000000	3.94447
1382.00000000	3.93933
1382.50000000	3.93471
1383.00000000	3.92878
1383.50000000	3.92512
1384.00000000	3.92224
1384.50000000	3.91758
1385.00000000	3.91175
1385.50000000	3.90729
1386.00000000	3.90435
1386.50000000	3.90263
1387.00000000	3.89979
1387.50000000	3.89715
1388.00000000	3.89285
1388.50000000	3.88942
1389.00000000	3.88941
1389.50000000	3.88970
1390.00000000	3.88876
1390.50000000	3.88866
1391.00000000	3.88931
1391.50000000	3.89234
1392.00000000	3.89358
1392.50000000	3.89520
1393.00000000	3.89705
1393.50000000	3.89694
1394.00000000	3.89536
1394.50000000	3.89158
1395.00000000	3.88587
1395.50000000	3.88056
1396.00000000	3.87913
1396.50000000	3.87827
1397.00000000	3.87773
1397.50000000	3.87910
1398.00000000	3.88033
1398.50000000	3.88352
1399.00000000	3.88350
1399.50000000	3.88063
1400.00000000	3.87799
1400.50000000	3.87358
1401.00000000	3.87263
1401.50000000	3.87236
1402.00000000	3.87273
1402.50000000	3.87050
1403.00000000	3.86989
1403.50000000	3.87132
1404.00000000	3.87015
1404.50000000	3.87039
1405.00000000	3.87050
1405.50000000	3.87004
1406.00000000	3.86956
1406.50000000	3.86995
1407.00000000	3.87059
1407.50000000	3.87014
1408.00000000	3.86992
1408.50000000	3.87037
1409.00000000	3.87096
1409.50000000	3.87175
1410.00000000	3.87194
1410.50000000	3.87082
1411.00000000	3.87065
1411.50000000	3.87069
1412.00000000	3.86904
1412.50000000	3.86911
1413.00000000	3.87032
1413.50000000	3.87235
1414.00000000	3.87695
1414.50000000	3.88097
1415.00000000	3.88537
1415.50000000	3.88913
1416.00000000	3.89435
1416.50000000	3.89889
1417.00000000	3.90503
1417.50000000	3.91045
1418.00000000	3.91432
1418.50000000	3.91652
1419.00000000	3.91694
1419.50000000	3.91768
1420.00000000	3.91845
1420.50000000	3.91913
1421.00000000	3.91901
1421.50000000	3.91930
1422.00000000	3.92051
1422.50000000	3.92084
1423.00000000	3.92157
1423.50000000	3.92073
1424.00000000	3.92078
1424.50000000	3.91834
1425.00000000	3.91421
1425.50000000	3.90985
1426.00000000	3.90574
1426.50000000	3.90401
1427.00000000	3.90350
1427.50000000	3.90341
1428.00000000	3.90276
1428.50000000	3.90210
1429.00000000	3.90144
1429.50000000	3.90065
1430.00000000	3.90136
1430.50000000	3.90198
1431.00000000	3.90316
1431.50000000	3.90608
1432.00000000	3.91160
1432.50000000	3.91577
1433.00000000	3.91696
1433.50000000	3.91979
1434.00000000	3.92349
1434.50000000	3.92475
1435.00000000	3.92728
1435.50000000	3.93081
1436.00000000	3.93370
1436.50000000	3.93760
1437.00000000	3.94269
1437.50000000	3.94692
1438.00000000	3.95021
1438.50000000	3.95314
1439.00000000	3.95327
1439.50000000	3.95274
1440.00000000	3.95347
1440.50000000	3.95349
1441.00000000	3.95319
1441.50000000	3.95265
1442.00000000	3.95142
1442.50000000	3.95076
1443.00000000	3.95134
1443.50000000	3.95313
1444.00000000	3.95197
1444.50000000	3.94913
1445.00000000	3.94944
1445.50000000	3.95026
1446.00000000	3.94932
1446.50000000	3.94870
1447.00000000	3.94654
1447.50000000	3.94380
1448.00000000	3.94170
1448.50000000	3.94152
1449.00000000	3.93973
1449.50000000	3.93948
1450.00000000	3.94021
1450.50000000	3.94137
1451.00000000	3.94379
1451.50000000	3.94350
1452.00000000	3.94244
1452.50000000	3.93964
1453.00000000	3.93805
1453.50000000	3.93740
1454.00000000	3.93767
1454.50000000	3.93657
1455.00000000	3.93465
1455.50000000	3.93244
1456.00000000	3.93147
1456.50000000	3.92971
1457.00000000	3.92855
1457.50000000	3.92722
1458.00000000	3.92711
1458.50000000	3.92782
1459.00000000	3.93028
1459.50000000	3.92944
1460.00000000	3.92786
1460.50000000	3.92631
1461.00000000	3.92534
1461.50000000	3.92405
1462.00000000	3.92165
1462.50000000	3.92206
1463.00000000	3.92287
1463.50000000	3.92004
1464.00000000	3.91811
1464.50000000	3.91697
1465.00000000	3.91753
1465.50000000	3.91617
1466.00000000	3.91628
1466.50000000	3.91905
1467.00000000	3.91977
1467.50000000	3.92011
1468.00000000	3.91996
1468.50000000	3.91776
1469.00000000	3.91400
1469.50000000	3.91301
1470.00000000	3.91078
1470.50000000	3.91140
1471.00000000	3.91305
1471.50000000	3.91396
1472.00000000	3.91161
1472.50000000	3.91050
1473.00000000	3.90917
1473.50000000	3.90747
1474.00000000	3.90551
1474.50000000	3.90202
1475.00000000	3.89681
1475.50000000	3.89445
1476.00000000	3.88879
1476.50000000	3.88428
1477.00000000	3.87827
1477.50000000	3.87348
1478.00000000	3.86761
1478.50000000	3.86431
1479.00000000	3.86230
1479.50000000	3.85829
1480.00000000	3.85440
1480.50000000	3.84930
1481.00000000	3.84562
1481.50000000	3.84394
1482.00000000	3.84203
1482.50000000	3.83892
1483.00000000	3.83680
1483.50000000	3.83581
1484.00000000	3.83393
1484.50000000	3.82974
1485.00000000	3.82329
1485.50000000	3.81824
1486.00000000	3.81318
1486.50000000	3.80910
1487.00000000	3.80460
1487.50000000	3.79988
1488.00000000	3.79781
1488.50000000	3.79599
1489.00000000	3.79499
1489.50000000	3.79432
1490.00000000	3.79342
1490.50000000	3.79283
1491.00000000	3.79195
1491.50000000	3.79096
1492.00000000	3.79135
1492.50000000	3.79499
1493.00000000	3.80094
1493.50000000	3.80747
1494.00000000	3.81461
1494.50000000	3.81887
1495.00000000	3.82310
1495.50000000	3.82746
1496.00000000	3.83218
1496.50000000	3.83554
1497.00000000	3.83875
1497.50000000	3.84096
1498.00000000	3.84402
1498.50000000	3.84844
1499.00000000	3.85341
1499.50000000	3.85628
1500.00000000	3.85808
1500.50000000	3.86041
1501.00000000	3.86184
1501.50000000	3.86587
1502.00000000	3.87004
1502.50000000	3.87513
1503.00000000	3.87933
1503.50000000	3.88499
1504.00000000	3.88872
1504.50000000	3.89371
1505.00000000	3.89970
1505.50000000	3.90625
1506.00000000	3.91004
1506.50000000	3.91458
1507.00000000	3.91886
1507.50000000	3.92564
1508.00000000	3.92910
1508.50000000	3.93198
1509.00000000	3.93683
1509.50000000	3.94345
1510.00000000	3.95215
1510.50000000	3.96034
1511.00000000	3.96928
1511.50000000	3.97874
1512.00000000	3.98803
1512.50000000	3.99892
1513.00000000	4.00615
1513.50000000	4.01084
1514.00000000	4.01455
1514.50000000	4.01914
1515.00000000	4.02207
1515.50000000	4.02525
1516.00000000	4.02771
1516.50000000	4.03033
1517.00000000	4.03351
1517.50000000	4.03811
1518.00000000	4.04207
1518.50000000	4.04496
1519.00000000	4.04839
1519.50000000	4.05078
1520.00000000	4.05182
1520.50000000	4.05237
1521.00000000	4.05309
1521.50000000	4.05504
1522.00000000	4.05642
1522.50000000	4.05618
1523.00000000	4.05543
1523.50000000	4.05629
1524.00000000	4.05817
1524.50000000	4.06338
1525.00000000	4.06630
1525.50000000	4.06782
1526.00000000	4.06695
1526.50000000	4.06714
1527.00000000	4.06744
1527.50000000	4.06909
1528.00000000	4.07164
1528.50000000	4.07827
1529.00000000	4.08330
1529.50000000	4.08666
1530.00000000	4.08931
1530.50000000	4.09383
1531.00000000	4.09565
1531.50000000	4.09767
1532.00000000	4.10097
1532.50000000	4.10418
1533.00000000	4.10657
1533.50000000	4.10854
1534.00000000	4.11054
1534.50000000	4.11132
1535.00000000	4.11292
1535.50000000	4.11482
1536.00000000	4.11947
1536.50000000	4.12093
1537.00000000	4.12008
1537.50000000	4.12015
1538.00000000	4.11985
1538.50000000	4.12090
1539.00000000	4.12345
1539.50000000	4.12890
1540.00000000	4.13509
1540.50000000	4.14037
1541.00000000	4.14402
1541.50000000	4.14737
1542.00000000	4.15181
1542.50000000	4.15834
1543.00000000	4.16482
1543.50000000	4.17012
1544.00000000	4.17678
1544.50000000	4.18469
1545.00000000	4.19039
1545.50000000	4.19522
1546.00000000	4.20164
1546.50000000	4.20541
1547.00000000	4.20787
1547.50000000	4.21123
1548.00000000	4.21476
1548.50000000	4.21783
1549.00000000	4.21995
1549.50000000	4.22226
1550.00000000	4.22355
1550.50000000	4.22488
1551.00000000	4.22478
1551.50000000	4.22606
1552.00000000	4.22824
1552.50000000	4.22961
1553.00000000	4.23113
1553.50000000	4.23250
1554.00000000	4.23238
1554.50000000	4.23416
1555.00000000	4.23573
1555.50000000	4.23836
1556.00000000	4.23986
1556.50000000	4.24237
1557.00000000	4.24439
1557.50000000	4.24669
1558.00000000	4.24911
1558.50000000	4.25265
1559.00000000	4.25469
1559.50000000	4.25612
1560.00000000	4.25935
1560.50000000	4.26348
1561.00000000	4.26927
1561.50000000	4.27284
1562.00000000	4.27772
1562.50000000	4.28526
1563.00000000	4.29056
1563.50000000	4.29518
1564.00000000	4.30011
1564.50000000	4.30722
1565.00000000	4.31233
1565.50000000	4.31860
1566.00000000	4.32316
1566.50000000	4.32624
1567.00000000	4.33091
1567.50000000	4.33710
1568.00000000	4.34490
1568.50000000	4.35062
1569.00000000	4.35535
1569.50000000	4.35840
1570.00000000	4.36233
1570.50000000	4.36625
1571.00000000	4.37064
1571.50000000	4.37483
1572.00000000	4.38055
1572.50000000	4.38451
1573.00000000	4.38958
1573.50000000	4.39508
1574.00000000	4.40265
1574.50000000	4.40841
1575.00000000	4.41096
1575.50000000	4.41304
1576.00000000	4.41371
1576.50000000	4.41439
1577.00000000	4.41655
1577.50000000	4.41825
1578.00000000	4.42094
1578.50000000	4.42498
1579.00000000	4.42973
1579.50000000	4.43337
1580.00000000	4.43468
1580.50000000	4.43451
1581.00000000	4.43837
1581.50000000	4.44087
1582.00000000	4.44517
1582.50000000	4.44918
1583.00000000	4.45206
1583.50000000	4.45478
1584.00000000	4.45592
1584.50000000	4.45536
1585.00000000	4.45510
1585.50000000	4.45488
1586.00000000	4.45383
1586.50000000	4.45260
1587.00000000	4.45072
1587.50000000	4.45038
1588.00000000	4.45326
1588.50000000	4.45683
1589.00000000	4.46223
1589.50000000	4.46771
1590.00000000	4.47318
1590.50000000	4.47794
1591.00000000	4.48426
1591.50000000	4.49161
1592.00000000	4.49817
1592.50000000	4.50266
1593.00000000	4.50493
1593.50000000	4.50815
1594.00000000	4.50883
1594.50000000	4.51140
1595.00000000	4.51219
1595.50000000	4.51284
1596.00000000	4.51621
1596.50000000	4.51772
1597.00000000	4.51825
1597.50000000	4.51921
1598.00000000	4.51759
1598.50000000	4.51586
1599.00000000	4.51575
1599.50000000	4.51565
1600.00000000	4.51788
1600.50000000	4.52046
1601.00000000	4.52326
1601.50000000	4.52416
1602.00000000	4.52224
1602.50000000	4.52037
1603.00000000	4.51748
1603.50000000	4.51286
1604.00000000	4.50995
1604.50000000	4.50887
1605.00000000	4.51019
1605.50000000	4.50977
1606.00000000	4.50937
1606.50000000	4.51075
1607.00000000	4.51233
1607.50000000	4.51392
1608.00000000	4.51231
1608.50000000	4.50728
1609.00000000	4.50181
1609.50000000	4.49727
1610.00000000	4.49223
1610.50000000	4.48587
1611.00000000	4.48028
1611.50000000	4.47494
1612.00000000	4.46979
1612.50000000	4.46493
1613.00000000	4.46207
1613.50000000	4.45900
1614.00000000	4.45501
1614.50000000	4.45136
1615.00000000	4.45054
1615.50000000	4.45023
1616.00000000	4.44769
1616.50000000	4.44484
1617.00000000	4.44401
1617.50000000	4.44300
1618.00000000	4.44245
1618.50000000	4.44334
1619.00000000	4.44579
1619.50000000	4.44771
1620.00000000	4.45043
1620.50000000	4.45341
1621.00000000	4.45569
1621.50000000	4.45704
1622.00000000	4.45850
1622.50000000	4.46182
1623.00000000	4.46295
1623.50000000	4.46465
1624.00000000	4.46617
1624.50000000	4.46719
1625.00000000	4.46539
1625.50000000	4.46474
1626.00000000	4.46246
1626.50000000	4.45946
1627.00000000	4.45558
1627.50000000	4.45176
1628.00000000	4.44466
1628.50000000	4.43894
1629.00000000	4.43330
1629.50000000	4.42681
1630.00000000	4.42350
1630.50000000	4.41813
1631.00000000	4.41449
1631.50000000	4.41310
1632.00000000	4.41237
1632.50000000	4.41406
1633.00000000	4.41718
1633.50000000	4.42044
1634.00000000	4.42023
1634.50000000	4.41949
1635.00000000	4.41896
1635.50000000	4.41904
1636.00000000	4.41915
1636.50000000	4.41837
1637.00000000	4.41553
1637.50000000	4.41301
1638.00000000	4.41160
1638.50000000	4.41068
1639.00000000	4.40882
1639.50000000	4.40469
1640.00000000	4.40079
1640.50000000	4.39637
1641.00000000	4.39313
1641.50000000	4.39305
1642.00000000	4.39421
1642.50000000	4.39557
1643.00000000	4.39651
1643.50000000	4.39568
1644.00000000	4.39737
1644.50000000	4.39767
1645.00000000	4.39620
1645.50000000	4.39531
1646.00000000	4.39395
1646.50000000	4.39319
1647.00000000	4.39031
1647.50000000	4.38711
1648.00000000	4.38724
1648.50000000	4.38697
1649.00000000	4.38551
1649.50000000	4.38493
1650.00000000	4.38342
1650.50000000	4.38291
1651.00000000	4.38543
1651.50000000	4.38827
1652.00000000	4.39065
1652.50000000	4.39329
1653.00000000	4.39650
1653.50000000	4.39854
1654.00000000	4.40083
1654.50000000	4.40277
1655.00000000	4.40296
1655.50000000	4.40315
1656.00000000	4.40621
1656.50000000	4.41111
1657.00000000	4.41668
1657.50000000	4.42267
1658.00000000	4.42789
1658.50000000	4.43126
1659.00000000	4.43404
1659.50000000	4.43551
1660.00000000	4.44089
1660.50000000	4.44851
1661.00000000	4.45429
1661.50000000	4.46152
1662.00000000	4.46777
1662.50000000	4.47369
1663.00000000	4.48171
1663.50000000	4.48826
1664.00000000	4.49633
1664.50000000	4.50359
1665.00000000	4.51064
1665.50000000	4.51831
1666.00000000	4.52775
1666.50000000	4.53781
1667.00000000	4.54647
1667.50000000	4.55570
1668.00000000	4.56462
1668.50000000	4.57258
1669.00000000	4.57900
1669.50000000	4.58268
1670.00000000	4.58646
1670.50000000	4.58705
1671.00000000	4.58711
1671.50000000	4.58944
1672.00000000	4.59286
1672.50000000	4.59567
1673.00000000	4.59850
1673.50000000	4.60265
1674.00000000	4.60805
1674.50000000	4.61404
1675.00000000	4.61911
1675.50000000	4.62266
1676.00000000	4.62474
1676.50000000	4.62734
1677.00000000	4.62904
1677.50000000	4.63120
1678.00000000	4.63304
1678.50000000	4.63178
1679.00000000	4.63234
1679.50000000	4.63158
1680.00000000	4.63122
1680.50000000	4.62875
1681.00000000	4.62541
1681.50000000	4.62246
1682.00000000	4.61793
1682.50000000	4.61399
1683.00000000	4.60980
1683.50000000	4.60453
1684.00000000	4.59855
1684.50000000	4.59307
1685.00000000	4.58495
1685.50000000	4.57780
1686.00000000	4.57140
1686.50000000	4.56495
1687.00000000	4.55987
1687.50000000	4.55501
1688.00000000	4.54865
1688.50000000	4.54445
1689.00000000	4.54183
1689.50000000	4.53878
1690.00000000	4.53273
1690.50000000	4.52612
1691.00000000	4.52081
1691.50000000	4.51643
1692.00000000	4.51262
1692.50000000	4.50863
1693.00000000	4.50250
1693.50000000	4.49648
1694.00000000	4.49081
1694.50000000	4.48510
1695.00000000	4.47897
1695.50000000	4.47515
1696.00000000	4.47207
1696.50000000	4.46941
1697.00000000	4.46801
1697.50000000	4.46674
1698.00000000	4.46631
1698.50000000	4.46495
1699.00000000	4.46150
1699.50000000	4.45765
1700.00000000	4.45227
1700.50000000	4.44771
1701.00000000	4.44209
1701.50000000	4.43581
1702.00000000	4.42954
1702.50000000	4.42499
1703.00000000	4.41761
1703.50000000	4.41022
1704.00000000	4.40183
1704.50000000	4.39407
1705.00000000	4.38336
1705.50000000	4.37372
1706.00000000	4.36345
1706.50000000	4.35588
1707.00000000	4.34750
1707.50000000	4.33886
1708.00000000	4.32957
1708.50000000	4.32120
1709.00000000	4.31325
1709.50000000	4.30615
1710.00000000	4.30131
1710.50000000	4.29376
1711.00000000	4.28844
1711.50000000	4.28130
1712.00000000	4.27670
1712.50000000	4.27170
1713.00000000	4.26823
1713.50000000	4.26313
1714.00000000	4.25874
1714.50000000	4.25497
1715.00000000	4.25327
1715.50000000	4.24821
1716.00000000	4.24257
1716.50000000	4.23543
1717.00000000	4.22798
1717.50000000	4.22218
1718.00000000	4.21482
1718.50000000	4.20815
1719.00000000	4.20127
1719.50000000	4.19434
1720.00000000	4.18646
1720.50000000	4.17824
1721.00000000	4.17137
1721.50000000	4.16504
1722.00000000	4.15753
1722.50000000	4.15041
1723.00000000	4.14285
1723.50000000	4.13546
1724.00000000	4.12856
1724.50000000	4.12384
1725.00000000	4.11849
1725.50000000	4.11204
1726.00000000	4.10549
1726.50000000	4.10311
1727.00000000	4.09829
1727.50000000	4.09486
1728.00000000	4.09254
1728.50000000	4.08988
1729.00000000	4.08904
1729.50000000	4.08753
1730.00000000	4.08392
1730.50000000	4.08139
1731.00000000	4.07838
1731.50000000	4.07676
1732.00000000	4.07385
1732.50000000	4.07149
1733.00000000	4.06700
1733.50000000	4.06460
1734.00000000	4.06222
1734.50000000	4.05984
1735.00000000	4.05536
1735.50000000	4.05111
1736.00000000	4.04921
1736.50000000	4.04764
1737.00000000	4.04688
1737.50000000	4.04639
1738.00000000	4.04875
1738.50000000	4.05036
1739.00000000	4.04932
1739.50000000	4.04922
1740.00000000	4.05137
1740.50000000	4.05311
1741.00000000	4.05418
1741.50000000	4.05710
1742.00000000	4.05735
1742.50000000	4.05930
1743.00000000	4.05969
1743.50000000	4.05952
1744.00000000	4.06116
1744.50000000	4.06291
1745.00000000	4.06477
1745.50000000	4.06656
1746.00000000	4.06901
1746.50000000	4.06998
1747.00000000	4.07130
1747.50000000	4.07311
1748.00000000	4.07553
1748.50000000	4.07696
1749.00000000	4.07949
1749.50000000	4.08080
1750.00000000	4.08309
1750.50000000	4.08675
1751.00000000	4.09088
1751.50000000	4.09351
1752.00000000	4.09499
1752.50000000	4.09886
1753.00000000	4.10220
1753.50000000	4.10179
1754.00000000	4.10134
1754.50000000	4.09995
1755.00000000	4.10049
1755.50000000	4.10174
1756.00000000	4.10378
1756.50000000	4.10463
1757.00000000	4.10618
1757.50000000	4.10943
1758.00000000	4.11325
1758.50000000	4.11531
1759.00000000	4.11545
1759.50000000	4.11780
1760.00000000	4.12086
1760.50000000	4.12235
1761.00000000	4.12121
1761.50000000	4.11827
1762.00000000	4.11911
1762.50000000	4.11996
1763.00000000	4.12388
1763.50000000	4.12752
1764.00000000	4.13051
1764.50000000	4.12969
1765.00000000	4.12887
1765.50000000	4.12805
1766.00000000	4.12564
1766.50000000	4.12524
1767.00000000	4.12558
1767.50000000	4.12533
1768.00000000	4.12634
1768.50000000	4.12946
1769.00000000	4.13191
1769.50000000	4.13528
1770.00000000	4.14145
1770.50000000	4.14790
1771.00000000	4.15307
1771.50000000	4.15954
1772.00000000	4.16180
1772.50000000	4.16484
1773.00000000	4.17014
1773.50000000	4.17672
1774.00000000	4.18179
1774.50000000	4.18552
1775.00000000	4.18877
1775.50000000	4.19226
1776.00000000	4.19396
1776.50000000	4.19672
1777.00000000	4.19929
1777.50000000	4.20189
1778.00000000	4.20407
1778.50000000	4.20669
1779.00000000	4.21101
1779.50000000	4.21457
1780.00000000	4.21737
1780.50000000	4.21893
1781.00000000	4.21829
1781.50000000	4.21944
1782.00000000	4.21796
1782.50000000	4.21833
1783.00000000	4.21916
1783.50000000	4.22161
1784.00000000	4.22218
1784.50000000	4.22086
1785.00000000	4.21961
1785.50000000	4.21946
1786.00000000	4.22089
1786.50000000	4.22221
1787.00000000	4.22298
1787.50000000	4.22353
1788.00000000	4.22374
1788.50000000	4.22521
1789.00000000	4.22512
1789.50000000	4.22633
1790.00000000	4.22804
1790.50000000	4.22793
1791.00000000	4.22854
1791.50000000	4.23025
1792.00000000	4.23251
1792.50000000	4.23378
1793.00000000	4.23492
1793.50000000	4.23220
1794.00000000	4.22819
1794.50000000	4.22499
1795.00000000	4.22162
1795.50000000	4.22057
1796.00000000	4.21878
1796.50000000	4.21868
1797.00000000	4.21998
1797.50000000	4.21900
1798.00000000	4.21755
1798.50000000	4.21451
1799.00000000	4.21256
1799.50000000	4.21250
1800.00000000	4.21311
1800.50000000	4.21149
1801.00000000	4.21166
1801.50000000	4.21157
1802.00000000	4.21083
1802.50000000	4.21159
1803.00000000	4.21210
1803.50000000	4.21156
1804.00000000	4.21111
1804.50000000	4.21107
1805.00000000	4.20905
1805.50000000	4.20723
1806.00000000	4.20518
1806.50000000	4.20133
1807.00000000	4.19761
1807.50000000	4.19295
1808.00000000	4.18639
1808.50000000	4.18048
1809.00000000	4.17320
1809.50000000	4.16496
1810.00000000	4.16064
1810.50000000	4.15787
1811.00000000	4.15351
1811.50000000	4.14908
1812.00000000	4.14628
1812.50000000	4.14222
1813.00000000	4.13883
1813.50000000	4.13672
1814.00000000	4.13377
1814.50000000	4.12967
1815.00000000	4.12816
1815.50000000	4.12308
1816.00000000	4.11940
1816.50000000	4.11718
1817.00000000	4.11766
1817.50000000	4.11625
1818.00000000	4.11510
1818.50000000	4.11301
1819.00000000	4.11048
1819.50000000	4.10751
1820.00000000	4.10473
1820.50000000	4.09924
1821.00000000	4.09396
1821.50000000	4.09013
1822.00000000	4.08616
1822.50000000	4.08174
1823.00000000	4.07948
1823.50000000	4.07650
1824.00000000	4.07309
1824.50000000	4.06750
1825.00000000	4.06094
1825.50000000	4.05250
1826.00000000	4.04495
1826.50000000	4.03479
1827.00000000	4.02532
1827.50000000	4.01720
1828.00000000	4.01053
1828.50000000	4.00607
1829.00000000	4.00316
1829.50000000	3.99908
1830.00000000	3.99674
1830.50000000	3.99778
1831.00000000	3.99971
1831.50000000	4.00047
1832.00000000	3.99955
1832.50000000	3.99885
1833.00000000	3.99632
1833.50000000	3.99335
1834.00000000	3.99135
1834.50000000	3.98866
