0.00000000	2.13738
0.50000000	2.13515
1.00000000	2.13436
1.50000000	2.13161
2.00000000	2.12753
2.50000000	2.12448
3.00000000	2.11845
3.50000000	2.11129
4.00000000	2.10306
4.50000000	2.09198
5.00000000	2.08264
5.50000000	2.07105
6.00000000	2.05830
6.50000000	2.04825
7.00000000	2.03761
7.50000000	2.02607
8.00000000	2.01733
8.50000000	2.00848
9.00000000	1.99744
9.50000000	1.98427
10.00000000	1.97597
10.50000000	1.96778
11.00000000	1.96125
11.50000000	1.95318
12.00000000	1.94428
12.50000000	1.93531
13.00000000	1.93054
13.50000000	1.92687
14.00000000	1.92286
14.50000000	1.91818
15.00000000	1.91251
15.50000000	1.90653
16.00000000	1.90106
16.50000000	1.89676
17.00000000	1.89278
17.50000000	1.89023
18.00000000	1.88849
18.50000000	1.88645
19.00000000	1.88649
19.50000000	1.88706
20.00000000	1.88437
20.50000000	1.88423
21.00000000	1.88378
21.50000000	1.88197
22.00000000	1.88087
22.50000000	1.88052
23.00000000	1.87908
23.50000000	1.87683
24.00000000	1.87239
24.50000000	1.87026
25.00000000	1.86756
25.50000000	1.86528
26.00000000	1.86459
26.50000000	1.86562
27.00000000	1.86723
27.50000000	1.86725
28.00000000	1.86652
28.50000000	1.86533
29.00000000	1.86444
29.50000000	1.86041
30.00000000	1.85817
30.50000000	1.85637
31.00000000	1.85428
31.50000000	1.85457
32.00000000	1.85226
32.50000000	1.84827
33.00000000	1.84226
33.50000000	1.83588
34.00000000	1.83023
34.50000000	1.82419
35.00000000	1.81957
35.50000000	1.81463
36.00000000	1.81210
36.50000000	1.81009
37.00000000	1.80766
37.50000000	1.80457
38.00000000	1.80421
38.50000000	1.80488
39.00000000	1.80630
39.50000000	1.80810
40.00000000	1.81088
40.50000000	1.81476
41.00000000	1.81631
41.50000000	1.81571
42.00000000	1.81351
42.50000000	1.81032
43.00000000	1.80835
43.50000000	1.80600
44.00000000	1.80553
44.50000000	1.80489
45.00000000	1.80553
45.50000000	1.80694
46.00000000	1.80871
46.50000000	1.81025
47.00000000	1.81351
47.50000000	1.81449
48.00000000	1.81389
48.50000000	1.81294
49.00000000	1.81380
49.50000000	1.81813
50.00000000	1.82223
50.50000000	1.82345
51.00000000	1.82482
51.50000000	1.82835
52.00000000	1.83295
52.50000000	1.83753
53.00000000	1.84134
53.50000000	1.84530
54.00000000	1.85066
54.50000000	1.85486
55.00000000	1.86072
55.50000000	1.86753
56.00000000	1.87155
56.50000000	1.87490
57.00000000	1.87886
57.50000000	1.88307
58.00000000	1.88636
58.50000000	1.89240
59.00000000	1.89981
59.50000000	1.90833
60.00000000	1.91734
60.50000000	1.92400
61.00000000	1.93041
61.50000000	1.93609
62.00000000	1.94427
62.50000000	1.94944
63.00000000	1.95365
63.50000000	1.95634
64.00000000	1.96144
64.50000000	1.96788
65.00000000	1.97342
65.50000000	1.97922
66.00000000	1.98654
66.50000000	1.99199
67.00000000	1.99686
67.50000000	2.00194
68.00000000	2.00794
68.50000000	2.01195
69.00000000	2.01690
69.50000000	2.02395
70.00000000	2.03091
70.50000000	2.03670
71.00000000	2.04020
71.50000000	2.04225
72.00000000	2.04656
72.50000000	2.05206
73.00000000	2.05752
73.50000000	2.06239
74.00000000	2.06826
74.50000000	2.07179
75.00000000	2.07792
75.50000000	2.08186
76.00000000	2.08586
76.50000000	2.08856
77.00000000	2.08957
77.50000000	2.08931
78.00000000	2.09035
78.50000000	2.09245
79.00000000	2.09483
79.50000000	2.09767
80.00000000	2.09999
80.50000000	2.10303
81.00000000	2.10647
81.50000000	2.10868
82.00000000	2.11234
82.50000000	2.11572
83.00000000	2.11870
83.50000000	2.11989
84.00000000	2.11961
84.50000000	2.11688
85.00000000	2.11262
85.50000000	2.10806
86.00000000	2.10287
86.50000000	2.09866
87.00000000	2.09438
87.50000000	2.09046
88.00000000	2.08666
88.50000000	2.08362
89.00000000	2.08381
89.50000000	2.08257
90.00000000	2.07990
90.50000000	2.07694
91.00000000	2.07155
91.50000000	2.06606
92.00000000	2.05946
92.50000000	2.05311
93.00000000	2.04570
93.50000000	2.03890
94.00000000	2.03464
94.50000000	2.03204
95.00000000	2.03006
95.50000000	2.02722
96.00000000	2.02448
96.50000000	2.02094
97.00000000	2.01522
97.50000000	2.01086
98.00000000	2.00544
98.50000000	2.00079
99.00000000	1.99490
99.50000000	1.98770
100.00000000	1.98014
100.50000000	1.97284
101.00000000	1.96438
101.50000000	1.95522
102.00000000	1.94686
102.50000000	1.93953
103.00000000	1.92871
103.50000000	1.92055
104.00000000	1.91342
104.50000000	1.90443
105.00000000	1.89668
105.50000000	1.88972
106.00000000	1.88383
106.50000000	1.87667
107.00000000	1.86922
107.50000000	1.85862
108.00000000	1.84989
108.50000000	1.84058
109.00000000	1.82921
109.50000000	1.82041
110.00000000	1.81048
110.50000000	1.79944
111.00000000	1.78927
111.50000000	1.77806
112.00000000	1.76771
112.50000000	1.75729
113.00000000	1.74725
113.50000000	1.73873
114.00000000	1.73353
114.50000000	1.73064
115.00000000	1.72864
115.50000000	1.72648
116.00000000	1.72585
116.50000000	1.72271
117.00000000	1.71920
117.50000000	1.71621
118.00000000	1.71213
118.50000000	1.70732
119.00000000	1.70374
119.50000000	1.69973
120.00000000	1.69563
120.50000000	1.69249
121.00000000	1.69058
121.50000000	1.68902
122.00000000	1.68864
122.50000000	1.68752
123.00000000	1.68610
123.50000000	1.68741
124.00000000	1.69111
124.50000000	1.69819
125.00000000	1.70678
125.50000000	1.71670
126.00000000	1.72520
126.50000000	1.73173
127.00000000	1.73829
127.50000000	1.74659
128.00000000	1.75649
128.50000000	1.76759
129.00000000	1.78131
129.50000000	1.79550
130.00000000	1.80934
130.50000000	1.82302
131.00000000	1.83570
131.50000000	1.84836
132.00000000	1.86043
132.50000000	1.87458
133.00000000	1.88460
133.50000000	1.89391
134.00000000	1.90334
134.50000000	1.90966
135.00000000	1.91717
135.50000000	1.92265
136.00000000	1.92907
136.50000000	1.93807
137.00000000	1.94835
137.50000000	1.95771
138.00000000	1.96745
138.50000000	1.97761
139.00000000	1.98733
139.50000000	1.99793
140.00000000	2.00859
140.50000000	2.01927
141.00000000	2.02882
141.50000000	2.03904
142.00000000	2.04780
142.50000000	2.05422
143.00000000	2.05876
143.50000000	2.06476
144.00000000	2.07143
144.50000000	2.07583
145.00000000	2.08190
145.50000000	2.09221
146.00000000	2.10355
146.50000000	2.11171
147.00000000	2.11801
147.50000000	2.12284
148.00000000	2.12971
148.50000000	2.13464
149.00000000	2.13824
149.50000000	2.14044
150.00000000	2.14207
150.50000000	2.14471
151.00000000	2.14817
151.50000000	2.15176
152.00000000	2.15459
152.50000000	2.15499
153.00000000	2.15494
153.50000000	2.15495
154.00000000	2.15432
154.50000000	2.15268
155.00000000	2.15104
155.50000000	2.14991
156.00000000	2.15161
156.50000000	2.15113
157.00000000	2.15213
157.50000000	2.15335
158.00000000	2.15572
158.50000000	2.15795
159.00000000	2.15983
159.50000000	2.15967
160.00000000	2.15774
160.50000000	2.15630
161.00000000	2.15560
161.50000000	2.15716
162.00000000	2.15700
162.50000000	2.15684
163.00000000	2.15664
163.50000000	2.15546
164.00000000	2.15298
164.50000000	2.15018
165.00000000	2.14727
165.50000000	2.14503
166.00000000	2.14105
166.50000000	2.13876
167.00000000	2.13725
167.50000000	2.13347
168.00000000	2.13161
168.50000000	2.12980
169.00000000	2.12926
169.50000000	2.12769
170.00000000	2.12629
170.50000000	2.12468
171.00000000	2.12374
171.50000000	2.12109
172.00000000	2.11361
172.50000000	2.10781
173.00000000	2.10406
173.50000000	2.10238
174.00000000	2.09980
174.50000000	2.09667
175.00000000	2.09665
175.50000000	2.09632
176.00000000	2.09427
176.50000000	2.09088
177.00000000	2.08650
177.50000000	2.08271
178.00000000	2.07940
178.50000000	2.07523
179.00000000	2.07332
179.50000000	2.07163
180.00000000	2.06936
180.50000000	2.06803
181.00000000	2.06762
181.50000000	2.06818
182.00000000	2.06836
182.50000000	2.06890
183.00000000	2.07195
183.50000000	2.07409
184.00000000	2.07625
184.50000000	2.07863
185.00000000	2.08046
185.50000000	2.08245
186.00000000	2.08714
186.50000000	2.09046
187.00000000	2.09344
187.50000000	2.09387
188.00000000	2.09387
188.50000000	2.09417
189.00000000	2.09302
189.50000000	2.09312
190.00000000	2.09285
190.50000000	2.09346
191.00000000	2.09563
191.50000000	2.09706
192.00000000	2.09663
192.50000000	2.09406
193.00000000	2.09088
193.50000000	2.08588
194.00000000	2.08041
194.50000000	2.07715
195.00000000	2.07153
195.50000000	2.06477
196.00000000	2.05767
196.50000000	2.05194
197.00000000	2.04648
197.50000000	2.04258
198.00000000	2.04019
198.50000000	2.03546
199.00000000	2.03166
199.50000000	2.02834
200.00000000	2.02608
200.50000000	2.02353
201.00000000	2.01970
201.50000000	2.01505
202.00000000	2.00797
202.50000000	2.00069
203.00000000	1.99533
203.50000000	1.99055
204.00000000	1.98844
204.50000000	1.98627
205.00000000	1.98297
205.50000000	1.98030
206.00000000	1.97709
206.50000000	1.97570
207.00000000	1.97566
207.50000000	1.97387
208.00000000	1.97284
208.50000000	1.97140
209.00000000	1.96995
209.50000000	1.96925
210.00000000	1.96994
210.50000000	1.97020
211.00000000	1.96896
211.50000000	1.96761
212.00000000	1.96478
212.50000000	1.96042
213.00000000	1.95803
213.50000000	1.95612
214.00000000	1.95448
214.50000000	1.95552
215.00000000	1.95419
215.50000000	1.95333
216.00000000	1.95190
216.50000000	1.95138
217.00000000	1.95032
217.50000000	1.94950
218.00000000	1.94654
218.50000000	1.94430
219.00000000	1.94288
219.50000000	1.94325
220.00000000	1.94482
220.50000000	1.94487
221.00000000	1.94365
221.50000000	1.94062
222.00000000	1.93837
222.50000000	1.93613
223.00000000	1.93638
223.50000000	1.93691
224.00000000	1.93629
224.50000000	1.93499
225.00000000	1.93449
225.50000000	1.93668
226.00000000	1.93600
226.50000000	1.93507
227.00000000	1.93310
227.50000000	1.93117
228.00000000	1.93188
228.50000000	1.93312
229.00000000	1.93406
229.50000000	1.93466
230.00000000	1.93588
230.50000000	1.93892
231.00000000	1.94224
231.50000000	1.94672
232.00000000	1.95152
232.50000000	1.95698
233.00000000	1.95999
233.50000000	1.96351
234.00000000	1.96704
234.50000000	1.96889
235.00000000	1.96923
235.50000000	1.96874
236.00000000	1.97115
236.50000000	1.97257
237.00000000	1.97478
237.50000000	1.97497
238.00000000	1.97465
238.50000000	1.97757
239.00000000	1.97951
239.50000000	1.98225
240.00000000	1.98497
240.50000000	1.98757
241.00000000	1.99121
241.50000000	1.99399
242.00000000	1.99565
242.50000000	1.99826
243.00000000	1.99967
243.50000000	2.00227
244.00000000	2.00552
244.50000000	2.00994
245.00000000	2.01284
245.50000000	2.01574
246.00000000	2.01650
246.50000000	2.01851
247.00000000	2.02114
247.50000000	2.02417
248.00000000	2.02855
248.50000000	2.03360
249.00000000	2.03843
249.50000000	2.04308
250.00000000	2.04843
250.50000000	2.05293
251.00000000	2.05621
251.50000000	2.05957
252.00000000	2.06124
252.50000000	2.06192
253.00000000	2.06236
253.50000000	2.06187
254.00000000	2.06021
254.50000000	2.06013
255.00000000	2.06086
255.50000000	2.06354
256.00000000	2.06558
256.50000000	2.06621
257.00000000	2.06628
257.50000000	2.06514
258.00000000	2.06461
258.50000000	2.06353
259.00000000	2.06334
259.50000000	2.06461
260.00000000	2.06498
260.50000000	2.06425
261.00000000	2.06648
261.50000000	2.06404
262.00000000	2.06173
262.50000000	2.05989
263.00000000	2.06033
263.50000000	2.06155
264.00000000	2.06394
264.50000000	2.06541
265.00000000	2.06831
265.50000000	2.07173
266.00000000	2.07653
266.50000000	2.07818
267.00000000	2.08298
267.50000000	2.08660
268.00000000	2.08914
268.50000000	2.09064
269.00000000	2.09021
269.50000000	2.09134
270.00000000	2.09008
270.50000000	2.08692
271.00000000	2.08417
271.50000000	2.08295
272.00000000	2.08150
272.50000000	2.07904
273.00000000	2.08039
273.50000000	2.08443
274.00000000	2.08589
274.50000000	2.08655
275.00000000	2.08744
275.50000000	2.08880
276.00000000	2.08857
276.50000000	2.08757
277.00000000	2.08613
277.50000000	2.08463
278.00000000	2.08463
278.50000000	2.08325
279.00000000	2.08124
279.50000000	2.07971
280.00000000	2.07726
280.50000000	2.07200
281.00000000	2.06873
281.50000000	2.06513
282.00000000	2.06363
282.50000000	2.06354
283.00000000	2.06552
283.50000000	2.06646
284.00000000	2.06534
284.50000000	2.06163
285.00000000	2.05778
285.50000000	2.05501
286.00000000	2.05141
286.50000000	2.04763
287.00000000	2.04371
287.50000000	2.03956
288.00000000	2.03438
288.50000000	2.02908
289.00000000	2.02279
289.50000000	2.01392
290.00000000	2.00734
290.50000000	2.00144
291.00000000	1.99593
291.50000000	1.99125
292.00000000	1.98584
292.50000000	1.98105
293.00000000	1.97711
293.50000000	1.97376
294.00000000	1.96923
294.50000000	1.96395
295.00000000	1.95820
295.50000000	1.95166
296.00000000	1.94543
296.50000000	1.94162
297.00000000	1.93738
297.50000000	1.93495
298.00000000	1.93446
298.50000000	1.93560
299.00000000	1.93671
299.50000000	1.93784
300.00000000	1.93570
300.50000000	1.93074
301.00000000	1.92507
301.50000000	1.91810
302.00000000	1.91369
302.50000000	1.90794
303.00000000	1.90387
303.50000000	1.90143
304.00000000	1.90073
304.50000000	1.90050
305.00000000	1.90155
305.50000000	1.90432
306.00000000	1.90639
306.50000000	1.90682
307.00000000	1.90536
307.50000000	1.90231
308.00000000	1.89828
308.50000000	1.89388
309.00000000	1.88996
309.50000000	1.88645
310.00000000	1.88682
310.50000000	1.88673
311.00000000	1.88811
311.50000000	1.88896
312.00000000	1.88807
312.50000000	1.88873
313.00000000	1.89210
313.50000000	1.89454
314.00000000	1.89964
314.50000000	1.90371
315.00000000	1.90828
315.50000000	1.91369
316.00000000	1.91866
316.50000000	1.92165
317.00000000	1.92209
317.50000000	1.92315
318.00000000	1.92250
318.50000000	1.92146
319.00000000	1.92265
319.50000000	1.92501
320.00000000	1.92559
320.50000000	1.92656
321.00000000	1.92722
321.50000000	1.92820
322.00000000	1.92834
322.50000000	1.92869
323.00000000	1.92788
323.50000000	1.92730
324.00000000	1.93045
324.50000000	1.93544
325.00000000	1.93982
325.50000000	1.94245
326.00000000	1.94609
326.50000000	1.94862
327.00000000	1.95029
327.50000000	1.95173
328.00000000	1.95123
328.50000000	1.94983
329.00000000	1.94978
329.50000000	1.94882
330.00000000	1.94851
330.50000000	1.94753
331.00000000	1.94657
331.50000000	1.94680
332.00000000	1.94725
332.50000000	1.94723
333.00000000	1.94920
333.50000000	1.94981
334.00000000	1.94808
334.50000000	1.94801
335.00000000	1.94692
335.50000000	1.94374
336.00000000	1.94085
336.50000000	1.93677
337.00000000	1.93502
337.50000000	1.93405
338.00000000	1.93472
338.50000000	1.93531
339.00000000	1.93796
339.50000000	1.93893
340.00000000	1.93900
340.50000000	1.93962
341.00000000	1.94064
341.50000000	1.94233
342.00000000	1.94599
342.50000000	1.95117
343.00000000	1.95735
343.50000000	1.96584
344.00000000	1.97427
344.50000000	1.98049
345.00000000	1.98798
345.50000000	1.99600
346.00000000	2.00383
346.50000000	2.01023
347.00000000	2.01614
347.50000000	2.01990
348.00000000	2.02250
348.50000000	2.02491
349.00000000	2.02748
349.50000000	2.03022
350.00000000	2.03101
350.50000000	2.03155
351.00000000	2.03175
351.50000000	2.03076
352.00000000	2.02928
352.50000000	2.02657
353.00000000	2.02589
353.50000000	2.02561
354.00000000	2.02452
354.50000000	2.02190
355.00000000	2.01832
355.50000000	2.01502
356.00000000	2.01283
356.50000000	2.01177
357.00000000	2.01161
357.50000000	2.00898
358.00000000	2.00666
358.50000000	2.00350
359.00000000	1.99968
359.50000000	1.99440
360.00000000	1.99045
360.50000000	1.98836
361.00000000	1.98585
361.50000000	1.98591
362.00000000	1.98231
362.50000000	1.97856
363.00000000	1.97687
363.50000000	1.97549
364.00000000	1.97469
364.50000000	1.97450
365.00000000	1.97404
365.50000000	1.97514
366.00000000	1.97686
366.50000000	1.97948
367.00000000	1.98116
367.50000000	1.98638
368.00000000	1.98983
368.50000000	1.99192
369.00000000	1.99234
369.50000000	1.99401
370.00000000	1.99626
370.50000000	1.99850
371.00000000	1.99825
371.50000000	1.99842
372.00000000	1.99957
372.50000000	2.00150
373.00000000	2.00414
373.50000000	2.00443
374.00000000	2.00361
374.50000000	2.00278
375.00000000	2.00157
375.50000000	2.00096
376.00000000	1.99904
376.50000000	1.99496
377.00000000	1.98894
377.50000000	1.98669
378.00000000	1.98524
378.50000000	1.98351
379.00000000	1.98229
379.50000000	1.98118
380.00000000	1.98155
380.50000000	1.98010
381.00000000	1.97740
381.50000000	1.97724
382.00000000	1.97752
382.50000000	1.97751
383.00000000	1.97541
383.50000000	1.97318
384.00000000	1.97133
384.50000000	1.97031
385.00000000	1.96969
385.50000000	1.96823
386.00000000	1.96778
386.50000000	1.96791
387.00000000	1.96536
387.50000000	1.96288
388.00000000	1.96257
388.50000000	1.96196
389.00000000	1.96291
389.50000000	1.96174
390.00000000	1.95957
390.50000000	1.95829
391.00000000	1.95723
391.50000000	1.95604
392.00000000	1.95413
392.50000000	1.95189
393.00000000	1.94723
393.50000000	1.94277
394.00000000	1.94014
394.50000000	1.93803
395.00000000	1.93380
395.50000000	1.92796
396.00000000	1.92219
396.50000000	1.91739
397.00000000	1.91177
397.50000000	1.90735
398.00000000	1.90106
398.50000000	1.89662
399.00000000	1.89033
399.50000000	1.88621
400.00000000	1.88064
400.50000000	1.87473
401.00000000	1.87059
401.50000000	1.86515
402.00000000	1.86153
402.50000000	1.85686
403.00000000	1.85296
403.50000000	1.84871
404.00000000	1.84617
404.50000000	1.84251
405.00000000	1.84165
405.50000000	1.83845
406.00000000	1.83531
406.50000000	1.83075
407.00000000	1.82902
407.50000000	1.82818
408.00000000	1.82714
408.50000000	1.82563
409.00000000	1.82447
409.50000000	1.82225
410.00000000	1.82309
410.50000000	1.82534
411.00000000	1.82680
411.50000000	1.82813
412.00000000	1.83034
412.50000000	1.83277
413.00000000	1.83623
413.50000000	1.84073
414.00000000	1.84577
414.50000000	1.84819
415.00000000	1.84830
415.50000000	1.84833
416.00000000	1.84954
416.50000000	1.85011
417.00000000	1.85154
417.50000000	1.85130
418.00000000	1.85211
418.50000000	1.85291
419.00000000	1.85633
419.50000000	1.85770
420.00000000	1.85761
420.50000000	1.85452
421.00000000	1.85127
421.50000000	1.84971
422.00000000	1.85067
422.50000000	1.85145
423.00000000	1.85234
423.50000000	1.85227
424.00000000	1.85273
424.50000000	1.85413
425.00000000	1.85434
425.50000000	1.85464
426.00000000	1.85553
426.50000000	1.85674
427.00000000	1.85617
427.50000000	1.85374
428.00000000	1.85332
428.50000000	1.85371
429.00000000	1.85193
429.50000000	1.84960
430.00000000	1.84686
430.50000000	1.84617
431.00000000	1.84844
431.50000000	1.85052
432.00000000	1.85348
432.50000000	1.85760
433.00000000	1.86293
433.50000000	1.86644
434.00000000	1.87093
434.50000000	1.87413
435.00000000	1.87547
435.50000000	1.87643
436.00000000	1.87760
436.50000000	1.87798
437.00000000	1.87898
437.50000000	1.87904
438.00000000	1.88010
438.50000000	1.88163
439.00000000	1.88517
439.50000000	1.89031
440.00000000	1.89621
440.50000000	1.90229
441.00000000	1.90746
441.50000000	1.91482
442.00000000	1.92410
442.50000000	1.93073
443.00000000	1.93732
443.50000000	1.94296
444.00000000	1.94905
444.50000000	1.95426
445.00000000	1.95818
445.50000000	1.96366
446.00000000	1.96728
446.50000000	1.96969
447.00000000	1.97345
447.50000000	1.97952
448.00000000	1.98624
448.50000000	1.99239
449.00000000	1.99761
449.50000000	2.00276
450.00000000	2.00975
450.50000000	2.01704
451.00000000	2.02287
451.50000000	2.02742
452.00000000	2.03293
452.50000000	2.03751
453.00000000	2.04362
453.50000000	2.04806
454.00000000	2.04975
454.50000000	2.05123
455.00000000	2.05442
455.50000000	2.05737
456.00000000	2.05788
456.50000000	2.06049
457.00000000	2.06121
457.50000000	2.06065
458.00000000	2.06023
458.50000000	2.05911
459.00000000	2.05943
459.50000000	2.05871
460.00000000	2.05931
460.50000000	2.05819
461.00000000	2.05874
461.50000000	2.05881
462.00000000	2.05682
462.50000000	2.05368
463.00000000	2.05234
463.50000000	2.05280
464.00000000	2.05197
464.50000000	2.05184
465.00000000	2.05304
465.50000000	2.05373
466.00000000	2.05414
466.50000000	2.05336
467.00000000	2.05149
467.50000000	2.05020
468.00000000	2.04743
468.50000000	2.04623
469.00000000	2.04691
469.50000000	2.04562
470.00000000	2.04376
470.50000000	2.04225
471.00000000	2.03905
471.50000000	2.03806
472.00000000	2.03544
472.50000000	2.03197
473.00000000	2.03140
473.50000000	2.03164
474.00000000	2.03289
474.50000000	2.03392
475.00000000	2.03695
475.50000000	2.04038
476.00000000	2.04599
476.50000000	2.05141
477.00000000	2.05450
477.50000000	2.05691
478.00000000	2.05883
478.50000000	2.06033
479.00000000	2.06250
479.50000000	2.06466
480.00000000	2.06428
480.50000000	2.06334
481.00000000	2.06334
481.50000000	2.06432
482.00000000	2.06467
482.50000000	2.06646
483.00000000	2.06510
483.50000000	2.06193
484.00000000	2.05955
484.50000000	2.05741
485.00000000	2.05469
485.50000000	2.05262
486.00000000	2.05188
486.50000000	2.05119
487.00000000	2.05087
487.50000000	2.05155
488.00000000	2.05112
488.50000000	2.05213
489.00000000	2.05327
489.50000000	2.05686
490.00000000	2.06072
490.50000000	2.06373
491.00000000	2.06753
491.50000000	2.07173
492.00000000	2.07352
492.50000000	2.07553
493.00000000	2.07597
493.50000000	2.07671
494.00000000	2.07834
494.50000000	2.07930
495.00000000	2.08137
495.50000000	2.08262
496.00000000	2.08416
496.50000000	2.08698
497.00000000	2.09031
497.50000000	2.09139
498.00000000	2.09414
498.50000000	2.09863
499.00000000	2.10211
499.50000000	2.10525
500.00000000	2.11010
500.50000000	2.11231
501.00000000	2.11472
501.50000000	2.11907
502.00000000	2.12367
502.50000000	2.12647
503.00000000	2.12843
503.50000000	2.13163
504.00000000	2.13379
504.50000000	2.13288
505.00000000	2.12900
505.50000000	2.12601
506.00000000	2.12265
506.50000000	2.11961
507.00000000	2.11634
507.50000000	2.11600
508.00000000	2.11767
508.50000000	2.12013
509.00000000	2.12302
509.50000000	2.12635
510.00000000	2.12784
510.50000000	2.12860
511.00000000	2.13010
511.50000000	2.13050
512.00000000	2.12845
512.50000000	2.12513
513.00000000	2.12023
513.50000000	2.11644
514.00000000	2.11203
514.50000000	2.10714
515.00000000	2.10514
515.50000000	2.10543
516.00000000	2.10351
516.50000000	2.10236
517.00000000	2.10066
517.50000000	2.09787
518.00000000	2.09397
518.50000000	2.08846
519.00000000	2.08025
519.50000000	2.07604
520.00000000	2.07397
520.50000000	2.07099
521.00000000	2.06704
521.50000000	2.06491
522.00000000	2.06166
522.50000000	2.05745
523.00000000	2.05293
523.50000000	2.04820
524.00000000	2.04545
524.50000000	2.04179
525.00000000	2.03878
525.50000000	2.03396
526.00000000	2.02765
526.50000000	2.02309
527.00000000	2.01901
527.50000000	2.01694
528.00000000	2.01216
528.50000000	2.00764
529.00000000	2.00369
529.50000000	1.99980
530.00000000	1.99555
530.50000000	1.99104
531.00000000	1.98595
531.50000000	1.98445
532.00000000	1.98477
532.50000000	1.98246
533.00000000	1.97657
533.50000000	1.97243
534.00000000	1.96953
534.50000000	1.96720
535.00000000	1.96322
535.50000000	1.96187
536.00000000	1.95964
536.50000000	1.95628
537.00000000	1.95343
537.50000000	1.95212
538.00000000	1.95179
538.50000000	1.94991
539.00000000	1.94866
539.50000000	1.94407
540.00000000	1.93838
540.50000000	1.93207
541.00000000	1.92424
541.50000000	1.92066
542.00000000	1.91522
542.50000000	1.90950
543.00000000	1.90629
543.50000000	1.90510
544.00000000	1.90508
544.50000000	1.90129
545.00000000	1.89760
545.50000000	1.89531
546.00000000	1.89260
546.50000000	1.88638
547.00000000	1.88251
547.50000000	1.87945
548.00000000	1.87935
548.50000000	1.88202
549.00000000	1.88399
549.50000000	1.88542
550.00000000	1.88703
550.50000000	1.88703
551.00000000	1.88689
551.50000000	1.88573
552.00000000	1.88512
552.50000000	1.88384
553.00000000	1.88418
553.50000000	1.88280
554.00000000	1.88182
554.50000000	1.87995
555.00000000	1.87641
555.50000000	1.87373
556.00000000	1.87232
556.50000000	1.87256
557.00000000	1.87223
557.50000000	1.87009
558.00000000	1.86603
558.50000000	1.86067
559.00000000	1.85456
559.50000000	1.85030
560.00000000	1.84698
560.50000000	1.84304
561.00000000	1.83896
561.50000000	1.83414
562.00000000	1.83183
562.50000000	1.82835
563.00000000	1.82179
563.50000000	1.81742
564.00000000	1.81311
564.50000000	1.81276
565.00000000	1.81060
565.50000000	1.80874
566.00000000	1.80383
566.50000000	1.79994
567.00000000	1.79384
567.50000000	1.78961
568.00000000	1.78516
568.50000000	1.78067
569.00000000	1.77921
569.50000000	1.78056
570.00000000	1.78081
570.50000000	1.77957
571.00000000	1.77977
571.50000000	1.78117
572.00000000	1.78331
572.50000000	1.78658
573.00000000	1.79066
573.50000000	1.79546
574.00000000	1.80077
574.50000000	1.80532
575.00000000	1.80747
575.50000000	1.81155
576.00000000	1.81538
576.50000000	1.82114
577.00000000	1.82957
577.50000000	1.83918
578.00000000	1.84795
578.50000000	1.85464
579.00000000	1.86314
579.50000000	1.87078
580.00000000	1.87876
580.50000000	1.88360
581.00000000	1.88945
581.50000000	1.89496
582.00000000	1.90030
582.50000000	1.90583
583.00000000	1.91275
583.50000000	1.91759
584.00000000	1.92118
584.50000000	1.92190
585.00000000	1.92122
585.50000000	1.92025
586.00000000	1.92016
586.50000000	1.92027
587.00000000	1.91663
587.50000000	1.91724
588.00000000	1.91702
588.50000000	1.91840
589.00000000	1.92070
589.50000000	1.92020
590.00000000	1.91874
590.50000000	1.91907
591.00000000	1.92280
591.50000000	1.93008
592.00000000	1.93637
592.50000000	1.94156
593.00000000	1.94311
593.50000000	1.94491
594.00000000	1.94770
594.50000000	1.94903
595.00000000	1.95032
595.50000000	1.95319
596.00000000	1.95529
596.50000000	1.95767
597.00000000	1.95999
597.50000000	1.96210
598.00000000	1.96525
598.50000000	1.96903
599.00000000	1.97407
599.50000000	1.97873
600.00000000	1.98038
600.50000000	1.98214
601.00000000	1.98284
601.50000000	1.98365
602.00000000	1.98584
602.50000000	1.98964
603.00000000	1.99393
603.50000000	1.99772
604.00000000	2.00093
604.50000000	2.00507
605.00000000	2.01115
605.50000000	2.01597
606.00000000	2.01941
606.50000000	2.02036
607.00000000	2.02110
607.50000000	2.02441
608.00000000	2.03146
608.50000000	2.03738
609.00000000	2.04482
609.50000000	2.05090
610.00000000	2.05571
610.50000000	2.06202
611.00000000	2.06900
611.50000000	2.07659
612.00000000	2.08343
612.50000000	2.08892
613.00000000	2.09385
613.50000000	2.09721
614.00000000	2.10020
614.50000000	2.10141
615.00000000	2.10472
615.50000000	2.10846
616.00000000	2.11445
616.50000000	2.12257
617.00000000	2.12852
617.50000000	2.13454
618.00000000	2.13844
618.50000000	2.14290
619.00000000	2.14734
619.50000000	2.14911
620.00000000	2.15363
620.50000000	2.15705
621.00000000	2.16097
621.50000000	2.16417
622.00000000	2.16767
622.50000000	2.17341
623.00000000	2.18178
623.50000000	2.18947
624.00000000	2.19516
624.50000000	2.19805
625.00000000	2.19895
625.50000000	2.20051
626.00000000	2.20356
626.50000000	2.20669
627.00000000	2.20953
627.50000000	2.21285
628.00000000	2.21333
628.50000000	2.21588
629.00000000	2.21734
629.50000000	2.21860
630.00000000	2.22001
630.50000000	2.22233
631.00000000	2.22440
631.50000000	2.22586
632.00000000	2.22711
632.50000000	2.22955
633.00000000	2.23165
633.50000000	2.23261
634.00000000	2.22998
634.50000000	2.22805
635.00000000	2.22541
635.50000000	2.21971
636.00000000	2.21438
636.50000000	2.21072
637.00000000	2.20799
637.50000000	2.20339
638.00000000	2.19797
638.50000000	2.19333
639.00000000	2.18931
639.50000000	2.18573
640.00000000	2.18198
640.50000000	2.18049
641.00000000	2.17936
641.50000000	2.17835
642.00000000	2.17760
642.50000000	2.17617
643.00000000	2.17675
643.50000000	2.17753
644.00000000	2.17586
644.50000000	2.17405
645.00000000	2.17173
645.50000000	2.17140
646.00000000	2.17156
646.50000000	2.17013
647.00000000	2.17062
647.50000000	2.16870
648.00000000	2.16558
648.50000000	2.16059
649.00000000	2.15498
649.50000000	2.14930
650.00000000	2.14335
650.50000000	2.13853
651.00000000	2.13267
651.50000000	2.12847
652.00000000	2.12369
652.50000000	2.11919
653.00000000	2.11856
653.50000000	2.11416
654.00000000	2.10940
654.50000000	2.10114
655.00000000	2.09350
655.50000000	2.08660
656.00000000	2.07885
656.50000000	2.07035
657.00000000	2.06350
657.50000000	2.05685
658.00000000	2.04912
658.50000000	2.04030
659.00000000	2.03312
659.50000000	2.02723
660.00000000	2.02072
660.50000000	2.01452
661.00000000	2.00737
661.50000000	1.99956
662.00000000	1.99119
662.50000000	1.98219
663.00000000	1.97355
663.50000000	1.96600
664.00000000	1.95636
664.50000000	1.94627
665.00000000	1.93925
665.50000000	1.93363
666.00000000	1.92834
666.50000000	1.92213
667.00000000	1.91605
667.50000000	1.90922
668.00000000	1.90243
668.50000000	1.89423
669.00000000	1.88593
669.50000000	1.87766
670.00000000	1.86796
670.50000000	1.86172
671.00000000	1.85377
671.50000000	1.84791
672.00000000	1.84291
672.50000000	1.83845
673.00000000	1.83319
673.50000000	1.82954
674.00000000	1.82575
674.50000000	1.82231
675.00000000	1.82020
675.50000000	1.81951
676.00000000	1.81793
676.50000000	1.81639
677.00000000	1.81589
677.50000000	1.81680
678.00000000	1.81552
678.50000000	1.81480
679.00000000	1.81519
679.50000000	1.81702
680.00000000	1.81847
680.50000000	1.82036
681.00000000	1.82183
681.50000000	1.82235
682.00000000	1.82400
682.50000000	1.82361
683.00000000	1.82627
683.50000000	1.82638
684.00000000	1.82511
684.50000000	1.82362
685.00000000	1.82473
685.50000000	1.82563
686.00000000	1.82684
686.50000000	1.82963
687.00000000	1.83606
687.50000000	1.84314
688.00000000	1.84776
688.50000000	1.85361
689.00000000	1.85987
689.50000000	1.86505
690.00000000	1.86928
690.50000000	1.87193
691.00000000	1.87396
691.50000000	1.87533
692.00000000	1.87491
692.50000000	1.87295
693.00000000	1.87356
693.50000000	1.87312
694.00000000	1.87118
694.50000000	1.86815
695.00000000	1.86633
695.50000000	1.86571
696.00000000	1.86521
696.50000000	1.86408
697.00000000	1.86485
697.50000000	1.87014
698.00000000	1.87606
698.50000000	1.87965
699.00000000	1.88634
699.50000000	1.89149
700.00000000	1.89668
700.50000000	1.90259
701.00000000	1.90920
701.50000000	1.91525
702.00000000	1.92107
702.50000000	1.92718
703.00000000	1.93393
703.50000000	1.94110
704.00000000	1.94745
704.50000000	1.95307
705.00000000	1.95741
705.50000000	1.95975
706.00000000	1.96030
706.50000000	1.95911
707.00000000	1.95739
707.50000000	1.95650
708.00000000	1.95083
708.50000000	1.94687
709.00000000	1.94368
709.50000000	1.94072
710.00000000	1.93889
710.50000000	1.93625
711.00000000	1.93355
711.50000000	1.93046
712.00000000	1.92775
712.50000000	1.92777
713.00000000	1.92894
713.50000000	1.92971
714.00000000	1.93123
714.50000000	1.93500
715.00000000	1.93857
715.50000000	1.94321
716.00000000	1.94887
716.50000000	1.95284
717.00000000	1.95533
717.50000000	1.95705
718.00000000	1.95860
718.50000000	1.96148
719.00000000	1.96495
719.50000000	1.96893
720.00000000	1.97243
720.50000000	1.97379
721.00000000	1.97450
721.50000000	1.97445
722.00000000	1.97475
722.50000000	1.97751
723.00000000	1.97967
723.50000000	1.98273
724.00000000	1.98450
724.50000000	1.98576
725.00000000	1.98862
725.50000000	1.99173
726.00000000	1.99445
726.50000000	1.99707
727.00000000	1.99862
727.50000000	2.00107
728.00000000	2.00359
728.50000000	2.00567
729.00000000	2.00728
729.50000000	2.00880
730.00000000	2.01223
730.50000000	2.01726
731.00000000	2.01976
731.50000000	2.02231
732.00000000	2.02395
732.50000000	2.02587
733.00000000	2.02581
733.50000000	2.02587
734.00000000	2.02539
734.50000000	2.02278
735.00000000	2.01723
735.50000000	2.01227
736.00000000	2.00835
736.50000000	2.00586
737.00000000	2.00484
737.50000000	2.00249
738.00000000	2.00043
738.50000000	1.99640
739.00000000	1.99095
739.50000000	1.98524
740.00000000	1.98030
740.50000000	1.97654
741.00000000	1.97208
741.50000000	1.96658
742.00000000	1.96093
742.50000000	1.95512
743.00000000	1.94881
743.50000000	1.94281
744.00000000	1.93700
744.50000000	1.93425
745.00000000	1.93010
745.50000000	1.92481
746.00000000	1.91963
746.50000000	1.91184
747.00000000	1.90520
747.50000000	1.89875
748.00000000	1.89451
748.50000000	1.89178
749.00000000	1.88856
749.50000000	1.88911
750.00000000	1.88739
750.50000000	1.88607
751.00000000	1.88499
751.50000000	1.88306
752.00000000	1.88108
752.50000000	1.88016
753.00000000	1.88143
753.50000000	1.88201
754.00000000	1.88320
754.50000000	1.88239
755.00000000	1.88092
755.50000000	1.87745
756.00000000	1.87351
756.50000000	1.87087
757.00000000	1.86685
757.50000000	1.86130
758.00000000	1.85718
758.50000000	1.85331
759.00000000	1.84895
759.50000000	1.84512
760.00000000	1.84291
760.50000000	1.84035
761.00000000	1.83687
761.50000000	1.83329
762.00000000	1.82881
762.50000000	1.82467
763.00000000	1.82112
763.50000000	1.81896
764.00000000	1.81655
764.50000000	1.81414
765.00000000	1.81560
765.50000000	1.81454
766.00000000	1.81307
766.50000000	1.81068
767.00000000	1.81039
767.50000000	1.81275
768.00000000	1.81361
768.50000000	1.81477
769.00000000	1.81801
769.50000000	1.82208
770.00000000	1.82596
770.50000000	1.83074
771.00000000	1.83402
771.50000000	1.83808
772.00000000	1.84351
772.50000000	1.84870
773.00000000	1.85126
773.50000000	1.85472
774.00000000	1.85838
774.50000000	1.86297
775.00000000	1.86587
775.50000000	1.86749
776.00000000	1.87037
776.50000000	1.87218
777.00000000	1.87284
777.50000000	1.87436
778.00000000	1.87804
778.50000000	1.88159
779.00000000	1.88477
779.50000000	1.88718
780.00000000	1.88909
780.50000000	1.89170
781.00000000	1.89216
781.50000000	1.89259
782.00000000	1.89356
782.50000000	1.89395
783.00000000	1.89434
783.50000000	1.89559
784.00000000	1.89525
784.50000000	1.89523
785.00000000	1.89644
785.50000000	1.89725
786.00000000	1.89779
786.50000000	1.89863
787.00000000	1.90176
787.50000000	1.90374
788.00000000	1.90425
788.50000000	1.90605
789.00000000	1.90624
789.50000000	1.90385
790.00000000	1.90329
790.50000000	1.90289
791.00000000	1.90397
791.50000000	1.90350
792.00000000	1.90443
792.50000000	1.90189
793.00000000	1.90288
793.50000000	1.90486
794.00000000	1.90736
794.50000000	1.90946
795.00000000	1.90965
795.50000000	1.90779
796.00000000	1.90834
796.50000000	1.90947
797.00000000	1.91223
797.50000000	1.91432
798.00000000	1.91626
798.50000000	1.91773
799.00000000	1.91686
799.50000000	1.91721
800.00000000	1.91909
800.50000000	1.92130
801.00000000	1.92333
801.50000000	1.92331
802.00000000	1.92576
802.50000000	1.92636
803.00000000	1.92755
803.50000000	1.92958
804.00000000	1.93253
804.50000000	1.93330
805.00000000	1.93412
805.50000000	1.93464
806.00000000	1.93594
806.50000000	1.93898
807.00000000	1.94359
807.50000000	1.94597
808.00000000	1.94913
808.50000000	1.95042
809.00000000	1.95213
809.50000000	1.95545
810.00000000	1.95831
810.50000000	1.96180
811.00000000	1.96645
811.50000000	1.97172
812.00000000	1.97778
812.50000000	1.98304
813.00000000	1.98634
813.50000000	1.98913
814.00000000	1.98925
814.50000000	1.98855
815.00000000	1.98716
815.50000000	1.98759
816.00000000	1.98948
816.50000000	1.99163
817.00000000	1.99463
817.50000000	1.99864
818.00000000	2.00065
818.50000000	2.00284
819.00000000	2.00619
819.50000000	2.00937
820.00000000	2.01225
820.50000000	2.01553
821.00000000	2.01813
821.50000000	2.01827
822.00000000	2.01837
822.50000000	2.01892
823.00000000	2.02127
823.50000000	2.02232
824.00000000	2.02406
824.50000000	2.02259
825.00000000	2.02055
825.50000000	2.01849
826.00000000	2.01797
826.50000000	2.01807
827.00000000	2.01776
827.50000000	2.01851
828.00000000	2.01903
828.50000000	2.02209
829.00000000	2.02361
829.50000000	2.02576
830.00000000	2.02637
830.50000000	2.02743
831.00000000	2.02823
831.50000000	2.02863
832.00000000	2.02945
832.50000000	2.03045
833.00000000	2.03019
833.50000000	2.02693
834.00000000	2.02251
834.50000000	2.01861
835.00000000	2.01593
835.50000000	2.01406
836.00000000	2.00906
836.50000000	2.00578
837.00000000	2.00212
837.50000000	1.99970
838.00000000	1.99759
838.50000000	1.99862
839.00000000	1.99985
839.50000000	2.00423
840.00000000	2.01019
840.50000000	2.01604
841.00000000	2.02083
841.50000000	2.02552
842.00000000	2.03037
842.50000000	2.03121
843.00000000	2.03248
843.50000000	2.03208
844.00000000	2.03064
844.50000000	2.03086
845.00000000	2.03295
845.50000000	2.03739
846.00000000	2.03714
846.50000000	2.03567
847.00000000	2.03561
847.50000000	2.03492
848.00000000	2.03309
848.50000000	2.03280
849.00000000	2.03093
849.50000000	2.02983
850.00000000	2.03020
850.50000000	2.02986
851.00000000	2.02967
851.50000000	2.02770
852.00000000	2.02597
852.50000000	2.02383
853.00000000	2.02224
853.50000000	2.02081
854.00000000	2.01954
854.50000000	2.01761
855.00000000	2.01453
855.50000000	2.01272
856.00000000	2.01079
856.50000000	2.00790
857.00000000	2.00649
857.50000000	2.00557
858.00000000	2.00397
858.50000000	2.00300
859.00000000	2.00334
859.50000000	2.00450
860.00000000	2.00641
860.50000000	2.00753
861.00000000	2.00824
861.50000000	2.00966
862.00000000	2.01084
862.50000000	2.01274
863.00000000	2.01484
863.50000000	2.01467
864.00000000	2.01585
864.50000000	2.01596
865.00000000	2.01558
865.50000000	2.01447
866.00000000	2.01497
866.50000000	2.01620
867.00000000	2.02072
867.50000000	2.02427
868.00000000	2.02482
868.50000000	2.02522
869.00000000	2.02467
869.50000000	2.02382
870.00000000	2.02418
870.50000000	2.02599
871.00000000	2.02861
871.50000000	2.03048
872.00000000	2.03172
872.50000000	2.03145
873.00000000	2.03311
873.50000000	2.03468
874.00000000	2.03583
874.50000000	2.03708
875.00000000	2.03495
875.50000000	2.03343
876.00000000	2.03042
876.50000000	2.02699
877.00000000	2.02190
877.50000000	2.01977
878.00000000	2.01542
878.50000000	2.01076
879.00000000	2.00760
879.50000000	2.00574
880.00000000	2.00442
880.50000000	2.00202
881.00000000	2.00163
881.50000000	1.99956
882.00000000	1.99766
882.50000000	1.99788
883.00000000	1.99920
883.50000000	1.99988
884.00000000	1.99871
884.50000000	1.99885
885.00000000	1.99947
885.50000000	2.00195
886.00000000	2.00474
886.50000000	2.00584
887.00000000	2.00461
887.50000000	2.00173
888.00000000	2.00142
888.50000000	2.00409
889.00000000	2.00589
889.50000000	2.00808
890.00000000	2.00707
890.50000000	2.00597
891.00000000	2.00589
891.50000000	2.00504
892.00000000	2.00291
892.50000000	2.00048
893.00000000	1.99879
893.50000000	1.99823
894.00000000	1.99726
894.50000000	1.99590
895.00000000	1.99477
895.50000000	1.99411
896.00000000	1.99522
896.50000000	1.99469
897.00000000	1.99481
897.50000000	1.99513
898.00000000	1.99597
898.50000000	1.99610
899.00000000	1.99772
899.50000000	2.00172
900.00000000	2.00550
900.50000000	2.01097
901.00000000	2.01561
901.50000000	2.02104
902.00000000	2.02449
902.50000000	2.02582
903.00000000	2.02853
903.50000000	2.03138
904.00000000	2.03265
904.50000000	2.03409
905.00000000	2.03617
905.50000000	2.03923
906.00000000	2.04288
906.50000000	2.04664
907.00000000	2.04894
907.50000000	2.05274
908.00000000	2.05573
908.50000000	2.05831
909.00000000	2.05975
909.50000000	2.06350
910.00000000	2.06646
910.50000000	2.06955
911.00000000	2.07336
911.50000000	2.07781
912.00000000	2.08117
912.50000000	2.08777
913.00000000	2.09089
913.50000000	2.09291
914.00000000	2.09403
914.50000000	2.09300
915.00000000	2.09248
915.50000000	2.09186
916.00000000	2.09376
916.50000000	2.09567
917.00000000	2.09674
917.50000000	2.09714
918.00000000	2.09984
918.50000000	2.10459
919.00000000	2.10977
919.50000000	2.11563
920.00000000	2.12267
920.50000000	2.12706
921.00000000	2.13075
921.50000000	2.13623
922.00000000	2.13876
922.50000000	2.13930
923.00000000	2.13999
923.50000000	2.14134
924.00000000	2.14321
924.50000000	2.14685
925.00000000	2.15017
925.50000000	2.15369
926.00000000	2.15681
926.50000000	2.15878
927.00000000	2.16107
927.50000000	2.16324
928.00000000	2.16803
928.50000000	2.17362
929.00000000	2.17951
929.50000000	2.18562
930.00000000	2.19126
930.50000000	2.19634
931.00000000	2.20151
931.50000000	2.20535
932.00000000	2.20714
932.50000000	2.20848
933.00000000	2.21093
933.50000000	2.21396
934.00000000	2.21512
934.50000000	2.21603
935.00000000	2.21601
935.50000000	2.21424
936.00000000	2.21237
936.50000000	2.21066
937.00000000	2.21259
937.50000000	2.21538
938.00000000	2.21893
938.50000000	2.21903
939.00000000	2.21960
939.50000000	2.21894
940.00000000	2.21791
940.50000000	2.21739
941.00000000	2.21606
941.50000000	2.21210
942.00000000	2.20710
942.50000000	2.20399
943.00000000	2.20104
943.50000000	2.20042
944.00000000	2.19894
944.50000000	2.19786
945.00000000	2.19494
945.50000000	2.19299
946.00000000	2.18936
946.50000000	2.18701
947.00000000	2.18380
947.50000000	2.18316
948.00000000	2.18179
948.50000000	2.18012
949.00000000	2.17689
949.50000000	2.17413
950.00000000	2.16975
950.50000000	2.16368
951.00000000	2.15674
951.50000000	2.14978
952.00000000	2.14527
952.50000000	2.13835
953.00000000	2.13157
953.50000000	2.12522
954.00000000	2.11900
954.50000000	2.11305
955.00000000	2.10692
955.50000000	2.10293
956.00000000	2.10027
956.50000000	2.09611
957.00000000	2.09299
957.50000000	2.09189
958.00000000	2.09024
958.50000000	2.08755
959.00000000	2.08650
959.50000000	2.08497
960.00000000	2.08089
960.50000000	2.07795
961.00000000	2.07604
961.50000000	2.07515
962.00000000	2.07234
962.50000000	2.06792
963.00000000	2.06380
963.50000000	2.05829
964.00000000	2.05248
964.50000000	2.04657
965.00000000	2.04265
965.50000000	2.04009
966.00000000	2.03868
966.50000000	2.03767
967.00000000	2.03652
967.50000000	2.03426
968.00000000	2.03082
968.50000000	2.02881
969.00000000	2.02679
969.50000000	2.02489
970.00000000	2.02283
970.50000000	2.02213
971.00000000	2.02217
971.50000000	2.02365
972.00000000	2.02194
972.50000000	2.02220
973.00000000	2.01994
973.50000000	2.01881
974.00000000	2.01477
974.50000000	2.00933
975.00000000	2.00392
975.50000000	1.99884
976.00000000	1.99621
976.50000000	1.99139
977.00000000	1.98841
977.50000000	1.98570
978.00000000	1.98310
978.50000000	1.97970
979.00000000	1.97624
979.50000000	1.97249
980.00000000	1.96817
980.50000000	1.96529
981.00000000	1.95996
981.50000000	1.95356
982.00000000	1.94754
982.50000000	1.94129
983.00000000	1.93440
983.50000000	1.92797
984.00000000	1.92403
984.50000000	1.91843
985.00000000	1.91451
985.50000000	1.91300
986.00000000	1.91276
986.50000000	1.90899
987.00000000	1.90344
987.50000000	1.89697
988.00000000	1.89140
988.50000000	1.88505
989.00000000	1.88010
989.50000000	1.87685
990.00000000	1.87441
990.50000000	1.87383
991.00000000	1.87203
991.50000000	1.87076
992.00000000	1.86949
992.50000000	1.86598
993.00000000	1.86474
993.50000000	1.86426
994.00000000	1.86181
994.50000000	1.86284
995.00000000	1.86638
995.50000000	1.86813
996.00000000	1.86893
996.50000000	1.86954
997.00000000	1.86775
997.50000000	1.86861
998.00000000	1.86743
998.50000000	1.86724
999.00000000	1.86939
999.50000000	1.87096
1000.00000000	1.87189
1000.50000000	1.87267
1001.00000000	1.87518
1001.50000000	1.87767
1002.00000000	1.88098
1002.50000000	1.88362
1003.00000000	1.88511
1003.50000000	1.88736
1004.00000000	1.88969
1004.50000000	1.89264
1005.00000000	1.89579
1005.50000000	1.90033
1006.00000000	1.90773
1006.50000000	1.91187
1007.00000000	1.91535
1007.50000000	1.91999
1008.00000000	1.92334
1008.50000000	1.92798
1009.00000000	1.93466
1009.50000000	1.94257
1010.00000000	1.95164
1010.50000000	1.96037
1011.00000000	1.96900
1011.50000000	1.97761
1012.00000000	1.98731
1012.50000000	1.99619
1013.00000000	2.00294
1013.50000000	2.00959
1014.00000000	2.01332
1014.50000000	2.01808
1015.00000000	2.02340
1015.50000000	2.02796
1016.00000000	2.03251
1016.50000000	2.03491
1017.00000000	2.03692
1017.50000000	2.04038
1018.00000000	2.04466
1018.50000000	2.04877
1019.00000000	2.05286
1019.50000000	2.05822
1020.00000000	2.06412
1020.50000000	2.06649
1021.00000000	2.06713
1021.50000000	2.06800
1022.00000000	2.06733
1022.50000000	2.06958
1023.00000000	2.07244
1023.50000000	2.07639
1024.00000000	2.08103
1024.50000000	2.08678
1025.00000000	2.09207
1025.50000000	2.09772
1026.00000000	2.10150
1026.50000000	2.10103
1027.00000000	2.10212
1027.50000000	2.10202
1028.00000000	2.10356
1028.50000000	2.10687
1029.00000000	2.11180
1029.50000000	2.11800
1030.00000000	2.12503
1030.50000000	2.13103
1031.00000000	2.14039
1031.50000000	2.14806
1032.00000000	2.15544
1032.50000000	2.16210
1033.00000000	2.16870
1033.50000000	2.17387
1034.00000000	2.18192
1034.50000000	2.18959
1035.00000000	2.19543
1035.50000000	2.19809
1036.00000000	2.20113
1036.50000000	2.20329
1037.00000000	2.20299
1037.50000000	2.20176
1038.00000000	2.19896
1038.50000000	2.19543
1039.00000000	2.19209
1039.50000000	2.19007
1040.00000000	2.18570
1040.50000000	2.18165
1041.00000000	2.17829
1041.50000000	2.17548
1042.00000000	2.17104
1042.50000000	2.16630
1043.00000000	2.16067
1043.50000000	2.15488
1044.00000000	2.14867
1044.50000000	2.14274
1045.00000000	2.13904
1045.50000000	2.13796
1046.00000000	2.13702
1046.50000000	2.13657
1047.00000000	2.13721
1047.50000000	2.14015
1048.00000000	2.14065
1048.50000000	2.14018
1049.00000000	2.13999
1049.50000000	2.13900
1050.00000000	2.13629
1050.50000000	2.13168
1051.00000000	2.12643
1051.50000000	2.11997
1052.00000000	2.11488
1052.50000000	2.11085
1053.00000000	2.10594
1053.50000000	2.10167
1054.00000000	2.09878
1054.50000000	2.09597
1055.00000000	2.09187
1055.50000000	2.08762
1056.00000000	2.08385
1056.50000000	2.08063
1057.00000000	2.07769
1057.50000000	2.07325
1058.00000000	2.07130
1058.50000000	2.06794
1059.00000000	2.06491
1059.50000000	2.06419
1060.00000000	2.06540
1060.50000000	2.06480
1061.00000000	2.06307
1061.50000000	2.06139
1062.00000000	2.05882
1062.50000000	2.05600
1063.00000000	2.05086
1063.50000000	2.04412
1064.00000000	2.03788
1064.50000000	2.03047
1065.00000000	2.02226
1065.50000000	2.01548
1066.00000000	2.00991
1066.50000000	2.00436
1067.00000000	1.99866
1067.50000000	1.99457
1068.00000000	1.99122
1068.50000000	1.98639
1069.00000000	1.98405
1069.50000000	1.98231
1070.00000000	1.98188
1070.50000000	1.98193
1071.00000000	1.98274
1071.50000000	1.98553
1072.00000000	1.98928
1072.50000000	1.99164
1073.00000000	1.99170
1073.50000000	1.99611
1074.00000000	1.99937
1074.50000000	2.00380
1075.00000000	2.00667
1075.50000000	2.00795
1076.00000000	2.00979
1076.50000000	2.01297
1077.00000000	2.01628
1077.50000000	2.01960
1078.00000000	2.02447
1078.50000000	2.02890
1079.00000000	2.03273
1079.50000000	2.03639
1080.00000000	2.03940
1080.50000000	2.04116
1081.00000000	2.04192
1081.50000000	2.04334
1082.00000000	2.04462
1082.50000000	2.04199
1083.00000000	2.03924
1083.50000000	2.03750
1084.00000000	2.03897
1084.50000000	2.04094
1085.00000000	2.04255
1085.50000000	2.04456
1086.00000000	2.04597
1086.50000000	2.04702
1087.00000000	2.04688
1087.50000000	2.04520
1088.00000000	2.04555
1088.50000000	2.04658
1089.00000000	2.04817
1089.50000000	2.04833
1090.00000000	2.04951
1090.50000000	2.05007
1091.00000000	2.04878
1091.50000000	2.05026
1092.00000000	2.05089
1092.50000000	2.05021
1093.00000000	2.04876
1093.50000000	2.04778
1094.00000000	2.04653
1094.50000000	2.04666
1095.00000000	2.04769
1095.50000000	2.04776
1096.00000000	2.04625
1096.50000000	2.04604
1097.00000000	2.04709
1097.50000000	2.04693
1098.00000000	2.04706
1098.50000000	2.04669
1099.00000000	2.04620
1099.50000000	2.04370
1100.00000000	2.04230
1100.50000000	2.04123
1101.00000000	2.03979
1101.50000000	2.04162
1102.00000000	2.04230
1102.50000000	2.04274
1103.00000000	2.04219
1103.50000000	2.04342
1104.00000000	2.04279
1104.50000000	2.04054
1105.00000000	2.03952
1105.50000000	2.03828
1106.00000000	2.03539
1106.50000000	2.03144
1107.00000000	2.02782
1107.50000000	2.02417
1108.00000000	2.02141
1108.50000000	2.01916
1109.00000000	2.01768
1109.50000000	2.01339
1110.00000000	2.00941
1110.50000000	2.00402
1111.00000000	1.99884
1111.50000000	1.99284
1112.00000000	1.98888
1112.50000000	1.98630
1113.00000000	1.98503
1113.50000000	1.98347
1114.00000000	1.98223
1114.50000000	1.97903
1115.00000000	1.97552
1115.50000000	1.97226
1116.00000000	1.97067
1116.50000000	1.96988
1117.00000000	1.96836
1117.50000000	1.96602
1118.00000000	1.96276
1118.50000000	1.95926
1119.00000000	1.95631
1119.50000000	1.95262
1120.00000000	1.94906
1120.50000000	1.94775
1121.00000000	1.94570
1121.50000000	1.94308
1122.00000000	1.93832
1122.50000000	1.93261
1123.00000000	1.92704
1123.50000000	1.92326
1124.00000000	1.92093
1124.50000000	1.91803
1125.00000000	1.91415
1125.50000000	1.90929
1126.00000000	1.90631
1126.50000000	1.90435
1127.00000000	1.90248
1127.50000000	1.89992
1128.00000000	1.89972
1128.50000000	1.89918
1129.00000000	1.89665
1129.50000000	1.89615
1130.00000000	1.89343
1130.50000000	1.89277
1131.00000000	1.89165
1131.50000000	1.89196
1132.00000000	1.89351
1132.50000000	1.89363
1133.00000000	1.89231
1133.50000000	1.89237
1134.00000000	1.89261
1134.50000000	1.89335
1135.00000000	1.89298
1135.50000000	1.89318
1136.00000000	1.89362
1136.50000000	1.89413
1137.00000000	1.89444
1137.50000000	1.89485
1138.00000000	1.89459
1138.50000000	1.89423
1139.00000000	1.89658
1139.50000000	1.89992
1140.00000000	1.90541
1140.50000000	1.91087
1141.00000000	1.91624
1141.50000000	1.92095
1142.00000000	1.92649
1142.50000000	1.93154
1143.00000000	1.93797
1143.50000000	1.94538
1144.00000000	1.95118
1144.50000000	1.95472
1145.00000000	1.96103
1145.50000000	1.96823
1146.00000000	1.97508
1146.50000000	1.98126
1147.00000000	1.98798
1147.50000000	1.99288
1148.00000000	1.99858
1148.50000000	2.00311
1149.00000000	2.00910
1149.50000000	2.01392
1150.00000000	2.01692
1150.50000000	2.02118
1151.00000000	2.02488
1151.50000000	2.02917
1152.00000000	2.03121
1152.50000000	2.03524
1153.00000000	2.03892
1153.50000000	2.04139
1154.00000000	2.04306
1154.50000000	2.04314
1155.00000000	2.04342
1155.50000000	2.04441
1156.00000000	2.04433
1156.50000000	2.04432
1157.00000000	2.04431
1157.50000000	2.04569
1158.00000000	2.04608
1158.50000000	2.04647
1159.00000000	2.04635
1159.50000000	2.04668
1160.00000000	2.04830
1160.50000000	2.05116
1161.00000000	2.05306
1161.50000000	2.05443
1162.00000000	2.05760
1162.50000000	2.06215
1163.00000000	2.06896
1163.50000000	2.07495
1164.00000000	2.08057
1164.50000000	2.08417
1165.00000000	2.08509
1165.50000000	2.08502
1166.00000000	2.08594
1166.50000000	2.08502
1167.00000000	2.08431
1167.50000000	2.08535
1168.00000000	2.08983
1168.50000000	2.09400
1169.00000000	2.09733
1169.50000000	2.10196
1170.00000000	2.10758
1170.50000000	2.11416
1171.00000000	2.11981
1171.50000000	2.12640
1172.00000000	2.13035
1172.50000000	2.13414
1173.00000000	2.13916
1173.50000000	2.14501
1174.00000000	2.14617
1174.50000000	2.14950
1175.00000000	2.15438
1175.50000000	2.15764
1176.00000000	2.15989
1176.50000000	2.15898
1177.00000000	2.15781
1177.50000000	2.15988
1178.00000000	2.16154
1178.50000000	2.16333
1179.00000000	2.16242
1179.50000000	2.15974
1180.00000000	2.15670
1180.50000000	2.15379
1181.00000000	2.15074
1181.50000000	2.14740
1182.00000000	2.14686
1182.50000000	2.14763
1183.00000000	2.14832
1183.50000000	2.14983
1184.00000000	2.15046
1184.50000000	2.15065
1185.00000000	2.15085
1185.50000000	2.15239
1186.00000000	2.15288
1186.50000000	2.15143
1187.00000000	2.14885
1187.50000000	2.14464
1188.00000000	2.14078
1188.50000000	2.13828
1189.00000000	2.13459
1189.50000000	2.12997
1190.00000000	2.12641
1190.50000000	2.12373
1191.00000000	2.12133
1191.50000000	2.11858
1192.00000000	2.11441
1192.50000000	2.11087
1193.00000000	2.10627
1193.50000000	2.10187
1194.00000000	2.09537
1194.50000000	2.09016
1195.00000000	2.08591
1195.50000000	2.08104
1196.00000000	2.07530
1196.50000000	2.06861
1197.00000000	2.05887
1197.50000000	2.04956
1198.00000000	2.04189
1198.50000000	2.03827
1199.00000000	2.03413
1199.50000000	2.02922
1200.00000000	2.02120
1200.50000000	2.01259
1201.00000000	2.00211
1201.50000000	1.99448
1202.00000000	1.98817
1202.50000000	1.97998
1203.00000000	1.97245
1203.50000000	1.96551
1204.00000000	1.96020
1204.50000000	1.95495
1205.00000000	1.95446
1205.50000000	1.95363
1206.00000000	1.95419
1206.50000000	1.95566
1207.00000000	1.95635
1207.50000000	1.95731
1208.00000000	1.95939
1208.50000000	1.96302
1209.00000000	1.96545
1209.50000000	1.96573
1210.00000000	1.96251
1210.50000000	1.95853
1211.00000000	1.95289
1211.50000000	1.94733
1212.00000000	1.94225
1212.50000000	1.93662
1213.00000000	1.93182
1213.50000000	1.92805
1214.00000000	1.92496
1214.50000000	1.91916
1215.00000000	1.91224
1215.50000000	1.90653
1216.00000000	1.90301
1216.50000000	1.89901
1217.00000000	1.89812
1217.50000000	1.89612
1218.00000000	1.89485
1218.50000000	1.89392
1219.00000000	1.89510
1219.50000000	1.89662
1220.00000000	1.89786
1220.50000000	1.89762
1221.00000000	1.89788
1221.50000000	1.89802
1222.00000000	1.90036
1222.50000000	1.90245
1223.00000000	1.90389
1223.50000000	1.90325
1224.00000000	1.90356
1224.50000000	1.90526
1225.00000000	1.90625
1225.50000000	1.90684
1226.00000000	1.90691
1226.50000000	1.90529
1227.00000000	1.90199
1227.50000000	1.89947
1228.00000000	1.89814
1228.50000000	1.89718
1229.00000000	1.89695
1229.50000000	1.89505
1230.00000000	1.89338
1230.50000000	1.89205
1231.00000000	1.88982
1231.50000000	1.88816
1232.00000000	1.88535
1232.50000000	1.88355
1233.00000000	1.88032
1233.50000000	1.87853
1234.00000000	1.87487
1234.50000000	1.87188
1235.00000000	1.86922
1235.50000000	1.86753
1236.00000000	1.86581
1236.50000000	1.86509
1237.00000000	1.86440
1237.50000000	1.86485
1238.00000000	1.86611
1238.50000000	1.86627
1239.00000000	1.86486
1239.50000000	1.86610
1240.00000000	1.86839
1240.50000000	1.87149
1241.00000000	1.87511
1241.50000000	1.87926
1242.00000000	1.88254
1242.50000000	1.88439
1243.00000000	1.88467
1243.50000000	1.88439
1244.00000000	1.88396
1244.50000000	1.88234
1245.00000000	1.88288
1245.50000000	1.88444
1246.00000000	1.88411
1246.50000000	1.88335
1247.00000000	1.88276
1247.50000000	1.88448
1248.00000000	1.88598
1248.50000000	1.88725
1249.00000000	1.88970
1249.50000000	1.89234
1250.00000000	1.89734
1250.50000000	1.89992
1251.00000000	1.90294
1251.50000000	1.90534
1252.00000000	1.90783
1252.50000000	1.90868
1253.00000000	1.90909
1253.50000000	1.90776
1254.00000000	1.90480
1254.50000000	1.90251
1255.00000000	1.89994
1255.50000000	1.89550
1256.00000000	1.88986
1256.50000000	1.88380
1257.00000000	1.87931
1257.50000000	1.87398
1258.00000000	1.87163
1258.50000000	1.87069
1259.00000000	1.87027
1259.50000000	1.86985
1260.00000000	1.87039
1260.50000000	1.87200
1261.00000000	1.87249
1261.50000000	1.87550
1262.00000000	1.87540
1262.50000000	1.87432
1263.00000000	1.87367
1263.50000000	1.87377
1264.00000000	1.87213
1264.50000000	1.86974
1265.00000000	1.87133
1265.50000000	1.87281
1266.00000000	1.87514
1266.50000000	1.87564
1267.00000000	1.87359
1267.50000000	1.87358
1268.00000000	1.87222
1268.50000000	1.87211
1269.00000000	1.87196
1269.50000000	1.87248
1270.00000000	1.87363
1270.50000000	1.87475
1271.00000000	1.87804
1271.50000000	1.88331
1272.00000000	1.88456
1272.50000000	1.88693
1273.00000000	1.89168
1273.50000000	1.89429
1274.00000000	1.89644
1274.50000000	1.89787
1275.00000000	1.90008
1275.50000000	1.90169
1276.00000000	1.90204
1276.50000000	1.90225
1277.00000000	1.89978
1277.50000000	1.89741
1278.00000000	1.89572
1278.50000000	1.89352
1279.00000000	1.89110
1279.50000000	1.88909
1280.00000000	1.88578
1280.50000000	1.88268
1281.00000000	1.88342
1281.50000000	1.88543
1282.00000000	1.88757
1282.50000000	1.88942
1283.00000000	1.88848
1283.50000000	1.88898
1284.00000000	1.88902
1284.50000000	1.89126
1285.00000000	1.89227
1285.50000000	1.89570
1286.00000000	1.90017
1286.50000000	1.90281
1287.00000000	1.90824
1287.50000000	1.91318
1288.00000000	1.91880
1288.50000000	1.92315
1289.00000000	1.92760
1289.50000000	1.93156
1290.00000000	1.93645
1290.50000000	1.94185
1291.00000000	1.94594
1291.50000000	1.95012
1292.00000000	1.95498
1292.50000000	1.95983
1293.00000000	1.96310
1293.50000000	1.96590
1294.00000000	1.96719
1294.50000000	1.96917
1295.00000000	1.97125
1295.50000000	1.97249
1296.00000000	1.97559
1296.50000000	1.97861
1297.00000000	1.97935
1297.50000000	1.97828
1298.00000000	1.97638
1298.50000000	1.97459
1299.00000000	1.97193
1299.50000000	1.97105
1300.00000000	1.97174
1300.50000000	1.97199
1301.00000000	1.96959
1301.50000000	1.96857
1302.00000000	1.97025
1302.50000000	1.97199
1303.00000000	1.97248
1303.50000000	1.97394
1304.00000000	1.97397
1304.50000000	1.97099
1305.00000000	1.96515
1305.50000000	1.96080
1306.00000000	1.95774
1306.50000000	1.95665
1307.00000000	1.95479
1307.50000000	1.95619
1308.00000000	1.95761
1308.50000000	1.95829
1309.00000000	1.95878
1309.50000000	1.96011
1310.00000000	1.96070
1310.50000000	1.95920
1311.00000000	1.96082
1311.50000000	1.96423
1312.00000000	1.96685
1312.50000000	1.97007
1313.00000000	1.97653
1313.50000000	1.98059
1314.00000000	1.98601
1314.50000000	1.99072
1315.00000000	1.99489
1315.50000000	1.99980
1316.00000000	2.00327
1316.50000000	2.00823
1317.00000000	2.01267
1317.50000000	2.01535
1318.00000000	2.01861
1318.50000000	2.02062
1319.00000000	2.02132
1319.50000000	2.01887
1320.00000000	2.01550
1320.50000000	2.01233
1321.00000000	2.00784
1321.50000000	2.00499
1322.00000000	2.00219
1322.50000000	1.99885
1323.00000000	1.99553
1323.50000000	1.99317
1324.00000000	1.99177
1324.50000000	1.98941
1325.00000000	1.98740
1325.50000000	1.98473
1326.00000000	1.98169
1326.50000000	1.97935
1327.00000000	1.97844
1327.50000000	1.97768
1328.00000000	1.97779
1328.50000000	1.97874
1329.00000000	1.97878
1329.50000000	1.97956
1330.00000000	1.98031
1330.50000000	1.97769
1331.00000000	1.97515
1331.50000000	1.97325
1332.00000000	1.97087
1332.50000000	1.96676
1333.00000000	1.96343
1333.50000000	1.96086
1334.00000000	1.95808
1334.50000000	1.95393
1335.00000000	1.95071
1335.50000000	1.94714
1336.00000000	1.94296
1336.50000000	1.93930
1337.00000000	1.93455
1337.50000000	1.92898
1338.00000000	1.92485
1338.50000000	1.92066
1339.00000000	1.91715
1339.50000000	1.91568
1340.00000000	1.91386
1340.50000000	1.91085
1341.00000000	1.90555
1341.50000000	1.90058
1342.00000000	1.89434
1342.50000000	1.88925
1343.00000000	1.88194
1343.50000000	1.87425
1344.00000000	1.86650
1344.50000000	1.85970
1345.00000000	1.85533
1345.50000000	1.85079
1346.00000000	1.84736
1346.50000000	1.84489
1347.00000000	1.84082
1347.50000000	1.83737
1348.00000000	1.83380
1348.50000000	1.82882
1349.00000000	1.82324
1349.50000000	1.81629
1350.00000000	1.80999
1350.50000000	1.80270
1351.00000000	1.79839
1351.50000000	1.79597
1352.00000000	1.79306
1352.50000000	1.78760
1353.00000000	1.78554
1353.50000000	1.78197
1354.00000000	1.77945
1354.50000000	1.77650
1355.00000000	1.77446
1355.50000000	1.77169
1356.00000000	1.76988
1356.50000000	1.76876
1357.00000000	1.76503
1357.50000000	1.76153
1358.00000000	1.75688
1358.50000000	1.75430
1359.00000000	1.75440
1359.50000000	1.75540
1360.00000000	1.75856
1360.50000000	1.76352
1361.00000000	1.76850
1361.50000000	1.77282
1362.00000000	1.77748
1362.50000000	1.78104
1363.00000000	1.78369
1363.50000000	1.78800
1364.00000000	1.79166
1364.50000000	1.79637
1365.00000000	1.80129
1365.50000000	1.80899
1366.00000000	1.81657
1366.50000000	1.82334
1367.00000000	1.83060
1367.50000000	1.83849
1368.00000000	1.84784
1368.50000000	1.85809
1369.00000000	1.86627
1369.50000000	1.87399
1370.00000000	1.88071
1370.50000000	1.88786
1371.00000000	1.89610
1371.50000000	1.90620
1372.00000000	1.91722
1372.50000000	1.92648
1373.00000000	1.93673
1373.50000000	1.94659
1374.00000000	1.95462
1374.50000000	1.96125
1375.00000000	1.96720
1375.50000000	1.97196
1376.00000000	1.97504
1376.50000000	1.97788
1377.00000000	1.97885
1377.50000000	1.97616
1378.00000000	1.97440
1378.50000000	1.97629
1379.00000000	1.97822
1379.50000000	1.97894
1380.00000000	1.98036
1380.50000000	1.98129
1381.00000000	1.98176
1381.50000000	1.98303
1382.00000000	1.98435
1382.50000000	1.98451
1383.00000000	1.98483
1383.50000000	1.98615
1384.00000000	1.98749
1384.50000000	1.98949
1385.00000000	1.99280
1385.50000000	1.99619
1386.00000000	1.99758
1386.50000000	1.99600
1387.00000000	1.99536
1387.50000000	1.99524
1388.00000000	1.99267
1388.50000000	1.99244
1389.00000000	1.99047
1389.50000000	1.98859
1390.00000000	1.98776
1390.50000000	1.98614
1391.00000000	1.98537
1391.50000000	1.98367
1392.00000000	1.98164
1392.50000000	1.97783
1393.00000000	1.97326
1393.50000000	1.96978
1394.00000000	1.96551
1394.50000000	1.96292
1395.00000000	1.96099
1395.50000000	1.95943
1396.00000000	1.95637
1396.50000000	1.95512
1397.00000000	1.95647
1397.50000000	1.95675
1398.00000000	1.95466
1398.50000000	1.95207
1399.00000000	1.95022
1399.50000000	1.94822
1400.00000000	1.94547
1400.50000000	1.94241
1401.00000000	1.93929
1401.50000000	1.93785
1402.00000000	1.93579
1402.50000000	1.93562
1403.00000000	1.93448
1403.50000000	1.93233
1404.00000000	1.93277
1404.50000000	1.93228
1405.00000000	1.93160
1405.50000000	1.93009
1406.00000000	1.92663
1406.50000000	1.92458
1407.00000000	1.92372
1407.50000000	1.92293
1408.00000000	1.92334
1408.50000000	1.92334
1409.00000000	1.92391
1409.50000000	1.92224
1410.00000000	1.92181
1410.50000000	1.91870
1411.00000000	1.91315
1411.50000000	1.90740
1412.00000000	1.90463
1412.50000000	1.90327
1413.00000000	1.90352
1413.50000000	1.90299
1414.00000000	1.90065
1414.50000000	1.89923
1415.00000000	1.89490
1415.50000000	1.88995
1416.00000000	1.88536
1416.50000000	1.87977
1417.00000000	1.87799
1417.50000000	1.87576
1418.00000000	1.87472
1418.50000000	1.87566
1419.00000000	1.87540
1419.50000000	1.87470
1420.00000000	1.87253
1420.50000000	1.86906
1421.00000000	1.86741
1421.50000000	1.86641
1422.00000000	1.86660
1422.50000000	1.86852
1423.00000000	1.87037
1423.50000000	1.87284
1424.00000000	1.87567
1424.50000000	1.87794
1425.00000000	1.87963
1425.50000000	1.88090
1426.00000000	1.88249
1426.50000000	1.88501
1427.00000000	1.88892
1427.50000000	1.89314
1428.00000000	1.89651
1428.50000000	1.89948
1429.00000000	1.90027
1429.50000000	1.90090
1430.00000000	1.90085
1430.50000000	1.90118
1431.00000000	1.90239
1431.50000000	1.90668
1432.00000000	1.91178
1432.50000000	1.91657
1433.00000000	1.92202
1433.50000000	1.93038
1434.00000000	1.93872
1434.50000000	1.94872
1435.00000000	1.95446
1435.50000000	1.96070
1436.00000000	1.96441
1436.50000000	1.96814
1437.00000000	1.97250
1437.50000000	1.97818
1438.00000000	1.98121
1438.50000000	1.98150
1439.00000000	1.98256
1439.50000000	1.98657
1440.00000000	1.98780
1440.50000000	1.98833
1441.00000000	1.98872
1441.50000000	1.98850
1442.00000000	1.98932
1442.50000000	1.99086
1443.00000000	1.99153
1443.50000000	1.99221
1444.00000000	1.99162
1444.50000000	1.99170
1445.00000000	1.99032
1445.50000000	1.99098
1446.00000000	1.99211
1446.50000000	1.99465
1447.00000000	1.99972
1447.50000000	2.00414
1448.00000000	2.01007
1448.50000000	2.01434
1449.00000000	2.01840
1449.50000000	2.02308
1450.00000000	2.02596
1450.50000000	2.02739
1451.00000000	2.02924
1451.50000000	2.02992
1452.00000000	2.02945
1452.50000000	2.02743
1453.00000000	2.02437
1453.50000000	2.02241
1454.00000000	2.02069
1454.50000000	2.02005
1455.00000000	2.01817
1455.50000000	2.01711
1456.00000000	2.01657
1456.50000000	2.01675
1457.00000000	2.01548
1457.50000000	2.01284
1458.00000000	2.01112
1458.50000000	2.00972
1459.00000000	2.00965
1459.50000000	2.01174
1460.00000000	2.01312
1460.50000000	2.01249
1461.00000000	2.01438
1461.50000000	2.01430
1462.00000000	2.01350
1462.50000000	2.01250
1463.00000000	2.00951
1463.50000000	2.00410
1464.00000000	1.99918
1464.50000000	1.99275
1465.00000000	1.98500
1465.50000000	1.97649
1466.00000000	1.96927
1466.50000000	1.96130
1467.00000000	1.95186
1467.50000000	1.94222
1468.00000000	1.93351
1468.50000000	1.92590
1469.00000000	1.91862
1469.50000000	1.91056
1470.00000000	1.90352
1470.50000000	1.89801
1471.00000000	1.89318
1471.50000000	1.88696
1472.00000000	1.88148
1472.50000000	1.87380
1473.00000000	1.86724
1473.50000000	1.86179
1474.00000000	1.85792
1474.50000000	1.85486
1475.00000000	1.85438
1475.50000000	1.85219
1476.00000000	1.84930
1476.50000000	1.84634
1477.00000000	1.84307
1477.50000000	1.84138
1478.00000000	1.84058
1478.50000000	1.84070
1479.00000000	1.83973
1479.50000000	1.84028
1480.00000000	1.84038
1480.50000000	1.83990
1481.00000000	1.84352
1481.50000000	1.84719
1482.00000000	1.85090
1482.50000000	1.85320
1483.00000000	1.85377
1483.50000000	1.85245
1484.00000000	1.85387
1484.50000000	1.85897
1485.00000000	1.86073
1485.50000000	1.86290
1486.00000000	1.86468
1486.50000000	1.86552
1487.00000000	1.86826
1487.50000000	1.87216
1488.00000000	1.87597
1488.50000000	1.88021
1489.00000000	1.88383
1489.50000000	1.88706
1490.00000000	1.88841
1490.50000000	1.89245
1491.00000000	1.89795
1491.50000000	1.90086
1492.00000000	1.90409
1492.50000000	1.90685
1493.00000000	1.90946
1493.50000000	1.91224
1494.00000000	1.91560
1494.50000000	1.91808
1495.00000000	1.92016
1495.50000000	1.92129
1496.00000000	1.92182
1496.50000000	1.92184
1497.00000000	1.92385
1497.50000000	1.92581
1498.00000000	1.92750
1498.50000000	1.92911
1499.00000000	1.93073
1499.50000000	1.93466
1500.00000000	1.93757
1500.50000000	1.93989
1501.00000000	1.94236
1501.50000000	1.94647
1502.00000000	1.94728
1502.50000000	1.94873
1503.00000000	1.95178
1503.50000000	1.95464
1504.00000000	1.95734
1504.50000000	1.95867
1505.00000000	1.95875
1505.50000000	1.95911
1506.00000000	1.96029
1506.50000000	1.96153
1507.00000000	1.96401
1507.50000000	1.96632
1508.00000000	1.96838
1508.50000000	1.96930
1509.00000000	1.96820
1509.50000000	1.96546
1510.00000000	1.96287
1510.50000000	1.96116
1511.00000000	1.95972
1511.50000000	1.96009
1512.00000000	1.95979
1512.50000000	1.95663
1513.00000000	1.95452
1513.50000000	1.95328
1514.00000000	1.95314
1514.50000000	1.95286
1515.00000000	1.95263
1515.50000000	1.95164
1516.00000000	1.94664
1516.50000000	1.94362
1517.00000000	1.93966
1517.50000000	1.93405
1518.00000000	1.92990
1518.50000000	1.92634
1519.00000000	1.92370
1519.50000000	1.92290
1520.00000000	1.92370
1520.50000000	1.92843
1521.00000000	1.93509
1521.50000000	1.93951
1522.00000000	1.94288
1522.50000000	1.94690
1523.00000000	1.94857
1523.50000000	1.95268
1524.00000000	1.95495
1524.50000000	1.95657
1525.00000000	1.95636
1525.50000000	1.95736
1526.00000000	1.95869
1526.50000000	1.96332
1527.00000000	1.96717
1527.50000000	1.97069
1528.00000000	1.97359
1528.50000000	1.97642
1529.00000000	1.98004
1529.50000000	1.98205
1530.00000000	1.98339
1530.50000000	1.98227
1531.00000000	1.98104
1531.50000000	1.98149
1532.00000000	1.97987
1532.50000000	1.97767
1533.00000000	1.97633
1533.50000000	1.97501
1534.00000000	1.97300
1534.50000000	1.97362
1535.00000000	1.97570
1535.50000000	1.97919
1536.00000000	1.97942
1536.50000000	1.98053
1537.00000000	1.98179
1537.50000000	1.98408
1538.00000000	1.98523
1538.50000000	1.98674
1539.00000000	1.98595
1539.50000000	1.98457
1540.00000000	1.98374
1540.50000000	1.98639
1541.00000000	1.98756
1541.50000000	1.98869
1542.00000000	1.98925
1542.50000000	1.99174
1543.00000000	1.99157
1543.50000000	1.99026
1544.00000000	1.98993
1544.50000000	1.98828
1545.00000000	1.98819
1545.50000000	1.98739
1546.00000000	1.98572
1546.50000000	1.98402
1547.00000000	1.98078
1547.50000000	1.98093
1548.00000000	1.97766
1548.50000000	1.97523
1549.00000000	1.97000
1549.50000000	1.96398
1550.00000000	1.95989
1550.50000000	1.95761
1551.00000000	1.95531
1551.50000000	1.95083
1552.00000000	1.94534
1552.50000000	1.93983
1553.00000000	1.93452
1553.50000000	1.92951
1554.00000000	1.92593
1554.50000000	1.92183
1555.00000000	1.91557
1555.50000000	1.91376
1556.00000000	1.91331
1556.50000000	1.91212
1557.00000000	1.91148
1557.50000000	1.91152
1558.00000000	1.91291
1558.50000000	1.91231
1559.00000000	1.91072
1559.50000000	1.90950
1560.00000000	1.90729
1560.50000000	1.90379
1561.00000000	1.90238
1561.50000000	1.90408
1562.00000000	1.90374
1562.50000000	1.90272
1563.00000000	1.89878
1563.50000000	1.89623
1564.00000000	1.89226
1564.50000000	1.88755
1565.00000000	1.88657
1565.50000000	1.88472
1566.00000000	1.88398
1566.50000000	1.88456
1567.00000000	1.88530
1567.50000000	1.88469
1568.00000000	1.88413
1568.50000000	1.88185
1569.00000000	1.87970
1569.50000000	1.87971
1570.00000000	1.87810
1570.50000000	1.87838
1571.00000000	1.87895
1571.50000000	1.87922
1572.00000000	1.87909
1572.50000000	1.88072
1573.00000000	1.88510
1573.50000000	1.88952
1574.00000000	1.89388
1574.50000000	1.89836
1575.00000000	1.90197
1575.50000000	1.90547
1576.00000000	1.90992
1576.50000000	1.91389
1577.00000000	1.91600
1577.50000000	1.91812
1578.00000000	1.92064
1578.50000000	1.92276
1579.00000000	1.92767
1579.50000000	1.93307
1580.00000000	1.93808
1580.50000000	1.94492
1581.00000000	1.95162
1581.50000000	1.95888
1582.00000000	1.96668
1582.50000000	1.97303
1583.00000000	1.97685
1583.50000000	1.98103
1584.00000000	1.98342
1584.50000000	1.98547
1585.00000000	1.98579
1585.50000000	1.98690
1586.00000000	1.98894
1586.50000000	1.98814
1587.00000000	1.98826
1587.50000000	1.98960
1588.00000000	1.99237
1588.50000000	1.99585
1589.00000000	2.00000
1589.50000000	2.00235
1590.00000000	2.00554
1590.50000000	2.00917
1591.00000000	2.01428
