50.00000000	5.16830
50.50000000	5.16864
51.00000000	5.16853
51.50000000	5.16823
52.00000000	5.17023
52.50000000	5.17304
53.00000000	5.17602
53.50000000	5.17848
54.00000000	5.18122
54.50000000	5.18231
55.00000000	5.18432
55.50000000	5.18701
56.00000000	5.19092
56.50000000	5.19525
57.00000000	5.19830
57.50000000	5.19921
58.00000000	5.19911
58.50000000	5.19845
59.00000000	5.19649
59.50000000	5.19623
60.00000000	5.19412
60.50000000	5.19107
61.00000000	5.18947
61.50000000	5.18782
62.00000000	5.18783
62.50000000	5.18624
63.00000000	5.18622
63.50000000	5.18728
64.00000000	5.18745
64.50000000	5.18557
65.00000000	5.18379
65.50000000	5.18293
66.00000000	5.17985
66.50000000	5.17669
67.00000000	5.17304
67.50000000	5.16929
68.00000000	5.16771
68.50000000	5.16473
69.00000000	5.16172
69.50000000	5.15784
70.00000000	5.15293
70.50000000	5.14814
71.00000000	5.14481
71.50000000	5.14265
72.00000000	5.14099
72.50000000	5.13935
73.00000000	5.13822
73.50000000	5.13682
74.00000000	5.13563
74.50000000	5.13450
75.00000000	5.13301
75.50000000	5.13156
76.00000000	5.12918
76.50000000	5.12918
77.00000000	5.12909
77.50000000	5.12912
78.00000000	5.12927
78.50000000	5.12942
79.00000000	5.12937
79.50000000	5.12815
80.00000000	5.12577
80.50000000	5.12380
81.00000000	5.12300
81.50000000	5.12042
82.00000000	5.11791
82.50000000	5.11609
83.00000000	5.11495
83.50000000	5.11484
84.00000000	5.11495
84.50000000	5.11609
85.00000000	5.11679
85.50000000	5.11791
86.00000000	5.11893
86.50000000	5.12052
87.00000000	5.12408
87.50000000	5.12798
88.00000000	5.13315
88.50000000	5.13963
89.00000000	5.14756
89.50000000	5.15231
90.00000000	5.15591
90.50000000	5.15790
91.00000000	5.15933
91.50000000	5.16175
92.00000000	5.16317
92.50000000	5.16571
93.00000000	5.16866
93.50000000	5.17148
94.00000000	5.17326
94.50000000	5.17393
95.00000000	5.17446
95.50000000	5.17538
96.00000000	5.17657
96.50000000	5.17695
97.00000000	5.17696
97.50000000	5.17601
98.00000000	5.17574
98.50000000	5.17579
99.00000000	5.17594
99.50000000	5.17512
100.00000000	5.17498
100.50000000	5.17345
101.00000000	5.17265
101.50000000	5.17204
102.00000000	5.17084
102.50000000	5.17000
103.00000000	5.16873
103.50000000	5.16731
104.00000000	5.16720
104.50000000	5.16429
105.00000000	5.16044
105.50000000	5.15770
106.00000000	5.15412
106.50000000	5.14937
107.00000000	5.14479
107.50000000	5.14129
108.00000000	5.13778
108.50000000	5.13319
109.00000000	5.12756
109.50000000	5.12346
110.00000000	5.11876
110.50000000	5.11450
111.00000000	5.10935
111.50000000	5.10436
112.00000000	5.09845
112.50000000	5.09493
113.00000000	5.09221
113.50000000	5.08890
114.00000000	5.08537
114.50000000	5.08206
115.00000000	5.07847
115.50000000	5.07458
116.00000000	5.07302
116.50000000	5.07044
117.00000000	5.06763
117.50000000	5.06580
118.00000000	5.06376
118.50000000	5.06127
119.00000000	5.05986
119.50000000	5.05957
120.00000000	5.06049
120.50000000	5.06195
121.00000000	5.06408
121.50000000	5.06558
122.00000000	5.06673
122.50000000	5.06799
123.00000000	5.06905
123.50000000	5.06938
124.00000000	5.06967
124.50000000	5.07036
125.00000000	5.07094
125.50000000	5.07051
126.00000000	5.07068
126.50000000	5.07194
127.00000000	5.07457
127.50000000	5.07474
128.00000000	5.07509
128.50000000	5.07713
129.00000000	5.07829
129.50000000	5.07931
130.00000000	5.08100
130.50000000	5.08181
131.00000000	5.08285
131.50000000	5.08345
132.00000000	5.08173
132.50000000	5.07859
133.00000000	5.07385
133.50000000	5.06879
134.00000000	5.06359
134.50000000	5.05764
135.00000000	5.05214
135.50000000	5.04364
136.00000000	5.03494
136.50000000	5.02762
137.00000000	5.02061
137.50000000	5.01367
138.00000000	5.00737
138.50000000	5.00088
139.00000000	4.99482
139.50000000	4.98996
140.00000000	4.98506
140.50000000	4.98087
141.00000000	4.97655
141.50000000	4.97196
142.00000000	4.96894
142.50000000	4.96484
143.00000000	4.95981
143.50000000	4.95471
144.00000000	4.94976
144.50000000	4.94384
145.00000000	4.93926
145.50000000	4.93482
146.00000000	4.93077
146.50000000	4.92754
147.00000000	4.92559
147.50000000	4.92260
148.00000000	4.92005
148.50000000	4.91833
149.00000000	4.91580
149.50000000	4.91306
150.00000000	4.90995
150.50000000	4.90560
151.00000000	4.90287
151.50000000	4.90096
152.00000000	4.89892
152.50000000	4.89537
153.00000000	4.89244
153.50000000	4.88938
154.00000000	4.88666
154.50000000	4.88386
155.00000000	4.87980
155.50000000	4.87381
156.00000000	4.86858
156.50000000	4.86431
157.00000000	4.86027
157.50000000	4.85686
158.00000000	4.85097
158.50000000	4.84556
159.00000000	4.84240
159.50000000	4.84009
160.00000000	4.83814
160.50000000	4.83633
161.00000000	4.83594
161.50000000	4.83412
162.00000000	4.83126
162.50000000	4.82858
163.00000000	4.82622
163.50000000	4.82346
164.00000000	4.82229
164.50000000	4.81970
165.00000000	4.81806
165.50000000	4.81673
166.00000000	4.81424
166.50000000	4.81241
167.00000000	4.80996
167.50000000	4.80762
168.00000000	4.80439
168.50000000	4.80125
169.00000000	4.79834
169.50000000	4.79602
170.00000000	4.79290
170.50000000	4.79024
171.00000000	4.78794
171.50000000	4.78416
172.00000000	4.78009
172.50000000	4.77740
173.00000000	4.77480
173.50000000	4.77233
174.00000000	4.77131
174.50000000	4.76850
175.00000000	4.76655
175.50000000	4.76475
176.00000000	4.76303
176.50000000	4.76226
177.00000000	4.76251
177.50000000	4.76418
178.00000000	4.76682
178.50000000	4.76829
179.00000000	4.76757
179.50000000	4.76660
180.00000000	4.76598
180.50000000	4.76612
181.00000000	4.76579
181.50000000	4.76695
182.00000000	4.76523
182.50000000	4.76403
183.00000000	4.76330
183.50000000	4.76226
184.00000000	4.76161
184.50000000	4.76167
185.00000000	4.76138
185.50000000	4.75980
186.00000000	4.75809
186.50000000	4.75635
187.00000000	4.75534
187.50000000	4.75381
188.00000000	4.75274
188.50000000	4.75086
189.00000000	4.75034
189.50000000	4.75008
190.00000000	4.74873
190.50000000	4.74739
191.00000000	4.74459
191.50000000	4.74272
192.00000000	4.74183
192.50000000	4.74060
193.00000000	4.74050
193.50000000	4.74054
194.00000000	4.73931
194.50000000	4.73821
195.00000000	4.73636
195.50000000	4.73493
196.00000000	4.73296
196.50000000	4.73119
197.00000000	4.73140
197.50000000	4.73221
198.00000000	4.73146
198.50000000	4.73102
199.00000000	4.73192
199.50000000	4.73406
200.00000000	4.73523
200.50000000	4.73770
201.00000000	4.74036
201.50000000	4.74182
202.00000000	4.74481
202.50000000	4.74768
203.00000000	4.75038
203.50000000	4.75230
204.00000000	4.75323
204.50000000	4.75523
205.00000000	4.75685
205.50000000	4.75874
206.00000000	4.76223
206.50000000	4.76543
207.00000000	4.76982
207.50000000	4.77458
208.00000000	4.77810
208.50000000	4.78141
209.00000000	4.78299
209.50000000	4.78270
210.00000000	4.78257
210.50000000	4.78441
211.00000000	4.78596
211.50000000	4.78858
212.00000000	4.78878
212.50000000	4.78915
213.00000000	4.78887
213.50000000	4.78650
214.00000000	4.78429
214.50000000	4.78419
215.00000000	4.78399
215.50000000	4.78326
216.00000000	4.78239
216.50000000	4.78260
217.00000000	4.78133
217.50000000	4.78084
218.00000000	4.78221
218.50000000	4.78255
219.00000000	4.78340
219.50000000	4.78328
220.00000000	4.78230
220.50000000	4.78424
221.00000000	4.78454
221.50000000	4.78482
222.00000000	4.78385
222.50000000	4.78348
223.00000000	4.78266
223.50000000	4.78142
224.00000000	4.78159
224.50000000	4.78146
225.00000000	4.78182
225.50000000	4.78239
226.00000000	4.78388
226.50000000	4.78532
227.00000000	4.78695
227.50000000	4.78827
228.00000000	4.78926
228.50000000	4.78689
229.00000000	4.78386
229.50000000	4.78108
230.00000000	4.77927
230.50000000	4.77564
231.00000000	4.77436
231.50000000	4.77374
232.00000000	4.77321
232.50000000	4.77381
233.00000000	4.77517
233.50000000	4.77562
234.00000000	4.77569
234.50000000	4.77717
235.00000000	4.77930
235.50000000	4.78218
236.00000000	4.78506
236.50000000	4.78839
237.00000000	4.79165
237.50000000	4.79605
238.00000000	4.79755
238.50000000	4.79735
239.00000000	4.79656
239.50000000	4.79668
240.00000000	4.79810
240.50000000	4.80023
241.00000000	4.80183
241.50000000	4.80558
242.00000000	4.80970
242.50000000	4.81328
243.00000000	4.81686
243.50000000	4.81860
244.00000000	4.81970
244.50000000	4.82282
245.00000000	4.82547
245.50000000	4.82923
246.00000000	4.83251
246.50000000	4.83481
247.00000000	4.83694
247.50000000	4.84025
248.00000000	4.84340
248.50000000	4.84704
249.00000000	4.84881
249.50000000	4.85039
250.00000000	4.85231
250.50000000	4.85392
251.00000000	4.85536
251.50000000	4.85688
252.00000000	4.85980
252.50000000	4.86264
253.00000000	4.86689
253.50000000	4.86980
254.00000000	4.87252
254.50000000	4.87442
255.00000000	4.87790
255.50000000	4.88155
256.00000000	4.88509
256.50000000	4.88762
257.00000000	4.89072
257.50000000	4.89590
258.00000000	4.90054
258.50000000	4.90597
259.00000000	4.91150
259.50000000	4.91522
260.00000000	4.91984
260.50000000	4.92555
261.00000000	4.93160
261.50000000	4.93851
262.00000000	4.94514
262.50000000	4.95099
263.00000000	4.95616
263.50000000	4.96271
264.00000000	4.96785
264.50000000	4.97399
265.00000000	4.98017
265.50000000	4.98705
266.00000000	4.99326
266.50000000	4.99940
267.00000000	5.00573
267.50000000	5.01135
268.00000000	5.01589
268.50000000	5.02144
269.00000000	5.02700
269.50000000	5.03354
270.00000000	5.04150
270.50000000	5.04996
271.00000000	5.05836
271.50000000	5.06794
272.00000000	5.07626
272.50000000	5.08440
273.00000000	5.09403
273.50000000	5.10495
274.00000000	5.11609
274.50000000	5.12638
275.00000000	5.13510
275.50000000	5.14492
276.00000000	5.15315
276.50000000	5.16006
277.00000000	5.16674
277.50000000	5.17193
278.00000000	5.17798
278.50000000	5.18419
279.00000000	5.18964
279.50000000	5.19417
280.00000000	5.19844
280.50000000	5.20317
281.00000000	5.20584
281.50000000	5.20872
282.00000000	5.21296
282.50000000	5.21807
283.00000000	5.22304
283.50000000	5.22827
284.00000000	5.23296
284.50000000	5.23941
285.00000000	5.24491
285.50000000	5.24977
286.00000000	5.25386
286.50000000	5.25770
287.00000000	5.26329
287.50000000	5.26907
288.00000000	5.27476
288.50000000	5.27937
289.00000000	5.28374
289.50000000	5.28837
290.00000000	5.29241
290.50000000	5.30033
291.00000000	5.30788
291.50000000	5.31527
292.00000000	5.32227
292.50000000	5.32978
293.00000000	5.33647
293.50000000	5.34471
294.00000000	5.35100
294.50000000	5.35606
295.00000000	5.36017
295.50000000	5.36375
296.00000000	5.36716
296.50000000	5.37080
297.00000000	5.37526
297.50000000	5.38000
298.00000000	5.38390
298.50000000	5.38695
299.00000000	5.39018
299.50000000	5.39170
300.00000000	5.39384
300.50000000	5.39536
301.00000000	5.39768
301.50000000	5.39973
302.00000000	5.40048
302.50000000	5.40192
303.00000000	5.40223
303.50000000	5.40280
304.00000000	5.40478
304.50000000	5.40623
305.00000000	5.40528
305.50000000	5.40351
306.00000000	5.40159
306.50000000	5.39969
307.00000000	5.39617
307.50000000	5.39237
308.00000000	5.38807
308.50000000	5.38458
309.00000000	5.38197
309.50000000	5.37904
310.00000000	5.37762
310.50000000	5.37622
311.00000000	5.37365
311.50000000	5.37195
312.00000000	5.36923
312.50000000	5.36792
313.00000000	5.36642
313.50000000	5.36413
314.00000000	5.36160
314.50000000	5.35983
315.00000000	5.35677
315.50000000	5.35399
316.00000000	5.35013
316.50000000	5.34638
317.00000000	5.34349
317.50000000	5.34049
318.00000000	5.33808
318.50000000	5.33564
319.00000000	5.33194
319.50000000	5.32817
320.00000000	5.32426
320.50000000	5.32062
321.00000000	5.31741
321.50000000	5.31487
322.00000000	5.31256
322.50000000	5.30838
323.00000000	5.30406
323.50000000	5.30049
324.00000000	5.29716
324.50000000	5.29408
325.00000000	5.29187
325.50000000	5.29047
326.00000000	5.28925
326.50000000	5.28788
327.00000000	5.28477
327.50000000	5.28133
328.00000000	5.27728
328.50000000	5.27337
329.00000000	5.27097
329.50000000	5.26888
330.00000000	5.26746
330.50000000	5.26732
331.00000000	5.26669
331.50000000	5.26579
332.00000000	5.26369
332.50000000	5.26383
333.00000000	5.26350
333.50000000	5.26296
334.00000000	5.26235
334.50000000	5.26263
335.00000000	5.26058
335.50000000	5.25864
336.00000000	5.25590
336.50000000	5.25286
337.00000000	5.24898
337.50000000	5.24692
338.00000000	5.24477
338.50000000	5.24331
339.00000000	5.24188
339.50000000	5.24131
340.00000000	5.23856
340.50000000	5.23695
341.00000000	5.23578
341.50000000	5.23533
342.00000000	5.23377
342.50000000	5.23286
343.00000000	5.23052
343.50000000	5.22924
344.00000000	5.22872
344.50000000	5.22638
345.00000000	5.22419
345.50000000	5.22036
346.00000000	5.21619
346.50000000	5.21239
347.00000000	5.20984
347.50000000	5.20676
348.00000000	5.20469
348.50000000	5.20484
349.00000000	5.20392
349.50000000	5.20319
350.00000000	5.20294
350.50000000	5.20157
351.00000000	5.19943
351.50000000	5.19865
352.00000000	5.19881
352.50000000	5.19986
353.00000000	5.19881
353.50000000	5.19829
354.00000000	5.19789
354.50000000	5.19694
355.00000000	5.19520
355.50000000	5.19252
356.00000000	5.18923
356.50000000	5.18697
357.00000000	5.18542
357.50000000	5.18448
358.00000000	5.18361
358.50000000	5.18309
359.00000000	5.18260
359.50000000	5.18210
360.00000000	5.18120
360.50000000	5.18298
361.00000000	5.18495
361.50000000	5.18637
362.00000000	5.18765
362.50000000	5.18823
363.00000000	5.18980
363.50000000	5.19194
364.00000000	5.19402
364.50000000	5.19633
365.00000000	5.19881
365.50000000	5.20102
366.00000000	5.20204
366.50000000	5.20470
367.00000000	5.20802
367.50000000	5.21020
368.00000000	5.21316
368.50000000	5.21492
369.00000000	5.21605
369.50000000	5.21799
370.00000000	5.21890
370.50000000	5.21884
371.00000000	5.21801
371.50000000	5.21758
372.00000000	5.21766
372.50000000	5.21785
373.00000000	5.21890
373.50000000	5.22070
374.00000000	5.22299
374.50000000	5.22641
375.00000000	5.22899
375.50000000	5.23222
376.00000000	5.23567
376.50000000	5.23835
377.00000000	5.23996
377.50000000	5.24176
378.00000000	5.24269
378.50000000	5.24280
379.00000000	5.24473
379.50000000	5.24504
380.00000000	5.24308
380.50000000	5.24202
381.00000000	5.24329
381.50000000	5.24552
382.00000000	5.24935
382.50000000	5.25398
383.00000000	5.25734
383.50000000	5.26030
384.00000000	5.26341
384.50000000	5.26389
385.00000000	5.26616
385.50000000	5.26798
386.00000000	5.26864
386.50000000	5.26844
387.00000000	5.26862
387.50000000	5.26861
388.00000000	5.26754
388.50000000	5.26770
389.00000000	5.26760
389.50000000	5.26885
390.00000000	5.26958
390.50000000	5.27000
391.00000000	5.27153
391.50000000	5.27297
392.00000000	5.27429
392.50000000	5.27448
393.00000000	5.27527
393.50000000	5.27588
394.00000000	5.27537
394.50000000	5.27394
395.00000000	5.27235
395.50000000	5.26965
396.00000000	5.26685
396.50000000	5.26541
397.00000000	5.26252
397.50000000	5.25916
398.00000000	5.25614
398.50000000	5.25438
399.00000000	5.25247
399.50000000	5.25084
400.00000000	5.24923
400.50000000	5.24950
401.00000000	5.24989
401.50000000	5.25038
402.00000000	5.24936
402.50000000	5.24715
403.00000000	5.24527
403.50000000	5.24375
404.00000000	5.24145
404.50000000	5.23774
405.00000000	5.23253
405.50000000	5.22702
406.00000000	5.22365
406.50000000	5.21869
407.00000000	5.21426
407.50000000	5.21118
408.00000000	5.20966
408.50000000	5.20804
409.00000000	5.20688
409.50000000	5.20811
410.00000000	5.20874
410.50000000	5.20788
411.00000000	5.20602
411.50000000	5.20352
412.00000000	5.20251
412.50000000	5.20025
413.00000000	5.20058
413.50000000	5.20172
414.00000000	5.20151
414.50000000	5.20070
415.00000000	5.19853
415.50000000	5.19515
416.00000000	5.19018
416.50000000	5.18530
417.00000000	5.18152
417.50000000	5.18007
418.00000000	5.17770
418.50000000	5.17440
419.00000000	5.16992
419.50000000	5.16735
420.00000000	5.16647
420.50000000	5.16520
421.00000000	5.16178
421.50000000	5.15913
422.00000000	5.15696
422.50000000	5.15378
423.00000000	5.15020
423.50000000	5.14752
424.00000000	5.14517
424.50000000	5.14230
425.00000000	5.14070
425.50000000	5.13993
426.00000000	5.13900
426.50000000	5.13838
427.00000000	5.13751
427.50000000	5.13674
428.00000000	5.13582
428.50000000	5.13547
429.00000000	5.13584
429.50000000	5.13634
430.00000000	5.13720
430.50000000	5.13731
431.00000000	5.13686
431.50000000	5.13688
432.00000000	5.13640
432.50000000	5.13574
433.00000000	5.13543
433.50000000	5.13570
434.00000000	5.13747
434.50000000	5.13881
435.00000000	5.14025
435.50000000	5.14027
436.00000000	5.14002
436.50000000	5.13930
437.00000000	5.13902
437.50000000	5.13874
438.00000000	5.14089
438.50000000	5.14223
439.00000000	5.14445
439.50000000	5.14391
440.00000000	5.14412
440.50000000	5.14505
441.00000000	5.14741
441.50000000	5.14911
442.00000000	5.15176
442.50000000	5.15456
443.00000000	5.15693
443.50000000	5.15868
444.00000000	5.15945
444.50000000	5.16030
445.00000000	5.16186
445.50000000	5.16249
446.00000000	5.16252
446.50000000	5.16081
447.00000000	5.15890
447.50000000	5.15783
448.00000000	5.15605
448.50000000	5.15542
449.00000000	5.15420
449.50000000	5.15211
450.00000000	5.15072
450.50000000	5.15073
451.00000000	5.15251
451.50000000	5.15571
452.00000000	5.15720
452.50000000	5.15838
453.00000000	5.15947
453.50000000	5.15948
454.00000000	5.15832
454.50000000	5.15550
455.00000000	5.15353
455.50000000	5.15391
456.00000000	5.15335
456.50000000	5.15225
457.00000000	5.15126
457.50000000	5.14868
458.00000000	5.14616
458.50000000	5.14574
459.00000000	5.14519
459.50000000	5.14461
460.00000000	5.14512
460.50000000	5.14430
461.00000000	5.14265
461.50000000	5.14185
462.00000000	5.13946
462.50000000	5.13740
463.00000000	5.13463
463.50000000	5.13476
464.00000000	5.13461
464.50000000	5.13405
465.00000000	5.13320
465.50000000	5.13320
466.00000000	5.13294
466.50000000	5.13340
467.00000000	5.13345
467.50000000	5.13165
468.00000000	5.13046
468.50000000	5.13084
469.00000000	5.13258
469.50000000	5.13402
470.00000000	5.13618
470.50000000	5.13717
471.00000000	5.13785
471.50000000	5.13760
472.00000000	5.13645
472.50000000	5.13436
473.00000000	5.13186
473.50000000	5.12965
474.00000000	5.12667
474.50000000	5.12547
475.00000000	5.12646
475.50000000	5.12768
476.00000000	5.12752
476.50000000	5.12713
477.00000000	5.12823
477.50000000	5.12922
478.00000000	5.12827
478.50000000	5.12789
479.00000000	5.12760
479.50000000	5.12805
480.00000000	5.12852
480.50000000	5.12727
481.00000000	5.12538
481.50000000	5.12415
482.00000000	5.12282
482.50000000	5.12274
483.00000000	5.12346
483.50000000	5.12286
484.00000000	5.12044
484.50000000	5.12030
485.00000000	5.12195
485.50000000	5.12291
486.00000000	5.12344
486.50000000	5.12239
487.00000000	5.12085
487.50000000	5.11959
488.00000000	5.11769
488.50000000	5.11505
489.00000000	5.11227
489.50000000	5.10837
490.00000000	5.10610
490.50000000	5.10171
491.00000000	5.09867
491.50000000	5.09681
492.00000000	5.09445
492.50000000	5.09308
493.00000000	5.09146
493.50000000	5.08921
494.00000000	5.08743
494.50000000	5.08638
495.00000000	5.08490
495.50000000	5.08244
496.00000000	5.07947
496.50000000	5.07881
497.00000000	5.07868
497.50000000	5.07718
498.00000000	5.07518
498.50000000	5.07373
499.00000000	5.07283
499.50000000	5.07348
500.00000000	5.07620
500.50000000	5.07867
501.00000000	5.08209
501.50000000	5.08437
502.00000000	5.08707
502.50000000	5.09170
503.00000000	5.09730
503.50000000	5.10136
504.00000000	5.10566
504.50000000	5.10966
505.00000000	5.11402
505.50000000	5.11709
506.00000000	5.11841
506.50000000	5.12037
507.00000000	5.12389
507.50000000	5.12760
508.00000000	5.13029
508.50000000	5.13212
509.00000000	5.13350
509.50000000	5.13454
510.00000000	5.13705
510.50000000	5.13921
511.00000000	5.14086
511.50000000	5.14325
512.00000000	5.14593
512.50000000	5.14887
513.00000000	5.15079
513.50000000	5.15222
514.00000000	5.15405
514.50000000	5.15617
515.00000000	5.15812
515.50000000	5.15952
516.00000000	5.15938
516.50000000	5.15763
517.00000000	5.15632
517.50000000	5.15610
518.00000000	5.15635
518.50000000	5.15779
519.00000000	5.15851
519.50000000	5.16140
520.00000000	5.16675
520.50000000	5.17178
521.00000000	5.17737
521.50000000	5.18332
522.00000000	5.18704
522.50000000	5.19142
523.00000000	5.19549
523.50000000	5.19993
524.00000000	5.20463
524.50000000	5.20841
525.00000000	5.21265
525.50000000	5.21789
526.00000000	5.22239
526.50000000	5.22754
527.00000000	5.23263
527.50000000	5.23751
528.00000000	5.24225
528.50000000	5.24713
529.00000000	5.25084
529.50000000	5.25484
530.00000000	5.25828
530.50000000	5.26059
531.00000000	5.26361
531.50000000	5.26607
532.00000000	5.26917
532.50000000	5.27385
533.00000000	5.27706
533.50000000	5.28027
534.00000000	5.28613
534.50000000	5.29070
535.00000000	5.29474
535.50000000	5.29529
536.00000000	5.29742
536.50000000	5.29899
537.00000000	5.30158
537.50000000	5.30284
538.00000000	5.30449
538.50000000	5.30504
539.00000000	5.30655
539.50000000	5.30657
540.00000000	5.30529
540.50000000	5.30390
541.00000000	5.30223
541.50000000	5.30006
542.00000000	5.29657
542.50000000	5.29326
543.00000000	5.29026
543.50000000	5.28723
544.00000000	5.28501
544.50000000	5.28231
545.00000000	5.27938
545.50000000	5.27639
546.00000000	5.27341
546.50000000	5.27049
547.00000000	5.26856
547.50000000	5.26664
548.00000000	5.26679
548.50000000	5.26613
549.00000000	5.26354
549.50000000	5.26134
550.00000000	5.26042
550.50000000	5.25759
551.00000000	5.25360
551.50000000	5.25003
552.00000000	5.24576
552.50000000	5.24098
553.00000000	5.23534
553.50000000	5.23112
554.00000000	5.22690
554.50000000	5.22194
555.00000000	5.21614
555.50000000	5.21071
556.00000000	5.20747
556.50000000	5.20613
557.00000000	5.20360
557.50000000	5.20108
558.00000000	5.20108
558.50000000	5.20191
559.00000000	5.20300
559.50000000	5.20478
560.00000000	5.20665
560.50000000	5.20922
561.00000000	5.21090
561.50000000	5.21065
562.00000000	5.21012
562.50000000	5.21095
563.00000000	5.21288
563.50000000	5.21568
564.00000000	5.21602
564.50000000	5.21601
565.00000000	5.21629
565.50000000	5.21612
566.00000000	5.21506
566.50000000	5.21522
567.00000000	5.21527
567.50000000	5.21569
568.00000000	5.21737
568.50000000	5.21883
569.00000000	5.22006
569.50000000	5.22049
570.00000000	5.21980
570.50000000	5.21742
571.00000000	5.21518
571.50000000	5.21255
572.00000000	5.20843
572.50000000	5.20440
573.00000000	5.20067
573.50000000	5.19672
574.00000000	5.19212
574.50000000	5.18558
575.00000000	5.17841
575.50000000	5.17240
576.00000000	5.16667
576.50000000	5.16317
577.00000000	5.15952
577.50000000	5.15567
578.00000000	5.15217
578.50000000	5.14787
579.00000000	5.14370
579.50000000	5.14176
580.00000000	5.13844
580.50000000	5.13627
581.00000000	5.13276
581.50000000	5.13185
582.00000000	5.13194
582.50000000	5.13015
583.00000000	5.12846
583.50000000	5.12820
584.00000000	5.12912
584.50000000	5.13100
585.00000000	5.13176
585.50000000	5.13229
586.00000000	5.13188
586.50000000	5.13301
587.00000000	5.13360
587.50000000	5.13461
588.00000000	5.13593
588.50000000	5.13777
589.00000000	5.13965
589.50000000	5.14154
590.00000000	5.14313
590.50000000	5.14536
591.00000000	5.14848
591.50000000	5.15250
592.00000000	5.15648
592.50000000	5.15954
593.00000000	5.16228
593.50000000	5.16249
594.00000000	5.16198
594.50000000	5.16192
595.00000000	5.16188
595.50000000	5.16196
596.00000000	5.16180
596.50000000	5.16350
597.00000000	5.16435
597.50000000	5.16685
598.00000000	5.17105
598.50000000	5.17473
599.00000000	5.17797
599.50000000	5.17999
600.00000000	5.18261
600.50000000	5.18406
601.00000000	5.18525
601.50000000	5.18777
602.00000000	5.18999
602.50000000	5.19100
603.00000000	5.19410
603.50000000	5.19616
604.00000000	5.19760
604.50000000	5.20108
605.00000000	5.20475
605.50000000	5.20739
606.00000000	5.21014
606.50000000	5.21268
607.00000000	5.21707
607.50000000	5.21998
608.00000000	5.22293
608.50000000	5.22585
609.00000000	5.22833
609.50000000	5.22924
610.00000000	5.22967
610.50000000	5.22954
611.00000000	5.22732
611.50000000	5.22646
612.00000000	5.22585
612.50000000	5.22401
613.00000000	5.22170
613.50000000	5.22109
614.00000000	5.21920
614.50000000	5.21633
615.00000000	5.21185
615.50000000	5.20778
616.00000000	5.20341
616.50000000	5.19929
617.00000000	5.19503
617.50000000	5.19216
618.00000000	5.18847
618.50000000	5.18582
619.00000000	5.18391
619.50000000	5.18121
620.00000000	5.17992
620.50000000	5.17764
621.00000000	5.17539
621.50000000	5.17238
622.00000000	5.16933
622.50000000	5.16573
623.00000000	5.16165
623.50000000	5.15949
624.00000000	5.15792
624.50000000	5.15702
625.00000000	5.15707
625.50000000	5.15687
626.00000000	5.15596
626.50000000	5.15604
627.00000000	5.15729
627.50000000	5.15674
628.00000000	5.15649
628.50000000	5.15663
629.00000000	5.15601
629.50000000	5.15787
630.00000000	5.15829
630.50000000	5.15891
631.00000000	5.15893
631.50000000	5.15932
632.00000000	5.15971
632.50000000	5.16098
633.00000000	5.16233
633.50000000	5.16371
634.00000000	5.16328
634.50000000	5.16342
635.00000000	5.16292
635.50000000	5.16166
636.00000000	5.15966
636.50000000	5.15722
637.00000000	5.15432
637.50000000	5.15189
638.00000000	5.14832
638.50000000	5.14421
639.00000000	5.14152
639.50000000	5.13813
640.00000000	5.13496
640.50000000	5.13382
641.00000000	5.13224
641.50000000	5.13078
642.00000000	5.12973
642.50000000	5.12968
643.00000000	5.12941
643.50000000	5.12840
644.00000000	5.12701
644.50000000	5.12510
645.00000000	5.12306
645.50000000	5.12068
646.00000000	5.11730
646.50000000	5.11389
647.00000000	5.10863
647.50000000	5.10569
648.00000000	5.10255
648.50000000	5.09904
649.00000000	5.09514
649.50000000	5.09052
650.00000000	5.08563
650.50000000	5.08296
651.00000000	5.07904
651.50000000	5.07620
652.00000000	5.07375
652.50000000	5.07154
653.00000000	5.06984
653.50000000	5.06850
654.00000000	5.06887
654.50000000	5.06907
655.00000000	5.06903
655.50000000	5.06965
656.00000000	5.07168
656.50000000	5.07586
657.00000000	5.08140
657.50000000	5.08575
658.00000000	5.08939
658.50000000	5.09378
659.00000000	5.09774
659.50000000	5.10118
660.00000000	5.10474
660.50000000	5.10787
661.00000000	5.10918
661.50000000	5.11227
662.00000000	5.11518
662.50000000	5.11781
663.00000000	5.12097
663.50000000	5.12321
664.00000000	5.12613
664.50000000	5.12680
665.00000000	5.12725
665.50000000	5.12904
666.00000000	5.13106
666.50000000	5.13128
667.00000000	5.13048
667.50000000	5.12986
668.00000000	5.12844
668.50000000	5.12829
669.00000000	5.12879
669.50000000	5.12973
670.00000000	5.13136
670.50000000	5.13083
671.00000000	5.13084
671.50000000	5.13130
672.00000000	5.13156
672.50000000	5.13114
673.00000000	5.13050
673.50000000	5.12891
674.00000000	5.12666
674.50000000	5.12503
675.00000000	5.12272
675.50000000	5.11929
676.00000000	5.11809
676.50000000	5.11717
677.00000000	5.11463
677.50000000	5.11348
678.00000000	5.11048
678.50000000	5.10862
679.00000000	5.10674
679.50000000	5.10516
680.00000000	5.10591
680.50000000	5.10566
681.00000000	5.10465
681.50000000	5.10261
682.00000000	5.10074
682.50000000	5.09888
683.00000000	5.09763
683.50000000	5.09609
684.00000000	5.09510
684.50000000	5.09573
685.00000000	5.09685
685.50000000	5.09803
686.00000000	5.09958
686.50000000	5.10239
687.00000000	5.10467
687.50000000	5.10618
688.00000000	5.10757
688.50000000	5.10957
689.00000000	5.11123
689.50000000	5.11228
690.00000000	5.11268
690.50000000	5.11139
691.00000000	5.10997
691.50000000	5.10966
692.00000000	5.10960
692.50000000	5.10927
693.00000000	5.10900
693.50000000	5.10891
694.00000000	5.10765
694.50000000	5.10888
695.00000000	5.10963
695.50000000	5.11057
696.00000000	5.11085
696.50000000	5.11234
697.00000000	5.11626
697.50000000	5.11896
698.00000000	5.12332
698.50000000	5.12788
699.00000000	5.13159
699.50000000	5.13464
700.00000000	5.13580
700.50000000	5.13649
701.00000000	5.13819
701.50000000	5.14047
702.00000000	5.14325
702.50000000	5.14490
703.00000000	5.14684
703.50000000	5.14832
704.00000000	5.14996
704.50000000	5.15340
705.00000000	5.15711
705.50000000	5.16057
706.00000000	5.16514
706.50000000	5.16762
707.00000000	5.16990
707.50000000	5.17245
708.00000000	5.17545
708.50000000	5.17806
709.00000000	5.17924
709.50000000	5.18282
710.00000000	5.18659
710.50000000	5.18999
711.00000000	5.19442
711.50000000	5.19823
712.00000000	5.20224
712.50000000	5.20739
713.00000000	5.21274
713.50000000	5.21690
714.00000000	5.22028
714.50000000	5.22256
715.00000000	5.22454
715.50000000	5.22496
716.00000000	5.22420
716.50000000	5.22355
717.00000000	5.22427
717.50000000	5.22618
718.00000000	5.22754
718.50000000	5.22849
719.00000000	5.23102
719.50000000	5.23449
720.00000000	5.23778
720.50000000	5.24010
721.00000000	5.24337
721.50000000	5.24678
722.00000000	5.25153
722.50000000	5.25538
723.00000000	5.25893
723.50000000	5.26255
724.00000000	5.26430
724.50000000	5.26596
725.00000000	5.26912
725.50000000	5.27013
726.00000000	5.26967
726.50000000	5.26781
727.00000000	5.26767
727.50000000	5.26719
728.00000000	5.26643
728.50000000	5.26490
729.00000000	5.26371
729.50000000	5.26180
730.00000000	5.26015
730.50000000	5.25944
731.00000000	5.25742
731.50000000	5.25701
732.00000000	5.25627
732.50000000	5.25425
733.00000000	5.25137
733.50000000	5.24740
734.00000000	5.24268
734.50000000	5.23722
735.00000000	5.23271
735.50000000	5.22644
736.00000000	5.22295
736.50000000	5.21892
737.00000000	5.21667
737.50000000	5.21436
738.00000000	5.21194
738.50000000	5.20935
739.00000000	5.20622
739.50000000	5.20237
740.00000000	5.19829
740.50000000	5.19376
741.00000000	5.18869
741.50000000	5.18451
742.00000000	5.18043
742.50000000	5.17613
743.00000000	5.17125
743.50000000	5.16794
744.00000000	5.16421
744.50000000	5.16131
745.00000000	5.15756
745.50000000	5.15512
746.00000000	5.15241
746.50000000	5.15082
747.00000000	5.14938
747.50000000	5.14788
748.00000000	5.14710
748.50000000	5.14643
749.00000000	5.14500
749.50000000	5.14304
750.00000000	5.14275
750.50000000	5.14134
751.00000000	5.14081
751.50000000	5.14064
752.00000000	5.14128
752.50000000	5.14117
753.00000000	5.14008
753.50000000	5.13745
754.00000000	5.13575
754.50000000	5.13320
755.00000000	5.13067
755.50000000	5.12839
756.00000000	5.12777
756.50000000	5.12884
757.00000000	5.13061
757.50000000	5.12969
758.00000000	5.12984
758.50000000	5.13032
759.00000000	5.13079
759.50000000	5.13049
760.00000000	5.13032
760.50000000	5.13010
761.00000000	5.12940
761.50000000	5.12897
762.00000000	5.12875
762.50000000	5.12964
763.00000000	5.12964
763.50000000	5.13039
764.00000000	5.13188
764.50000000	5.13356
765.00000000	5.13527
765.50000000	5.13750
766.00000000	5.13873
766.50000000	5.13840
767.00000000	5.14020
767.50000000	5.14171
768.00000000	5.14381
768.50000000	5.14669
769.00000000	5.14940
769.50000000	5.15340
770.00000000	5.15682
770.50000000	5.16120
771.00000000	5.16341
771.50000000	5.16629
772.00000000	5.16948
772.50000000	5.17286
773.00000000	5.17580
773.50000000	5.18035
774.00000000	5.18509
774.50000000	5.18795
775.00000000	5.18881
775.50000000	5.18836
776.00000000	5.18943
776.50000000	5.19148
777.00000000	5.19234
777.50000000	5.19360
778.00000000	5.19493
778.50000000	5.19559
779.00000000	5.19636
779.50000000	5.19676
780.00000000	5.19730
780.50000000	5.19780
781.00000000	5.19904
781.50000000	5.19949
782.00000000	5.19948
782.50000000	5.19974
783.00000000	5.20155
783.50000000	5.20339
784.00000000	5.20599
784.50000000	5.20871
785.00000000	5.21068
785.50000000	5.21305
786.00000000	5.21436
786.50000000	5.21622
787.00000000	5.21670
787.50000000	5.21667
788.00000000	5.21610
788.50000000	5.21832
789.00000000	5.21906
789.50000000	5.21792
790.00000000	5.21604
790.50000000	5.21554
791.00000000	5.21527
791.50000000	5.21438
792.00000000	5.21375
792.50000000	5.21432
793.00000000	5.21435
793.50000000	5.21581
794.00000000	5.21643
794.50000000	5.21787
795.00000000	5.21893
795.50000000	5.21779
796.00000000	5.21747
796.50000000	5.21650
797.00000000	5.21519
797.50000000	5.21358
798.00000000	5.21257
798.50000000	5.21362
799.00000000	5.21596
799.50000000	5.21741
800.00000000	5.21928
800.50000000	5.22143
801.00000000	5.22289
801.50000000	5.22480
802.00000000	5.22606
802.50000000	5.22681
803.00000000	5.22546
803.50000000	5.22431
804.00000000	5.22432
804.50000000	5.22166
805.00000000	5.21924
805.50000000	5.21615
806.00000000	5.21288
806.50000000	5.20857
807.00000000	5.20561
807.50000000	5.20217
808.00000000	5.19761
808.50000000	5.19379
809.00000000	5.19078
809.50000000	5.18826
810.00000000	5.18691
810.50000000	5.18390
811.00000000	5.18036
811.50000000	5.17682
812.00000000	5.17424
812.50000000	5.17231
813.00000000	5.17058
813.50000000	5.17031
814.00000000	5.16782
814.50000000	5.16592
815.00000000	5.16461
815.50000000	5.16283
816.00000000	5.16330
816.50000000	5.16413
817.00000000	5.16365
817.50000000	5.16287
818.00000000	5.16027
818.50000000	5.15887
819.00000000	5.15945
819.50000000	5.16002
820.00000000	5.16066
820.50000000	5.16289
821.00000000	5.16634
821.50000000	5.16930
822.00000000	5.17251
822.50000000	5.17619
823.00000000	5.17843
823.50000000	5.17942
824.00000000	5.18179
824.50000000	5.18379
825.00000000	5.18413
825.50000000	5.18346
826.00000000	5.18254
826.50000000	5.18089
827.00000000	5.17909
827.50000000	5.17785
828.00000000	5.17641
828.50000000	5.17337
829.00000000	5.17020
829.50000000	5.16855
830.00000000	5.16710
830.50000000	5.16841
831.00000000	5.16903
831.50000000	5.16877
832.00000000	5.16818
832.50000000	5.16792
833.00000000	5.16619
833.50000000	5.16527
834.00000000	5.16278
834.50000000	5.15766
835.00000000	5.15318
835.50000000	5.14785
836.00000000	5.14264
836.50000000	5.13828
837.00000000	5.13397
837.50000000	5.13006
838.00000000	5.12765
838.50000000	5.12415
839.00000000	5.12012
839.50000000	5.11664
840.00000000	5.11285
840.50000000	5.11072
841.00000000	5.10879
841.50000000	5.10674
842.00000000	5.10504
842.50000000	5.10368
843.00000000	5.10084
843.50000000	5.09858
844.00000000	5.09720
844.50000000	5.09399
845.00000000	5.09140
845.50000000	5.08936
846.00000000	5.08689
846.50000000	5.08436
847.00000000	5.08094
847.50000000	5.07750
848.00000000	5.07498
848.50000000	5.07197
849.00000000	5.06827
849.50000000	5.06350
850.00000000	5.05911
850.50000000	5.05339
851.00000000	5.04760
851.50000000	5.04183
852.00000000	5.03709
852.50000000	5.03338
853.00000000	5.02953
853.50000000	5.02734
854.00000000	5.02406
854.50000000	5.02269
855.00000000	5.02178
855.50000000	5.02005
856.00000000	5.01931
856.50000000	5.01856
857.00000000	5.01784
857.50000000	5.01783
858.00000000	5.01723
858.50000000	5.01620
859.00000000	5.01525
859.50000000	5.01457
860.00000000	5.01411
860.50000000	5.01401
861.00000000	5.01501
861.50000000	5.01578
862.00000000	5.01674
862.50000000	5.01724
863.00000000	5.01815
863.50000000	5.01905
864.00000000	5.01765
864.50000000	5.01817
865.00000000	5.01763
865.50000000	5.01757
866.00000000	5.01726
866.50000000	5.01462
867.00000000	5.01235
867.50000000	5.01029
868.00000000	5.00805
868.50000000	5.00559
869.00000000	5.00552
869.50000000	5.00526
870.00000000	5.00548
870.50000000	5.00499
871.00000000	5.00253
871.50000000	4.99996
872.00000000	4.99894
872.50000000	4.99783
873.00000000	4.99666
873.50000000	4.99603
874.00000000	4.99623
874.50000000	4.99540
875.00000000	4.99371
875.50000000	4.99105
876.00000000	4.98914
876.50000000	4.98634
877.00000000	4.98546
877.50000000	4.98490
878.00000000	4.98270
878.50000000	4.98132
879.00000000	4.97937
879.50000000	4.97716
880.00000000	4.97497
880.50000000	4.97282
881.00000000	4.96920
881.50000000	4.96664
882.00000000	4.96468
882.50000000	4.96436
883.00000000	4.96520
883.50000000	4.96637
884.00000000	4.96955
884.50000000	4.97219
885.00000000	4.97558
885.50000000	4.97626
886.00000000	4.97700
886.50000000	4.97779
887.00000000	4.97822
887.50000000	4.97863
888.00000000	4.98002
888.50000000	4.98339
889.00000000	4.98587
889.50000000	4.98840
890.00000000	4.99056
890.50000000	4.99125
891.00000000	4.99245
891.50000000	4.99210
892.00000000	4.99232
892.50000000	4.99102
893.00000000	4.98861
893.50000000	4.98702
894.00000000	4.98522
894.50000000	4.98259
895.00000000	4.97913
895.50000000	4.97525
896.00000000	4.97144
896.50000000	4.96920
897.00000000	4.96709
897.50000000	4.96512
898.00000000	4.96231
898.50000000	4.95847
899.00000000	4.95648
899.50000000	4.95472
900.00000000	4.95383
900.50000000	4.95213
901.00000000	4.94778
901.50000000	4.94504
902.00000000	4.94193
902.50000000	4.94036
903.00000000	4.94062
903.50000000	4.94021
904.00000000	4.93998
904.50000000	4.93926
905.00000000	4.93895
905.50000000	4.93827
906.00000000	4.93855
906.50000000	4.93709
907.00000000	4.93640
907.50000000	4.93444
908.00000000	4.93275
908.50000000	4.93361
909.00000000	4.93464
909.50000000	4.93466
910.00000000	4.93533
910.50000000	4.93564
911.00000000	4.93633
911.50000000	4.93681
912.00000000	4.93829
912.50000000	4.93998
913.00000000	4.94193
913.50000000	4.94269
914.00000000	4.94273
914.50000000	4.94281
915.00000000	4.94129
915.50000000	4.93925
916.00000000	4.93756
916.50000000	4.93525
917.00000000	4.93525
917.50000000	4.93449
918.00000000	4.93403
918.50000000	4.93467
919.00000000	4.93506
919.50000000	4.93374
920.00000000	4.93208
920.50000000	4.92937
921.00000000	4.92534
921.50000000	4.92120
922.00000000	4.91691
922.50000000	4.91276
923.00000000	4.90724
923.50000000	4.90339
924.00000000	4.90024
924.50000000	4.89662
925.00000000	4.89364
925.50000000	4.89065
926.00000000	4.88674
926.50000000	4.88346
927.00000000	4.88005
927.50000000	4.87750
928.00000000	4.87516
928.50000000	4.87212
929.00000000	4.86994
929.50000000	4.86906
930.00000000	4.86832
930.50000000	4.86754
931.00000000	4.86693
931.50000000	4.86645
932.00000000	4.86562
932.50000000	4.86530
933.00000000	4.86484
933.50000000	4.86506
934.00000000	4.86549
934.50000000	4.86379
935.00000000	4.86403
935.50000000	4.86354
936.00000000	4.86296
936.50000000	4.86079
937.00000000	4.85796
937.50000000	4.85299
938.00000000	4.84908
938.50000000	4.84517
939.00000000	4.84135
939.50000000	4.83886
940.00000000	4.83637
940.50000000	4.83416
941.00000000	4.83210
941.50000000	4.83045
942.00000000	4.82788
942.50000000	4.82523
943.00000000	4.82193
943.50000000	4.81806
944.00000000	4.81590
944.50000000	4.81466
945.00000000	4.81289
945.50000000	4.81142
946.00000000	4.80875
946.50000000	4.80739
947.00000000	4.80731
947.50000000	4.80609
948.00000000	4.80574
948.50000000	4.80539
949.00000000	4.80636
949.50000000	4.80850
950.00000000	4.80823
950.50000000	4.80817
951.00000000	4.80865
951.50000000	4.81028
952.00000000	4.80996
952.50000000	4.80918
953.00000000	4.80769
953.50000000	4.80510
954.00000000	4.80400
954.50000000	4.80381
955.00000000	4.80243
955.50000000	4.80007
956.00000000	4.79987
956.50000000	4.80124
957.00000000	4.80206
957.50000000	4.80203
958.00000000	4.80283
958.50000000	4.80240
959.00000000	4.80112
959.50000000	4.79941
960.00000000	4.79890
960.50000000	4.79926
961.00000000	4.79923
961.50000000	4.80006
962.00000000	4.79920
962.50000000	4.79796
963.00000000	4.79728
963.50000000	4.79635
964.00000000	4.79503
964.50000000	4.79357
965.00000000	4.79287
965.50000000	4.79133
966.00000000	4.79005
966.50000000	4.78779
967.00000000	4.78401
967.50000000	4.78188
968.00000000	4.78156
968.50000000	4.78081
969.00000000	4.77851
969.50000000	4.77546
970.00000000	4.77249
970.50000000	4.77032
971.00000000	4.76728
971.50000000	4.76548
972.00000000	4.76440
972.50000000	4.76348
973.00000000	4.76146
973.50000000	4.76075
974.00000000	4.75922
974.50000000	4.75682
975.00000000	4.75472
975.50000000	4.75441
976.00000000	4.75295
976.50000000	4.75106
977.00000000	4.74777
977.50000000	4.74559
978.00000000	4.74405
978.50000000	4.74219
979.00000000	4.73993
979.50000000	4.73837
980.00000000	4.73675
980.50000000	4.73602
981.00000000	4.73440
981.50000000	4.73323
982.00000000	4.73232
982.50000000	4.73185
983.00000000	4.73166
983.50000000	4.73159
984.00000000	4.73308
984.50000000	4.73587
985.00000000	4.73741
985.50000000	4.73856
986.00000000	4.73912
986.50000000	4.74006
987.00000000	4.74151
987.50000000	4.74368
988.00000000	4.74530
988.50000000	4.74810
989.00000000	4.75125
989.50000000	4.75363
990.00000000	4.75589
990.50000000	4.75767
991.00000000	4.75923
991.50000000	4.76047
992.00000000	4.76260
992.50000000	4.76521
993.00000000	4.76720
993.50000000	4.77050
994.00000000	4.77343
994.50000000	4.77604
995.00000000	4.77873
995.50000000	4.78063
996.00000000	4.78145
996.50000000	4.78162
997.00000000	4.78072
997.50000000	4.78012
998.00000000	4.78038
998.50000000	4.78127
999.00000000	4.78158
999.50000000	4.77974
1000.00000000	4.77956
1000.50000000	4.77899
1001.00000000	4.77872
1001.50000000	4.77741
1002.00000000	4.77730
1002.50000000	4.77743
1003.00000000	4.77778
1003.50000000	4.77973
1004.00000000	4.77929
1004.50000000	4.77958
1005.00000000	4.77997
1005.50000000	4.78064
1006.00000000	4.78329
1006.50000000	4.78626
1007.00000000	4.79023
1007.50000000	4.79353
1008.00000000	4.79571
1008.50000000	4.79714
1009.00000000	4.79841
1009.50000000	4.79952
1010.00000000	4.79966
1010.50000000	4.80020
1011.00000000	4.79925
1011.50000000	4.79962
1012.00000000	4.80228
1012.50000000	4.80587
1013.00000000	4.80961
1013.50000000	4.81442
1014.00000000	4.81980
1014.50000000	4.82360
1015.00000000	4.82835
1015.50000000	4.83388
1016.00000000	4.83927
1016.50000000	4.84506
1017.00000000	4.84929
1017.50000000	4.85319
1018.00000000	4.85628
1018.50000000	4.85842
1019.00000000	4.86044
1019.50000000	4.86200
1020.00000000	4.86362
1020.50000000	4.86465
1021.00000000	4.86536
1021.50000000	4.86673
1022.00000000	4.86747
1022.50000000	4.86811
1023.00000000	4.86717
1023.50000000	4.86573
1024.00000000	4.86435
1024.50000000	4.86137
1025.00000000	4.85789
1025.50000000	4.85541
1026.00000000	4.85357
1026.50000000	4.85191
1027.00000000	4.85002
1027.50000000	4.84909
1028.00000000	4.84674
1028.50000000	4.84498
1029.00000000	4.84318
1029.50000000	4.84157
1030.00000000	4.84015
1030.50000000	4.83876
1031.00000000	4.83758
1031.50000000	4.83661
1032.00000000	4.83663
1032.50000000	4.83663
1033.00000000	4.83645
1033.50000000	4.83577
1034.00000000	4.83638
1034.50000000	4.83712
1035.00000000	4.83888
1035.50000000	4.84088
1036.00000000	4.84325
1036.50000000	4.84507
1037.00000000	4.84722
1037.50000000	4.84974
1038.00000000	4.85249
1038.50000000	4.85550
1039.00000000	4.85749
1039.50000000	4.85731
1040.00000000	4.85813
1040.50000000	4.85943
1041.00000000	4.85877
1041.50000000	4.85992
1042.00000000	4.85897
1042.50000000	4.85867
1043.00000000	4.85996
1043.50000000	4.86085
1044.00000000	4.86113
1044.50000000	4.86176
1045.00000000	4.86181
1045.50000000	4.86265
1046.00000000	4.86394
1046.50000000	4.86446
1047.00000000	4.86412
1047.50000000	4.86262
1048.00000000	4.86189
1048.50000000	4.86017
1049.00000000	4.85673
1049.50000000	4.85486
1050.00000000	4.85308
1050.50000000	4.85138
1051.00000000	4.84889
1051.50000000	4.84657
1052.00000000	4.84485
1052.50000000	4.84431
1053.00000000	4.84383
1053.50000000	4.84193
1054.00000000	4.84078
1054.50000000	4.84107
1055.00000000	4.84063
1055.50000000	4.83986
1056.00000000	4.83918
1056.50000000	4.83689
1057.00000000	4.83468
1057.50000000	4.83220
1058.00000000	4.83026
1058.50000000	4.82679
1059.00000000	4.82381
1059.50000000	4.82147
1060.00000000	4.81966
1060.50000000	4.81804
1061.00000000	4.81522
1061.50000000	4.81250
1062.00000000	4.80974
1062.50000000	4.80974
1063.00000000	4.81203
1063.50000000	4.81466
1064.00000000	4.81748
1064.50000000	4.82087
1065.00000000	4.82401
1065.50000000	4.82579
1066.00000000	4.82666
1066.50000000	4.82834
1067.00000000	4.82911
1067.50000000	4.82879
1068.00000000	4.82863
1068.50000000	4.83068
1069.00000000	4.83271
1069.50000000	4.83553
1070.00000000	4.84091
1070.50000000	4.84486
1071.00000000	4.84914
1071.50000000	4.85279
1072.00000000	4.85578
1072.50000000	4.85737
1073.00000000	4.85810
1073.50000000	4.85928
1074.00000000	4.86033
1074.50000000	4.86124
1075.00000000	4.86193
1075.50000000	4.86313
1076.00000000	4.86446
1076.50000000	4.86461
1077.00000000	4.86362
1077.50000000	4.86194
1078.00000000	4.86312
1078.50000000	4.86318
1079.00000000	4.86285
1079.50000000	4.86146
1080.00000000	4.85897
1080.50000000	4.85536
1081.00000000	4.85182
1081.50000000	4.84776
1082.00000000	4.84516
1082.50000000	4.84291
1083.00000000	4.84003
1083.50000000	4.83641
1084.00000000	4.83270
1084.50000000	4.82955
1085.00000000	4.82562
1085.50000000	4.82019
1086.00000000	4.81662
1086.50000000	4.81365
1087.00000000	4.81060
1087.50000000	4.80795
1088.00000000	4.80724
1088.50000000	4.80607
1089.00000000	4.80627
1089.50000000	4.80444
1090.00000000	4.80315
1090.50000000	4.80134
1091.00000000	4.80119
1091.50000000	4.80335
1092.00000000	4.80622
1092.50000000	4.80882
1093.00000000	4.81218
1093.50000000	4.81572
1094.00000000	4.81893
1094.50000000	4.82247
1095.00000000	4.82452
1095.50000000	4.82759
1096.00000000	4.83169
1096.50000000	4.83549
1097.00000000	4.83995
1097.50000000	4.84331
1098.00000000	4.84608
1098.50000000	4.84847
1099.00000000	4.85266
1099.50000000	4.85764
1100.00000000	4.86228
1100.50000000	4.86605
1101.00000000	4.86971
1101.50000000	4.87321
1102.00000000	4.87696
1102.50000000	4.88205
1103.00000000	4.88683
1103.50000000	4.89304
1104.00000000	4.89741
1104.50000000	4.90055
1105.00000000	4.90437
1105.50000000	4.90711
1106.00000000	4.91083
1106.50000000	4.91343
1107.00000000	4.91467
1107.50000000	4.91448
1108.00000000	4.91626
1108.50000000	4.91936
1109.00000000	4.92216
1109.50000000	4.92487
1110.00000000	4.92632
1110.50000000	4.92653
1111.00000000	4.92659
1111.50000000	4.92718
1112.00000000	4.92618
1112.50000000	4.92502
1113.00000000	4.92236
1113.50000000	4.92125
1114.00000000	4.92036
1114.50000000	4.92049
1115.00000000	4.91988
1115.50000000	4.91907
1116.00000000	4.91848
1116.50000000	4.91918
1117.00000000	4.91918
1117.50000000	4.91928
1118.00000000	4.92066
1118.50000000	4.92147
1119.00000000	4.92199
1119.50000000	4.92226
1120.00000000	4.92064
1120.50000000	4.92000
1121.00000000	4.91901
1121.50000000	4.91935
1122.00000000	4.91830
1122.50000000	4.91877
1123.00000000	4.91775
1123.50000000	4.91704
1124.00000000	4.91613
1124.50000000	4.91665
1125.00000000	4.91618
1125.50000000	4.91526
1126.00000000	4.91321
1126.50000000	4.91116
1127.00000000	4.90849
1127.50000000	4.90548
1128.00000000	4.90428
1128.50000000	4.90153
1129.00000000	4.89795
1129.50000000	4.89103
1130.00000000	4.88482
1130.50000000	4.87954
1131.00000000	4.87530
1131.50000000	4.87020
1132.00000000	4.86541
1132.50000000	4.86158
1133.00000000	4.85704
1133.50000000	4.85297
1134.00000000	4.84892
1134.50000000	4.84365
1135.00000000	4.83959
1135.50000000	4.83444
1136.00000000	4.82856
1136.50000000	4.82232
1137.00000000	4.81719
1137.50000000	4.81200
1138.00000000	4.80657
1138.50000000	4.80242
1139.00000000	4.79968
1139.50000000	4.79728
1140.00000000	4.79456
1140.50000000	4.79203
1141.00000000	4.78916
1141.50000000	4.78634
1142.00000000	4.78516
1142.50000000	4.78316
1143.00000000	4.78102
1143.50000000	4.77942
1144.00000000	4.77903
1144.50000000	4.77872
1145.00000000	4.77804
1145.50000000	4.77625
1146.00000000	4.77373
1146.50000000	4.77265
1147.00000000	4.77077
1147.50000000	4.76944
1148.00000000	4.76788
1148.50000000	4.76748
1149.00000000	4.76621
1149.50000000	4.76411
1150.00000000	4.76209
1150.50000000	4.76052
1151.00000000	4.75778
1151.50000000	4.75487
1152.00000000	4.75164
1152.50000000	4.74912
1153.00000000	4.74736
1153.50000000	4.74804
1154.00000000	4.74968
1154.50000000	4.75050
1155.00000000	4.75200
1155.50000000	4.75278
1156.00000000	4.75272
1156.50000000	4.75296
1157.00000000	4.75349
1157.50000000	4.75230
1158.00000000	4.75119
1158.50000000	4.74929
1159.00000000	4.74697
1159.50000000	4.74482
1160.00000000	4.74213
1160.50000000	4.73872
1161.00000000	4.73433
1161.50000000	4.72886
1162.00000000	4.72535
1162.50000000	4.72353
1163.00000000	4.72070
1163.50000000	4.71866
1164.00000000	4.71540
1164.50000000	4.71273
1165.00000000	4.71202
1165.50000000	4.71147
1166.00000000	4.70942
1166.50000000	4.70733
1167.00000000	4.70518
1167.50000000	4.70303
1168.00000000	4.70044
1168.50000000	4.69707
1169.00000000	4.69418
1169.50000000	4.69077
1170.00000000	4.68693
1170.50000000	4.68323
1171.00000000	4.67780
1171.50000000	4.67279
1172.00000000	4.66975
1172.50000000	4.66602
1173.00000000	4.66282
1173.50000000	4.65892
1174.00000000	4.65230
1174.50000000	4.64632
1175.00000000	4.64244
1175.50000000	4.63778
1176.00000000	4.63171
1176.50000000	4.62664
1177.00000000	4.62200
1177.50000000	4.61806
1178.00000000	4.61448
1178.50000000	4.61064
1179.00000000	4.60786
1179.50000000	4.60676
1180.00000000	4.60376
1180.50000000	4.60185
1181.00000000	4.59921
1181.50000000	4.59816
1182.00000000	4.59626
1182.50000000	4.59497
1183.00000000	4.59391
1183.50000000	4.59365
1184.00000000	4.59436
1184.50000000	4.59475
1185.00000000	4.59518
1185.50000000	4.59570
1186.00000000	4.59492
1186.50000000	4.59212
1187.00000000	4.58946
1187.50000000	4.58907
1188.00000000	4.58961
1188.50000000	4.59034
1189.00000000	4.59079
1189.50000000	4.59003
1190.00000000	4.58793
1190.50000000	4.58527
1191.00000000	4.58388
1191.50000000	4.58181
1192.00000000	4.58091
1192.50000000	4.58084
1193.00000000	4.58052
1193.50000000	4.57884
1194.00000000	4.57793
1194.50000000	4.57844
1195.00000000	4.57776
1195.50000000	4.57721
1196.00000000	4.57503
1196.50000000	4.57180
1197.00000000	4.56988
1197.50000000	4.56761
1198.00000000	4.56716
1198.50000000	4.56675
1199.00000000	4.56326
1199.50000000	4.56054
1200.00000000	4.55768
1200.50000000	4.55664
1201.00000000	4.55572
1201.50000000	4.55392
1202.00000000	4.55251
1202.50000000	4.55052
1203.00000000	4.54911
1203.50000000	4.54809
1204.00000000	4.54739
1204.50000000	4.54609
1205.00000000	4.54488
1205.50000000	4.54321
1206.00000000	4.54287
1206.50000000	4.54162
1207.00000000	4.54148
1207.50000000	4.54197
1208.00000000	4.54390
1208.50000000	4.54454
1209.00000000	4.54600
1209.50000000	4.54678
1210.00000000	4.54663
1210.50000000	4.54855
1211.00000000	4.54918
1211.50000000	4.55036
1212.00000000	4.55193
1212.50000000	4.55304
1213.00000000	4.55296
1213.50000000	4.55345
1214.00000000	4.55393
1214.50000000	4.55401
1215.00000000	4.55258
1215.50000000	4.55007
1216.00000000	4.54878
1216.50000000	4.54644
1217.00000000	4.54568
1217.50000000	4.54415
1218.00000000	4.54347
1218.50000000	4.54339
1219.00000000	4.54347
1219.50000000	4.54564
1220.00000000	4.54840
1220.50000000	4.54992
1221.00000000	4.55207
1221.50000000	4.55485
1222.00000000	4.55621
1222.50000000	4.55877
1223.00000000	4.55926
1223.50000000	4.56123
1224.00000000	4.56230
1224.50000000	4.56429
1225.00000000	4.56769
1225.50000000	4.57104
1226.00000000	4.57300
1226.50000000	4.57572
1227.00000000	4.58101
1227.50000000	4.58512
1228.00000000	4.58939
1228.50000000	4.59309
1229.00000000	4.59682
1229.50000000	4.60079
1230.00000000	4.60452
1230.50000000	4.60733
1231.00000000	4.61035
1231.50000000	4.61274
1232.00000000	4.61309
1232.50000000	4.61415
1233.00000000	4.61473
1233.50000000	4.61569
1234.00000000	4.61604
1234.50000000	4.61483
1235.00000000	4.61412
1235.50000000	4.61297
1236.00000000	4.61432
1236.50000000	4.61750
1237.00000000	4.61896
1237.50000000	4.62066
1238.00000000	4.62131
1238.50000000	4.61988
1239.00000000	4.61832
1239.50000000	4.61784
1240.00000000	4.61725
1240.50000000	4.61664
1241.00000000	4.61557
1241.50000000	4.61562
1242.00000000	4.61454
1242.50000000	4.61422
1243.00000000	4.61287
1243.50000000	4.61186
1244.00000000	4.61032
1244.50000000	4.60790
1245.00000000	4.60694
1245.50000000	4.60435
1246.00000000	4.60171
1246.50000000	4.60042
1247.00000000	4.59769
1247.50000000	4.59618
1248.00000000	4.59355
1248.50000000	4.59005
1249.00000000	4.58682
1249.50000000	4.58301
1250.00000000	4.57977
1250.50000000	4.57769
1251.00000000	4.57550
1251.50000000	4.57315
1252.00000000	4.57015
1252.50000000	4.56732
1253.00000000	4.56385
1253.50000000	4.56078
1254.00000000	4.55829
1254.50000000	4.55560
1255.00000000	4.55223
1255.50000000	4.54934
1256.00000000	4.54668
1256.50000000	4.54593
1257.00000000	4.54655
1257.50000000	4.54665
1258.00000000	4.54498
1258.50000000	4.54437
1259.00000000	4.54231
1259.50000000	4.54077
1260.00000000	4.54065
1260.50000000	4.54196
1261.00000000	4.54374
1261.50000000	4.54415
1262.00000000	4.54458
1262.50000000	4.54682
1263.00000000	4.54850
1263.50000000	4.54827
1264.00000000	4.54790
1264.50000000	4.54748
1265.00000000	4.54750
1265.50000000	4.54702
1266.00000000	4.54619
1266.50000000	4.54472
1267.00000000	4.54408
1267.50000000	4.54481
1268.00000000	4.54665
1268.50000000	4.54804
1269.00000000	4.54832
1269.50000000	4.54887
1270.00000000	4.54942
1270.50000000	4.55017
1271.00000000	4.55122
1271.50000000	4.55290
1272.00000000	4.55425
1272.50000000	4.55564
1273.00000000	4.55721
1273.50000000	4.55848
1274.00000000	4.55968
1274.50000000	4.55993
1275.00000000	4.56033
1275.50000000	4.56197
1276.00000000	4.56337
1276.50000000	4.56373
1277.00000000	4.56244
1277.50000000	4.56044
1278.00000000	4.55700
1278.50000000	4.55450
1279.00000000	4.55440
1279.50000000	4.55368
1280.00000000	4.55449
1280.50000000	4.55615
1281.00000000	4.55800
1281.50000000	4.55963
1282.00000000	4.55997
1282.50000000	4.55991
1283.00000000	4.55928
1283.50000000	4.55994
1284.00000000	4.55934
1284.50000000	4.55692
1285.00000000	4.55627
1285.50000000	4.55446
1286.00000000	4.55374
1286.50000000	4.55256
1287.00000000	4.55128
1287.50000000	4.55273
1288.00000000	4.55421
1288.50000000	4.55467
1289.00000000	4.55410
1289.50000000	4.55319
1290.00000000	4.55411
1290.50000000	4.55365
1291.00000000	4.55293
1291.50000000	4.55204
1292.00000000	4.55110
1292.50000000	4.54971
1293.00000000	4.54924
1293.50000000	4.54896
1294.00000000	4.54986
1294.50000000	4.54916
1295.00000000	4.54745
1295.50000000	4.54566
1296.00000000	4.54385
1296.50000000	4.54169
1297.00000000	4.53866
1297.50000000	4.53545
1298.00000000	4.53243
1298.50000000	4.52991
1299.00000000	4.52793
1299.50000000	4.52587
1300.00000000	4.52507
1300.50000000	4.52372
1301.00000000	4.52367
1301.50000000	4.52318
1302.00000000	4.52249
1302.50000000	4.52091
1303.00000000	4.51966
1303.50000000	4.51938
1304.00000000	4.51791
1304.50000000	4.51567
1305.00000000	4.51404
1305.50000000	4.51390
1306.00000000	4.51423
1306.50000000	4.51531
1307.00000000	4.51625
1307.50000000	4.51747
1308.00000000	4.51859
1308.50000000	4.51948
1309.00000000	4.52255
1309.50000000	4.52598
1310.00000000	4.53040
1310.50000000	4.53459
1311.00000000	4.53835
1311.50000000	4.54177
1312.00000000	4.54552
1312.50000000	4.54876
1313.00000000	4.55139
1313.50000000	4.55336
1314.00000000	4.55546
1314.50000000	4.55858
1315.00000000	4.56325
1315.50000000	4.56891
1316.00000000	4.57295
1316.50000000	4.57781
1317.00000000	4.58041
1317.50000000	4.58244
1318.00000000	4.58569
1318.50000000	4.58884
1319.00000000	4.59062
1319.50000000	4.59270
1320.00000000	4.59452
1320.50000000	4.59684
1321.00000000	4.59892
1321.50000000	4.60284
1322.00000000	4.60617
1322.50000000	4.61023
1323.00000000	4.61152
1323.50000000	4.61122
1324.00000000	4.61039
1324.50000000	4.60908
1325.00000000	4.60993
1325.50000000	4.61067
1326.00000000	4.61111
1326.50000000	4.60917
1327.00000000	4.60765
1327.50000000	4.60751
1328.00000000	4.60810
1328.50000000	4.60994
1329.00000000	4.61286
1329.50000000	4.61615
1330.00000000	4.61974
1330.50000000	4.62459
1331.00000000	4.62864
1331.50000000	4.63167
1332.00000000	4.63528
1332.50000000	4.63973
1333.00000000	4.64457
1333.50000000	4.64916
1334.00000000	4.65179
1334.50000000	4.65412
1335.00000000	4.65494
1335.50000000	4.65599
1336.00000000	4.65794
1336.50000000	4.66044
1337.00000000	4.66321
1337.50000000	4.66666
1338.00000000	4.67001
1338.50000000	4.67519
1339.00000000	4.68108
1339.50000000	4.68730
1340.00000000	4.69303
1340.50000000	4.69900
1341.00000000	4.70436
1341.50000000	4.70896
1342.00000000	4.71375
1342.50000000	4.71736
1343.00000000	4.72036
1343.50000000	4.72303
1344.00000000	4.72404
1344.50000000	4.72437
1345.00000000	4.72691
1345.50000000	4.73162
1346.00000000	4.73417
1346.50000000	4.73739
1347.00000000	4.74234
1347.50000000	4.74702
1348.00000000	4.75246
1348.50000000	4.75604
1349.00000000	4.75928
1349.50000000	4.76329
1350.00000000	4.76755
1350.50000000	4.77072
1351.00000000	4.77277
1351.50000000	4.77425
1352.00000000	4.77564
1352.50000000	4.77591
1353.00000000	4.77660
1353.50000000	4.77875
1354.00000000	4.78125
1354.50000000	4.78474
1355.00000000	4.78793
1355.50000000	4.78900
1356.00000000	4.79202
1356.50000000	4.79248
1357.00000000	4.79271
1357.50000000	4.79356
1358.00000000	4.79479
1358.50000000	4.79611
1359.00000000	4.79959
1359.50000000	4.80564
1360.00000000	4.81093
1360.50000000	4.81480
1361.00000000	4.81800
1361.50000000	4.82028
1362.00000000	4.82226
1362.50000000	4.82362
1363.00000000	4.82517
1363.50000000	4.82721
1364.00000000	4.83035
1364.50000000	4.83490
1365.00000000	4.83844
1365.50000000	4.84217
1366.00000000	4.84696
1366.50000000	4.85190
1367.00000000	4.85705
1367.50000000	4.86134
1368.00000000	4.86631
1368.50000000	4.87220
1369.00000000	4.87705
1369.50000000	4.88211
1370.00000000	4.88686
1370.50000000	4.89151
1371.00000000	4.89483
1371.50000000	4.89907
1372.00000000	4.90215
1372.50000000	4.90716
1373.00000000	4.91060
1373.50000000	4.91287
1374.00000000	4.91462
1374.50000000	4.91474
1375.00000000	4.91460
1375.50000000	4.91440
1376.00000000	4.91511
1376.50000000	4.91798
1377.00000000	4.92103
1377.50000000	4.92510
1378.00000000	4.92800
1378.50000000	4.93242
1379.00000000	4.93590
1379.50000000	4.93850
1380.00000000	4.94016
1380.50000000	4.94156
1381.00000000	4.94357
1381.50000000	4.94605
1382.00000000	4.95038
1382.50000000	4.95485
1383.00000000	4.95887
1383.50000000	4.96121
1384.00000000	4.96419
1384.50000000	4.96702
1385.00000000	4.97083
1385.50000000	4.97537
1386.00000000	4.97908
1386.50000000	4.98333
1387.00000000	4.98733
1387.50000000	4.99289
1388.00000000	4.99939
1388.50000000	5.00575
1389.00000000	5.01079
1389.50000000	5.01373
1390.00000000	5.01481
1390.50000000	5.01433
1391.00000000	5.01381
1391.50000000	5.01472
1392.00000000	5.01628
1392.50000000	5.01792
1393.00000000	5.01906
1393.50000000	5.01936
1394.00000000	5.02121
1394.50000000	5.02255
1395.00000000	5.02480
1395.50000000	5.02688
1396.00000000	5.02995
1396.50000000	5.03349
1397.00000000	5.03715
1397.50000000	5.04066
1398.00000000	5.04317
1398.50000000	5.04698
1399.00000000	5.05107
1399.50000000	5.05506
1400.00000000	5.05800
1400.50000000	5.05917
1401.00000000	5.06046
1401.50000000	5.06157
1402.00000000	5.06236
1402.50000000	5.06376
1403.00000000	5.06583
1403.50000000	5.06882
1404.00000000	5.06972
1404.50000000	5.07112
1405.00000000	5.07251
1405.50000000	5.07249
1406.00000000	5.07232
1406.50000000	5.07299
1407.00000000	5.07261
1407.50000000	5.07118
1408.00000000	5.06951
1408.50000000	5.06827
1409.00000000	5.06579
1409.50000000	5.06133
1410.00000000	5.05784
1410.50000000	5.05639
1411.00000000	5.05473
1411.50000000	5.05410
1412.00000000	5.05254
1412.50000000	5.05138
1413.00000000	5.05124
1413.50000000	5.05237
1414.00000000	5.05255
1414.50000000	5.05250
1415.00000000	5.05262
1415.50000000	5.05207
1416.00000000	5.05203
1416.50000000	5.05322
1417.00000000	5.05438
1417.50000000	5.05658
1418.00000000	5.05906
1418.50000000	5.06038
1419.00000000	5.06276
1419.50000000	5.06411
1420.00000000	5.06792
1420.50000000	5.07079
1421.00000000	5.07406
1421.50000000	5.07705
1422.00000000	5.07962
1422.50000000	5.08243
1423.00000000	5.08285
1423.50000000	5.08518
1424.00000000	5.08781
1424.50000000	5.08890
1425.00000000	5.09021
1425.50000000	5.09337
1426.00000000	5.09779
1426.50000000	5.10271
1427.00000000	5.10615
1427.50000000	5.10910
1428.00000000	5.11329
1428.50000000	5.11655
1429.00000000	5.11954
1429.50000000	5.12315
1430.00000000	5.12653
1430.50000000	5.13013
1431.00000000	5.13347
1431.50000000	5.13606
1432.00000000	5.13746
1432.50000000	5.13729
1433.00000000	5.13737
1433.50000000	5.13767
1434.00000000	5.13905
1434.50000000	5.13977
1435.00000000	5.14262
1435.50000000	5.14529
1436.00000000	5.14689
1436.50000000	5.14863
1437.00000000	5.14979
1437.50000000	5.15023
1438.00000000	5.14985
1438.50000000	5.14953
1439.00000000	5.14904
1439.50000000	5.14833
1440.00000000	5.14718
1440.50000000	5.14653
1441.00000000	5.14526
1441.50000000	5.14510
1442.00000000	5.14559
1442.50000000	5.14715
1443.00000000	5.14663
1443.50000000	5.14642
1444.00000000	5.14660
1444.50000000	5.14674
1445.00000000	5.14755
1445.50000000	5.14880
1446.00000000	5.14932
1446.50000000	5.15020
1447.00000000	5.15124
1447.50000000	5.15105
1448.00000000	5.15129
1448.50000000	5.15098
1449.00000000	5.15110
1449.50000000	5.15049
1450.00000000	5.15080
1450.50000000	5.15075
1451.00000000	5.15225
1451.50000000	5.15385
1452.00000000	5.15331
1452.50000000	5.15310
1453.00000000	5.15354
1453.50000000	5.15597
1454.00000000	5.15898
1454.50000000	5.16215
1455.00000000	5.16594
1455.50000000	5.16754
1456.00000000	5.16919
1456.50000000	5.17190
1457.00000000	5.17277
1457.50000000	5.17432
1458.00000000	5.17358
1458.50000000	5.17229
1459.00000000	5.17066
1459.50000000	5.16952
1460.00000000	5.16888
1460.50000000	5.16657
1461.00000000	5.16380
1461.50000000	5.15971
1462.00000000	5.15644
1462.50000000	5.15392
1463.00000000	5.15097
1463.50000000	5.14809
1464.00000000	5.14540
1464.50000000	5.14231
1465.00000000	5.13922
1465.50000000	5.13880
1466.00000000	5.13759
1466.50000000	5.13516
1467.00000000	5.13248
1467.50000000	5.13116
1468.00000000	5.12885
1468.50000000	5.12588
1469.00000000	5.12271
1469.50000000	5.11939
1470.00000000	5.11524
1470.50000000	5.11106
1471.00000000	5.10846
1471.50000000	5.10481
1472.00000000	5.10160
1472.50000000	5.09855
1473.00000000	5.09674
1473.50000000	5.09488
1474.00000000	5.09343
1474.50000000	5.09480
1475.00000000	5.09510
1475.50000000	5.09454
1476.00000000	5.09134
1476.50000000	5.08827
1477.00000000	5.08604
1477.50000000	5.08311
1478.00000000	5.07915
1478.50000000	5.07407
1479.00000000	5.07006
1479.50000000	5.06651
1480.00000000	5.06405
1480.50000000	5.06240
1481.00000000	5.06070
1481.50000000	5.05916
1482.00000000	5.05761
1482.50000000	5.05588
1483.00000000	5.05361
1483.50000000	5.05224
1484.00000000	5.04854
1484.50000000	5.04566
1485.00000000	5.04242
1485.50000000	5.03861
1486.00000000	5.03745
1486.50000000	5.03681
1487.00000000	5.03631
1487.50000000	5.03519
1488.00000000	5.03630
1488.50000000	5.03684
1489.00000000	5.03648
1489.50000000	5.03736
1490.00000000	5.03853
1490.50000000	5.03951
1491.00000000	5.04149
1491.50000000	5.04353
1492.00000000	5.04368
1492.50000000	5.04361
1493.00000000	5.04201
1493.50000000	5.04111
1494.00000000	5.03972
1494.50000000	5.03939
1495.00000000	5.04028
1495.50000000	5.04298
1496.00000000	5.04530
1496.50000000	5.04663
1497.00000000	5.05009
1497.50000000	5.05332
1498.00000000	5.05547
1498.50000000	5.05773
1499.00000000	5.05792
1499.50000000	5.05741
1500.00000000	5.05736
1500.50000000	5.05785
1501.00000000	5.05992
1501.50000000	5.06008
1502.00000000	5.06097
1502.50000000	5.06164
1503.00000000	5.06356
1503.50000000	5.06359
1504.00000000	5.06501
1504.50000000	5.06592
1505.00000000	5.06540
1505.50000000	5.06494
1506.00000000	5.06435
1506.50000000	5.06386
1507.00000000	5.06323
1507.50000000	5.06272
1508.00000000	5.05992
1508.50000000	5.05709
1509.00000000	5.05435
1509.50000000	5.05107
1510.00000000	5.04795
1510.50000000	5.04523
1511.00000000	5.04299
1511.50000000	5.04013
1512.00000000	5.03848
1512.50000000	5.03839
1513.00000000	5.03848
1513.50000000	5.03677
1514.00000000	5.03497
1514.50000000	5.03364
1515.00000000	5.03219
1515.50000000	5.03115
1516.00000000	5.02959
1516.50000000	5.02958
1517.00000000	5.02948
1517.50000000	5.02920
1518.00000000	5.02854
1518.50000000	5.02742
1519.00000000	5.02726
1519.50000000	5.02765
1520.00000000	5.02722
1520.50000000	5.02792
1521.00000000	5.02932
1521.50000000	5.03079
1522.00000000	5.03140
1522.50000000	5.03165
1523.00000000	5.03272
1523.50000000	5.03505
1524.00000000	5.03752
1524.50000000	5.03987
1525.00000000	5.04317
1525.50000000	5.04780
1526.00000000	5.05260
1526.50000000	5.05662
1527.00000000	5.06111
1527.50000000	5.06294
1528.00000000	5.06434
1528.50000000	5.06596
1529.00000000	5.06614
1529.50000000	5.06741
1530.00000000	5.06853
1530.50000000	5.06874
1531.00000000	5.06831
1531.50000000	5.06835
