0.00000000	3.13412
0.50000000	3.13783
1.00000000	3.14252
1.50000000	3.14778
2.00000000	3.15172
2.50000000	3.15700
3.00000000	3.16260
3.50000000	3.16682
4.00000000	3.17132
4.50000000	3.17682
5.00000000	3.18384
5.50000000	3.19032
6.00000000	3.19517
6.50000000	3.19816
7.00000000	3.20134
7.50000000	3.20623
8.00000000	3.21213
8.50000000	3.21751
9.00000000	3.22236
9.50000000	3.22585
10.00000000	3.22848
10.50000000	3.23171
11.00000000	3.23523
11.50000000	3.23611
12.00000000	3.23828
12.50000000	3.23997
13.00000000	3.24121
13.50000000	3.24304
14.00000000	3.24444
14.50000000	3.24539
15.00000000	3.24608
15.50000000	3.24665
16.00000000	3.24656
16.50000000	3.24831
17.00000000	3.25059
17.50000000	3.25157
18.00000000	3.25312
18.50000000	3.25512
19.00000000	3.25834
19.50000000	3.26227
20.00000000	3.26537
20.50000000	3.26646
21.00000000	3.26967
21.50000000	3.27117
22.00000000	3.27302
22.50000000	3.27443
23.00000000	3.27689
23.50000000	3.27893
24.00000000	3.28127
24.50000000	3.28501
25.00000000	3.28750
25.50000000	3.28958
26.00000000	3.29242
26.50000000	3.29572
27.00000000	3.29888
27.50000000	3.30330
28.00000000	3.30842
28.50000000	3.31240
29.00000000	3.31644
29.50000000	3.32004
30.00000000	3.32312
30.50000000	3.32615
31.00000000	3.32996
31.50000000	3.33271
32.00000000	3.33523
32.50000000	3.33551
33.00000000	3.33722
33.50000000	3.33882
34.00000000	3.34094
34.50000000	3.34241
35.00000000	3.34316
35.50000000	3.34425
36.00000000	3.34503
36.50000000	3.34412
37.00000000	3.34392
37.50000000	3.34484
38.00000000	3.34800
38.50000000	3.35090
39.00000000	3.35316
39.50000000	3.35567
40.00000000	3.35835
40.50000000	3.36157
41.00000000	3.36251
41.50000000	3.36413
42.00000000	3.36488
42.50000000	3.36623
43.00000000	3.36707
43.50000000	3.36753
44.00000000	3.36773
44.50000000	3.36708
45.00000000	3.36722
45.50000000	3.36698
46.00000000	3.36616
46.50000000	3.36443
47.00000000	3.36248
47.50000000	3.36044
48.00000000	3.35764
48.50000000	3.35543
49.00000000	3.35158
49.50000000	3.34625
50.00000000	3.34083
50.50000000	3.33658
51.00000000	3.33314
51.50000000	3.32992
52.00000000	3.32644
52.50000000	3.32402
53.00000000	3.32189
53.50000000	3.31745
54.00000000	3.31493
54.50000000	3.31166
55.00000000	3.30854
55.50000000	3.30597
56.00000000	3.30341
56.50000000	3.30252
57.00000000	3.30022
57.50000000	3.29907
58.00000000	3.29826
58.50000000	3.29906
59.00000000	3.29997
59.50000000	3.30120
60.00000000	3.30095
60.50000000	3.30009
61.00000000	3.29971
61.50000000	3.29953
62.00000000	3.29982
62.50000000	3.30021
63.00000000	3.30083
63.50000000	3.29967
64.00000000	3.29905
64.50000000	3.29879
65.00000000	3.29886
65.50000000	3.29883
66.00000000	3.30142
66.50000000	3.30319
67.00000000	3.30321
67.50000000	3.30472
68.00000000	3.30690
68.50000000	3.30930
69.00000000	3.31316
69.50000000	3.31663
70.00000000	3.31969
70.50000000	3.32140
71.00000000	3.32291
71.50000000	3.32603
72.00000000	3.32755
72.50000000	3.32805
73.00000000	3.32775
73.50000000	3.32707
74.00000000	3.32626
74.50000000	3.32583
75.00000000	3.32525
75.50000000	3.32432
76.00000000	3.32300
76.50000000	3.32231
77.00000000	3.32183
77.50000000	3.32149
78.00000000	3.32126
78.50000000	3.32356
79.00000000	3.32440
79.50000000	3.32430
80.00000000	3.32394
80.50000000	3.32362
81.00000000	3.32204
81.50000000	3.32024
82.00000000	3.31808
82.50000000	3.31621
83.00000000	3.31547
83.50000000	3.31415
84.00000000	3.31101
84.50000000	3.30737
85.00000000	3.30458
85.50000000	3.30270
86.00000000	3.30133
86.50000000	3.30109
87.00000000	3.30004
87.50000000	3.29936
88.00000000	3.29773
88.50000000	3.29499
89.00000000	3.29223
89.50000000	3.28904
90.00000000	3.28468
90.50000000	3.27893
91.00000000	3.27370
91.50000000	3.27015
92.00000000	3.26530
92.50000000	3.26207
93.00000000	3.25943
93.50000000	3.25707
94.00000000	3.25730
94.50000000	3.25837
95.00000000	3.25732
95.50000000	3.25466
96.00000000	3.25136
96.50000000	3.24905
97.00000000	3.24771
97.50000000	3.24741
98.00000000	3.24572
98.50000000	3.24397
99.00000000	3.24206
99.50000000	3.23932
100.00000000	3.23683
100.50000000	3.23457
101.00000000	3.23111
101.50000000	3.22691
102.00000000	3.22267
102.50000000	3.21977
103.00000000	3.21849
103.50000000	3.21567
104.00000000	3.21342
104.50000000	3.21146
105.00000000	3.20973
105.50000000	3.20978
106.00000000	3.21095
106.50000000	3.21088
107.00000000	3.21029
107.50000000	3.20952
108.00000000	3.21028
108.50000000	3.20983
109.00000000	3.20837
109.50000000	3.20436
110.00000000	3.20184
110.50000000	3.19995
111.00000000	3.19814
111.50000000	3.19716
112.00000000	3.19751
112.50000000	3.19948
113.00000000	3.20228
113.50000000	3.20542
114.00000000	3.20983
114.50000000	3.21246
115.00000000	3.21553
115.50000000	3.21921
116.00000000	3.22237
116.50000000	3.22634
117.00000000	3.23149
117.50000000	3.23611
118.00000000	3.24030
118.50000000	3.24330
119.00000000	3.24649
119.50000000	3.25035
120.00000000	3.25333
120.50000000	3.25661
121.00000000	3.25849
121.50000000	3.26030
122.00000000	3.26298
122.50000000	3.26502
123.00000000	3.26560
123.50000000	3.26613
124.00000000	3.26795
124.50000000	3.26901
125.00000000	3.26991
125.50000000	3.27011
126.00000000	3.26937
126.50000000	3.26942
127.00000000	3.27114
127.50000000	3.27252
128.00000000	3.27237
128.50000000	3.27040
129.00000000	3.26729
129.50000000	3.26372
130.00000000	3.25912
130.50000000	3.25454
131.00000000	3.25067
131.50000000	3.24670
132.00000000	3.24228
132.50000000	3.23926
133.00000000	3.23586
133.50000000	3.23213
134.00000000	3.22800
134.50000000	3.22368
135.00000000	3.21916
135.50000000	3.21609
136.00000000	3.21170
136.50000000	3.20811
137.00000000	3.20372
137.50000000	3.19923
138.00000000	3.19514
138.50000000	3.19111
139.00000000	3.18737
139.50000000	3.18209
140.00000000	3.17806
140.50000000	3.17453
141.00000000	3.17055
141.50000000	3.16728
142.00000000	3.16527
142.50000000	3.16388
143.00000000	3.16353
143.50000000	3.16402
144.00000000	3.16389
144.50000000	3.16570
145.00000000	3.16645
145.50000000	3.16725
146.00000000	3.16938
146.50000000	3.17211
147.00000000	3.17609
147.50000000	3.17735
148.00000000	3.17884
148.50000000	3.17901
149.00000000	3.17754
149.50000000	3.17739
150.00000000	3.17661
150.50000000	3.17520
151.00000000	3.17514
151.50000000	3.17576
152.00000000	3.17458
152.50000000	3.17316
153.00000000	3.17134
153.50000000	3.16799
154.00000000	3.16364
154.50000000	3.15974
155.00000000	3.15570
155.50000000	3.15085
156.00000000	3.14823
156.50000000	3.14607
157.00000000	3.14212
157.50000000	3.13949
158.00000000	3.13508
158.50000000	3.13030
159.00000000	3.12684
159.50000000	3.12269
160.00000000	3.11908
160.50000000	3.11699
161.00000000	3.11556
161.50000000	3.11578
162.00000000	3.11762
162.50000000	3.11787
163.00000000	3.11748
163.50000000	3.11782
164.00000000	3.11573
164.50000000	3.11460
165.00000000	3.11462
165.50000000	3.11668
166.00000000	3.11912
166.50000000	3.12220
167.00000000	3.12452
167.50000000	3.12486
168.00000000	3.12653
168.50000000	3.12855
169.00000000	3.12974
169.50000000	3.13194
170.00000000	3.13455
170.50000000	3.13742
171.00000000	3.14018
171.50000000	3.14284
172.00000000	3.14516
172.50000000	3.14593
173.00000000	3.14645
173.50000000	3.14674
174.00000000	3.14638
174.50000000	3.14658
175.00000000	3.14638
175.50000000	3.14799
176.00000000	3.15201
176.50000000	3.15433
177.00000000	3.15572
177.50000000	3.15556
178.00000000	3.15471
178.50000000	3.15277
179.00000000	3.15169
179.50000000	3.15222
180.00000000	3.15040
180.50000000	3.14853
181.00000000	3.14781
181.50000000	3.14579
182.00000000	3.14307
182.50000000	3.14270
183.00000000	3.14122
183.50000000	3.14059
184.00000000	3.14062
184.50000000	3.14111
185.00000000	3.14235
185.50000000	3.14252
186.00000000	3.14236
186.50000000	3.14030
187.00000000	3.13861
187.50000000	3.13607
188.00000000	3.13354
188.50000000	3.13017
189.00000000	3.12724
189.50000000	3.12503
190.00000000	3.12322
190.50000000	3.12346
191.00000000	3.12221
191.50000000	3.12208
192.00000000	3.12212
192.50000000	3.12121
193.00000000	3.12112
193.50000000	3.12089
194.00000000	3.12080
194.50000000	3.11979
195.00000000	3.11987
195.50000000	3.12078
196.00000000	3.12141
196.50000000	3.12095
197.00000000	3.12092
197.50000000	3.12128
198.00000000	3.11983
198.50000000	3.11860
199.00000000	3.11772
199.50000000	3.11767
200.00000000	3.11525
200.50000000	3.11377
201.00000000	3.11061
201.50000000	3.10872
202.00000000	3.10799
202.50000000	3.10828
203.00000000	3.10867
203.50000000	3.10823
204.00000000	3.10739
204.50000000	3.10553
205.00000000	3.10554
205.50000000	3.10702
206.00000000	3.10676
206.50000000	3.10754
207.00000000	3.10830
207.50000000	3.10943
208.00000000	3.11060
208.50000000	3.11243
209.00000000	3.11401
209.50000000	3.11432
210.00000000	3.11486
210.50000000	3.11513
211.00000000	3.11492
211.50000000	3.11371
212.00000000	3.11191
212.50000000	3.10968
213.00000000	3.10675
213.50000000	3.10588
214.00000000	3.10630
214.50000000	3.10558
215.00000000	3.10478
215.50000000	3.10279
216.00000000	3.10029
216.50000000	3.09889
217.00000000	3.09915
217.50000000	3.09790
218.00000000	3.09683
218.50000000	3.09712
219.00000000	3.09736
219.50000000	3.09922
220.00000000	3.10170
220.50000000	3.10276
221.00000000	3.10493
221.50000000	3.10678
222.00000000	3.11036
222.50000000	3.11468
223.00000000	3.11929
223.50000000	3.12396
224.00000000	3.12916
224.50000000	3.13382
225.00000000	3.13651
225.50000000	3.13917
226.00000000	3.14068
226.50000000	3.14136
227.00000000	3.14154
227.50000000	3.14187
228.00000000	3.14258
228.50000000	3.14284
229.00000000	3.14244
229.50000000	3.14360
230.00000000	3.14417
230.50000000	3.14634
231.00000000	3.14822
231.50000000	3.15063
232.00000000	3.15433
232.50000000	3.15705
233.00000000	3.15995
233.50000000	3.16276
234.00000000	3.16552
234.50000000	3.16816
235.00000000	3.17138
235.50000000	3.17449
236.00000000	3.17614
236.50000000	3.17713
237.00000000	3.17822
237.50000000	3.18087
238.00000000	3.18365
238.50000000	3.18615
239.00000000	3.18848
239.50000000	3.19127
240.00000000	3.19313
240.50000000	3.19464
241.00000000	3.19653
241.50000000	3.19785
242.00000000	3.19837
242.50000000	3.20152
243.00000000	3.20627