0.00000000	3.37820
0.50000000	3.37721
1.00000000	3.37495
1.50000000	3.37181
2.00000000	3.36847
2.50000000	3.36643
3.00000000	3.36593
3.50000000	3.36382
4.00000000	3.36210
4.50000000	3.36049
5.00000000	3.35898
5.50000000	3.35903
6.00000000	3.35998
6.50000000	3.35954
7.00000000	3.35836
7.50000000	3.35669
8.00000000	3.35647
8.50000000	3.35506
9.00000000	3.35238
9.50000000	3.34727
10.00000000	3.34357
10.50000000	3.34037
11.00000000	3.33713
11.50000000	3.33439
12.00000000	3.33293
12.50000000	3.33285
13.00000000	3.33342
13.50000000	3.33421
14.00000000	3.33605
14.50000000	3.33597
15.00000000	3.33597
15.50000000	3.33643
16.00000000	3.33629
16.50000000	3.33685
17.00000000	3.33851
17.50000000	3.33938
18.00000000	3.33970
18.50000000	3.33882
19.00000000	3.33809
19.50000000	3.33783
20.00000000	3.33654
20.50000000	3.33549
21.00000000	3.33301
21.50000000	3.33046
22.00000000	3.32870
22.50000000	3.32623
23.00000000	3.32248
23.50000000	3.31897
24.00000000	3.31687
24.50000000	3.31417
25.00000000	3.31143
25.50000000	3.30826
26.00000000	3.30435
26.50000000	3.30131
27.00000000	3.30032
27.50000000	3.29912
28.00000000	3.29665
28.50000000	3.29266
29.00000000	3.28779
29.50000000	3.28281
30.00000000	3.27701
30.50000000	3.27154
31.00000000	3.26714
31.50000000	3.26284
32.00000000	3.25833
32.50000000	3.25526
33.00000000	3.25197
33.50000000	3.24844
34.00000000	3.24440
34.50000000	3.24026
35.00000000	3.23607
35.50000000	3.23329
36.00000000	3.22926
36.50000000	3.22615
37.00000000	3.22223
37.50000000	3.21814
38.00000000	3.21436
38.50000000	3.21077
39.00000000	3.20754
39.50000000	3.20285
40.00000000	3.19944
40.50000000	3.19672
41.00000000	3.19350
41.50000000	3.19086
42.00000000	3.18931
42.50000000	3.18819
43.00000000	3.18803
43.50000000	3.18861
44.00000000	3.18863
44.50000000	3.19063
45.00000000	3.19162
45.50000000	3.19260
46.00000000	3.19484
46.50000000	3.19766
47.00000000	3.20184
47.50000000	3.20333
48.00000000	3.20506
48.50000000	3.20558
49.00000000	3.20449
49.50000000	3.20478
50.00000000	3.20445
50.50000000	3.20343
51.00000000	3.20380
51.50000000	3.20480
52.00000000	3.20397
52.50000000	3.20290
53.00000000	3.20142
53.50000000	3.19839
54.00000000	3.19434
54.50000000	3.19068
55.00000000	3.18695
55.50000000	3.18241
56.00000000	3.18015
56.50000000	3.17837
57.00000000	3.17474
57.50000000	3.17239
58.00000000	3.16819
58.50000000	3.16350
59.00000000	3.16005
59.50000000	3.15581
60.00000000	3.15200
60.50000000	3.14959
61.00000000	3.14777
61.50000000	3.14758
62.00000000	3.14899
62.50000000	3.14874
63.00000000	3.14784
63.50000000	3.14764
64.00000000	3.14497
64.50000000	3.14330
65.00000000	3.14276
65.50000000	3.14422
66.00000000	3.14594
66.50000000	3.14824
67.00000000	3.14981
67.50000000	3.14943
68.00000000	3.15029
68.50000000	3.15149
69.00000000	3.15189
69.50000000	3.15324
70.00000000	3.15478
70.50000000	3.15647
71.00000000	3.15803
71.50000000	3.15935
72.00000000	3.16021
72.50000000	3.15951
73.00000000	3.15850
73.50000000	3.15728
74.00000000	3.15551
74.50000000	3.15443
75.00000000	3.15307
75.50000000	3.15359
76.00000000	3.15651
76.50000000	3.15785
77.00000000	3.15833
77.50000000	3.15731
78.00000000	3.15555
78.50000000	3.15264
79.00000000	3.15042
79.50000000	3.14977
80.00000000	3.14663
80.50000000	3.14340
81.00000000	3.14124
81.50000000	3.13769
82.00000000	3.13337
82.50000000	3.13145
83.00000000	3.12845
83.50000000	3.12640
84.00000000	3.12502
84.50000000	3.12405
85.00000000	3.12376
85.50000000	3.12237
86.00000000	3.12075
86.50000000	3.11715
87.00000000	3.11393
87.50000000	3.10987
88.00000000	3.10574
88.50000000	3.10074
89.00000000	3.09619
89.50000000	3.09234
90.00000000	3.08883
90.50000000	3.08738
91.00000000	3.08445
91.50000000	3.08250
92.00000000	3.08074
92.50000000	3.07793
93.00000000	3.07596
93.50000000	3.07391
