50.00000000	4.79841
50.50000000	4.79694
51.00000000	4.79762
51.50000000	4.79841
52.00000000	4.80032
52.50000000	4.80166
53.00000000	4.80421
53.50000000	4.80681
54.00000000	4.80772
54.50000000	4.80846
55.00000000	4.80925
55.50000000	4.80842
56.00000000	4.80719
56.50000000	4.80653
57.00000000	4.80508
57.50000000	4.80360
58.00000000	4.80115
58.50000000	4.80008
59.00000000	4.79936
59.50000000	4.79946
60.00000000	4.79869
60.50000000	4.79928
61.00000000	4.79943
61.50000000	4.79941
62.00000000	4.79967
62.50000000	4.79971
63.00000000	4.79915
63.50000000	4.79980
64.00000000	4.79954
64.50000000	4.80094
65.00000000	4.80080
65.50000000	4.80032
66.00000000	4.79774
66.50000000	4.79468
67.00000000	4.79169
67.50000000	4.78819
68.00000000	4.78340
68.50000000	4.77873
69.00000000	4.77508
69.50000000	4.76926
70.00000000	4.76494
70.50000000	4.76092
71.00000000	4.75710
71.50000000	4.75436
72.00000000	4.75276
72.50000000	4.74809
73.00000000	4.74267
73.50000000	4.73694
74.00000000	4.72991
74.50000000	4.72251
75.00000000	4.71667
75.50000000	4.71251
76.00000000	4.70845
76.50000000	4.70295
77.00000000	4.69708
77.50000000	4.69074
78.00000000	4.68515
78.50000000	4.67832
79.00000000	4.67302
79.50000000	4.66722
80.00000000	4.66229
80.50000000	4.65832
81.00000000	4.65636
81.50000000	4.65378
82.00000000	4.65194
82.50000000	4.64739
83.00000000	4.64207
83.50000000	4.63750
84.00000000	4.63467
84.50000000	4.63207
85.00000000	4.62878
85.50000000	4.62579
86.00000000	4.62307
86.50000000	4.61989
87.00000000	4.61607
87.50000000	4.61278
88.00000000	4.61010
88.50000000	4.60792
89.00000000	4.60680
89.50000000	4.60510
90.00000000	4.60493
90.50000000	4.60276
91.00000000	4.60159
91.50000000	4.60084
92.00000000	4.59936
92.50000000	4.59687
93.00000000	4.59565
93.50000000	4.59383
94.00000000	4.59169
