0.00000000	5.21763
0.50000000	5.21852
1.00000000	5.21906
1.50000000	5.21933
2.00000000	5.22120
2.50000000	5.22235
3.00000000	5.22324
3.50000000	5.22266
4.00000000	5.22281
4.50000000	5.22213
5.00000000	5.22326
5.50000000	5.22443
6.00000000	5.22554
6.50000000	5.22626
7.00000000	5.22663
7.50000000	5.22735
8.00000000	5.22674
8.50000000	5.22484
9.00000000	5.22464
9.50000000	5.22439
10.00000000	5.22360
10.50000000	5.22399
11.00000000	5.22380
11.50000000	5.22384
12.00000000	5.22424
12.50000000	5.22535
13.00000000	5.22680
13.50000000	5.22997
14.00000000	5.23498
14.50000000	5.23967
15.00000000	5.24422
15.50000000	5.24849
16.00000000	5.25346
16.50000000	5.25776
17.00000000	5.26047
17.50000000	5.26350
18.00000000	5.26673
18.50000000	5.26893
19.00000000	5.26956
19.50000000	5.27123
20.00000000	5.27274
20.50000000	5.27363
21.00000000	5.27361
21.50000000	5.27386
22.00000000	5.27424
22.50000000	5.27312
23.00000000	5.27089
23.50000000	5.26829
24.00000000	5.26453
24.50000000	5.26245
25.00000000	5.25921
25.50000000	5.25640
26.00000000	5.25264
26.50000000	5.24903
27.00000000	5.24689
27.50000000	5.24549
28.00000000	5.24300
28.50000000	5.24053
29.00000000	5.23870
29.50000000	5.23611
30.00000000	5.23365
30.50000000	5.23090
31.00000000	5.22827
31.50000000	5.22615
32.00000000	5.22554
32.50000000	5.22527
33.00000000	5.22414
33.50000000	5.22282
34.00000000	5.22193
34.50000000	5.21958
35.00000000	5.21801
35.50000000	5.21766
36.00000000	5.21526
36.50000000	5.21145
37.00000000	5.20930
37.50000000	5.20691
38.00000000	5.20371
38.50000000	5.20179
39.00000000	5.20051
39.50000000	5.19993
40.00000000	5.19930
40.50000000	5.19802
41.00000000	5.19581
41.50000000	5.19414
42.00000000	5.19136
42.50000000	5.18846
43.00000000	5.18526
43.50000000	5.18190
44.00000000	5.18007
44.50000000	5.17773
45.00000000	5.17575
45.50000000	5.17487
46.00000000	5.17360
46.50000000	5.17194
47.00000000	5.16999
47.50000000	5.16890
48.00000000	5.16708
48.50000000	5.16722
49.00000000	5.16740
49.50000000	5.16810
50.00000000	5.16830
50.50000000	5.16864
51.00000000	5.16853
51.50000000	5.16823
52.00000000	5.17023
52.50000000	5.17304
53.00000000	5.17602
53.50000000	5.17848
54.00000000	5.18122
54.50000000	5.18231
55.00000000	5.18432
55.50000000	5.18701
56.00000000	5.19092
56.50000000	5.19525
